
****Importance edges******

(0.5);22.599105795622116
(0.6);17.476687915860857
(0.7);15.183572580500233
(0.8);18.136388240733673
(0.10);12.791409078513771
(0.11);16.44989417400981
(0.12);26.568105214510904
(0.13);10.453842225041866
(0.14);13.416169853965307
(0.15);10.787428408654232
(0.16);19.73538512637171
(0.17);40.73951854826853
(0.18);31.971693030112696
(0.19);24.289779228121844
(0.20);17.456964023532066
(0.21);13.634674892828023
(0.22);11.154312191959866
(0.23);8.778724378815458
(0.24);10.466025246026001
(0.25);17.789600504100818
(0.31);139.14244878098089
(1.2);0.0
(1.3);0.0
(1.4);0.0
(1.5);0.7834829234155786
(1.6);1.0702803229087687
(1.7);1.4277341210284813
(1.8);0.9835993578530199
(1.9);0.0
(1.10);0.6996187036864489
(1.11);0.6122325345770585
(1.12);1.0417626699899414
(1.13);0.3499918720807816
(1.14);0.3674848796899578
(1.15);0.29436349843849585
(1.16);0.3757588844943532
(1.17);0.5969947201634491
(1.18);0.6964720007562438
(1.19);0.6025278951125813
(1.20);0.6842345186659335
(1.21);0.5238650060497474
(1.22);0.4697479495979211
(1.23);0.4228532522790334
(1.24);0.42993263762537504
(1.25);0.5863614358342853
(1.26);0.0
(1.27);0.0
(1.28);0.0
(1.29);0.0
(1.30);0.0
(1.31);0.8701431449737369
(2.3);0.0
(2.4);0.0
(2.5);0.946904700401827
(2.6);1.6623833996496171
(2.7);0.7260303643501634
(2.8);0.6264349293763163
(2.9);0.0
(2.10);0.47241283884214746
(2.11);0.4593968413414234
(2.12);0.8731563279531458
(2.13);0.435340225747876
(2.14);0.4357701849987343
(2.15);0.3304987542492529
(2.16);0.4040441402795154
(2.17);0.6518158315518316
(2.18);0.5881220688469028
(2.19);0.5143536606239109
(2.20);0.546516531610792
(2.21);0.43642174160852787
(2.22);0.3965890193171862
(2.23);0.3595199078894693
(2.24);0.3755056467829528
(2.25);0.5144178671997457
(2.26);0.0
(2.27);0.0
(2.28);0.0
(2.29);0.0
(2.30);0.0
(2.31);0.8566584597137935
(3.4);0.0
(3.5);0.7640630753043833
(3.6);0.8301546463586351
(3.7);0.4171968133910049
(3.8);0.40624119393887126
(3.9);0.0
(3.10);0.3231573902704468
(3.11);0.34578068616196844
(3.12);0.6110321456324391
(3.13);0.8246831261334971
(3.14);0.7268507286225006
(3.15);0.4638796984120939
(3.16);0.5146699924912552
(3.17);0.7930968186467987
(3.18);0.49571945698783376
(3.19);0.4440863923702387
(3.20);0.43810014804065056
(3.21);0.3658778143847287
(3.22);0.3360950017400616
(3.23);0.30431425347734825
(3.24);0.3317499516374353
(3.25);0.46101277489667736
(3.26);0.0
(3.27);0.0
(3.28);0.0
(3.29);0.0
(3.30);0.0
(3.31);0.855987918862904
(4.5);1.427624686713589
(4.6);1.3461587076727448
(4.7);0.5159825517006282
(4.8);0.5131121723461415
(4.9);0.0
(4.10);0.38114918217527005
(4.11);0.4170911216900846
(4.12);0.8797794298147363
(4.13);0.6647347610652599
(4.14);0.7084951509826323
(4.15);0.46205086974987697
(4.16);0.5837270484347589
(4.17);1.1100023098118097
(4.18);0.6240240726393841
(4.19);0.5402494013781514
(4.20);0.5253206192687032
(4.21);0.4258366635627113
(4.22);0.384152746172755
(4.23);0.3411598037213775
(4.24);0.37574729864879675
(4.25);0.5421674746467797
(4.26);0.0
(4.27);0.0
(4.28);0.0
(4.29);0.0
(4.30);0.0
(4.31);1.1725254786000192
(5.6);4.441497862085335
(5.7);1.3320623652171342
(5.8);1.3709736140782582
(5.9);0.4710864691702073
(5.10);0.8805431802751221
(5.11);0.9549816080492562
(5.12);3.1072879197661476
(5.13);0.8474251992725744
(5.14);0.9522932288688684
(5.15);0.6800250237826116
(5.16);0.9367740676918633
(5.17);2.007084873930729
(5.18);1.3423050493154727
(5.19);1.0790569616454557
(5.20);1.036882849645828
(5.21);0.7986942666258482
(5.22);0.693994604477731
(5.23);0.5951459638043908
(5.24);0.6487230264265392
(5.25);0.947577602787526
(5.26);0.42042722073269
(5.27);0.5356223504426453
(5.28);0.3378243745990856
(5.29);0.2798216890595479
(5.30);0.3411814043601006
(5.31);2.3364118273451084
(6.7);1.453860359792992
(6.8);1.3689868972735002
(6.9);0.502357160350131
(6.10);0.9082985674006456
(6.11);0.921331203060554
(6.12);2.4343469483550337
(6.13);0.822564893241334
(6.14);0.8672855754759758
(6.15);0.6295222739133788
(6.16);0.8119731783160917
(6.17);1.4843950931679828
(6.18);1.1716300178522558
(6.19);0.9700977460643286
(6.20);0.975865168299584
(6.21);0.7599964279714514
(6.22);0.6686648182816624
(6.23);0.5835988542835946
(6.24);0.6199954530629069
(6.25);0.8687865524126833
(6.26);0.37859745388486743
(6.27);0.44892407351619396
(6.28);0.30435917365092746
(6.29);0.2617683390686676
(6.30);0.31521816262258645
(6.31);1.7425628525861419
(7.8);4.812797683360194
(7.9);1.8508799806337097
(7.10);2.378246183227319
(7.11);1.8007625079970193
(7.12);2.173520637670873
(7.13);0.5583408033916196
(7.14);0.6029387470615851
(7.15);0.4930216738372903
(7.16);0.6511009391207414
(7.17);1.010262422208761
(7.18);1.5424832529557047
(7.19);1.286488777372968
(7.20);1.5750997550414894
(7.21);1.1064969511079266
(7.22);0.945518619958598
(7.23);0.813199269042483
(7.24);0.8088632290427195
(7.26);0.4605349324885233
(7.27);0.4125694894534588
(7.28);0.2790379965369835
(7.29);0.30698303038026076
(7.30);0.3873843033813232
(7.31);1.4426247808819725
(8.9);1.6680478449132252
(8.10);2.460875050468332
(8.11);2.496527966139833
(8.12);2.6355624921262573
(8.13);0.562071143567621
(8.14);0.6239415198504141
(8.15);0.5137599900224531
(8.16);0.7055862830603702
(8.17);1.1193181206673182
(8.18);2.1057749058408324
(8.19);1.6490166161904176
(8.20);2.054948118742427
(8.21);1.3089719070962744
(8.22);1.0722404391341303
(8.23);0.8836062387205982
(8.24);0.9071033387544001
(8.25);1.3104599447887357
(8.26);0.5626400195921467
(8.27);0.4751845618701962
(8.28);0.30568026177176766
(8.29);0.34942198229161753
(8.30);0.45745954089266666
(8.31);1.7132154238499624
(9.10);3.2371275939405564
(9.11);1.263742503790659
(9.12);0.7977884330635673
(9.13);0.26201751779732996
(9.14);0.28862801869567467
(9.15);0.24711959444793014
(9.16);0.33044885591024814
(9.17);0.4877772586831529
(9.18);0.8784785664856344
(9.19);0.7927351583532214
(9.20);1.123945713215365
(9.21);0.7758030682756681
(9.22);0.6696673926429791
(9.23);0.5835186126705644
(9.24);0.5602843051281395
(9.25);0.7476918028692022
(9.26);0.0
(9.27);0.0
(9.28);0.0
(9.29);0.0
(9.30);0.0
(9.31);0.791364076302519
(10.11);2.826198454485755
(10.12);1.3144288654151584
(10.13);0.4697884012351561
(10.14);0.5119769634055027
(10.15);0.4388384301555423
(10.16);0.5786601702259626
(10.17);0.8159270803635983
(10.18);1.5043091978505976
(10.19);1.402901192299116
(10.20);2.117564570395729
(10.21);1.4835771642026654
(10.22);1.2665942538918502
(10.23);1.0888026112354194
(10.24);0.9977160849753411
(10.25);1.247580122921306
(10.26);0.48315272365361617
(10.27);0.37511851277388664
(10.28);0.26401811764229455
(10.29);0.3348418586337694
(10.30);0.42613776424524413
(10.31);1.1783647981061738
(11.12);1.5103991132761472
(11.13);0.5031395045098842
(11.14);0.5681547349564781
(11.15);0.4919317209588763
(11.16);0.6855753966196912
(11.17);0.9734931522065743
(11.18);2.613795556876997
(11.19);2.5073131989658695
(11.21);2.410206755042049
(11.22);1.7367061195913132
(11.23);1.2833118293132646
(11.24);1.3136322272868344
(11.25);1.9244510118955211
(11.26);0.7656614120052825
(11.27);0.5010366801912091
(11.28);0.33149331709950525
(11.29);0.46562535486410395
(11.30);0.6463392018757336
(11.31);1.5097068692261157
(12.13);0.7406423317454307
(12.14);0.846389342281437
(12.15);0.6551497430377591
(12.16);0.9410845036964238
(12.17);1.8386801556314039
(12.18);2.167905597013354
(12.19);1.5782788509766041
(12.20);1.548456221026418
(12.21);1.0944184611064094
(12.22);0.9151970110286287
(12.23);0.7592367047658897
(12.24);0.8268457828435355
(12.25);1.2604603271738577
(12.26);0.6409186303727195
(12.27);0.6897518379091431
(12.28);0.40419997284835696
(12.29);0.3879353315958859
(12.30);0.4989464051400165
(12.31);2.8723770644292492
(13.14);2.5555051854186353
(13.15);1.3909174759776681
(13.16);1.0468471387519278
(13.17);1.1117514987920907
(13.18);0.6626347896151451
(13.19);0.6112825880489001
(13.20);0.5754524177366411
(13.21);0.5057593132944852
(13.22);0.4672311257174148
(13.23);0.42165710699625747
(13.24);0.4646182665072154
(13.25);0.6133599442321012
(13.26);0.2948822466430214
(13.27);0.4066369121617236
(13.28);0.3904793614266989
(13.29);0.2438457145997708
(13.30);0.26430722903697884
(13.31);1.025748469507134
(14.15);2.277813238360126
(14.16);1.7506778821777258
(14.17);1.570084484324433
(14.18);0.7899614358496714
(14.19);0.7267768051876412
(14.20);0.6594191120533806
(14.21);0.5783717203163959
(14.22);0.5289174796576581
(14.23);0.46874901022121773
(14.24);0.5308022051014372
(14.25);0.7269549684897118
(14.26);0.3673559288367102
(14.27);0.5669572110179742
(14.28);0.5715385753199612
(14.29);0.3009986320549501
(14.30);0.32568430319840946
(14.31);1.3227635250942045
(15.16);1.7259067230347944
(15.17);1.1036560568808425
(15.18);0.67596664004738
(15.19);0.644112437580147
(15.20);0.5804875030383586
(15.21);0.5266859818532867
(15.22);0.4889071129551402
(15.23);0.4368811140348523
(15.24);0.502224777924335
(15.25);0.6712319045878121
(15.26);0.338028037404352
(15.27);0.49821741788028434
(15.28);0.6438604347415946
(15.29);0.3001501879532975
(15.30);0.3104241176208052
(15.31);1.0386286176786819
(16.17);2.0757671606471084
(16.18);1.0475191031923063
(16.19);0.985193331818774
(16.20);0.8265877502258553
(16.21);0.7347211774100642
(16.22);0.6623236872129097
(16.23);0.5681779072900186
(16.24);0.6816144664080063
(16.25);1.002877933262859
(16.26);0.5583640950348996
(16.27);1.128330697429478
(16.28);1.6781559020697345
(16.29);0.46271661014270765
(16.30);0.4915352121591629
(16.31);1.8544636127059262
(17.18);1.607550503734236
(17.19);1.3433559422444488
(17.20);1.1277305094287655
(17.21);0.9173024767174723
(17.22);0.7956051051422687
(17.23);0.6674546079376853
(17.24);0.7764287925610589
(17.25);1.2048745298160817
(17.26);0.7256311400502822
(17.27);1.5419147357205367
(17.28);0.7797470768475749
(17.29);0.48279766807340085
(17.30);0.5763759481402094
(17.31);4.829583175265906
(18.20);3.516820957620348
(18.21);2.0869793449096203
(18.22);1.5325046835341523
(18.23);1.120937471136139
(18.24);1.358532286920926
(18.25);2.7935807701036204
(18.26);1.9511465823969993
(18.27);1.0580086713030643
(18.28);0.5689952764518972
(18.29);0.7588952821912603
(18.30);1.1963824193250205
(18.31);2.99388571373209
(19.20);4.338622991867126
(19.22);1.9422650957449261
(19.23);1.3118619258326525
(19.24);1.7269415838035553
(19.25);4.770625123667228
(19.26);2.9353125442146375
(19.27);0.9638936161718954
(19.28);0.5717749921296278
(19.29);0.9704562769898651
(19.30);1.8024593295803548
(19.31);2.249388965482811
(20.21);4.258825617152427
(20.22);2.513911265164819
(20.23);1.6331590306070503
(20.24);1.8456623760148279
(20.25);3.0994180259404005
(20.26);1.3244541551541347
(20.27);0.7240792474239496
(20.28);0.47632371032272475
(20.29);0.7573409335093362
(20.31);1.7422234155398675
(21.22);5.698377133056925
(21.23);2.386078483890642
(21.24);3.0834145721345503
(21.25);3.6600861159880744
(21.26);1.1228531210264217
(21.27);0.6070305881075478
(21.28);0.43778572280468103
(21.29);0.8431034764523858
(21.30);1.1881508569847021
(21.31);1.3396365551757168
(22.23);3.960351051484029
(22.24);4.586501210550242
(22.25);2.6414567324326796
(22.26);0.8707807874657812
(22.27);0.526096535984718
(22.28);0.403334459399162
(22.29);0.7847249616497518
(22.30);0.9705191268023395
(22.31);1.116181071525187
(23.24);2.9769383537476615
(23.25);1.6542724970199532
(23.26);0.6305432154343902
(23.27);0.43219068976297453
(23.28);0.34840005806524016
(23.29);0.6088202612592801
(23.30);0.6860149710445506
(23.31);0.9005531529108138
(24.25);2.722663305059543
(24.26);0.8916175979206238
(24.27);0.5458453738054386
(24.28);0.44034888411465395
(24.29);1.0098145237681848
(24.30);1.102783151202972
(24.31);1.0648293989405242
(25.26);2.7510170409953334
(25.27);0.9791450757830954
(25.28);0.6763880826515098
(25.29);1.7999525817726554
(25.31);1.7979243677661374
(26.27);0.0
(26.28);0.0
(26.29);0.0
(26.30);0.0
(26.31);1.3965028761272835
(27.28);0.0
(27.29);0.0
(27.30);0.0
(27.31);2.6004627143202823
(28.29);0.0
(28.30);0.0
(28.31);0.9634517610965478
(29.30);0.0
(29.31);0.7728014744626805
(30.31);1.0021926469095268

****Importance nodes******

0; 0.05238095238095238
1; DISCONNECTED
2; DISCONNECTED
3; DISCONNECTED
4; DISCONNECTED
5; 0.0016897081413210445
6; 0.0017442148555572073
7; 0.001860495845927688
8; 0.0018604958459276877
9; DISCONNECTED
10; 0.0019205118409576132
11; 0.0020485459636881208
12; 0.0020485459636881203
13; 0.0021146280915490274
14; 0.0021828419009538346
15; 0.002253256155823313
16; 0.0023259418382692264
17; 0.0024009722201488786
18; 0.0025610370348254706
19; 0.002649348656716004
20; 0.0027583776128488786
21; 0.002738350856414615
22; 0.00282381371630868
23; 0.0029149044813508956
24; 0.0030089336581686664
25; 0.003256047628119643
26; DISCONNECTED
27; DISCONNECTED
28; DISCONNECTED
29; DISCONNECTED
30; DISCONNECTED
31; 0.0032110298286940953
