
****Mix criterion 0.5*C(weight)+0.5*C(distance) ******

(0.5);0.47584310382254874
(0.6);0.42644567856730414
(0.7);0.3972876364668362
(0.8);0.43349066876945225
(0.10);0.35908607008647087
(0.11);0.41343577630778505
(0.12);0.5052330969218692
(0.13);0.3081429952117955
(0.14);0.36923846265589017
(0.15);0.3158253107283711
(0.16);0.4489669020206814
(0.17);0.5873423866771725
(0.18);0.5391940905733261
(0.19);0.4875229179973639
(0.20);0.42367739285872186
(0.21);0.37104027102157
(0.22);0.3222286476678227
(0.23);0.25429251019161825
(0.24);0.30465296045638285
(0.25);0.42624257905618024
(0.31);0.9824127216643568
(1.2);0.4395648423229701
(1.3);0.34371603677550117
(1.4);0.3719146514821577
(1.5);0.40788820642301654
(1.6);0.43211258244829526
(1.7);0.44776976580543687
(1.8);0.4202768404228337
(1.9);0.4039579470053061
(1.10);0.3816883828863231
(1.11);0.3549248098622127
(1.12);0.41718885105222664
(1.13);0.23536774473140656
(1.14);0.2399243272583175
(1.15);0.16414558496759665
(1.16);0.22895006388841943
(1.17);0.3252067210035275
(1.18);0.34066348808602115
(1.19);0.3086392355443669
(1.20);0.3250309655377907
(1.21);0.2718174368038716
(1.22);0.23710968212305356
(1.23);0.19811683571506847
(1.24);0.19351220300450286
(1.25);0.25770489518917217
(1.26);0.281273538781861
(1.27);0.28326927738335145
(1.28);0.19297603229189564
(1.29);0.18968553928843404
(1.30);0.2440189965396843
(1.31);0.34073818738876277
(2.3);0.3987161285875143
(2.4);0.41453271954377663
(2.5);0.4248573524795429
(2.6);0.45978685786280216
(2.7);0.3898168206809949
(2.8);0.37152726805089087
(2.9);0.34591486889269296
(2.10);0.32276360876686283
(2.11);0.30538059281241997
(2.12);0.3998706387310462
(2.13);0.28781969827429826
(2.14);0.28114596440079587
(2.15);0.20111200708211913
(2.16);0.24812784782218672
(2.17);0.34029852482130635
(2.18);0.31045586970126116
(2.19);0.2751447440056147
(2.20);0.27982217432699424
(2.21);0.22540445693378572
(2.22);0.18803832415333183
(2.23);0.14444023098677963
(2.24);0.14866822770617222
(2.25);0.2232639955103684
(2.26);0.2561580792163952
(2.27);0.28283921220922914
(2.28);0.20238469028543613
(2.29);0.16465662506863035
(2.30);0.21602568071120193
(2.31);0.3381325133294316
(3.4);0.45324357736499427
(3.5);0.40540585593562334
(3.6);0.4105025394555134
(3.7);0.30521548880855054
(3.8);0.29988280729073546
(3.9);0.26198924640457233
(3.10);0.23958569662854542
(3.11);0.24048352219438024
(3.12);0.354631180701985
(3.13);0.39019888168265476
(3.14);0.370520492429381
(3.15);0.2878736046425485
(3.16);0.30300037914759237
(3.17);0.3697052071399229
(3.18);0.2743965444437945
(3.19);0.23901965153150104
(3.20);0.22445670511073088
(3.21);0.17190304026286157
(3.22);0.13141293879231564
(3.23);0.07950427563063694
(3.24);0.10199373348319267
(3.25);0.19079882795133601
(3.26);0.23531496865872847
(3.27);0.2983710873345779
(3.28);0.24490572188713802
(3.29);0.15232322744487467
(3.30);0.1946389534422527
(3.31);0.3380008409408292
(4.5);0.4530303797031837
(4.6);0.4478031080440912
(4.7);0.34314843347574137
(4.8);0.3422503369834447
(4.9);0.3007651551487457
(4.10);0.27959215325280506
(4.11);0.2853212552386811
(4.12);0.4006717969248149
(4.13);0.362449264253771
(4.14);0.36702773275008876
(4.15);0.2870208146522266
(4.16);0.3267890900149271
(4.17);0.4089262119374369
(4.18);0.32161227104971923
(4.19);0.28610489522214916
(4.20);0.2707824471361238
(4.21);0.21850156602025889
(4.22);0.17784804043169816
(4.23);0.12516931187326674
(4.24);0.14889591817717004
(4.25);0.23762301005588912
(4.26);0.2812126077464683
(4.27);0.3383497230655555
(4.28);0.2737018556154199
(4.29);0.19659198957577242
(4.30);0.2403483229550521
(4.31);0.38372367582919736
(5.6);0.4835383799946708
(5.7);0.393061714077051
(5.8);0.39637228577797945
(5.9);0.35133678066681806
(5.10);0.3312965397251388
(5.11);0.3393402255836997
(5.12);0.4607261181243041
(5.13);0.3149154922447088
(5.14);0.3330244678274581
(5.15);0.2593914187701285
(5.16);0.3237421374491675
(5.17);0.42192615988496107
(5.18);0.3720864909143709
(5.19);0.3353239823793105
(5.20);0.323908905716288
(5.21);0.2704751287378211
(5.22);0.22987541364879585
(5.23);0.17782377886835338
(5.24);0.19872579914610464
(5.25);0.28462497997908864
(5.26);0.32461471429810773
(5.27);0.36307230963421877
(5.28);0.2810653119226496
(5.29);0.23522428597889222
(5.30);0.28324347268485095
(5.31);0.4205279592535767
(6.7);0.40128689885229496
(6.8);0.3945386448479286
(6.9);0.3562600335267401
(6.10);0.3341324458684458
(6.11);0.330746435358684
(6.12);0.4434304234770231
(6.13);0.3063587307712448
(6.14);0.31336987874243166
(6.15);0.23608185380147306
(6.16);0.29285176833500726
(6.17);0.3883849369170522
(6.18);0.35018461948612434
(6.19);0.31364424049226414
(6.20);0.3101040792538956
(6.21);0.25549602382385156
(6.22);0.21603997507015824
(6.23);0.16745016080536068
(6.24);0.18086938454205045
(6.25);0.26186944299745296
(6.26);0.2985836376378305
(6.27);0.33060186511219397
(6.28);0.24885718786454664
(6.29);0.20766477765931118
(6.30);0.25758540324756
(6.31);0.3871032096496772
(7.8);0.4848717106849324
(7.9);0.46450846317927974
(7.10);0.4418955404801346
(7.11);0.4154700031737562
(7.12);0.4324140469628815
(7.13);0.2036023076560043
(7.14);0.22110065795263853
(7.15);0.1520087670618331
(7.16);0.23285875807090337
(7.17);0.326883006332761
(7.18);0.38539235975848474
(7.19);0.35768368507056536
(7.20);0.3827469416991129
(7.21);0.3297608673257961
(7.22);0.29573091804468055
(7.23);0.2567681491773172
(7.24);0.25056016733683995
(7.26);0.3238418554055892
(7.27);0.30299741817418663
(7.28);0.2075359651245623
(7.29);0.23435067237627838
(7.30);0.2900029939592706
(7.31);0.35785516536834866
(8.9);0.45923348738514713
(8.10);0.44442991242910496
(8.11);0.44332794977022827
(8.12);0.44728966623820127
(8.13);0.20559659311873119
(8.14);0.230639884346069
(8.15);0.16620171219838367
(8.16);0.2538708438266648
(8.17);0.3445100966680054
(8.18);0.41956211093640866
(8.19);0.39129387980477104
(8.20);0.4131777527316687
(8.21);0.35743857906963306
(8.22);0.32073051754955373
(8.23);0.2766357789908527
(8.24);0.2782435638868248
(8.25);0.3410525602045765
(8.26);0.35647650814299
(8.27);0.32937621591416233
(8.28);0.23320914375102691
(8.29);0.2669010444021027
(8.30);0.3226354400656628
(8.31);0.3821089369310182
(9.10);0.4867532328756016
(9.11);0.43658616438621395
(9.12);0.39522647830989427
(9.13);0.16266880943376225
(9.14);0.18405324634402864
(9.15);0.11867597431312646
(9.16);0.2061773116724805
(9.17);0.2954819753653774
(9.18);0.3809618322953842
(9.19);0.3627651901972933
(9.20);0.4011765772511017
(9.21);0.35483768101619284
(9.22);0.32565555734657486
(9.23);0.2927054253669181
(9.24);0.2769033863138053
(9.25);0.3201500185551831
(9.26);0.3235878688150091
(9.27);0.2835893079274317
(9.28);0.1880661176706711
(9.29);0.24088272127256294
(9.30);0.29596591674476164
(9.31);0.33278744551329953
(10.11);0.4512778000083204
(10.12);0.3781421396441988
(10.13);0.14166972201103722
(10.14);0.16591037843685214
(10.15);0.10289627285279157
(10.16);0.1945045594324718
(10.17);0.2809727409944431
(10.18);0.3805332248727955
(10.19);0.3685028219840159
(10.20);0.4150009344134785
(10.21);0.37370392858584567
(10.22);0.3475439936763198
(10.23);0.3177582844720508
(10.24);0.2964845358662078
(10.25);0.3305606089185062
(10.26);0.3267795783903763
(10.27);0.2760050984014546
(10.28);0.18078187904544982
(10.29);0.24875535217694295
(10.30);0.303167046674406
(10.31);0.3217164199866921
(11.12);0.39171540039598374
(11.13);0.15498963831994741
(11.14);0.1898874957199498
(11.15);0.13520589378736006
(11.16);0.23503810893851249
(11.17);0.31196942411792866
(11.18);0.4354809892636674
(11.19);0.430482129893298
(11.21);0.42542061900766404
(11.22);0.38864791190931525
(11.23);0.3424919547959307
(11.24);0.34334286532810926
(11.25);0.3913832040221485
(11.26);0.38498709808183157
(11.27);0.32184133614594834
(11.28);0.22919363334095447
(11.29);0.30802835393793127
(11.30);0.36281864921732154
(11.31);0.35942293734530345
(12.13);0.26708035561650834
(12.14);0.29353085642250937
(12.15);0.22711413635772487
(12.16);0.3085918481391018
(12.17);0.40529138473487314
(12.18);0.4186713870091468
(12.19);0.3809060833740931
(12.20);0.3754447429949692
(12.21);0.3205916141816511
(12.22);0.2801279601493509
(12.23);0.22869567803312585
(12.24);0.24657939576976967
(12.25);0.328126104595905
(12.26);0.36161936203577316
(12.27);0.3717546055968556
(12.28);0.2783805200137793
(12.29);0.2689697008503176
(12.30);0.3210799281243184
(12.31);0.43363156010180454
(13.15);0.3734440693050298
(13.16);0.3260769056280267
(13.17);0.33387197011021125
(13.18);0.20663844961103364
(13.19);0.17554675720257168
(13.20);0.14713262702467406
(13.21);0.09962395284227532
(13.22);0.05864816176746507
(13.23);0.0015390802123785205
(13.24);0.03944472649465668
(13.25);0.13519496488653612
(13.26);0.18546467184812168
(13.27);0.2726221368258598
(13.28);0.26309122704513055
(13.29);0.119214998431989
(13.30);0.1488395103438077
(13.31);0.28611948221125894
(14.15);0.42669300315868486
(14.16);0.398550246576936
(14.17);0.3834612893286574
(14.18);0.25116162070690895
(14.19);0.22395174225777156
(14.20);0.18830531817790241
(14.21);0.14544508040230583
(14.22);0.10514200727924757
(14.23);0.04584416531928243
(14.24);0.09193776240055311
(14.25);0.18903302568170732
(14.26);0.23983207596940412
(14.27);0.33264840479181257
(14.29);0.1819287861156703
(14.30);0.20621387626023094
(14.31);0.3339196191925186
(15.16);0.39509650286179304
(15.17);0.32726769598637717
(15.18);0.2038897966638714
(15.19);0.1832636095186601
(15.20);0.1401910944930843
(15.21);0.10462276345366336
(15.22);0.06646120205762648
(15.23);0.005696337836503029
(15.24);0.06260124537733043
(15.25);0.15836440815091632
(15.26);0.20782301422739183
(15.27);0.3027320602041719
(15.28);0.3482837586343945
(15.29);0.1706618293842577
(15.30);0.181634390038866
(15.31);0.283223956314859
(16.17);0.41226557536558234
(16.18);0.3082719851578592
(16.19);0.29191392372871117
(16.20);0.24518507839660666
(16.21);0.21375285541168032
(16.22);0.1764959003221878
(16.23);0.1154259653818578
(16.24);0.17440490284006585
(16.25);0.27034737381285634
(16.26);0.31872840669711927
(16.27);0.41346331121876
(16.29);0.28047363403990533
(16.30);0.2935523252818209
(16.31);0.38164557848509695
(17.18);0.3764975313367795
(17.19);0.34732661048358615
(17.20);0.31235180206014257
(17.21);0.26850402974234194
(17.22);0.2276317399356387
(17.23);0.16858845359358973
(17.24);0.2107670358645931
(17.25);0.30759295911481177
(17.26);0.35706562044852813
(17.27);0.4372018030404858
(17.28);0.3673742834442028
(17.29);0.2829123533942737
(17.30);0.3187976516224901
(18.20);0.4492768702496804
(18.21);0.40108294333987193
(18.22);0.35823460464173434
(18.23);0.29926477617566377
(18.24);0.333033557938839
(18.25);0.42278622734178106
(18.26);0.4492620255247555
(18.27);0.3972722273457663
(18.28);0.30394415134290925
(18.29);0.3542012891109921
(18.30);0.41009373300243157
(18.31);0.43002391013089414
(19.20);0.46339689297891834
(19.22);0.3888800160759249
(19.23);0.3269338069627555
(19.24);0.3688821464449708
(19.25);0.46531305119763167
(19.26);0.4708568003553435
(19.27);0.38249761542257965
(19.28);0.2981192655180378
(19.29);0.38333937479762137
(19.30);0.44180372163833237
(19.31);0.39893341186834214
(20.21);0.4612541690435756
(20.22);0.4159839806520082
(20.23);0.3602724767817895
(20.24);0.3756688724518033
(20.25);0.4298337635270131
(20.26);0.4131088183581063
(20.27);0.33493854889460595
(20.28);0.24683269344308434
(20.29);0.34242243483075885
(20.31);0.362682299650976
(21.22);0.47963072975922444
(21.23);0.4092874185799626
(21.24);0.43298452686334893
(21.25);0.44454480993304013
(21.26);0.39670839212364734
(21.27);0.30363775090092265
(21.28);0.22626981165450435
(21.29);0.3600836859976366
(21.30);0.4028429088264629
(21.31);0.31868917604174835
(22.23);0.4535382780046299
(22.24);0.4632292294061749
(22.25);0.41304067730476623
(22.26);0.3604074807580257
(22.27);0.26565144470847274
(22.28);0.19330383306304066
(22.29);0.34444481988838666
(22.30);0.3754352641078516
(22.31);0.2774018740435201
(23.24);0.42731997066943533
(23.25);0.3495965026651559
(23.26);0.29880234978266085
(23.27);0.20470555815835226
(23.28);0.13301046045046408
(23.29);0.29146415257972025
(23.30);0.31545507587709837
(23.31);0.2181150896826137
(24.25);0.41336113521247886
(24.26);0.3546799183771621
(24.27);0.25934300886312855
(24.28);0.20083620931861398
(24.29);0.3724916678520796
(24.30);0.38388313579115174
(24.31);0.2589984394211737
(25.26);0.45782511514137164
(25.27);0.35716538136817044
(25.28);0.2905599807063154
(25.29);0.42686967445384527
(25.31);0.355728496943549
(26.27);0.40521525169829353
(26.28);0.33162903787113257
(26.29);0.40798386883509286
(26.30);0.45888676893018127
(26.31);0.40386936170685495
(27.28);0.40440310991764633
(27.29);0.34667801943741156
(27.30);0.3743733940539378
(27.31);0.45509868261473846
(28.29);0.31917025319449394
(28.30);0.3179214871301564
(28.31);0.3568074379118417
(29.30);0.44453309981890016
(29.31);0.3199260015961844
(30.31);0.3626187104117402
