
****Importance edges******

(0.5);22.615255745752865
(0.6);17.489177243573394
(0.7);15.177611162057259
(0.8);18.14870121739102
(0.10);12.800079078147958
(0.11);16.461005020867344
(0.12);26.586050262984212
(0.13);10.460890420428333
(0.14);13.425198523695581
(0.15);10.794674117680634
(0.16);19.748614827829027
(0.17);40.76677282894541
(0.18);31.99298899114512
(0.19);24.26695260057466
(0.20);17.438497879611457
(0.21);13.641541884618912
(0.22);11.160438331831656
(0.23);8.783501432539166
(0.24);10.471666040782043
(0.25);17.751089558694183
(0.31);139.2038099086261
(1.2);0.0
(1.3);0.0
(1.4);0.0
(1.5);0.7840428221237791
(1.6);1.0710451750227072
(1.7);1.382665567333158
(1.8);0.9832780174014529
(1.9);0.0
(1.10);0.6993901392934648
(1.11);0.6120325191159319
(1.12);1.0414223276705536
(1.13);0.34987753025519874
(1.14);0.3673648229247305
(1.15);0.29426733032008695
(1.16);0.37563612462402635
(1.17);0.5967996828736943
(1.18);0.6962444643864408
(1.19);0.5822533484713502
(1.20);0.6604806426609547
(1.21);0.5220145908545123
(1.22);0.4685646055798901
(1.23);0.42178804088850447
(1.24);0.4288495925257088
(1.25);0.5579305396830998
(1.26);0.0
(1.27);0.0
(1.28);0.0
(1.29);0.0
(1.30);0.0
(1.31);0.8666427958844632
(2.3);0.0
(2.4);0.0
(2.5);0.9475813848613079
(2.6);1.6635713851055605
(2.7);0.7031121347034704
(2.8);0.6262302740138703
(2.9);0.0
(2.10);0.47225850226826965
(2.11);0.45924675707462687
(2.12);0.8728710690756644
(2.13);0.43519800074171877
(2.14);0.43562781952552737
(2.15);0.330390780796358
(2.16);0.4039121396580697
(2.17);0.6516028842862842
(2.18);0.5879299302391754
(2.19);0.4970461013108954
(2.20);0.5275436713232623
(2.21);0.4348801967202887
(2.22);0.39558997026539694
(2.23);0.3586142397908045
(2.24);0.374559708942803
(2.25);0.48947529753729657
(2.26);0.0
(2.27);0.0
(2.28);0.0
(2.29);0.0
(2.30);0.0
(2.31);0.8532123558438743
(3.4);0.0
(3.5);0.7646090960485009
(3.6);0.83074789797933
(3.7);0.4040273746916722
(3.8);0.406108475543253
(3.9);0.0
(3.10);0.32305181523027665
(3.11);0.3456677201245802
(3.12);0.6108325223366007
(3.13);0.8244137033791661
(3.14);0.7266132675673542
(3.15);0.4637281496025403
(3.16);0.5145018505679463
(3.17);0.7928377150922822
(3.18);0.4955575061763708
(3.19);0.42914326633760236
(3.20);0.4228910694127404
(3.21);0.36458544734452103
(3.22);0.3352483434201272
(3.23);0.30354765417284413
(3.24);0.3309142389513273
(3.25);0.438659656962159
(3.26);0.0
(3.27);0.0
(3.28);0.0
(3.29);0.0
(3.30);0.0
(3.31);0.8525445123963606
(4.5);1.4286449070578966
(4.6);1.3471207101605247
(4.7);0.49969479406097894
(4.8);0.5129445393603635
(4.9);0.0
(4.10);0.38102466130268436
(4.11);0.4169548586391602
(4.12);0.8794920071796987
(4.13);0.6645175932045986
(4.14);0.7082636866674802
(4.15);0.4618999184159352
(4.16);0.5835363456736823
(4.17);1.1096396737032894
(4.18);0.623820204900259
(4.19);0.522070472609896
(4.20);0.50708359597836
(4.21);0.42433250767551733
(4.22);0.383185025388486
(4.23);0.3403003866376587
(4.24);0.3748007520624243
(4.25);0.5158794102785946
(4.26);0.0
(4.27);0.0
(4.28);0.0
(4.29);0.0
(4.30);0.0
(4.31);1.1678087276667097
(5.6);4.444671880103004
(5.7);1.3104797637871122
(5.8);1.3712051953828794
(5.9);0.47142312067550024
(5.10);0.8806846644801273
(5.11);0.9551191118504735
(5.12);3.107735325136936
(5.13);0.8475402880246575
(5.14);0.952414801456972
(5.15);0.6801063200241004
(5.16);0.9368784913492522
(5.17);2.0072924762100817
(5.18);1.3424221489974795
(5.19);1.0571874326208477
(5.20);1.014841987704932
(5.21);0.7971674261537813
(5.22);0.6930865086820477
(5.23);0.5943529590492008
(5.24);0.6478432273142956
(5.25);0.9175608606924937
(5.26);0.42072766972876313
(5.27);0.536005121085289
(5.28);0.3380657933017576
(5.29);0.2800216574284154
(5.30);0.34142522208969517
(5.31);2.330829317706832
(6.7);1.4306762391168242
(6.8);1.3692294394150086
(6.9);0.5027161587618758
(6.10);0.9084519948372236
(6.11);0.9214714173700507
(6.12);2.434717423462471
(6.13);0.8226833309144946
(6.14);0.8674033614642458
(6.15);0.6296026406006432
(6.16);0.8120702488139091
(6.17);1.4845605609899315
(6.18);1.1717415345814504
(6.19);0.9506890403773361
(6.20);0.9553809091826416
(6.21);0.7585678355407522
(6.22);0.6678060085345061
(6.23);0.5828352119403817
(6.24);0.6191693375007141
(6.25);0.8415724678819723
(6.26);0.3788680101650656
(6.27);0.44924488715658084
(6.28);0.30457667718937503
(6.29);0.2619554060110502
(6.30);0.31544342629685307
(6.31);1.7384587536298257
(7.8);4.736049953408404
(7.9);1.7924541977360515
(7.10);2.3409109073642553
(7.11);1.7733996044564704
(7.12);2.140493608682951
(7.13);0.5499947229205707
(7.14);0.5940747439758067
(7.15);0.48589490504931493
(7.16);0.6418488065550313
(7.17);0.9961535587798883
(7.18);1.5217032262508445
(7.19);1.2443048589557237
(7.20);1.5224168273976777
(7.21);1.090039257228773
(7.22);0.9322283804229315
(7.23);0.8019478727166097
(7.24);0.7978485866691387
(7.25);1.0508831328715442
(7.26);0.44599746152125425
(7.27);0.3995461191251718
(7.28);0.2702297466361523
(7.29);0.2972926538707469
(7.30);0.37515594095688953
(7.31);1.4222445423998722
(8.9);1.6675028961559495
(8.10);2.4600710862387363
(8.11);2.4957123541555593
(8.12);2.6347014577685277
(8.13);0.5618875157585496
(8.14);0.6237376790811628
(8.15);0.5135921453956012
(8.16);0.7053557690680545
(8.17);1.1189524410972063
(8.18);2.105086952301886
(8.19);1.6161974469495586
(8.20);2.012073928506084
(8.21);1.3060458134539803
(8.22);1.070473029810494
(8.23);0.8821350847140782
(8.24);0.9055781017089344
(8.25);1.2698687531520734
(8.26);0.5624562059321216
(8.27);0.47502931977851537
(8.28);0.30558039648356006
(8.29);0.34930782664818355
(8.30);0.45731008953905367
(8.31);1.7086465615767428
(9.10);3.2360700291561644
(9.11);1.263329640988757
(9.12);0.7975277967655782
(9.13);0.26193191706282853
(9.14);0.28853372434999214
(9.15);0.24703886084289386
(9.16);0.3303408987590665
(9.17);0.487617902576098
(9.18);0.8781915688407171
(9.19);0.7660603005208334
(9.20);1.084926829514351
(9.21);0.7730627482133066
(9.22);0.6679804307225861
(9.23);0.582048668500921
(9.24);0.5588728905994811
(9.25);0.711438484179815
(9.26);0.0
(9.27);0.0
(9.28);0.0
(9.29);0.0
(9.30);0.0
(9.31);0.7881806339691856
(10.11);2.825275139641829
(10.12);1.3139994434540798
(10.13);0.4696349220611525
(10.14);0.5118097012908023
(10.15);0.43869506229119276
(10.16);0.5784711228064828
(10.17);0.8156605181964354
(10.18);1.5038177422664987
(10.19);1.375340944254589
(10.20);2.073941787861899
(10.21);1.4802972342046692
(10.22);1.2645276606345621
(10.23);1.087007901936588
(10.24);0.9960549445810565
(10.25);1.209379918747209
(10.26);0.4829948783752972
(10.27);0.37499596211205116
(10.28);0.2639318633147905
(10.29);0.3347324662951126
(10.30);0.42599854566961265
(10.31);1.1752545447859704
(11.12);1.5099056681257097
(11.13);0.5029751295798993
(11.14);0.5679691196471216
(11.15);0.4917710075951568
(11.16);0.6853514201543001
(11.17);0.9731751134374053
(11.18);2.6129416337447338
(11.19);2.4593766685673137
(11.21);2.404999669646539
(11.22);1.7339320369478501
(11.23);1.2812402548075885
(11.24);1.311489608711965
(11.25);1.8669324812750576
(11.26);0.7654112715574298
(11.27);0.5008729922508106
(11.28);0.331385018724402
(11.29);0.4654732357511762
(11.30);0.6461280438169795
(11.31);1.5058070461206123
(12.13);0.7404003649939965
(12.14);0.8461128281384798
(12.15);0.6549357065882732
(12.16);0.940777052784662
(12.17);1.8380794615512586
(12.18);2.1671973454697393
(12.19);1.5481042353169245
(12.20);1.517393490624705
(12.21);1.0920540455335623
(12.22);0.9137351447318479
(12.23);0.7580111137867993
(12.24);0.8254971442397674
(12.25);1.2227873360318182
(12.26);0.640709243206637
(12.27);0.6895264970065764
(12.28);0.40406792131664204
(12.29);0.3878085936983483
(12.30);0.49878340008937766
(12.31);2.8649572383213364
(13.14);2.5546703056642857
(13.15);1.390463065300949
(13.16);1.046505135344136
(13.17);1.1113882912261246
(13.18);0.6624183078120424
(13.19);0.5997550105799659
(13.20);0.5640625774638265
(13.21);0.504679283802246
(13.22);0.46649275022933684
(13.23);0.4209835839120604
(13.24);0.46386826067559866
(13.25);0.5952507697771794
(13.26);0.29478590905034335
(13.27);0.40650406448554893
(13.28);0.3903517923983883
(13.29);0.24376605056642583
(13.30);0.264220880257211
(13.31);1.023127510923913
(14.15);2.2770690801530717
(14.16);1.7501059383098134
(14.17);1.5695715400517853
(14.18);0.7897033566200652
(14.19);0.7132613592281332
(14.20);0.6465445385557239
(14.21);0.5771511305866572
(14.22);0.5280906538739079
(14.23);0.4680082359873164
(14.24);0.5299543419151026
(14.25);0.7057581599948675
(14.26);0.36723591419953544
(14.27);0.5667719869379128
(14.28);0.5713518545149762
(14.29);0.3009002962482283
(14.30);0.3255779026195332
(14.31);1.319420922126696
(15.16);1.7253428718678394
(15.17);1.1032954940837438
(15.18);0.6757458027485119
(15.19);0.6323032686269341
(15.20);0.5693105722275655
(15.21);0.5255877214857279
(15.22);0.4881512176526271
(15.23);0.43619816332248146
(15.24);0.5014311012082229
(15.25);0.6519072354086348
(15.26);0.3379176041458159
(15.27);0.4980546509887021
(15.28);0.6436500864923874
(15.29);0.30005212933200553
(15.30);0.31032270252192673
(15.31);1.0360334679585788
(16.17);2.075089010594016
(16.18);1.047176880254728
(16.19);0.9673899593353315
(16.20);0.8108959774516112
(16.21);0.733207660175272
(16.22);0.6613110732105341
(16.23);0.5672994520584792
(16.24);0.6805489383491338
(16.25);0.9743769216790015
(16.26);0.5581816783130865
(16.27);1.1279620734639035
(16.28);1.6776076510251758
(16.29);0.4625654413123668
(16.30);0.49137462833428025
(16.31);1.8498828662150781
(17.18);1.6070253193686084
(17.19);1.3194343669894983
(17.20);1.106627883081617
(17.21);0.9154360562242208
(17.22);0.7944024549819244
(17.23);0.6664341493688669
(17.24);0.7752283623331465
(17.25);1.1710818654506097
(17.26);0.7253940774329138
(17.27);1.5414109944629837
(17.28);0.779492334633907
(17.29);0.4826399387912137
(17.30);0.5761876469726978
(17.31);4.81779192842597
(18.20);3.452958189261874
(18.21);2.0828406663151315
(18.22);1.5302421009458627
(18.23);1.1192630815576767
(18.24);1.356479476682657
(18.25);2.71736106270705
(18.26);1.9505091457020134
(18.27);1.05766302143914
(18.28);0.5688093865388808
(18.29);0.7586473522279841
(18.30);1.1959915629628215
(18.31);2.986751828238026
(19.20);4.190271073313221
(19.21);2.8227270624129575
(19.22);1.9081046046737582
(19.23);1.2891125643297277
(19.24);1.6974195815093862
(19.25);4.571068659963823
(19.26);2.836541795894096
(19.27);0.931459423105016
(19.28);0.552535254284701
(19.29);0.9378012560178817
(19.30);1.7418081198306872
(19.31);2.210213201779344
(20.21);4.17713742906962
(20.22);2.467582810745483
(20.23);1.6034790007489748
(20.24);1.8125914990788965
(20.25);2.9687117503426466
(20.26);1.2784744231798544
(20.27);0.6989421223712388
(20.28);0.45978766303984625
(20.29);0.7310490962264836
(20.30);1.0917989985403727
(20.31);1.710505118844131
(21.22);5.681180074668424
(21.23);2.3788967452205685
(21.24);3.074158712801835
(21.25);3.557783663962768
(21.26);1.1188869380342958
(21.27);0.6048864123919818
(21.28);0.43623936001201563
(21.29);0.8401254354189771
(21.30);1.1839540269338182
(21.31);1.3345499992820462
(22.23);3.9503745146410525
(22.24);4.574947336231383
(22.25);2.569775432003416
(22.26);0.8685871999541254
(22.27);0.5247712440078244
(22.28);0.4023184178811431
(22.29);0.782748157727643
(22.30);0.9680742880242902
(22.31);1.112476293726721
(23.24);2.969439135931023
(23.25);1.6099815955671155
(23.26);0.6289548113918967
(23.27);0.43110195639475557
(23.28);0.3475224020266219
(23.29);0.6072865796012038
(23.30);0.6842868278712593
(23.31);0.8975747909985016
(24.25);2.6507588175682266
(24.26);0.8893715203128904
(24.27);0.5444703324488656
(24.28);0.43923959940503526
(24.29);1.0072706957918314
(24.30);1.100005125569697
(24.31);1.0613204202522002
(25.26);2.617628528342901
(25.27);0.9316692865083018
(25.28);0.6435920661324437
(25.29);1.7126783140564898
(25.30);4.155190988516053
(25.31);1.7504418788472418
(26.27);0.0
(26.28);0.0
(26.29);0.0
(26.30);0.0
(26.31);1.3908851250723488
(27.28);0.0
(27.29);0.0
(27.30);0.0
(27.31);2.590001760457299
(28.29);0.0
(28.30);0.0
(28.31);0.9595760568357102
(29.30);0.0
(29.31);0.769692704425302
(30.31);0.9981610986072158

****Importance nodes******

0; 0.05238095238095238
1; DISCONNECTED
2; DISCONNECTED
3; DISCONNECTED
4; DISCONNECTED
5; 0.0016897081413210445
6; 0.0017442148555572073
7; 0.0018004798508977624
8; 0.0018585598460880129
9; DISCONNECTED
10; 0.0019185133895102068
11; 0.0020464142821442206
12; 0.0020464142821442206
13; 0.0021124276460843566
14; 0.0021805704733774004
15; 0.0022509114563895745
16; 0.0023235215033698834
17; 0.0023984738099302023
18; 0.002558372063925549
19; 0.002558372063925549
20; 0.0026607163921157783
21; 0.0027267297560559143
22; 0.0028146887804448148
23; 0.002905485192717228
24; 0.002999210521514558
25; 0.003095959248015028
26; DISCONNECTED
27; DISCONNECTED
28; DISCONNECTED
29; DISCONNECTED
30; DISCONNECTED
31; 0.003195828901176803
