
****Mix criterion 0.5*C(weight)+0.5*C(distance) ******

(0.5);0.47583013637127763
(0.6);0.4265030538617375
(0.7);0.39722049013845034
(0.8);0.4335547130723497
(0.10);0.35908042231252474
(0.11);0.4134334485131621
(0.12);0.5053416471744973
(0.13);0.3081402308698971
(0.14);0.36923505206802515
(0.15);0.3158760422617233
(0.16);0.4489655373194724
(0.17);0.5873402246882395
(0.18);0.5391929254429603
(0.19);0.48738146933968945
(0.20);0.42356877025736356
(0.21);0.3711138077581356
(0.22);0.3222264434744857
(0.23);0.2543466073228001
(0.24);0.3046532760402558
(0.25);0.4262053398212626
(0.31);0.9824127216643568
(1.2);0.4395648423229701
(1.3);0.34371603677550117
(1.4);0.3719146514821577
(1.5);0.4078877568575902
(1.6);0.43224005973156654
(1.7);0.44760875446638987
(1.8);0.4203939934446007
(1.9);0.4039579470053061
(1.10);0.38169059802186567
(1.11);0.35493149067306523
(1.13);0.23537033429106813
(1.14);0.23992705210712287
(1.15);0.16418307739415577
(1.16);0.22895430839085046
(1.17);0.3252134715693087
(1.18);0.34067111739248784
(1.19);0.30857318996924105
(1.20);0.32495331443747894
(1.21);0.27188005814916005
(1.22);0.23711286734122533
(1.23);0.19817062702710486
(1.24);0.19351673626715335
(1.25);0.2576893342608889
(1.26);0.281273538781861
(1.28);0.19297603229189564
(1.29);0.18968553928843404
(1.30);0.2440189965396843
(1.31);0.3407463322393729
(2.3);0.3987161285875143
(2.4);0.41453271954377663
(2.5);0.42485680914209095
(2.6);0.45998485843798487
(2.7);0.38973494330660774
(2.8);0.3716018804876832
(2.9);0.34591486889269296
(2.10);0.3227651045222858
(2.11);0.30538560584787616
(2.12);0.39997823719058284
(2.13);0.28782291931906406
(2.14);0.28114919557555607
(2.15);0.20115410197614403
(2.16);0.24813241182960327
(2.17);0.34030589528121075
(2.18);0.31046231211890063
(2.19);0.2750883635730911
(2.20);0.2797601523025853
(2.21);0.2254566255578722
(2.22);0.1880410133030176
(2.23);0.14448596564163765
(2.24);0.14867218708393198
(2.25);0.2232503438289141
(2.26);0.2561580792163952
(2.27);0.28283921220922914
(2.28);0.20238469028543613
(2.29);0.16465662506863035
(2.30);0.21602568071120193
(2.31);0.33814053195857163
(3.4);0.45324357736499427
(3.5);0.4054054175133784
(3.6);0.4106014162233542
(3.7);0.30516843984013203
(3.8);0.2999311932347239
(3.9);0.26198924640457233
(3.10);0.23958671981076918
(3.11);0.24048729542633093
(3.12);0.35470647777708214
(3.13);0.3902049834419451
(3.14);0.37052588192551816
(3.15);0.28793268797189214
(3.16);0.30300619276404817
(3.17);0.36971417514594423
(3.18);0.2744019746630349
(3.19);0.23897097338493292
(3.20);0.22440698683780824
(3.21);0.1719467762648533
(3.22);0.13141521775044182
(3.23);0.0795429875546382
(3.24);0.10199723149551704
(3.25);0.19078659354046001
(3.26);0.23531496865872847
(3.27);0.2983710873345779
(3.28);0.24490572188713802
(3.29);0.15232322744487467
(3.30);0.1946389534422527
(3.31);0.3380088532934674
(4.5);0.4530295605268089
(4.6);0.4479634442207292
(4.7);0.34309024404092253
(4.8);0.3423114519496307
(4.9);0.3007651551487457
(4.10);0.2795933600488727
(4.11);0.28532580662518037
(4.12);0.4007802115446825
(4.13);0.36245418256890977
(4.14);0.367032986142194
(4.15);0.28707966504771576
(4.16);0.3267956836870354
(4.17);0.4089387633777706
(4.18);0.32161910674575234
(4.19);0.2860456762503557
(4.20);0.27072283055293506
(4.21);0.21855246933397043
(4.22);0.17785064525479297
(4.23);0.12521271093276867
(4.24);0.1488998801029368
(4.25);0.23760862195211066
(4.26);0.2812126077464683
(4.27);0.3383497230655555
(4.28);0.2737018556154199
(4.29);0.19659198957577242
(4.30);0.2403483229550521
(4.31);0.3837346510864466
(5.6);0.483805829955384
(5.7);0.3929826259416415
(5.8);0.39645748495505656
(5.9);0.3513365103556434
(5.10);0.33129778635475743
(5.11);0.3393456885363697
(5.12);0.4609351445591329
(5.13);0.31491876144645947
(5.14);0.3330282095489618
(5.15);0.2594407477944861
(5.16);0.32374804035062077
(5.17);0.4219390048705712
(5.18);0.3720950437190386
(5.19);0.3352515217240693
(5.20);0.323835708268147
(5.21);0.2705339956128908
(5.22);0.22987820865871486
(5.23);0.17787158021474195
(5.24);0.19873004564517335
(5.25);0.28460823869143004
(5.26);0.3246144730553989
(5.27);0.36307200229211456
(5.28);0.2810651180777623
(5.29);0.23522412541616244
(5.30);0.28324327691368745
(5.31);0.4205418263084552
(6.8);0.3947017000090514
(6.9);0.35631986750169287
(6.10);0.33418544289848273
(6.11);0.3308023312101992
(6.12);0.44372579080398866
(6.13);0.3064063500678873
(6.14);0.3134193339982347
(6.15);0.23615976544036368
(6.16);0.29289845412455434
(6.17);0.38846905352743344
(6.18);0.3502487904084351
(6.19);0.31362598944127806
(6.20);0.31008125926747915
(6.21);0.2555867442749595
(6.22);0.21607318775017784
(6.23);0.16752263008456805
(6.24);0.18090062124001288
(6.25);0.26189052523032175
(6.26);0.29862873103424414
(6.27);0.3306553348621856
(6.28);0.24889343900339808
(6.29);0.20769595595531146
(6.30);0.2576229477619726
(6.31);0.38718683574121726
(7.8);0.48488694898423934
(7.9);0.4642997319738628
(7.10);0.44176739164470263
(7.11);0.4153836460604347
(7.12);0.43243774764714155
(7.13);0.20357503483286724
(7.14);0.22107178400423602
(7.15);0.15201801646375215
(7.16);0.23283021243848098
(7.17);0.32683970176347676
(7.18);0.3853289509758101
(7.19);0.3575409906623896
(7.20);0.382568641552501
(7.21);0.3297891427931579
(7.22);0.2956924320451907
(7.23);0.25679556411049015
(7.24);0.2505305848794299
(7.25);0.30843531464190055
(7.26);0.323789919022571
(7.27);0.3029508910477641
(7.28);0.20750449688351819
(7.29);0.2343160526609839
(7.30);0.2899593070679268
(7.31);0.35780403181409054
(8.9);0.459432162632262
(8.10);0.4445780968830898
(8.12);0.447609273126241
(8.13);0.2056301385989645
(8.14);0.2306765773928223
(8.15);0.16626522911127734
(8.16);0.2539126201536775
(8.17);0.3445754324065217
(8.18);0.4196810084440135
(8.19);0.3912687199083536
(8.20);0.4131370706529983
(8.21);0.35759482178182983
(8.22);0.3207856240598966
(8.23);0.27674539305834056
(8.24);0.27829075436224715
(8.25);0.34108718475723787
(8.26);0.356543522194937
(8.27);0.3294328134575378
(8.28);0.23324555223998655
(8.29);0.26694266281184487
(8.30);0.322689926444821
(8.31);0.38219394814178753
(9.10);0.4867634822819587
(9.11);0.4365999546115896
(9.12);0.3953247892350811
(9.13);0.16267074807876755
(9.14);0.1840553864802775
(9.15);0.11870744938831515
(9.16);0.20618104436126078
(9.17);0.2954874909459347
(9.18);0.38097145534153803
(9.19);0.36267829521719264
(9.20);0.4010490250464978
(9.21);0.35493041832686123
(9.22);0.3256600981577693
(9.23);0.29277965497637254
(9.24);0.2769092940204826
(9.25);0.3201301762227728
(9.26);0.3235878688150091
(9.27);0.2835893079274317
(9.28);0.1880661176706711
(9.29);0.24088272127256294
(9.30);0.29596591674476164
(9.31);0.33279485296369077
(10.11);0.4512980472990825
(10.12);0.3782277539999771
(10.13);0.1416722515252235
(10.14);0.16591315659868494
(10.15);0.10292708713976015
(10.16);0.19450896829988656
(10.17);0.2809790150406073
(10.18);0.3805446828380444
(10.19);0.3684155369673227
(10.20);0.41486201239736914
(10.21);0.3738101020470597
(10.22);0.3475507288458016
(10.23);0.31784314899364036
(10.24);0.2964921880352981
(10.25);0.33054124926172684
(10.26);0.3267811081504656
(10.27);0.2760062861031926
(10.28);0.18078271498067167
(10.29);0.24875641235457727
(10.30);0.3031683959135025
(10.31);0.3217247182157349
(11.12);0.391816704020161
(11.13);0.15499423081596192
(11.14);0.1898926704937261
(11.15);0.1352412690342658
(11.16);0.23504572991473147
(11.17);0.3119802547681632
(11.18);0.4355095725559665
(11.19);0.4303390679219612
(11.21);0.4255966876784154
(11.22);0.3886627047550213
(11.23);0.34259360729333665
(11.24);0.343356912284245
(11.25);0.39135996546423585
(11.26);0.38499545314103184
(11.27);0.3218468035641293
(11.28);0.22919725066611338
(11.29);0.3080334349402438
(11.30);0.3628257022073383
(11.31);0.3594379812527421
(12.13);0.26712804915158755
(12.14);0.29358458879611044
(12.15);0.2271962901833403
(12.16);0.3086518080129605
(12.17);0.40540692011777796
(12.18);0.4188033049853439
(12.19);0.3808933288135618
(12.20);0.3754252229985561
(12.21);0.32072416710922214
(12.22);0.2801789737976874
(12.23);0.2287910133185303
(12.24);0.24662585422512145
(12.25);0.3281655564747285
(12.26);0.3616983420020274
(12.27);0.3718396032460114
(12.28);0.2784303293011095
(12.29);0.26901750585698503
(12.30);0.3211414129499627
(12.31);0.43378583847430136
(13.15);0.37354044199488434
(13.16);0.3260867879538448
(13.17);0.33388250637440003
(13.18);0.20664464278621295
(13.19);0.17551150176719382
(13.20);0.1470975081081388
(13.21);0.09965969700673392
(13.22);0.058651453604830164
(13.23);0.001571478894086688
(13.24);0.0394490223611066
(13.25);0.13518688332463252
(13.26);0.1854668536564199
(13.27);0.27262514549728517
(13.28);0.2630941161682322
(13.29);0.11921680262539047
(13.30);0.1488414659301889
(13.31);0.2861282847109186
(14.15);0.4268486764988835
(14.16);0.39856673257698577
(14.17);0.3834761326586908
(14.18);0.25116898758928585
(14.19);0.2239104986087373
(14.20);0.18826570247216054
(14.21);0.14548545321055248
(14.22);0.10514573994717562
(14.23);0.0458797500400803
(14.24);0.0919426608813472
(14.25);0.18902363964488839
(14.26);0.23983479986205697
(14.27);0.3326526086999582
(14.29);0.18193101797828096
(14.30);0.20621629116362844
(14.31);0.33393095929081645
(15.16);0.3952145731641095
(15.17);0.32734218826828065
(15.18);0.20393403178835523
(15.19);0.18326316100497697
(15.20);0.14018807772431713
(15.21);0.10468758374277048
(15.22);0.06649068242022724
(15.23);0.005751943624263407
(15.24);0.06263166398433868
(15.25);0.15838884637908404
(15.26);0.20786606810952915
(15.28);0.34836576571133143
(15.29);0.17070005884863843
(15.30);0.18167392807090402
(15.31);0.28328421959192257
(16.17);0.41228903525120536
(16.18);0.30828363021793576
(16.19);0.2918616209062788
(16.20);0.2451384574708959
(16.21);0.21380415643389053
(16.22);0.17650174201521907
(16.23);0.11546901410916728
(16.24);0.1744123132511762
(16.25);0.2703365695944252
(16.26);0.318734713874026
(16.27);0.41347605663233733
(16.29);0.28047886080062256
(16.30);0.2935578775721034
(16.31);0.3816644446733633
(17.18);0.37651541565771685
(17.19);0.3472565856866715
(17.20);0.31228931260440984
(17.21);0.2685673005227385
(17.22);0.22763878975917562
(17.23);0.16863842033642967
(17.24);0.21077548570290894
(17.25);0.307580337435796
(17.26);0.35707382558096623
(17.27);0.4372192383652901
(17.28);0.36738310049694584
(17.29);0.2829178126677099
(17.30);0.31880416903984937
(18.20);0.44908845941526654
(18.21);0.4012229008789596
(18.22);0.3582480380031051
(18.23);0.2993464237485162
(18.24);0.3330481386343224
(18.25);0.422758202994435
(18.26);0.4492833988107202
(18.27);0.39728381700391335
(18.28);0.30395038424148585
(18.29);0.35420960221572234
(18.30);0.4101068384368474
(18.31);0.43005405121126816
(19.20);0.4629127497440387
(19.21);0.4318459817944301
(19.22);0.3887837543248125
(19.23);0.32695276254425265
(19.24);0.36880319591559035
(19.25);0.46500864398922465
(19.26);0.47053504860454604
(19.27);0.3823919590558677
(19.28);0.29805659089582676
(19.29);0.3832329990705087
(19.30);0.44160614661478786
(19.31);0.3988334818554568
(20.21);0.4612652464478452
(20.22);0.41585162876584786
(20.23);0.360289106523298
(20.24);0.37557884696790916
(20.25);0.42962791629177466
(20.26);0.41295851123437227
(20.27);0.33485637597181184
(20.28);0.24677863732752434
(20.29);0.3423364871692571
(20.30);0.3966100681603536
(20.31);0.3625997091574638
(21.22);0.47998569696636995
(21.23);0.4095820839665436
(21.24);0.4331771630303692
(21.26);0.39684261481878447
(21.27);0.303710313625326
(21.28);0.22632214332505599
(21.29);0.3601844682092811
(21.30);0.4029849370287875
(21.31);0.31876965067256624
(22.23);0.45380738907127316
(22.24);0.46326923347316773
(22.25);0.41301145467641354
(22.26);0.3604133852580672
(22.27);0.2656550120092943
(22.28);0.19330656795150689
(22.29);0.34445014087001063
(22.30);0.37544184490327903
(22.31);0.2774109745877232
(23.25);0.3496727420466431
(23.26);0.2988825614084933
(23.27);0.20476053728911917
(23.28);0.13305478054528627
(23.29);0.29154160082085584
(23.30);0.3155423440846153
(23.31);0.218174019128472
(24.25);0.4133373709167724
(24.26);0.35468931970286166
(24.27);0.2593487643239367
(24.28);0.20084085241144958
(24.29);0.37250231546071383
(24.30);0.3838947636724369
(24.31);0.2590090163811051
(25.26);0.4577521083297623
(25.27);0.35713939670176503
(25.28);0.29054203064036194
(25.29);0.4268219071019587
(25.31);0.3557128301438309
(26.27);0.40521525169829353
(26.28);0.33162903787113257
(26.29);0.40798386883509286
(26.30);0.45888676893018127
(26.31);0.40388243347253894
(27.28);0.40440310991764633
(27.29);0.34667801943741156
(27.30);0.3743733940539378
(27.31);0.4551230238745044
(28.29);0.31917025319449394
(28.30);0.3179214871301564
(28.31);0.3568164561644241
(29.30);0.44453309981890016
(29.31);0.31993323529399276
(30.31);0.3626280912928501
