
****Mix criterion 0.5*C(weight)+0.5*C(distance) ******

(0.5);0.4758450949121854
(0.6);0.42651463425670366
(0.7);0.397230529502093
(0.8);0.43356673142783697
(0.10);0.3590888893672362
(0.11);0.4134443381494279
(0.12);0.5052394280562843
(0.13);0.30814559017841286
(0.14);0.36924186436592804
(0.15);0.3158280404304986
(0.16);0.44897211081749144
(0.17);0.587353367930317
(0.18);0.5392028802783296
(0.19);0.4873890201664697
(0.20);0.42357380119580396
(0.21);0.37111759493394325
(0.22);0.32222953690681344
(0.23);0.2542932077962169
(0.24);0.3046537893846323
(0.25);0.42620536501264306
(0.31);0.9824127216643568
(1.2);0.4395648423229701
(1.3);0.34371603677550117
(1.4);0.3719146514821577
(1.5);0.4078882754516207
(1.6);0.43224079177349817
(1.7);0.4476096699636153
(1.8);0.42039466619916643
(1.9);0.4039579470053061
(1.10);0.3816910615878325
(1.11);0.35493189721140556
(1.12);0.4171931001097312
(1.13);0.23536921983396228
(1.14);0.23992587942623872
(1.15);0.1641467881394559
(1.16);0.22895165094864267
(1.17);0.3252092451049056
(1.18);0.34066634075698105
(1.19);0.3085691953780299
(1.20);0.3249486557445875
(1.21);0.2718763541774331
(1.22);0.23710964652299213
(1.23);0.19811680366894296
(1.24);0.19351217042186292
(1.25);0.2576831046915993
(1.26);0.281273538781861
(1.27);0.28326927738335145
(1.28);0.19297603229189564
(1.29);0.18968553928843404
(1.30);0.2440189965396843
(1.31);0.3407369367862116
(2.3);0.3987161285875143
(2.4);0.41453271954377663
(2.5);0.4248574359063897
(2.6);0.4599859954619298
(2.7);0.38973540885462143
(2.8);0.3716023089517275
(2.9);0.34591486889269296
(2.10);0.32276541754209676
(2.11);0.3053859108993376
(2.12);0.39987420009061
(2.13);0.2878215330925636
(2.14);0.2811478049894556
(2.15);0.20111335795205626
(2.16);0.24812955434839257
(2.17);0.3403012807070506
(2.18);0.31045827858308966
(2.19);0.27508495355236207
(2.20);0.27975643127914757
(2.21);0.2254535398511094
(2.22);0.1880382940976531
(2.23);0.14444020374040034
(2.24);0.1486681992483065
(2.25);0.2232448785961213
(2.26);0.2561580792163952
(2.27);0.28283921220922914
(2.28);0.20238469028543613
(2.29);0.16465662506863035
(2.30);0.21602568071120193
(2.31);0.33813128210757876
(3.4);0.45324357736499427
(3.5);0.40540592325324576
(3.6);0.41060198402601106
(3.7);0.3051687073566952
(3.8);0.299931471092386
(3.9);0.26198924640457233
(3.10);0.23958693393421565
(3.11);0.24048752503370774
(3.12);0.35463367293058823
(3.13);0.3902023574553342
(3.14);0.3705235624723864
(3.15);0.2878755006894503
(3.16);0.30300255291461925
(3.17);0.36970856036350314
(3.18);0.2743985748549204
(3.19);0.23896802921651458
(3.20);0.22440400398033797
(3.21);0.17194418933680053
(3.22);0.1314129133212035
(3.23);0.07950425256804322
(3.24);0.10199370834137213
(3.25);0.19078169568932402
(3.26);0.23531496865872847
(3.27);0.2983710873345779
(3.28);0.24490572188713802
(3.29);0.15232322744487467
(3.30);0.1946389534422527
(3.31);0.337999610682703
(4.5);0.45303050548376744
(4.6);0.4479643649557923
(4.7);0.343090574901261
(4.8);0.3423118029040655
(4.9);0.3007651551487457
(4.10);0.2795936125975656
(4.11);0.2853260835845427
(4.12);0.400675385298152
(4.13);0.36245206589581797
(4.14);0.3670307252635402
(4.15);0.28702270322403317
(4.16);0.32679155545225413
(4.17);0.4089309050415219
(4.18);0.32161482698211613
(4.19);0.2860420945481174
(4.20);0.2707192538444119
(4.21);0.21854945846868276
(4.22);0.17784801131850808
(4.23);0.12516928601831628
(4.24);0.1488958897009906
(4.25);0.2376028619043935
(4.26);0.2812126077464683
(4.27);0.3383497230655555
(4.28);0.2737018556154199
(4.29);0.19659198957577242
(4.30);0.2403483229550521
(4.31);0.38372199063135
(5.6);0.4838088195962047
(5.7);0.39298349320572384
(5.8);0.3964584082660829
(5.9);0.35133682217179596
(5.10);0.33129836951676883
(5.11);0.3393463217549848
(5.12);0.46073318702748634
(5.13);0.3149175106814539
(5.14);0.3330267716640635
(5.15);0.25939303283230397
(5.16);0.3237444639004012
(5.17);0.4219312136656795
(5.18);0.3720898503804825
(5.19);0.33524743185393496
(5.20);0.3238315910477402
(5.21);0.27053070510220584
(5.22);0.22987540363407094
(5.23);0.17782376955770832
(5.24);0.1987257882165169
(5.25);0.2846018252360195
(5.26);0.3246147513397628
(5.27);0.36307235682511746
(5.28);0.2810653416865977
(5.29);0.23522431063252544
(5.30);0.28324350274456944
(5.31);0.42052583003414246
(6.8);0.3947026363579604
(6.9);0.356320211099999
(6.10);0.3341860539753879
(6.11);0.33080295144930716
(6.12);0.443569892605087
(6.13);0.30640516903856096
(6.14);0.3134180591109011
(6.15);0.23611620811017126
(6.16);0.2928954105327657
(6.17);0.38846339379675443
(6.18);0.3502443350879994
(6.19);0.31362237463017456
(6.20);0.31007744740274384
(6.21);0.2555836639087379
(6.22);0.21607052826773288
(6.23);0.16747630487784096
(6.24);0.180896608730049
(6.25);0.2618847221070403
(6.26);0.298628989984358
(6.27);0.3306556419137486
(6.28);0.2488936471765959
(6.29);0.20769613499756465
(6.30);0.2576231633624164
(6.31);0.38717506271519203
(7.8);0.484890137934448
(7.9);0.46430091880232194
(7.10);0.44176894245287623
(7.11);0.41538482227065016
(7.12);0.43230269362228324
(7.13);0.20357425662376086
(7.14);0.22107092318882218
(7.15);0.15198486800203492
(7.16);0.23282783964718812
(7.17);0.32683595492171824
(7.18);0.3853232396804618
(7.19);0.35753632050566636
(7.20);0.38256264388611977
(7.21);0.3297847714112083
(7.22);0.29568876478297224
(7.23);0.25673258537091853
(7.24);0.2505254750545855
(7.25);0.3084281514707859
(7.26);0.3237902143285714
(7.27);0.30295115559717656
(7.28);0.20750467580934748
(7.29);0.2343162495058365
(7.30);0.2899595554679963
(7.31);0.35779450868840057
(8.9);0.45943330353052975
(8.10);0.4445797533361004
(8.12);0.447445563260449
(8.13);0.20562936643628477
(8.14);0.23067569886476563
(8.15);0.16623069623532943
(8.16);0.2539100622073352
(8.17);0.3445713019912392
(8.18);0.41967324934754996
(8.19);0.3912627627996074
(8.20);0.4131292812039587
(8.21);0.35758967312974105
(8.22);0.32078148350308305
(8.23);0.27667697632200683
(8.24);0.2782850387418119
(8.25);0.3410786507463342
(8.26);0.35654390702503985
(8.27);0.32943313847054334
(8.28);0.23324576131677183
(8.29);0.26694290180674873
(8.30);0.3226902393344058
(8.31);0.38218266564691156
(9.10);0.48676562719628824
(9.11);0.4366007937695093
(9.12);0.3952297322649708
(9.13);0.162669913752865
(9.14);0.18405446543949772
(9.15);0.11867698438177793
(9.16);0.20617870736066424
(9.17);0.2954840376939195
(9.18);0.38096543044476106
(9.19);0.3626730396050923
(9.20);0.4010413725271325
(9.21);0.35492493303466305
(9.22);0.3256555065955278
(9.23);0.2927053811446954
(9.24);0.2769033438524051
(9.25);0.320122232661671
(9.26);0.3235878688150091
(9.27);0.2835893079274317
(9.28);0.1880661176706711
(9.29);0.24088272127256294
(9.30);0.29596591674476164
(9.31);0.33278630813499754
(10.11);0.4512999220155969
(10.12);0.3781473418797007
(10.13);0.14167161573787465
(10.14);0.16591244626365656
(10.15);0.10289801433555533
(10.16);0.19450690014466324
(10.17);0.2809760459882608
(10.18);0.38053921417659764
(10.19);0.3684105355141635
(10.20);0.41485408855512557
(10.21);0.3738043417831444
(10.22);0.34754589964589105
(10.23);0.3177598904813901
(10.24);0.29648597800667037
(10.25);0.33053321893251203
(10.26);0.326781428286503
(10.27);0.2760065346559759
(10.28);0.18078288991855326
(10.29);0.2487566342201293
(10.30);0.3031686782715407
(10.31);0.32171704877496077
(11.12);0.39172722301237545
(11.13);0.1549935814403148
(11.14);0.18989191785125978
(11.15);0.13520965884378472
(11.16);0.23504336510957846
(11.17);0.31197683348657335
(11.18);0.43550038423241616
(11.19);0.4303304196045739
(11.21);0.4255876240889594
(11.22);0.38865628842067007
(11.23);0.3424980291080022
(11.24);0.3433489657025961
(11.25);0.3913479091245879
(11.26);0.3849959615601407
(11.27);0.3218471362655277
(11.28);0.2291974707863052
(11.29);0.3080337441276004
(11.30);0.36282613139339354
(11.31);0.3594284196425207
(12.13);0.26708342763572074
(12.14);0.293534371935583
(12.15);0.22711681149744206
(12.16);0.3085957590607431
(12.17);0.4052990323177766
(12.18);0.41868024996605413
(12.19);0.3808054263449944
(12.20);0.37534054579599013
(12.21);0.32066393577997276
(12.22);0.2801294893922631
(12.23);0.22869692233662534
(12.24);0.24658072451761273
(12.25);0.3280993378900083
(12.26);0.3616219761629584
(12.27);0.3717574189009867
(12.28);0.27838216863200826
(12.29);0.2689712831296404
(12.30);0.321081963186649
(12.31);0.43363360283831826
(13.15);0.3734498402242698
(13.16);0.32608132265044754
(13.17);0.3338766636666627
(13.18);0.20664119928788346
(13.19);0.17550838401614033
(13.20);0.1470944951379315
(13.21);0.09965697749340757
(13.22);0.058648984738733326
(13.23);0.0015398088806199766
(13.24);0.039445514022888754
(13.25);0.13518216366367922
(13.26);0.18546591468142826
(13.27);0.2726238506689408
(13.28);0.26309287278936044
(13.29);0.11921602616281791
(13.30);0.14884062431330286
(13.31);0.2861203099237119
(14.15);0.4267024662913222
(14.16);0.39855764088762957
(14.17);0.38346792448625544
(14.18);0.2511649027806647
(14.19);0.22390680920293088
(14.20);0.18826226654391298
(14.21);0.145482359073223
(14.22);0.10514295867742691
(14.23);0.04584499278730597
(14.24);0.09193868171025785
(14.25);0.18901808501881687
(14.26);0.23983362759266785
(14.27);0.3326507994829802
(14.29);0.18193005746164073
(14.30);0.2062152518725508
(14.31);0.3339207484452385
(15.16);0.3951036767170452
(15.17);0.3272722871097174
(15.18);0.20389256265172684
(15.19);0.18322435784773855
(15.20);0.14015372741403584
(15.21);0.10465623082064376
(15.22);0.06646206833503272
(15.23);0.005697097703596845
(15.24);0.06260210260774525
(15.25);0.15835078784125867
(15.26);0.20782439587227783
(15.27);0.30273409660195955
(15.28);0.3482863903287468
(15.29);0.17066305620844482
(15.30);0.18163565885638155
(15.31);0.2832248296891444
(16.17);0.4122743472421259
(16.18);0.3082763393576612
(16.19);0.2918548855541549
(16.20);0.2451327298780562
(16.21);0.2137989610259285
(16.22);0.176497136273623
(16.23);0.1154270064725397
(16.24);0.1744061288606368
(16.25);0.2703273992015784
(16.26);0.31873076501113895
(16.27);0.41346807685130377
(16.29);0.2804755883759354
(16.30);0.2935544013364818
(16.31);0.3816473230582094
(17.18);0.3765042184561393
(17.19);0.3472473923202712
(17.20);0.3122814921214198
(17.21);0.2685608108645195
(17.22);0.2276332531452813
(17.23);0.16858970044606808
(17.24);0.21076846005612496
(17.25);0.30756934931299224
(17.26);0.357068688426349
(17.27);0.43720832227587925
(17.28);0.3673775802249026
(17.29);0.2829143946690424
(17.30);0.3188000885474341
(18.20);0.44906443054810147
(18.21);0.40120835891243195
(18.22);0.35823752906489126
(18.23);0.29926687822448195
(18.24);0.3330360607943738
(18.25);0.42273315523457267
(18.26);0.4492700172016471
(18.27);0.39727656083025475
(18.28);0.3039464818835479
(18.29);0.35420439746068993
(18.30);0.4100986332502245
(18.31);0.43002695725420453
(19.20);0.46288358997392637
(19.21);0.43182627409276947
(19.22);0.3887706504157097
(19.23);0.32686114589383475
(19.24);0.36878808240861627
(19.25);0.46496650934923134
(19.26);0.47051558830439016
(19.27);0.38238556871112367
(19.28);0.29805280018775027
(19.29);0.38322656521716125
(19.30);0.441594196814198
(19.31);0.3988134321743871
(20.21);0.46123569416747384
(20.22);0.41583445163393246
(20.23);0.3601768931819899
(20.24);0.37556261057734364
(20.25);0.4296004113611409
(20.26);0.4129494935292005
(20.27);0.3348514459912996
(20.28);0.24677539422033992
(20.29);0.34233133072256067
(20.30);0.3966023671682202
(20.31);0.362584108684789
(21.22);0.479946025823135
(21.23);0.40941731212703525
(21.24);0.43314963201354134
(21.26);0.39683467571965436
(21.27);0.3037060216338591
(21.28);0.2263190479743053
(21.29);0.3601785070715765
(21.30);0.40297653624398455
(21.31);0.3187574839693058
(22.23);0.4535379778676293
(22.24);0.4632288818161005
(22.25);0.41298801380253686
(22.26);0.3604074147655088
(22.27);0.26565140483800814
(22.28);0.19330380249615572
(22.29);0.34444476041764954
(22.30);0.3754351905566194
(22.31);0.2774009808873761
(23.24);0.427319745060812
(23.25);0.34956400594600245
(23.26);0.29880230199665725
(23.27);0.2047055254045848
(23.28);0.13301043404680765
(23.29);0.29146410644000065
(23.30);0.31545502388714264
(23.31);0.21811437877007678
(24.25);0.413308450534143
(24.26);0.3546798508055181
(24.27);0.25934296749598934
(24.28);0.2008361759465741
(24.29);0.37249159132282794
(24.30);0.3838830522162305
(24.31);0.2589976103136704
(25.26);0.4577228812179052
(25.27);0.35712899415527843
(25.28);0.2905348446179361
(25.29);0.4268027842049861
(25.31);0.3556935739254764
(26.27);0.40521525169829353
(26.28);0.33162903787113257
(26.29);0.40798386883509286
(26.30);0.45888676893018127
(26.31);0.40386735460024303
(27.28);0.40440310991764633
(27.29);0.34667801943741156
(27.30);0.3743733940539378
(27.31);0.45509494513163185
(28.29);0.31917025319449394
(28.30);0.3179214871301564
(28.31);0.35680605320262776
(29.30);0.44453309981890016
(29.31);0.31992489089675397
(30.31);0.36261727002266375
