
****Importance edges******

(0.5);22.643254333295417
(0.6);17.529639429111004
(0.7);15.196927675436628
(0.8);18.192595229977606
(0.10);12.816869938553594
(0.11);16.484014389062285
(0.12);26.621120760384247
(0.13);10.474716014376543
(0.14);13.442976643937211
(0.15);10.80899758284654
(0.16);19.774873491782248
(0.17);40.82109339227667
(0.18);32.03581076846839
(0.19);24.29943328066565
(0.20);17.461860303894525
(0.21);13.68246109615235
(0.22);11.176076746103158
(0.23);8.79585300580983
(0.24);10.486445287405385
(0.25);17.813664538342174
(0.31);139.41121779190982
(1.2);0.0
(1.3);0.0
(1.4);0.0
(1.5);0.7850134983716682
(1.6);1.1081168773374284
(1.7);1.3858194221395794
(1.8);1.0183715664443689
(1.9);0.0
(1.10);0.7017156386660575
(1.11);0.615390972455213
(1.12);1.0449577395302738
(1.13);0.35106529158607075
(1.14);0.36861194997136987
(1.15);0.29526630660655556
(1.16);0.376911331016908
(1.17);0.5988256934753956
(1.18);0.69860806930565
(1.19);0.5842299772979588
(1.20);0.6626874031115253
(1.21);0.5412453681271875
(1.22);0.47064423780776893
(1.23);0.4236600644957508
(1.24);0.43075295744680747
(1.25);0.5814868129865017
(1.26);0.0
(1.27);0.0
(1.28);0.0
(1.29);0.0
(1.30);0.0
(1.31);0.8715124679162204
(2.3);0.0
(2.4);0.0
(2.5);0.9487545283647906
(2.6);1.7211519845108227
(2.7);0.7047159307607952
(2.8);0.6485806596060786
(2.9);0.0
(2.10);0.47382878012754265
(2.11);0.4617668172947589
(2.12);0.8758342845240207
(2.13);0.43667540729645465
(2.14);0.43710668522549706
(2.15);0.3315123886721776
(2.16);0.40528333723170556
(2.17);0.6538149403405139
(2.18);0.5899258298783749
(2.19);0.4987334692832461
(2.20);0.5293062703074427
(2.21);0.450900983016195
(2.22);0.39734571886738834
(2.23);0.36020587885522387
(2.24);0.3762221188489426
(2.25);0.5101413358054323
(2.26);0.0
(2.27);0.0
(2.28);0.0
(2.29);0.0
(2.30);0.0
(2.31);0.8580065621375552
(3.4);0.0
(3.5);0.7655557125693228
(3.6);0.8595022768707872
(3.7);0.4049489595692466
(3.8);0.4206026343172738
(3.9);0.0
(3.10);0.3241259750609999
(3.11);0.347564529318005
(3.12);0.6129061715050432
(3.13);0.8272124161653245
(3.14);0.7290799682471194
(3.15);0.4653024100694328
(3.16);0.5162484771727499
(3.17);0.7955292339759232
(3.18);0.49723982067833483
(3.19);0.43060011833032147
(3.20);0.42430400906093324
(3.21);0.37801660742620397
(3.22);0.33673627752999585
(3.23);0.3048948909824483
(3.24);0.3323829369873975
(3.25);0.45718021827154043
(3.26);0.0
(3.27);0.0
(3.28);0.0
(3.29);0.0
(3.30);0.0
(3.31);0.8573349660729618
(4.5);1.4304136263661005
(4.6);1.3937481159074465
(4.7);0.5008345959517808
(4.8);0.5312517159978631
(4.9);0.0
(4.10);0.3822915830978599
(4.11);0.4192428472567403
(4.12);0.8824776993336847
(4.13);0.6667734920052929
(4.14);0.7106680943425626
(4.15);0.46346797241879517
(4.16);0.5855173300085268
(4.17);1.113406669242171
(4.18);0.6259379445454908
(4.19);0.523842793109883
(4.20);0.5087778349196102
(4.21);0.4399647219615313
(4.22);0.38488571707229813
(4.23);0.3418107432518453
(4.24);0.37646423179123917
(4.25);0.5376602512897762
(4.26);0.0
(4.27);0.0
(4.28);0.0
(4.29);0.0
(4.30);0.0
(4.31);1.17437065321039
(5.6);4.525521431827316
(5.7);1.3128072658444883
(5.8);1.3976474394943024
(5.9);0.4720067612790912
(5.10);0.8827522566112733
(5.11);0.9585246475163784
(5.12);3.1152540981263055
(5.13);0.8496051580929365
(5.14);0.9547512509310762
(5.15);0.6817861776440319
(5.16);0.9392082502789922
(5.17);2.0123174783053703
(5.18);1.3458277749922019
(5.19);1.0598694391748338
(5.20);1.0174037496008979
(5.21);0.8156765179499592
(5.22);0.6953305894884081
(5.23);0.5962914580250397
(5.24);0.6499714250131648
(5.25);0.9430238513470028
(5.26);0.4212485473445153
(5.27);0.5366687167781558
(5.28);0.3384843322214724
(5.29);0.280368335395601
(5.30);0.3418479201160798
(5.31);2.3403945962410315
(6.8);1.4173833277619503
(6.9);0.5201164927730206
(6.10);0.9250079848427466
(6.11);0.9388771241215291
(6.12);2.4779563732170646
(6.13);0.8370913583707209
(6.14);0.8823819639108867
(6.15);0.6403210318970342
(6.16);0.8256974141074102
(6.17);1.5091130895919285
(6.18);1.1905481232133501
(6.19);0.9659477106314539
(6.20);0.9704030103179293
(6.21);0.7858541100868721
(6.22);0.6784794598243267
(6.23);0.5920191953435285
(6.24);0.6287873732198785
(6.25);0.8747969983336878
(6.26);0.39198163264986163
(6.27);0.46479443923100766
(6.28);0.31511888042420316
(6.29);0.2710223744805806
(6.30);0.32636175641917
(6.31);1.7660237325493873
(7.8);4.827222860615803
(7.9);1.7965427788220214
(7.10);2.3475113056117176
(7.11);1.780469580685525
(7.12);2.1466443100954624
(7.13);0.5515799679457273
(7.14);0.5957922519037103
(7.15);0.48730390771901716
(7.16);0.6437156395458671
(7.17);0.9990595424253057
(7.18);1.5261690053888224
(7.19);1.2479565504186507
(7.20);1.5268520567698174
(7.21);1.1152143040015714
(7.22);0.9355813172329578
(7.23);0.8048452529217479
(7.24);0.8007440157068441
(7.25);1.0798186227810822
(7.26);0.44701478000440953
(7.27);0.40045748227614714
(7.28);0.27084613964209825
(7.29);0.29797077726332727
(7.30);0.3760116702058839
(7.31);1.4285253375334626
(8.9);1.727016679266959
(8.10);2.5074295041346106
(8.12);2.684143645032562
(8.13);0.5722881878543408
(8.14);0.6351241545636915
(8.15);0.5228372498077896
(8.16);0.7178739116460028
(8.17);1.13852803832084
(8.18);2.1408400558347753
(8.19);1.64364717988681
(8.20);2.0455645235522746
(8.21);1.3535515878272681
(8.22);1.0885290271619545
(8.23);0.8968053675955571
(8.24);0.9204252295908986
(8.25);1.3203727981421531
(8.26);0.5825304719057831
(8.27);0.49198328847856426
(8.28);0.316486671657788
(8.29);0.36177474966345474
(8.30);0.47363165248568745
(8.31);1.7371409906447255
(9.10);3.24683008766953
(9.11);1.2702620073563482
(9.12);0.8002352374994908
(9.13);0.262821121357204
(9.14);0.289513236238582
(9.15);0.24787750631383296
(9.16);0.33146233729576063
(9.17);0.48927326377776875
(9.18);0.8811728462774421
(9.19);0.7686609156601114
(9.20);1.0885517254832768
(9.21);0.801542024059517
(9.22);0.6709451310323841
(9.23);0.5846319775148625
(9.24);0.5613533384624607
(9.25);0.741475985588891
(9.26);0.0
(9.27);0.0
(9.28);0.0
(9.29);0.0
(9.30);0.0
(9.31);0.7926094265552881
(10.11);2.837822425223173
(10.12);1.3184158485450614
(10.13);0.4712136435467716
(10.14);0.5135304796841953
(10.15);0.44017026029281103
(10.16);0.5804166629670916
(10.17);0.8184042311770536
(10.18);1.5088779385445157
(10.19);1.3799688289586436
(10.20);2.0808571313838673
(10.21);1.5143408865810792
(10.22);1.2695694123873138
(10.23);1.0913511033310797
(10.24);1.0000431432017265
(10.25);1.2424437202044825
(10.26);0.4846008551020522
(10.27);0.3762428382483052
(10.28);0.2648094470095876
(10.29);0.33584546474422156
(10.30);0.42741500737678073
(10.31);1.180846974935154
(11.12);1.516611286758401
(11.13);0.505200531301435
(11.14);0.5704726577826406
(11.15);0.493930518899231
(11.16);0.6883496522051415
(11.17);0.9774164172370186
(11.18);2.624241974466243
(11.19);2.470012877948505
(11.21);2.461271293780081
(11.22);1.7423935215436896
(11.23);1.287482255500372
(11.24);1.3178684177784727
(11.25);1.918464832062745
(11.26);0.7696113719779084
(11.27);0.5036214713280504
(11.28);0.3332034533466837
(11.29);0.4680274630089249
(11.30);0.6496735921638137
(11.31);1.514190811729027
(12.13);0.7429138699974814
(12.14);0.8489852049329675
(12.15);0.6571590768799449
(12.16);0.9439707949019518
(12.17);1.8443193584257684
(12.18);2.1745545290003307
(12.19);1.5533597267042323
(12.20);1.5224987106357741
(12.21);1.1166259201527833
(12.22);0.9173891798285095
(12.23);0.7610485126836456
(12.24);0.8288115766383058
(12.25);1.2555212780293148
(12.26);0.6428843176186978
(12.27);0.6918672958259766
(12.28);0.4054396477365572
(12.29);0.3891251230880429
(12.30);0.5004766658291777
(12.31);2.878567905888278
(13.14);2.5633428791787427
(13.15);1.3951833977548955
(13.16);1.0500578022770883
(13.17);1.115161222957235
(13.18);0.6646670799761393
(13.19);0.6017910539035942
(13.20);0.5659605838417103
(13.21);0.515903336518909
(13.22);0.4683544825583711
(13.23);0.4226671010664591
(13.24);0.46572701039263037
(13.25);0.6110092433430584
(13.26);0.295786645803574
(13.27);0.4078840611040402
(13.28);0.391676955417886
(13.29);0.2445935855282481
(13.30);0.26511785510480856
(13.31);1.0279708713999476
(14.15);2.2847992553351064
(14.16);1.756047183399024
(14.17);1.5748999084667306
(14.18);0.7923842350096233
(14.19);0.7156827329604745
(14.20);0.6487203594957818
(14.21);0.5898359236508443
(14.22);0.5301939236906945
(14.23);0.4698760164892934
(14.24);0.5320736341149821
(14.25);0.7242318200056994
(14.26);0.36848260362790625
(14.27);0.5686960597670975
(14.28);0.5732914750405352
(14.29);0.3019217900722841
(14.30);0.32668317177653167
(14.31);1.325644505943731
(15.16);1.7312000515049704
(15.17);1.1070409524543974
(15.18);0.6780398189816159
(15.19);0.6344498065063781
(15.20);0.571226717546546
(15.21);0.5370012142538219
(15.22);0.49009143173687336
(15.23);0.4379354454052524
(15.24);0.5034322694824217
(15.25);0.6687759410674612
(15.26);0.3390647640189652
(15.27);0.49974544277711413
(15.28);0.645835144454785
(15.29);0.30107074380606574
(15.30);0.3113761834524638
(15.31);1.040902650479214
(16.17);2.0821335055151486
(16.18);1.0507318276217184
(16.19);0.9706740467265231
(16.20);0.8136255771819204
(16.21);0.748936627001469
(16.22);0.6639341127766774
(16.23);0.5695542500535797
(16.24);0.6832594162384426
(16.25);0.9992963462795496
(16.26);0.5600765888339707
(16.27);1.131791269733162
(16.28);1.6833027795314546
(16.29);0.4641357546268225
(16.30);0.49304274283732197
(16.31);1.8585452438904062
(17.18);1.6124808355621925
(17.19);1.3239135718089412
(17.20);1.110353431110408
(17.21);0.9348324895405039
(17.22);0.7975468623824484
(17.23);0.6690775092230079
(17.24);0.7783095980910714
(17.25);1.2006776340368281
(17.26);0.7278566392161469
(17.27);1.5466437636918868
(17.28);0.7821385487309198
(17.29);0.4842784008428136
(17.30);0.5781436840062882
(17.31);4.840268893124621
(18.20);3.4645858238377363
(18.21);2.1258510332136376
(18.22);1.5362734549944141
(18.23);1.123683828838201
(18.24);1.3618483338044405
(18.25);2.784353503033218
(18.26);1.957130717933552
(18.27);1.0612535670710428
(18.28);0.5707403759152924
(18.29);0.7612228019520278
(18.30);1.2000517051774422
(18.31);3.0005807876919306
(19.20);4.2043815658659005
(19.21);2.8810159793580596
(19.22);1.915625280274923
(19.23);1.294204165184747
(19.24);1.7041378572853885
(19.25);4.683761466463515
(19.26);2.8461712644001413
(19.27);0.934621533810535
(19.28);0.5544109963722371
(19.29);0.940984895925048
(19.30);1.747721195554712
(19.31);2.220446709787246
(20.21);4.261914824613578
(20.22);2.477219092211422
(20.23);1.6097547722924324
(20.24);1.819701446815637
(20.25);3.0407052402901504
(20.26);1.2827459893877193
(20.27);0.7012773881356869
(20.28);0.46132387949331993
(20.29);0.7334916359903721
(20.30);1.0954468554105525
(20.31);1.718346312736664
(21.22);5.796972576205928
(21.23);2.4267714383765577
(21.24);3.1352360424244994
(21.26);1.16010621786979
(21.27);0.6271701494287878
(21.28);0.45231021725804155
(21.29);0.8710752697966038
(21.30);1.2275703483775935
(21.31);1.3612314634809066
(22.23);3.9679074781961465
(22.24);4.595252343925041
(22.25);2.6320373156016657
(22.26);0.8724422541179202
(22.27);0.5271003383916225
(22.28);0.4041040293800299
(22.29);0.7862222321151195
(22.30);0.9723708961427472
(22.31);1.1181121999858015
(23.24);2.9826184099356485
(23.25);1.6485070428212383
(23.26);0.6317463041339303
(23.27);0.43301531799173454
(23.28);0.3490648121415942
(23.29);0.6099819021404169
(23.30);0.6873239009309985
(23.31);0.9021136011793881
(24.25);2.7133946917932272
(24.26);0.8933188216117398
(24.27);0.5468868573784071
(24.28);0.4411890783366606
(24.29);1.011741269489079
(24.30);1.1048872828703655
(24.31);1.066677320684528
(25.26);2.7281468969115945
(25.27);0.9710051084079967
(25.28);0.6707650375462832
(25.29);1.7849889613095324
(25.31);1.7918037925132433
(26.27);0.0
(26.28);0.0
(26.29);0.0
(26.30);0.0
(26.31);1.3987005184790864
(27.28);0.0
(27.29);0.0
(27.30);0.0
(27.31);2.604554998763779
(28.29);0.0
(28.30);0.0
(28.31);0.964967921521492
(29.30);0.0
(29.31);0.7740176132038514
(30.31);1.003769772917045

****Importance nodes******

0; 0.05238095238095238
1; DISCONNECTED
2; DISCONNECTED
3; DISCONNECTED
4; DISCONNECTED
5; 0.0016897081413210445
6; 0.0018023553507424475
7; 0.0018023553507424475
8; 0.0019225123741252773
9; DISCONNECTED
10; 0.0019225123741252776
11; 0.0020550994344097793
12; 0.002050822432465118
13; 0.0021169779948027024
14; 0.0021852676075382734
15; 0.00225576011100725
16; 0.0023285265662010323
17; 0.0024036403264010658
18; 0.0025638830148278034
19; 0.0025638830148278034
20; 0.0026663052346693316
21; 0.002823685390305302
22; 0.0028236853903053022
23; 0.0029147720157990217
24; 0.003008796919534474
25; 0.0032226833115447536
26; DISCONNECTED
27; DISCONNECTED
28; DISCONNECTED
29; DISCONNECTED
30; DISCONNECTED
31; 0.0032098124108596105
