
****Mix criterion 0.5*C(weight)+0.5*C(distance) ******

(0.5);0.47589866305999495
(0.6);0.4264886444909328
(0.7);0.3973249648338039
(0.8);0.4335352565469421
(0.10);0.3591175173897709
(0.11);0.41347621788917527
(0.12);0.5052984138277441
(0.13);0.30812013994025905
(0.14);0.3692029088717279
(0.15);0.3158484437228343
(0.16);0.4489083818622961
(0.17);0.5872078526808959
(0.18);0.5392501656715343
(0.19);0.48756495807641553
(0.20);0.42370677221721337
(0.21);0.37106354397841823
(0.22);0.3222474388741654
(0.23);0.254307091763599
(0.24);0.30467009004911766
(0.25);0.4262702543541579
(0.31);0.9824127216643568
(1.2);0.4395648423229701
(1.3);0.34371603677550117
(1.4);0.3719146514821577
(1.5);0.4078901325927584
(1.6);0.43211521370101524
(1.7);0.44777327584781457
(1.8);0.42027925857294857
(1.9);0.4039579470053061
(1.10);0.3816901028783454
(1.11);0.3549263150179064
(1.12);0.417191412195135
(1.13);0.23532671136798577
(1.14);0.23987830416478564
(1.15);0.16414406730077843
(1.16);0.22890305309284587
(1.17);0.3251297191751717
(1.18);0.3406546730236951
(1.19);0.3086316095077957
(1.20);0.3250220405040637
(1.21);0.2718107995739252
(1.22);0.23710373072656413
(1.23);0.19811147844344376
(1.24);0.19350675604173817
(1.25);0.2576972916009212
(1.26);0.281273538781861
(1.27);0.28326927738335145
(1.28);0.19297603229189564
(1.29);0.18968553928843404
(1.30);0.2440189965396843
(1.31);0.3407032906554302
(2.3);0.3987161285875143
(2.4);0.41453271954377663
(2.5);0.42485968041692085
(2.6);0.4597909447835354
(2.7);0.3898186056053088
(2.8);0.3715288081227548
(2.9);0.34591486889269296
(2.10);0.32276477017994365
(2.11);0.3053817222260535
(2.12);0.3998727853602178
(2.13);0.2877686585927519
(2.14);0.2810913893880783
(2.15);0.2011103031106843
(2.16);0.24807729828825636
(2.17);0.3402144520329121
(2.18);0.3104484259954316
(2.19);0.2751382339670617
(2.20);0.279815045662269
(2.21);0.22539892758668442
(2.22);0.18803329963220441
(2.23);0.14443567610682853
(2.24);0.14866347029745988
(2.25);0.2232573248437589
(2.26);0.2561580792163952
(2.27);0.28283921220922914
(2.28);0.20238469028543613
(2.29);0.16465662506863035
(2.30);0.21602568071120193
(2.31);0.33809815739386123
(3.4);0.45324357736499427
(3.5);0.40540773436223937
(3.6);0.41050458036631454
(3.7);0.3052165144746555
(3.8);0.299883806022772
(3.9);0.26198924640457233
(3.10);0.23958649110149233
(3.11);0.24048437228603523
(3.12);0.35463268290655775
(3.13);0.390102195087562
(3.14);0.37042946305398106
(3.15);0.2878712129913089
(3.16);0.3029359893306027
(3.17);0.3696029115868194
(3.18);0.2743902702534397
(3.19);0.23901403084721995
(3.20);0.22445099061008755
(3.21);0.1718984046885088
(3.22);0.1314086806904651
(3.23);0.07950042016989171
(3.24);0.10198953043025923
(3.25);0.1907928498103729
(3.26);0.23531496865872847
(3.27);0.2983710873345779
(3.28);0.24490572188713802
(3.29);0.15232322744487467
(3.30);0.1946389534422527
(3.31);0.3379665118970242
(4.5);0.45303388947652035
(4.6);0.4478064175357125
(4.7);0.34314970200368083
(4.8);0.3422515984546408
(4.9);0.3007651551487457
(4.10);0.2795930902968681
(4.11);0.28532228064494614
(4.12);0.40067395983668774
(4.13);0.3623713301495672
(4.14);0.3669390021916286
(4.15);0.28701843242998415
(4.16);0.32671606054289837
(4.17);0.4087830411447182
(4.18);0.3216043729417016
(4.19);0.2860980574280389
(4.20);0.2707755949471205
(4.21);0.2184961707832741
(4.22);0.1778431734699436
(4.23);0.12516498960371786
(4.24);0.14889115770688804
(4.25);0.23761597954878488
(4.26);0.2812126077464683
(4.27);0.3383497230655555
(4.28);0.2737018556154199
(4.29);0.19659198957577242
(4.30);0.2403483229550521
(4.31);0.38367665217660796
(5.6);0.4835492992866361
(5.7);0.39306498891322866
(5.8);0.39637565627631893
(5.9);0.351337938819058
(5.10);0.3312987045146697
(5.11);0.3393425733779177
(5.12);0.46073375730033655
(5.13);0.3148611925914469
(5.14);0.33295826412949187
(5.15);0.25939013163571306
(5.16);0.32367522271148697
(5.17);0.42177625257435647
(5.18);0.37207756685414184
(5.19);0.3353166765184683
(5.20);0.32390148690410203
(5.21);0.2704696201877456
(5.22);0.2298705515188857
(5.23);0.1778195425954076
(5.24);0.1987211094411675
(5.25);0.28461768629808337
(5.26);0.32461574790607417
(5.27);0.36307362644602625
(5.28);0.28106614245394645
(5.29);0.23522497391229125
(5.30);0.2832443114693068
(5.31);0.4204685456511218
(6.7);0.40129047312526284
(6.8);0.3945420104619832
(6.9);0.35626126855705537
(6.10);0.3341346788937803
(6.11);0.33074870042437027
(6.12);0.44343640824745395
(6.13);0.3063067971224096
(6.14);0.3133104512624122
(6.15);0.2360806996072989
(6.16);0.29279457171176804
(6.17);0.38827557465748497
(6.18);0.3501769652113325
(6.19);0.3136377834229406
(6.20);0.3100972105856444
(6.21);0.2554908686271843
(6.22);0.21603536591465022
(6.23);0.16744607210866672
(6.24);0.1808649713894391
(6.25);0.26186285196437875
(6.26);0.29858456840854447
(6.27);0.3306029687788355
(6.28);0.24885793612263044
(6.29);0.20766542120907983
(6.30);0.2575861782021491
(6.31);0.38705943183431857
(7.8);0.4848835428065964
(7.9);0.46451301351331764
(7.10);0.4419013873284831
(7.11);0.4154744302954605
(7.12);0.43241939049949285
(7.13);0.20356812745810718
(7.14);0.221060574611888
(7.15);0.15200792294586
(7.16);0.2328142119101686
(7.17);0.3268106743554435
(7.18);0.38538264743810025
(7.19);0.3576754244060542
(7.20);0.3827362318819877
(7.21);0.3297536203109318
(7.22);0.29572462000657046
(7.23);0.25676263930877247
(7.24);0.250554594790792
(7.26);0.32384298761718633
(7.27);0.3029984324641517
(7.28);0.20753665113127628
(7.29);0.23435142708503684
(7.30);0.29000394633219584
(7.31);0.35781983509096116
(8.9);0.45923758823175254
(8.10);0.44443596241809524
(8.11);0.44333408741086394
(8.12);0.44729614569113313
(8.13);0.20556218455893635
(8.14);0.23059840474192933
(8.15);0.1662008325757688
(8.16);0.2538225699599124
(8.17);0.34442995660623993
(8.18);0.41954885182289553
(8.19);0.3912832913151711
(8.20);0.4131637802080345
(8.21);0.35743000594265045
(8.22);0.32072337542563745
(8.23);0.2766297920766903
(8.24);0.2782373145297717
(8.25);0.3410429175846013
(8.26);0.356477891376943
(8.27);0.3293773841414428
(8.28);0.23320989525696703
(8.29);0.2669019034457772
(8.30);0.32263656471650004
(8.31);0.3820669798144129
(9.10);0.48676119125865724
(9.11);0.43658927126002006
(9.12);0.3952284396493112
(9.13);0.16263809026315273
(9.14);0.18401709913081118
(9.15);0.11867470022442111
(9.16);0.20613596956653502
(9.17);0.29541906067035517
(9.18);0.38095071362398436
(9.19);0.3627551567575839
(9.20);0.4011619167025264
(9.21);0.3548278517981733
(9.22);0.3256470731026882
(9.23);0.2926980325712158
(9.24);0.276896287881445
(9.25);0.32014032293016376
(9.26);0.3235878688150091
(9.27);0.2835893079274317
(9.28);0.1880661176706711
(9.29);0.24088272127256294
(9.30);0.29596591674476164
(9.31);0.3327557081821498
(10.11);0.45128474813416325
(10.12);0.37814537112893537
(10.13);0.14164140768909803
(10.14);0.16587685845733405
(10.15);0.1028955478227633
(10.16);0.1944655490679723
(10.17);0.2809151620448903
(10.18);0.3805239292905902
(10.19);0.3684939774243321
(10.20);0.4149867875954413
(10.21);0.3736943840367004
(10.22);0.3475357030898647
(10.23);0.31775103202858196
(10.24);0.29647777579560464
(10.25);0.3305515709706911
(10.26);0.32678076620714835
(10.27);0.2760060206192941
(10.28);0.18078252812623297
(10.29);0.24875617537581193
(10.30);0.30316809432157593
(10.31);0.32168793290512077
(11.12);0.3917191136678155
(11.13);0.15496028455162456
(11.14);0.18985146549805704
(11.15);0.13520514122387575
(11.16);0.2349932929439138
(11.17);0.3119027715740722
(11.18);0.43546546493021154
(11.19);0.43046692139176673
(11.21);0.42540568623642383
(11.22);0.38863695508429724
(11.23);0.34248370862366495
(11.24);0.3433342718365126
(11.25);0.39136971325469166
(11.26);0.3849889804379114
(11.27);0.3218425679299019
(11.28);0.2291944483075325
(11.29);0.3080294986641822
(11.30);0.36282023822325443
(11.31);0.3593874188442771
(12.13);0.2670371456454739
(12.14);0.2934771816153947
(12.15);0.22711313410120762
(12.16);0.3085303295399185
(12.17);0.4051654950874386
(12.18);0.418658510987034
(12.19);0.3808965100761375
(12.20);0.37543477515341195
(12.21);0.3205848335598283
(12.22);0.2801221861998071
(12.23);0.2286907994085274
(12.24);0.24657398672746775
(12.25);0.3281172685293815
(12.26);0.36162093771539033
(12.27);0.37175630133147836
(12.28);0.2783815137275337
(12.29);0.2689706545779295
(12.30);0.3210811547693922
(12.31);0.43356398239530364
(13.14);0.4386893855683813
(13.15);0.37336142147610385
(13.16);0.32594985802935594
(13.17);0.3337346866507306
(13.18);0.206598720523644
(13.19);0.17551064297765703
(13.20);0.14709910123945955
(13.21);0.0995944997553522
(13.22);0.05862132092090878
(13.23);0.0015151993898712128
(13.24);0.039418787431781704
(13.25);0.1351618289546624
(13.26);0.18543009958699772
(13.27);0.27257446234674165
(13.28);0.26304544689186443
(13.29);0.11918640974001085
(13.30);0.14880852272538292
(13.31);0.28604692829547806
(14.15);0.42654666761025023
(14.16);0.39833111168631347
(14.17);0.38326157562512314
(14.18);0.25111069998934865
(14.19);0.22390558247147174
(14.20);0.1882640339597156
(14.21);0.14540887405122238
(14.22);0.1051093477069376
(14.23);0.045815632109169245
(14.24);0.09190591533606315
(14.25);0.1889908433417201
(14.26);0.23978606902542698
(14.27);0.33257740017041626
(14.28);0.3339522089240009
(14.29);0.18189108963083064
(14.30);0.20617308818981941
(14.31);0.3338209976614633
(15.16);0.3949824474241665
(15.17);0.327191506083516
(15.18);0.20388361426079923
(15.19);0.18325767772148963
(15.20);0.14018558142432616
(15.21);0.10461787693628109
(15.22);0.06645663823961516
(15.23);0.005692233990262235
(15.24);0.06259649832698891
(15.25);0.15835784852851223
(15.26);0.20782127143679882
(15.27);0.3027294915159772
(15.28);0.34828043904612166
(15.29);0.17066028188267152
(15.30);0.1816327895673898
(15.31);0.2831972707585854
(16.17);0.412001794294375
(16.18);0.30820266243887096
(16.19);0.291849661542952
(16.20);0.245131919998405
(16.21);0.21370560467612618
(16.22);0.17645387331416365
(16.23);0.11539041380951177
(16.24);0.17436285291276832
(16.25);0.27028750669926854
(16.26);0.3186585503572948
(16.27);0.4133221469617189
(16.28);0.4450244179289642
(16.29);0.28041574405548836
(16.30);0.2934908298326657
(16.31);0.3815049864652901
(17.18);0.3763867014019197
(17.19);0.34723531720382717
(17.20);0.3122762470503316
(17.21);0.2684425628451929
(17.22);0.22757913509927236
(17.23);0.16854493329549236
(17.24);0.21071711903068022
(17.25);0.307518007593177
(17.26);0.3569720267824393
(17.27);0.43700292313450145
(17.28);0.36727370977320634
(17.29);0.2828500809789374
(17.30);0.31872330925340686
(17.31);0.4686436464630402
(18.20);0.44923165286666217
(18.21);0.40105651497673583
(18.22);0.3582151980053083
(18.23);0.2992505812453072
(18.24);0.3330163541043389
(18.25);0.42275038393644127
(18.26);0.4492373303773378
(18.27);0.3972588364092048
(18.28);0.30393694971984375
(18.29);0.35419168397366546
(18.30);0.41007859070585595
(18.31);0.42994030253470017
(19.20);0.46334112353128065
(19.22);0.3888554207089256
(19.23);0.3269171944107006
(19.24);0.3688602774263453
(19.25);0.4652518534708023
(19.26);0.4708196488790524
(19.27);0.38248541567543554
(19.28);0.2981120287128445
(19.29);0.3833270919886111
(19.30);0.4417809083862374
(19.31);0.3988711127545795
(20.21);0.46119941136570136
(20.22);0.4159516658651326
(20.23);0.36025148837681087
(20.24);0.3756451585569668
(20.25);0.42979346348644126
(20.26);0.41309154241297025
(20.27);0.3349291041333026
(20.28);0.24682648036107277
(20.29);0.3424125562099205
(20.31);0.3626342139417468
(21.22);0.4795585339783142
(21.23);0.40925718808573464
(21.24);0.4329454614578647
(21.25);0.4444978458124037
(21.26);0.3966941658739948
(21.27);0.30363005998522635
(21.28);0.226264265026125
(21.29);0.3600730041013901
(21.30);0.4028278552719064
(21.31);0.31865236683142234
(22.23);0.45348810297062525
(22.24);0.46317112146291173
(22.25);0.41300679013694225
(22.26);0.36039644854016073
(22.27);0.26564477941258363
(22.28);0.1932987230816394
(22.29);0.3444348779410383
(22.30);0.3754229682710542
(22.31);0.27737143898458166
(23.24);0.4272822548252621
(23.25);0.34957528395177145
(23.26);0.29879436121627756
(23.27);0.20470008258755729
(23.28);0.1330060464516712
(23.29);0.2914564392288293
(23.30);0.3154463845201827
(23.31);0.21809072965736434
(24.25);0.41332621909024336
(24.26);0.3546686221706609
(24.27);0.25933609336249847
(24.28);0.20083063038888097
(24.29);0.3724788741685375
(24.30);0.38386916425645895
(24.31);0.2589698672039458
(25.26);0.45778944157968626
(25.27);0.3571526843940189
(25.28);0.29055120970576176
(25.29);0.42684633373348635
(25.31);0.35568095704212455
(26.27);0.40521525169829353
(26.28);0.33162903787113257
(26.29);0.40798386883509286
(26.30);0.45888676893018127
(26.31);0.4038133555327583
(27.28);0.40440310991764633
(27.29);0.34667801943741156
(27.30);0.3743733940539378
(27.31);0.4549943921259757
(28.29);0.31917025319449394
(28.30);0.3179214871301564
(28.31);0.35676879907479525
(29.30);0.44453309981890016
(29.31);0.31989500871055504
(30.31);0.36257851788738477
