
****Importance edges******

(0.5);22.983728993238074
(0.6);17.774130639954688
(0.7);15.424901917325471
(0.8);18.444400322030447
(0.9);13.774617015151142
(0.10);13.023458919729457
(0.11);16.728551748102337
(0.12);27.050899771394196
(0.13);10.644182618267763
(0.14);13.66094110921408
(0.15);10.984648330464452
(0.16);20.096964903671807
(0.17);41.487559403174785
(0.18);32.511105392480076
(0.19);24.696918199880542
(0.20);17.741849263291645
(0.21);13.884295117213215
(0.22);11.359553136531009
(0.23);8.940624560728153
(0.24);10.659497503065888
(0.25);18.070381704634567
(0.31);141.7148643473689
(1.3);0.0
(1.4);0.0
(1.5);0.7968173318654905
(1.6);1.0884958507205975
(1.7);1.4051935138445262
(1.8);0.9992986916014682
(1.9);0.8941948724652755
(1.10);0.7337139531070609
(1.11);0.6213571959637545
(1.12);1.091395108971491
(1.13);0.36666644752439537
(1.14);0.3849928701308421
(1.15);0.3083877851551482
(1.16);0.3936610712818883
(1.17);0.6254371906746127
(1.18);0.7061166218018141
(1.19);0.6095578924495172
(1.20);0.686303891260953
(1.21);0.5463661461249577
(1.22);0.490422762593998
(1.23);0.44146410927827096
(1.24);0.4488550765448488
(1.25);0.5839575446982701
(1.26);0.0
(1.28);0.0
(1.29);0.0
(1.30);0.0
(1.31);0.9070709760799008
(2.3);0.0
(2.4);0.0
(2.5);0.9630204492725936
(2.6);1.6906761659483962
(2.7);0.7145680304285983
(2.8);0.6364335237729528
(2.9);0.5573512053539605
(2.10);0.4954354274106789
(2.11);0.4662436526142904
(2.12);0.9147558970458904
(2.13);0.45608103151206625
(2.14);0.45653147520424453
(2.15);0.3462446239432713
(2.16);0.42329391445165915
(2.17);0.6828701305957943
(2.18);0.5962662792048299
(2.19);0.5203548846232641
(2.20);0.5481693952158692
(2.21);0.4551670035107292
(2.22);0.41404392000956514
(2.23);0.37534330184008435
(2.24);0.3920326141339622
(2.25);0.5123089212909652
(2.26);0.0
(2.27);0.0
(2.28);0.0
(2.29);0.0
(2.30);0.0
(2.31);0.8930140169559669
(3.5);0.777066969611599
(3.6);0.844283379481344
(3.7);0.41061024425986276
(3.8);0.4127252527531588
(3.9);0.36082016656043947
(3.10);0.3389061570848958
(3.11);0.35093417196531107
(3.12);0.6401433977030863
(3.13);0.8639732985653139
(3.14);0.7614798965474749
(3.15);0.48598020315223817
(3.16);0.5391902865407661
(3.17);0.8308821325113556
(3.18);0.5025840923247492
(3.19);0.44926777265330264
(3.20);0.43942512129981454
(3.21);0.38159306136020776
(3.22);0.3508874054447284
(3.23);0.31770790487714723
(3.24);0.34635111853434747
(3.25);0.45912277249297706
(3.26);0.0
(3.27);0.0
(3.28);0.0
(3.29);0.0
(3.30);0.0
(3.31);0.8923150191558566
(4.5);1.4519220008181868
(4.6);1.369069519778592
(4.7);0.5078363850997485
(4.8);0.5213020101899124
(4.9);0.4310452921570334
(4.10);0.39972412358871784
(4.11);0.4233074121318337
(4.12);0.9216945416971042
(4.13);0.6964045534449438
(4.14);0.7422498087015625
(4.15);0.4840642440623336
(4.16);0.6115374105718454
(4.17);1.1628858729285856
(4.18);0.6326654475939915
(4.19);0.5465527640668781
(4.20);0.5269093787706834
(4.21);0.4441272733673962
(4.22);0.40106029456301256
(4.23);0.35617512236141646
(4.24);0.39228490171868635
(4.25);0.53994476437477
(4.26);0.0
(4.27);0.0
(4.28);0.0
(4.29);0.0
(4.30);0.0
(4.31);1.2222860531578092
(5.6);4.517089486168561
(5.7);1.3318315777906733
(5.8);1.3935464165917624
(5.9);1.0230841685071788
(5.10);0.9103852209355487
(5.11);0.9701277340927624
(5.12);3.212316905099455
(5.13);0.8762726468167006
(5.14);0.9849386752769451
(5.15);0.7034991444522656
(5.16);0.9693335560036892
(5.17);2.077319560122575
(5.18);1.362585335016633
(5.19);1.0938957543569354
(5.20);1.045531178295763
(5.21);0.8250962681005592
(5.22);0.7175260519083698
(5.23);0.615444700557726
(5.24);0.6709777188612481
(5.25);0.9505298917109188
(5.26);0.4275826393348864
(5.27);0.5447383209153236
(5.28);0.3435739424079182
(5.29);0.2845840860225831
(5.30);0.3469881067977478
(5.31);2.41508940830937
(6.7);1.4539864296295406
(6.8);1.3915384693798079
(6.9);1.0728686379019354
(6.10);0.9388533329128855
(6.11);0.9359589791316244
(6.12);2.5160428615187356
(6.13);0.8503682891089558
(6.14);0.8968090958595999
(6.15);0.6511028491319386
(6.16);0.8400020826971273
(6.17);1.5359882641929012
(6.18);1.1893599953934333
(6.19);0.9834774997131767
(6.20);0.9841070922622304
(6.21);0.7849710121934956
(6.22);0.6912026600427814
(6.23);0.6033870855919492
(6.24);0.6411417352447436
(6.25);0.8716250335699333
(6.26);0.3850409549967861
(6.27);0.45656449142494276
(6.28);0.30953918385363416
(6.29);0.26622347886569064
(6.30);0.3205829862908757
(6.31);1.8009236025875484
(7.8);4.8132150196010475
(7.9);3.76273973167503
(7.10);2.418641314133482
(7.11);1.8012961636639309
(7.12);2.21145562015347
(7.13);0.5683658740607881
(7.14);0.6140665607944032
(7.15);0.5023671683084941
(7.16);0.6637672076172171
(7.17);1.0304170917275077
(7.18);1.5446084478747004
(7.19);1.286927618971823
(7.20);1.5679280366841706
(7.21);1.1277290251432424
(7.22);0.9646760923555913
(7.23);0.8300441980954847
(7.24);0.8259822392185718
(7.25);1.0881757130744825
(7.26);0.4532641550693808
(7.27);0.4060559750246265
(7.28);0.27463263437837154
(7.29);0.30213648101366225
(7.30);0.38126840457135536
(7.31);1.473032916741998
(8.9);3.4440102973364
(8.10);2.541118472406416
(8.11);2.534992175940408
(8.12);2.7213868806485784
(8.13);0.5805153071131489
(8.14);0.6445720229334095
(8.15);0.5308755599732068
(8.16);0.7292679480160732
(8.17);1.1571633844268607
(8.18);2.136807819861491
(8.19);1.6711774069945744
(8.20);2.071871274969188
(8.21);1.3509018721570012
(8.22);1.1074862656042472
(8.23);0.9128392187177105
(8.24);0.9373051227126915
(8.25);1.3146467309306784
(8.26);0.5716203766626223
(8.27);0.482769033097581
(8.28);0.31055925687435004
(8.29);0.35499914363809765
(8.30);0.4647611011789221
(8.31);1.7692811240156319
(9.10);6.683681646975215
(9.11);2.4862458691178455
(9.12);1.595661661080566
(9.13);0.5162640681691726
(9.14);0.5603734504897926
(9.15);0.4728816764352885
(9.16);0.6233963358733559
(9.17);0.9074115983047731
(9.18);1.5599259481600554
(9.19);1.3858099210833303
(9.20);1.9223789047009687
(9.21);1.361910778421905
(9.22);1.1618600116484523
(9.23);0.9997937655568182
(9.24);0.948264366271909
(9.25);1.1926759528130655
(9.26);0.486811026510236
(9.27);0.39683419562204914
(9.28);0.2753111706625694
(9.29);0.3314291208702855
(9.30);0.4209062384349306
(9.31);1.3058168240476424
(10.11);2.9145830985701844
(10.12);1.3777459504835385
(10.13);0.4924144200392968
(10.14);0.5366304533816426
(10.15);0.45996626129477813
(10.16);0.6065147310100566
(10.17);0.8551958010327013
(10.18);1.5476301107887793
(10.19);1.4411231586844098
(10.20);2.163698898502664
(10.21);1.5508360547198574
(10.22);1.32476111307146
(10.23);1.1387653950720427
(10.24);1.043463417364285
(10.25);1.2669197604414195
(10.26);0.5066987102523406
(10.27);0.3933995552730688
(10.28);0.2768847884804843
(10.29);0.35116005685577734
(10.30);0.44690518124385425
(10.31);1.2311494551820696
(11.12);1.5576343270101527
(11.13);0.5190050853067563
(11.14);0.5862180021432583
(11.15);0.5076992666679664
(11.16);0.7077272654505926
(11.17);1.0051997076146637
(11.18);2.6512176885950454
(11.19);2.5401057502467785
(11.20);5.813256038163454
(11.21);2.484800144471353
(11.22);1.7918883222318382
(11.23);1.3243760931022859
(11.24);1.3559601210634926
(11.25);1.930684685781705
(11.26);0.7770727642723325
(11.27);0.5085040880646199
(11.28);0.3364338651750419
(11.29);0.4725649953703539
(11.30);0.6559721861178036
(11.31);1.5575861206994184
(12.13);0.7759285695771845
(12.14);0.8867136585538017
(12.15);0.6863628787948828
(12.16);0.985920357919004
(12.17);1.9262799355619356
(12.18);2.2304857375847256
(12.19);1.6214522476911455
(12.20);1.582582939808086
(12.21);1.1436229667352578
(12.22);0.9568740299427274
(12.23);0.7937902039372116
(12.24);0.8644531952231359
(12.25);1.2804794506218113
(12.26);0.6714537567796003
(12.27);0.7226135126394998
(12.28);0.42345717131269994
(12.29);0.40641763781483115
(12.30);0.5227175842401609
(12.31);3.000099265779839
(13.14);2.6772564814058
(13.15);1.4571846102717962
(13.16);1.0967218158102032
(13.17);1.1647183980830567
(13.18);0.6819386677078958
(13.19);0.6281760868534494
(13.20);0.5883347227877881
(13.21);0.5285164777017358
(13.22);0.4885214474134448
(13.23);0.440858886516708
(13.24);0.4857634334702487
(13.25);0.6233412598499034
(13.26);0.30893124795096166
(13.27);0.426010213117792
(13.28);0.4090828722241748
(13.29);0.25546319514445415
(13.30);0.27689955240914094
(13.31);1.071399510364101
(14.15);2.3863345261937234
(14.16);1.834084991749404
(14.17);1.6448876276976385
(14.18);0.8131848598382234
(14.19);0.7470673789505295
(14.20);0.6744110453013292
(14.21);0.6044173737900491
(14.22);0.5530336220458157
(14.23);0.49010849736365025
(14.24);0.5549743268141095
(14.25);0.7390708441647564
(14.26);0.3848577757042646
(14.27);0.5939686119748456
(14.28);0.5987682450732877
(14.29);0.31533903478712083
(14.30);0.34120079920214863
(14.31);1.3816857392366648
(15.16);1.8081336664514736
(15.17);1.1562372670525274
(15.18);0.6960192046241523
(15.19);0.6622776110321111
(15.20);0.5938880670793624
(15.21);0.5504234775354462
(15.22);0.5112128545708796
(15.23);0.45680083224794815
(15.24);0.5251096554446594
(15.25);0.6826848098059597
(15.26);0.3541326228572811
(15.27);0.5219538660222852
(15.28);0.674535716800084
(15.29);0.31445016847480783
(15.30);0.3252135764102671
(15.31);1.0849355673799868
(16.17);2.174662417607811
(16.18);1.0788738742953743
(16.19);1.0132574363665945
(16.20);0.8459597399716842
(16.21);0.7678618588258627
(16.22);0.6925602059733899
(16.23);0.5941002742508475
(16.24);0.712692871183668
(16.25);1.0203888996578612
(16.26);0.5849660963108482
(16.27);1.1820874753448538
(16.28);1.758107865036317
(16.29);0.4847617021586073
(16.30);0.5149533016411063
(16.31);1.9372187699277938
(17.18);1.6560988622270434
(17.19);1.3820049518425972
(17.20);1.1545571022290602
(17.21);0.9587127223881329
(17.22);0.8319489537144659
(17.23);0.6979253644036084
(17.24);0.8118523312475919
(17.25);1.2263948263643385
(17.26);0.7602022034211802
(17.27);1.615375794788953
(17.28);0.8168963722941596
(17.29);0.5057994769223579
(17.30);0.6038360836399564
(17.31);5.045297456507938
(18.19);6.157887508495117
(18.20);3.545783128193095
(18.21);2.147265715584201
(18.22);1.5779682791374918
(18.23);1.1544589393420823
(18.24);1.3994825389844057
(18.25);2.804201722068386
(18.26);1.9781657150701657
(18.27);1.0726597881987407
(18.28);0.5768746223726797
(18.29);0.7694043297941194
(18.30);1.212949711402008
(18.31);3.082963177030027
(19.20);4.370116202099235
(19.21);2.9547403299316217
(19.22);1.9973391083746361
(19.23);1.3493967557501814
(19.24);1.7767945943122514
(19.25);4.784812885702288
(19.26);2.969560318527307
(19.27);0.9751398499309347
(19.28);0.5784461798117297
(19.29);0.9817790806279886
(19.30);1.8234895331438226
(19.31);2.313559021551467
(20.21);4.356418865937118
(20.22);2.573638534097252
(20.23);1.6724918696078963
(20.24);1.8907128046125146
(20.25);3.0968380718315283
(20.26);1.3284597834252418
(20.27);0.7262691248860847
(20.28);0.4777642854553878
(20.29);0.7596314063371999
(20.30);1.1344857862211588
(20.31);1.78443043830427
(21.22);5.94620249552294
(21.23);2.4898703398074424
(21.24);3.217565711603099
(21.25);3.7237513726267264
(21.26);1.1710821019057123
(21.27);0.6331038706043906
(21.28);0.45658957066242456
(21.29);0.8793166023578609
(21.30);1.2391845174788243
(21.31);1.396805669215508
(22.23);4.134656266564443
(22.24);4.788364901313708
(22.25);2.689653361780488
(22.26);0.909106085014906
(22.27);0.5492513949014582
(22.28);0.4210862442235323
(22.29);0.8192627214193243
(22.30);1.0132341646709009
(22.31);1.1643724062652627
(23.24);3.1079610518078944
(23.25);1.6850859250163652
(23.26);0.6582950408041643
(23.27);0.4512125113529213
(23.28);0.3637340388830098
(23.29);0.6356160036580116
(23.30);0.7162082507618868
(23.31);0.9394459235593351
(24.25);2.774414556288035
(24.26);0.9308599769811362
(24.27);0.569869429765365
(24.28);0.459729768778215
(24.29);1.054259052919403
(24.30);1.1513194682765457
(24.31);1.1108301529803932
(25.26);2.739738766068425
(25.27);0.9751308995008523
(25.28);0.6736151115503684
(25.29);1.7925733617350779
(25.30);4.3490272620395
(25.31);1.832098566049556
(26.27);0.0
(26.29);0.0
(26.30);0.0
(26.31);1.4557687827160861
(27.28);0.0
(27.29);0.0
(27.30);0.0
(27.31);2.7108232319741843
(28.30);0.0
(28.31);1.0043394979226345
(29.31);0.8055982418593987
(30.31);1.044724500449592

****Importance nodes******

0; 0.05
1; DISCONNECTED
2; DISCONNECTED
3; DISCONNECTED
4; DISCONNECTED
5; 0.0016129032258064516
6; 0.0016649323621227888
7; 0.001718639857675137
8; 0.0017740798530840123
9; 0.001831308235441561
10; 0.0018903826946493534
11; 0.001951362781573526
12; 0.002014309968075898
13; 0.0020792877089815718
14; 0.0021463615060454935
15; 0.002215598973982445
16; 0.00228706990862704
17; 0.0023608463572924285
18; 0.002437002691398636
19; 0.002515615681443753
20; 0.0025967645743935515
21; 0.002680531173567537
22; 0.002766999921101974
23; 0.002856257983073005
24; 0.0029483953373656826
25; 0.0030435048643774787
26; DISCONNECTED
27; DISCONNECTED
28; DISCONNECTED
29; DISCONNECTED
30; DISCONNECTED
31; 0.00314168244064772
