
****Mix criterion 0.5*C(weight)+0.5*C(distance) ******

(0.5);0.47590044149758004
(0.6);0.42655748170571955
(0.7);0.3972676751368566
(0.8);0.43361119933031356
(0.10);0.35912021746063233
(0.11);0.4134846297919896
(0.12);0.5053044976841645
(0.13);0.3081225824920446
(0.14);0.36920610795364095
(0.15);0.31585106928102863
(0.16);0.4489132856601634
(0.17);0.5872181888771894
(0.18);0.5392586330007162
(0.19);0.4874313090777022
(0.20);0.42360339540657493
(0.21);0.37114047223025437
(0.22);0.3222482234879423
(0.23);0.25430770703355743
(0.24);0.30467082082758346
(0.25);0.42623331850165624
(0.31);0.9824127216643568
(1.2);0.4395648423229701
(1.3);0.34371603677550117
(1.4);0.3719146514821577
(1.5);0.40789019424898015
(1.6);0.4322435003278639
(1.7);0.4476130573023724
(1.8);0.42039715539034167
(1.9);0.4039579470053061
(1.10);0.38169277678141494
(1.11);0.3549334014028308
(1.12);0.41719565428511224
(1.13);0.23532813654576898
(1.14);0.23987980057463965
(1.15);0.1641452659580949
(1.16);0.22890458319470464
(1.17);0.3251321501562308
(1.18);0.3406575090793333
(1.19);0.30856180964766355
(1.20);0.3249400213148011
(1.21);0.2718695052477081
(1.22);0.23710369098138373
(1.23);0.19811144266600436
(1.24);0.1935067196653149
(1.25);0.2576757465458253
(1.26);0.281273538781861
(1.27);0.28326927738335145
(1.28);0.19297603229189564
(1.29);0.18968553928843404
(1.30);0.2440189965396843
(1.31);0.3407021736195419
(2.3);0.3987161285875143
(2.4);0.41453271954377663
(2.5);0.4248597549336262
(2.6);0.4599902024493127
(2.7);0.3897371313817753
(2.8);0.37160389426823437
(2.9);0.34591486889269296
(2.10);0.32276657571506323
(2.11);0.30538703958941943
(2.12);0.3998763408799288
(2.13);0.28777043131168445
(2.14);0.2810931638578183
(2.15);0.20111164891188574
(2.16);0.248078943568556
(2.17);0.34021710624724105
(2.18);0.3104508208467787
(2.19);0.2750786486534833
(2.20);0.27974953472761355
(2.21);0.22544783414104244
(2.22);0.18803326607697096
(2.23);0.14443564568799733
(2.24);0.14866343852608188
(2.25);0.22323842325744403
(2.26);0.2561580792163952
(2.27);0.28283921220922914
(2.28);0.20238469028543613
(2.29);0.16465662506863035
(2.30);0.21602568071120193
(2.31);0.3380970576687769
(3.4);0.45324357736499427
(3.5);0.40540779449021536
(3.6);0.4106040848952352
(3.7);0.30516969716769327
(3.8);0.29993249916543924
(3.9);0.26198924640457233
(3.10);0.2395877261907391
(3.11);0.2404883745807569
(3.12);0.35463517104844977
(3.13);0.3901055532228883
(3.14);0.37043242281274347
(3.15);0.2878731019238614
(3.16);0.3029380850828115
(3.17);0.36960614110171974
(3.18);0.2743922888384789
(3.19);0.23896258564721262
(3.20);0.22439847554693615
(3.21);0.17193940590708157
(3.22);0.13140865225360554
(3.23);0.07950039442198817
(3.24);0.10198950236103256
(3.25);0.19077591052168838
(3.26);0.23531496865872847
(3.27);0.2983710873345779
(3.28);0.24490572188713802
(3.29);0.15232322744487467
(3.30);0.1946389534422527
(3.31);0.3379654130327387
(4.5);0.45303400182350534
(4.6);0.44796777167454305
(4.7);0.34309179908416
(4.8);0.3423131014350996
(4.9);0.3007651551487457
(4.10);0.27959454702745973
(4.11);0.2853271083338877
(4.12);0.40067754232587544
(4.13);0.3623740369701787
(4.14);0.3669418872059082
(4.15);0.28702031391548943
(4.16);0.3267184374975857
(4.17);0.40878756110863007
(4.18);0.3216069139871242
(4.19);0.28603547222167985
(4.20);0.2707126247664004
(4.21);0.21854389114628214
(4.22);0.1778431409669381
(4.23);0.12516496073832747
(4.24);0.14889112591506398
(4.25);0.2375960583408087
(4.26);0.2812126077464683
(4.27);0.3383497230655555
(4.28);0.2737018556154199
(4.29);0.19659198957577242
(4.30);0.2403483229550521
(4.31);0.3836751469610039
(5.6);0.4838198812640504
(5.7);0.39298670208190284
(5.8);0.396461824515895
(5.9);0.3513379758912276
(5.10);0.3313005272155887
(5.11);0.33934866466318503
(5.12);0.4607408015988916
(5.13);0.3148631402949432
(5.14);0.33296048261126227
(5.15);0.2593917369957856
(5.16);0.32367746320547147
(5.17);0.4217811148022275
(5.18);0.3720809020060897
(5.19);0.3352403848091901
(5.20);0.3238244416198199
(5.21);0.2705249940857743
(5.22);0.22987053522811032
(5.23);0.17781952790521818
(5.24);0.1987210926505404
(5.25);0.28459478963897444
(5.26);0.3246157809916121
(5.27);0.36307366859684975
(5.28);0.28106616903904985
(5.29);0.23522499593287088
(5.30);0.2832443383185918
(5.31);0.4204666438362567
(6.8);0.39470610084792423
(6.9);0.3563214824133649
(6.10);0.33418831495928497
(6.11);0.33080524633334457
(6.12);0.4435759494387027
(6.13);0.30635319794428756
(6.14);0.31335858630760133
(6.15);0.23611506831277274
(6.16);0.2928381687052202
(6.17);0.38835394253801137
(6.18);0.3502366984695849
(6.19);0.3136161786823329
(6.20);0.3100708599465971
(6.21);0.2555783424526198
(6.22);0.21606593390520917
(6.23);0.1674722287390945
(6.24);0.1808922085464218
(6.25);0.26187838976968786
(6.26);0.29862994809950283
(6.27);0.33065677800420373
(6.28);0.24889441741720567
(6.29);0.20769679745371042
(6.30);0.2576239610838285
(6.31);0.387131502531463
(7.8);0.48490193704681683
(7.9);0.464305310066354
(7.10);0.4417746804414634
(7.11);0.415389174247192
(7.12);0.4323079406345224
(7.13);0.20354001159873847
(7.14);0.22103076661621057
(7.15);0.1519840005813215
(7.16);0.2327832137842538
(7.17);0.3267634962536225
(7.18);0.38531345026489516
(7.19);0.3575283156482502
(7.20);0.3825522790471203
(7.21);0.32977721967367224
(7.22);0.295682429440495
(7.23);0.25672704389363854
(7.24);0.2505198715376296
(7.25);0.30842033505644983
(7.26);0.3237913069604577
(7.27);0.3029521344297204
(7.28);0.2075053378347249
(7.29);0.23431697783158092
(7.30);0.28996047454798846
(7.31);0.35775927313351097
(8.9);0.45943752485290285
(8.10);0.44458588221047196
(8.12);0.44745212407468865
(8.13);0.2055949342254459
(8.14);0.23063418888792098
(8.15);0.16622982907883876
(8.16);0.2538617515656204
(8.17);0.34449109885620394
(8.18);0.4196600251331523
(8.19);0.39125260980259036
(8.20);0.41311588967704377
(8.21);0.3575808232784286
(8.22);0.32077436643408747
(8.23);0.2766710095123983
(8.24);0.27827880947082795
(8.25);0.34106939162062244
(8.26);0.35654533089600976
(8.27);0.32943434101831703
(8.28);0.23324653490065433
(8.29);0.2669437860876379
(8.30);0.322691397025536
(8.31);0.38214092042791126
(9.10);0.48677356337701844
(9.11);0.43660389865291643
(9.12);0.39523168826861127
(9.13);0.16263915720663047
(9.14);0.1840182744330758
(9.15);0.11867570650309185
(9.16);0.20613731516454886
(9.17);0.29542104691451593
(9.18);0.3809542908160161
(9.19);0.36266332233195187
(9.20);0.4010271893339732
(9.21);0.3549147903058422
(9.22);0.3256470164424061
(9.23);0.2926979831999465
(9.24);0.27689624047602085
(9.25);0.32011285000970363
(9.26);0.3235878688150091
(9.27);0.2835893079274317
(9.28);0.1880661176706711
(9.29);0.24088272127256294
(9.30);0.29596591674476164
(9.31);0.3327546922779517
(10.11);0.45130685846469915
(10.12);0.3781505644648589
(10.13);0.14164326476389144
(10.14);0.16587888331668382
(10.15);0.10289728428715433
(10.16);0.1944678399406427
(10.17);0.2809183938419304
(10.18);0.38052989366463097
(10.19);0.36840201128854166
(10.20);0.414840465981034
(10.21);0.3737944406520733
(10.22);0.3475375988905807
(10.23);0.31775262928014736
(10.24);0.2964792098960902
(10.25);0.33052450628513597
(10.26);0.32678261278949955
(10.27);0.27600745430100876
(10.28);0.18078353718852852
(10.29);0.24875745512243516
(10.30);0.3031697229959808
(10.31);0.3216886718522815
(11.12);0.391730930043832
(11.13);0.15496419082715196
(11.14);0.18985584272540895
(11.15);0.13520890195953994
(11.16);0.23499849335387407
(11.17);0.31191009829962996
(11.18);0.4354848234252087
(11.19);0.43031577332021154
(11.21);0.4255721325198344
(11.22);0.38864532156392806
(11.23);0.342489775451169
(11.24);0.3433403644765246
(11.25);0.39133491164507006
(11.26);0.3849978427103011
(11.27);0.3218483672603467
(11.28);0.22919828523078006
(11.29);0.30803488812048974
(11.30);0.3628277193813399
(11.31);0.3593930416949058
(12.13);0.2670401615640729
(12.14);0.29348062813910797
(12.15);0.22711580189132774
(12.16);0.30853416166527275
(12.17);0.4051729822501909
(12.18);0.41866733876601814
(12.19);0.38079620342697057
(12.20);0.37533095092355984
(12.21);0.32065689902631755
(12.22);0.28012370818877513
(12.23);0.22869203768172686
(12.24);0.24657530889446816
(12.25);0.32809082242401527
(12.26);0.36162354755597725
(12.27);0.3717591100224044
(12.28);0.27838315964238847
(12.29);0.26897223426265937
(12.30);0.32108318649466455
(12.31);0.4335662868291107
(13.14);0.43869979166493867
(13.15);0.3733670853353051
(13.16);0.325954120823448
(13.17);0.3337392137373944
(13.18);0.20660141879310645
(13.19);0.1754723666676092
(13.20);0.14706107207660546
(13.21);0.09962737764489583
(13.22);0.05862211299600133
(13.23);0.001515900613167827
(13.24);0.039419545198554284
(13.25);0.13514914893710217
(13.26);0.18543130035667296
(13.27);0.27257611818488897
(13.28);0.26304703693596293
(13.29);0.11918740268734106
(13.30);0.14880959899263602
(13.31);0.2860477928435863
(14.15);0.4265559429365666
(14.16);0.3983382405010725
(14.17);0.38326796905795213
(14.18);0.2511139167368728
(14.19);0.22386075852505055
(14.20);0.18822109446887553
(14.21);0.14544598374234924
(14.22);0.10511026148380376
(14.23);0.045816426757460456
(14.24);0.09190679806960644
(14.25);0.18897604057915204
(14.26);0.2397875649101891
(14.27);0.3325797088378044
(14.28);0.33395453624684684
(14.29);0.18189231530661742
(14.30);0.2061744143864265
(14.31);0.33382216656659114
(15.16);0.3949894753699955
(15.17);0.32719600020528866
(15.18);0.2038863668179711
(15.19);0.18321856033346662
(15.20);0.140148346037551
(15.21);0.10465122389497886
(15.22);0.06645749878974572
(15.23);0.005692988761792051
(15.24);0.0625973497251847
(15.25);0.1583443900631366
(15.26);0.20782264789747532
(15.27);0.3027315202727908
(15.28);0.34828306086582744
(15.29);0.17066150410356756
(15.30);0.18163405362404683
(15.31);0.2831982312511918
(16.17);0.412010246882782
(16.18);0.3082069279692231
(16.19);0.29179076278606797
(16.20);0.2450797046213805
(16.21);0.2137514985958374
(16.22);0.1764550607157231
(16.23);0.11539141388817568
(16.24);0.17436403049444218
(16.25);0.27026771361307705
(16.26);0.3186608240332475
(16.27);0.4133267415593949
(16.28);0.4450312514319658
(16.29);0.2804176282519092
(16.30);0.29349283137932985
(16.31);0.3815067780350837
(17.18);0.37639324739754443
(17.19);0.3471562804835835
(17.20);0.3122061113227776
(17.21);0.26849907960906655
(17.22);0.22758058748630144
(17.23);0.16854612989567083
(17.24);0.21071848566225726
(17.25);0.30749460831390885
(17.26);0.3569749815749991
(17.27);0.4370092018592384
(17.28);0.36727688492754307
(17.29);0.2828520469460504
(17.30);0.31872565627418536
(17.31);0.4686485128018172
(18.20);0.449019947299128
(18.21);0.40118147069300425
(18.22);0.3582180979490165
(18.23);0.29925266552215185
(18.24);0.33301883558217404
(18.25);0.42269793702016295
(18.26);0.44924527550687615
(18.27);0.39726314465340434
(18.28);0.30393926668629767
(18.29);0.3541947742188461
(18.30);0.41008346241225907
(18.31);0.4299435736235794
(19.20);0.46282960818173435
(19.21);0.43178983438527474
(19.22);0.38874642117665553
(19.23);0.3268447763972895
(19.24);0.368766527779161
(19.25);0.46490726625549694
(19.26);0.47047960751882256
(19.27);0.3823737533936775
(19.28);0.29804579142358123
(19.29);0.38321466945523497
(19.30);0.44157210243697065
(19.31);0.3987517278173402
(20.21);0.46118098679136116
(20.22);0.41580265321416854
(20.23);0.36015623461668145
(20.24);0.3755392630973438
(20.25);0.4295614174036878
(20.26);0.41293278009821155
(20.27);0.3348423087565488
(20.28);0.2467693834396497
(20.29);0.34232177375497663
(20.30);0.39658809413554547
(20.31);0.36253650874905946
(21.22);0.47987267081608936
(21.23);0.4093866037126655
(21.24);0.4331099586738872
(21.26);0.39681999571234594
(21.27);0.30369808541023113
(21.28);0.22631332443176
(21.29);0.36016748446767194
(21.30);0.4029610025442179
(21.31);0.3187205365691589
(22.23);0.4534877678869552
(22.24);0.46317073340093484
(22.25);0.4129547079496469
(22.26);0.36039637486375725
(22.27);0.2656447348997726
(22.28);0.19329868895567703
(22.29);0.3444348115457827
(22.30);0.3754228861558309
(22.31);0.2773706323831207
(23.24);0.42728200294773505
(23.25);0.3495431457048764
(23.26);0.29879430786627603
(23.27);0.20470004602008118
(23.28);0.1330060169736859
(23.29);0.291456387716798
(23.30);0.31544632647673876
(23.31);0.21809008742199232
(24.25);0.41327411518338575
(24.26);0.3546685467312635
(24.27);0.25933604717874637
(24.28);0.20083059313114338
(24.29);0.37247878872854684
(24.30);0.3838690709504311
(24.31);0.25896911793184496
(25.26);0.45768835919244905
(25.27);0.35711670703719534
(25.28);0.290526356743721
(25.29);0.4267801969189308
(25.31);0.3556465499659278
(26.27);0.40521525169829353
(26.28);0.33162903787113257
(26.29);0.40798386883509286
(26.30);0.45888676893018127
(26.31);0.40381156278884056
(27.28);0.40440310991764633
(27.29);0.34667801943741156
(27.30);0.3743733940539378
(27.31);0.45499105381296956
(28.29);0.31917025319449394
(28.30);0.3179214871301564
(28.31);0.35676756225508344
(29.30);0.44453309981890016
(29.31);0.3198940166358757
(30.31);0.3625772313345227
