
****Importance edges******

(0.5);22.63264132659336
(0.6);17.521423199323213
(0.7);15.189804799329861
(0.8);18.18406826948591
(0.10);12.810862607427289
(0.11);16.476288248967187
(0.12);26.608643307766904
(0.13);10.469806462523865
(0.14);13.436675853462589
(0.15);10.803931351548657
(0.16);19.765604909545285
(0.17);40.86163237227807
(0.18);32.02235186291144
(0.19);24.289224587026666
(0.20);17.454579090324884
(0.21);13.676777316093078
(0.22);11.171434133805269
(0.23);8.79221347903998
(0.24);10.482123802589312
(0.25);17.806391015267398
(0.31);139.41520736491552
(1.2);0.0
(1.3);0.0
(1.4);0.0
(1.5);0.7846455586136815
(1.6);1.1075974974076384
(1.7);1.3851698816363232
(1.8);1.0178942505912336
(1.9);0.0
(1.10);0.7013867410320654
(1.11);0.6151025356245826
(1.12);1.0444679626046711
(1.13);0.3509007455257907
(1.14);0.3684391797044321
(1.15);0.2951279138099734
(1.16);0.37673467078851136
(1.17);0.6184965215697804
(1.18);0.6990080038593598
(1.19);0.5845644334336672
(1.20);0.6630845010528832
(1.21);0.5415556724315483
(1.22);0.4709140653969077
(1.23);0.4239029553348052
(1.24);0.4309999147506165
(1.25);0.5818201883308913
(1.26);0.0
(1.27);0.0
(1.28);0.0
(1.29);0.0
(1.30);0.0
(1.31);0.8786104347603658
(2.3);0.0
(2.4);0.0
(2.5);0.948309842366041
(2.6);1.7203452719562582
(2.7);0.7043856268748729
(2.8);0.6482766666028686
(2.9);0.0
(2.10);0.47360669420539114
(2.11);0.4615503848749927
(2.12);0.8754237766087394
(2.13);0.4364707353462109
(2.14);0.43690181113312815
(2.15);0.33135700715541305
(2.16);0.4050933789019108
(2.17);0.6752921104705011
(2.18);0.5902635467383145
(2.19);0.4990189809402417
(2.20);0.5296234431242187
(2.21);0.451159491493329
(2.22);0.3975735232868709
(2.23);0.360412390432499
(2.24);0.3764378127832453
(2.25);0.5104338076890818
(2.26);0.0
(2.27);0.0
(2.28);0.0
(2.29);0.0
(2.30);0.0
(2.31);0.8649945311618802
(3.4);0.0
(3.5);0.7651968927729851
(3.6);0.8590994238492826
(3.7);0.40475915796393674
(3.8);0.42040549575621683
(3.9);0.0
(3.10);0.3239740555932856
(3.11);0.3474016240825316
(3.12);0.6126188993130619
(3.13);0.8268246975632384
(3.14);0.7287382448148139
(3.15);0.4650843204996271
(3.16);0.516006508926158
(3.17);0.8216615776213297
(3.18);0.4975244772611988
(3.19);0.430846625454585
(3.20);0.42455826204313396
(3.21);0.3782333301684421
(3.22);0.33692933362341526
(3.23);0.3050696919186241
(3.24);0.3325734972436452
(3.25);0.45744232673094226
(3.26);0.0
(3.27);0.0
(3.28);0.0
(3.29);0.0
(3.30);0.0
(3.31);0.8643174653343464
(4.5);1.4297431843359985
(4.6);1.3930948591857149
(4.7);0.5005998522685089
(4.8);0.5310027156580988
(4.9);0.0
(4.10);0.38211240111836897
(4.11);0.4190463460346884
(4.12);0.8820640776166124
(4.13);0.6664609719304289
(4.14);0.7103350006477616
(4.15);0.46325074265910304
(4.16);0.5852428951037165
(4.17);1.1499809702924384
(4.18);0.6262962773840317
(4.19);0.5241426791874727
(4.20);0.5090827066131213
(4.21);0.44021696051179166
(4.22);0.385106377980876
(4.23);0.34200670861460636
(4.24);0.3766800645326201
(4.25);0.5379685001914457
(4.26);0.0
(4.27);0.0
(4.28);0.0
(4.29);0.0
(4.30);0.0
(4.31);1.1839352254524314
(5.6);4.523400297268682
(5.7);1.312191946504528
(5.8);1.396992355140078
(5.9);0.4717855293462986
(5.10);0.8823385062078299
(5.11);0.9580753822138544
(5.12);3.1137939629295106
(5.13);0.8492069439005674
(5.14);0.9543037542384286
(5.15);0.6814666210482265
(5.16);0.9387680386685885
(5.17);2.050744022158524
(5.18);1.3460415905090817
(5.19);1.0600378236711068
(5.20);1.017591940313899
(5.21);0.8158259560243939
(5.22);0.6954579792833844
(5.23);0.5964053047955901
(5.24);0.6501004943750166
(5.25);0.9432265007184196
(5.26);0.4210511060407878
(5.27);0.5364171774629976
(5.28);0.33832568291985127
(5.29);0.28023692535273353
(5.30);0.3416876942839677
(5.31);2.352503787580727
(6.8);1.4167189930980588
(6.9);0.5198727115681462
(6.10);0.9245744289678671
(6.11);0.9384370677116138
(6.12);2.476794942655483
(6.13);0.8366990094589499
(6.14);0.8819683870654864
(6.15);0.6400209102226952
(6.16);0.8253104055943756
(6.17);1.5371398599642416
(6.18);1.1907179925337608
(6.19);0.9660855336038795
(6.20);0.9705665168785222
(6.21);0.7859856094233453
(6.22);0.6785929918369895
(6.23);0.5921229007895765
(6.24);0.6289024120028069
(6.25);0.8749715805304447
(6.26);0.3917979088956185
(6.27);0.46457658774967775
(6.28);0.31497118262685214
(6.29);0.270895344936398
(6.30);0.3262087890295365
(6.31);1.7749371674824668
(7.8);4.824960317086593
(7.9);1.7957007302246104
(7.10);2.346411015306584
(7.11);1.7796350656765745
(7.12);2.1456381671570566
(7.13);0.5513214396524722
(7.14);0.5955130010915517
(7.15);0.487075505937081
(7.16);0.6434139268019231
(7.17);1.0176137598507167
(7.18);1.5263867616363207
(7.19);1.2481346108657576
(7.20);1.5271093213554408
(7.21);1.1154009161718448
(7.22);0.9357378708742171
(7.23);0.8049862396272642
(7.24);0.8008905145408337
(7.25);1.0800341208996436
(7.26);0.44680526193839865
(7.27);0.4002697858487376
(7.28);0.270719192700067
(7.29);0.2978311168678044
(7.30);0.3758354316530148
(7.31);1.4357353582209982
(8.9);1.7262072179005918
(8.10);2.5062542593689683
(8.12);2.6828855734641075
(8.13);0.572019953514709
(8.14);0.6348264686917844
(8.15);0.5225921933704675
(8.16);0.7175374405485454
(8.17);1.1590703229497465
(8.18);2.1411104591912955
(8.19);1.6438547842396738
(8.20);2.045875057797433
(8.21);1.353756286475288
(8.22);1.0886936462442223
(8.23);0.8969481198828885
(8.24);0.9205790096229916
(8.25);1.3206156971539365
(8.26);0.5822574369563237
(8.27);0.491752693447432
(8.28);0.316338332769836
(8.29);0.3616051840265415
(8.30);0.47340965895824894
(8.31);1.7456843204282364
(9.10);3.245308282147511
(9.11);1.2696666291921055
(9.12);0.7998601632361454
(9.13);0.26269793578143164
(9.14);0.2893775399348923
(9.15);0.24776132488526817
(9.16);0.3313069792383269
(9.17);0.5053454035804115
(9.18);0.8816772943141895
(9.19);0.7691009536066589
(9.20);1.0892040113834183
(9.21);0.8020015604451166
(9.22);0.6713297942081071
(9.23);0.5849671560305095
(9.24);0.5616751709758637
(9.25);0.7419010851896589
(9.26);0.0
(9.27);0.0
(9.28);0.0
(9.29);0.0
(9.30);0.0
(9.31);0.7990647735952429
(10.11);2.836492323640829
(10.12);1.317797900434302
(10.13);0.4709927833522319
(10.14);0.5132897853766379
(10.15);0.4399639502874659
(10.16);0.5801446187704675
(10.17);0.8331705716557085
(10.18);1.5090685205817163
(10.19);1.3801431288565864
(10.20);2.0811730233496974
(10.21);1.5145699015184573
(10.22);1.2697614103463275
(10.23);1.0915248231502417
(10.24);1.0002102253955993
(10.25);1.242672283192344
(10.26);0.4843737202544143
(10.27);0.376066491345817
(10.28);0.26468532949562457
(10.29);0.3356880522930023
(10.30);0.4272146758223548
(10.31);1.1866544282075493
(11.12);1.5159004434532004
(11.13);0.5049637412824004
(11.14);0.5702052743910454
(11.15);0.493699011191449
(11.16);0.6880270192759398
(11.17);0.9945137537902344
(11.18);2.6245286136218215
(11.19);2.4702826710592363
(11.21);2.4616020473952873
(11.22);1.7426276700334635
(11.23);1.2876656288765735
(11.24);1.3180666627160091
(11.25);1.9187863021330522
(11.26);0.7692506512736954
(11.27);0.5033854214223331
(11.28);0.33304727921943744
(11.29);0.46780809619315944
(11.30);0.6493690868976407
(11.31);1.521432255616541
(12.13);0.7425656625461461
(12.14);0.848587281315749
(12.15);0.6568510631295985
(12.16);0.9435283510630329
(12.17);1.8766126944044017
(12.18);2.1747932147377687
(12.19);1.5535302282055419
(12.20);1.5227041414774949
(12.21);1.116776566840941
(12.22);0.9175129470089042
(12.23);0.7611573078194709
(12.24);0.8289366872727844
(12.25);1.2557323089930996
(12.26);0.6425829945195043
(12.27);0.6915430141595936
(12.28);0.405249616143246
(12.29);0.3889427381941366
(12.30);0.5002420899095469
(12.31);2.8923466160450064
(13.14);2.5621414275342063
(13.15);1.394529468309374
(13.16);1.0495656349265354
(13.17);1.134393878275924
(13.18);0.6647346018052757
(13.19);0.6018521883180125
(13.20);0.5660322239467619
(13.21);0.5159687685173725
(13.22);0.4684138839376875
(13.23);0.42272412410149673
(13.24);0.4657935880581913
(13.25);0.6111071226801967
(13.26);0.2956480091214043
(13.27);0.4076928838019421
(13.28);0.3914933744673873
(13.29);0.2444789432898012
(13.30);0.26499359303842684
(13.31);1.0328243187974193
(14.15);2.283728358481995
(14.16);1.7552241152899877
(14.17);1.6016462700329475
(14.18);0.7924582334109617
(14.19);0.7157495684372099
(14.20);0.648797039750605
(14.21);0.5899059435014319
(14.22);0.5302568633961798
(14.23);0.4699356108446942
(14.24);0.532145417448495
(14.25);0.7243420853141871
(14.26);0.36830989398624736
(14.27);0.5684295090758894
(14.28);0.5730227704551748
(14.29);0.3017802778172713
(14.30);0.32653005373791055
(14.31);1.3318162974051744
(15.16);1.730388629371085
(15.17);1.1255494253745033
(15.18);0.6780975647944956
(15.19);0.6345038399403776
(15.20);0.5712894364094834
(15.21);0.5370605843428385
(15.22);0.4901456155471818
(15.23);0.4379874330398211
(15.24);0.5034961197759777
(15.25);0.6688724196199023
(15.26);0.3389058426660538
(15.27);0.49951120958538964
(15.28);0.6455324382882759
(15.29);0.30092963044069987
(15.30);0.31123023987592663
(15.31);1.0456799762806577
(16.17);2.116394129892564
(16.18);1.0508126582214263
(16.19);0.9707487186487541
(16.20);0.8137080535758024
(16.21);0.7490133012137333
(16.22);0.6640020846494062
(16.23);0.569617219159846
(16.24);0.6833405264596402
(16.25);0.9994324769258849
(16.26);0.5598140781319547
(16.27);1.1312607934970964
(16.28);1.6825138070888104
(16.29);0.46391821187426524
(16.30);0.49281165123462595
(16.31);1.8669517034919936
(17.18);1.638587142014681
(17.19);1.3453479310025516
(17.20);1.1279955171851739
(17.21);0.9492423652919615
(17.22);0.8098405634695222
(17.23);0.6792208683403863
(17.24);0.7899117126312898
(17.25);1.2179216694514214
(17.26);0.7517660054697605
(17.27);1.597449472148158
(17.28);0.8078310216921014
(17.29);0.5001864643688052
(17.30);0.5971351286718288
(18.20);3.4666164537689923
(18.21);2.127068964548067
(18.22);1.537153608659867
(18.23);1.1243276113220737
(18.24);1.3626285748776892
(18.25);2.7859487770480857
(18.26);1.9582511232575366
(18.27);1.0618611065346815
(18.28);0.5710671096127041
(18.29);0.7616585817761502
(18.30);1.2007387028864953
(18.31);3.0149295732314667
(19.20);4.206845797807083
(19.21);2.8826665558008258
(19.22);1.9167227701824565
(19.23);1.2949456424141224
(19.24);1.7051142056185524
(19.25);4.686444991723921
(19.26);2.847800621810143
(19.27);0.9351565798004613
(19.28);0.5547283819338245
(19.29);0.9415235847706744
(19.30);1.7487217194923304
(19.31);2.231064892030962
(20.21);4.264411872646542
(20.22);2.4786704903073438
(20.23);1.610697594067124
(20.24);1.8207668596822029
(20.25);3.0424841916119756
(20.26);1.2835146410767047
(20.27);0.7016976101073766
(20.28);0.46160031565611087
(20.29);0.7339311615001183
(20.30);1.0961032730353755
(20.31);1.7264582262495334
(21.22);5.8002960698533315
(21.23);2.4281627438128215
(21.24);3.137033521528141
(21.26);1.1607713246293478
(21.27);0.6275297157334524
(21.28);0.4525695336708677
(21.29);0.8715746706627495
(21.30);1.2282741333620735
(21.31);1.3674946725002366
(22.23);3.970182340656493
(22.24);4.597886872857598
(22.25);2.6335463031262987
(22.26);0.8729424386972279
(22.27);0.5274025331326119
(22.28);0.4043357084430028
(22.29);0.786672985428083
(22.30);0.9729283713513615
(22.31);1.1232567845795678
(23.24);2.9843283910003753
(23.25);1.6494521572947833
(23.26);0.632108494018557
(23.27);0.43326357234168283
(23.28);0.3492649363737575
(23.29);0.6103316141582236
(23.30);0.6877179543077264
(23.31);0.9062103079404045
(24.25);2.714950322754479
(24.26);0.8938309750486766
(24.27);0.5472003960354306
(24.28);0.44144201882928497
(24.29);1.0123213163390097
(24.30);1.1055207317641533
(24.31);1.071457354531369
(25.26);2.7297109855392154
(25.27);0.9715618005894703
(25.28);0.6711495974716374
(25.29);1.7860123229686764
(25.31);1.799600459378413
(26.27);0.0
(26.28);0.0
(26.29);0.0
(26.30);0.0
(26.31);1.4100921282041785
(27.28);0.0
(27.29);0.0
(27.30);0.0
(27.31);2.625767598359951
(28.29);0.0
(28.30);0.0
(28.31);0.9728270291817647
(29.30);0.0
(29.31);0.7803215406375479
(30.31);1.0119448992974576

****Importance nodes******

0; 0.05238095238095238
1; DISCONNECTED
2; DISCONNECTED
3; DISCONNECTED
4; DISCONNECTED
5; 0.0016897081413210445
6; 0.0018023553507424475
7; 0.0018023553507424475
8; 0.0019225123741252773
9; DISCONNECTED
10; 0.0019225123741252776
11; 0.0020550994344097793
12; 0.002050822432465118
13; 0.0021169779948027024
14; 0.0021852676075382734
15; 0.00225576011100725
16; 0.0023285265662010323
17; 0.0024837616706144343
18; 0.0025665537263015823
19; 0.0025665537263015823
20; 0.0026691539935746957
21; 0.002826629107840845
22; 0.002826629107840845
23; 0.002917810691964743
24; 0.003011933617511993
25; 0.0032260429880187217
26; DISCONNECTED
27; DISCONNECTED
28; DISCONNECTED
29; DISCONNECTED
30; DISCONNECTED
31; 0.0032374719025929353
