
****Importance edges******

(0.5);22.93824622937394
(0.6);17.738957209784804
(0.7);15.394377402711699
(0.8);18.407900487529734
(0.9);13.747358268182655
(0.10);12.997686648097009
(0.11);16.695447425945925
(0.12);26.997368436814995
(0.13);10.623118723688435
(0.14);13.633907316794453
(0.15);10.96291068439788
(0.16);20.057194790242068
(0.17);41.40545919793007
(0.18);32.44676879462151
(0.19);24.648045186324417
(0.20);17.70673971510681
(0.21);13.856819326995625
(0.22);11.337073587060907
(0.23);8.922931856649845
(0.24);10.63840330168608
(0.25);18.034622019848502
(0.31);141.43442318340263
(1.3);0.0
(1.4);0.0
(1.5);0.7952405009448532
(1.6);1.0863418138469476
(1.7);1.4024127603474588
(1.8);0.9973211680049614
(1.9);0.8924253400171328
(1.10);0.7322619981835232
(1.11);0.6201275851104585
(1.12);1.0892353347225683
(1.13);0.36594084710269886
(1.14);0.384231003342094
(1.15);0.3077775130441726
(1.16);0.39288205089085937
(1.17);0.6241995058731746
(1.18);0.7047192795524603
(1.19);0.6083516313727374
(1.20);0.6849457566504014
(1.21);0.5452849359168636
(1.22);0.4894522593866542
(1.23);0.440590490909263
(1.24);0.4479668321062848
(1.25);0.5828019444421061
(1.26);0.0
(1.28);0.0
(1.29);0.0
(1.30);0.0
(1.31);0.9052759629632222
(2.3);0.0
(2.4);0.0
(2.5);0.9611147171042634
(2.6);1.6873304675698098
(2.7);0.7131539635901665
(2.8);0.6351740782023276
(2.9);0.5562482566866681
(2.10);0.4944550045836662
(2.11);0.46532099772390056
(2.12);0.9129456761513218
(2.13);0.4551784875486704
(2.14);0.45562803985268047
(2.15);0.34555943650155246
(2.16);0.42245625328876457
(2.17);0.6815187910934491
(2.18);0.5950863210533395
(2.19);0.5193251483977007
(2.20);0.5470846165375493
(2.21);0.4542662683277867
(2.22);0.41322456376634137
(2.23);0.3746005306922607
(2.24);0.3912568163153863
(2.25);0.511295107314155
(2.26);0.0
(2.27);0.0
(2.28);0.0
(2.29);0.0
(2.30);0.0
(2.31);0.8912468213162813
(3.5);0.7755292229084484
(3.6);0.8426126174568412
(3.7);0.4097976829568054
(3.8);0.4119085060356327
(3.9);0.3601061354109288
(3.10);0.3382354918190754
(3.11);0.3502397043234393
(3.12);0.6388766106205602
(3.13);0.8622635719350041
(3.14);0.759972995281273
(3.15);0.48501849137652414
(3.16);0.5381232767231782
(3.17);0.8292378903675738
(3.18);0.5015895229230738
(3.19);0.4483787115256951
(3.20);0.43855553790741003
(3.21);0.38083792249187426
(3.22);0.35019303034965854
(3.23);0.3170791890747835
(3.24);0.3456657203492658
(3.25);0.4582142091936061
(3.26);0.0
(3.27);0.0
(3.28);0.0
(3.29);0.0
(3.30);0.0
(3.31);0.8905492067709028
(4.5);1.4490487757844341
(4.6);1.3663602524660514
(4.7);0.5068314218758999
(4.8);0.5202703996867455
(4.9);0.4301922917042483
(4.10);0.39893310495421647
(4.11);0.4224697242582257
(4.12);0.9198705898393705
(4.13);0.6950264305186091
(4.14);0.7407809620758778
(4.15);0.48310632379995
(4.16);0.6103272322040398
(4.17);1.1605846247901783
(4.18);0.6314134587123622
(4.19);0.5454711845584068
(4.20);0.5258666717817752
(4.21);0.44324838483254914
(4.22);0.40026663176450605
(4.23);0.35547028334293485
(4.24);0.391508604645327
(4.25);0.5388762615123774
(4.26);0.0
(4.27);0.0
(4.28);0.0
(4.29);0.0
(4.30);0.0
(4.31);1.2198672573241762
(5.6);4.5081505661824695
(5.7);1.3291960010669281
(5.8);1.3907887116685014
(5.9);1.0210595755587049
(5.10);0.9085836492218644
(5.11);0.96820793723731
(5.12);3.2059600144793827
(5.13);0.8745385808656321
(5.14);0.9829895688807876
(5.15);0.70210698195874
(5.16);0.9674153307563298
(5.17);2.073208728714356
(5.18);1.3598888993313913
(5.19);1.0917310315522926
(5.20);1.0434621647031905
(5.21);0.8234634756699561
(5.22);0.7161061314074402
(5.23);0.6142267900091317
(5.24);0.66964991338834
(5.25);0.948648877249636
(5.26);0.4267364911653273
(5.27);0.5436603320291327
(5.28);0.34289404000839874
(5.29);0.28402091932374746
(5.30);0.34630144806931484
(5.31);2.4103101602899897
(6.7);1.45110911927403
(6.8);1.3887847380062226
(6.9);1.070745525898253
(6.10);0.9369954253271976
(6.11);0.9341067992156985
(6.12);2.511063835557537
(6.13);0.8486854855872789
(6.14);0.8950343900949179
(6.15);0.6498143742657824
(6.16);0.8383397929797394
(6.17);1.5329486794702085
(6.18);1.1870063573116476
(6.19);0.9815312848540343
(6.20);0.9821596314952004
(6.21);0.7834176240901862
(6.22);0.6898348312027253
(6.23);0.6021930359953533
(6.24);0.6398729725406517
(6.25);0.8699001648338117
(6.26);0.3842789930523475
(6.27);0.4556609907372025
(6.28);0.3089266332266209
(6.29);0.2656966461821039
(6.30);0.3199485809570582
(6.31);1.7973597342971621
(7.8);4.803690093413994
(7.9);3.755293603035578
(7.10);2.4138550372070906
(7.11);1.7977315581081748
(7.12);2.2070793453637245
(7.13);0.5672411283397633
(7.14);0.6128513774623301
(7.15);0.5013730281802325
(7.16);0.6624536711073806
(7.17);1.028377987573504
(7.18);1.541551804572045
(7.19);1.284380903205154
(7.20);1.5648252459808238
(7.21);1.125497349292539
(7.22);0.9627670838162505
(7.23);0.8284016141496908
(7.24);0.8243476935296022
(7.25);1.0860223097248776
(7.26);0.45236718545495663
(7.27);0.4052524262169852
(7.28);0.27408916072087713
(7.29);0.30153857967986536
(7.30);0.38051390817005015
(7.31);1.470117915075559
(8.9);3.4371949060156326
(8.10);2.5360898240323753
(8.11);2.5299756509644284
(8.12);2.716001497062133
(8.13);0.5793665187402653
(8.14);0.643296471993824
(8.15);0.5298250042630084
(8.16);0.7278247913428
(8.17);1.1548734605863216
(8.18);2.132579266456498
(8.19);1.66787029493283
(8.20);2.067771225234699
(8.21);1.348228557009881
(8.22);1.1052946483816433
(8.23);0.9110327907597812
(8.24);0.9354502788978551
(8.25);1.312045161496699
(8.26);0.5704891905692203
(8.27);0.48181367594297164
(8.28);0.30994468761318306
(8.29);0.3542966317773456
(8.30);0.46384138012650394
(8.31);1.765779873387566
(9.10);6.6704552330115865
(9.11);2.481325808765301
(9.12);1.5925039879910807
(9.13);0.5152424273070226
(9.14);0.5592645210670756
(9.15);0.4719458854837284
(9.16);0.6221626897427982
(9.17);0.9056159111268826
(9.18);1.5568389928811024
(9.19);1.3830675259994103
(9.20);1.9185746871257605
(9.21);1.3592156776244149
(9.22);1.1595607935986516
(9.23);0.9978152622528055
(9.24);0.9463878350847981
(9.25);1.1903157527452617
(9.26);0.4858476706086877
(9.27);0.3960488958990146
(9.28);0.27476635424187074
(9.29);0.3307732519968457
(9.30);0.4200733022713816
(9.31);1.3032327282172644
(10.11);2.9088153967810775
(10.12);1.375019513283159
(10.13);0.4914399755182824
(10.14);0.535568509247136
(10.15);0.4590560288057816
(10.16);0.6053144920802135
(10.17);0.8535034442925304
(10.18);1.5445674878828648
(10.19);1.4382713036027188
(10.20);2.159417130034952
(10.21);1.5477670875348737
(10.22);1.3221395281711186
(10.23);1.136511879222811
(10.24);1.0413984956874411
(10.25);1.2644126384545604
(10.26);0.5056959983862439
(10.27);0.39262105239905726
(10.28);0.27633685800950925
(10.29);0.3504651422077154
(10.30);0.44602079547537643
(10.31);1.2287131194609178
(11.12);1.5545519066464721
(11.13);0.5179780202144801
(11.14);0.5850579286420337
(11.15);0.5066945747893489
(11.16);0.7063267358801227
(11.17);1.0032105064301569
(11.18);2.6459711636243473
(11.19);2.5350791059601887
(11.20);5.801752119380591
(11.21);2.4798829450798268
(11.22);1.7883423339609643
(11.23);1.3217552701223598
(11.24);1.3532767960898273
(11.25);1.9268640318014332
(11.26);0.7755350061020615
(11.27);0.5074978035157466
(11.28);0.33576809235592475
(11.29);0.47162983110257095
(11.30);0.6546740752650603
(11.31);1.554503795731757
(12.13);0.7743930756668667
(12.14);0.8849589307653315
(12.15);0.6850046274532263
(12.16);0.9839693088598517
(12.17);1.9224679981921924
(12.18);2.226071803878201
(12.19);1.6182435373151922
(12.20);1.5794511483495342
(12.21);1.1413598381819703
(12.22);0.954980460993824
(12.23);0.7922193634346126
(12.24);0.8627425189198479
(12.25);1.2779454952091522
(12.26);0.6701250092698173
(12.27);0.7211835245044116
(12.28);0.42261918707893814
(12.29);0.4056133733085629
(12.30);0.521683172441335
(12.31);2.994162335070529
(13.14);2.6719584279705497
(13.15);1.4543009710000776
(13.16);1.0945515004802664
(13.17);1.162413523539687
(13.18);0.6805891714881004
(13.19);0.6269329820190749
(13.20);0.5871704604838991
(13.21);0.5274705904063939
(13.22);0.48755470674043183
(13.23);0.43998646582993683
(13.24);0.48480215066253474
(13.25);0.6221077227099178
(13.26);0.3083199003752511
(13.27);0.4251671766404369
(13.28);0.408273333455087
(13.29);0.25495765610924576
(13.30);0.2763515927216589
(13.31);1.0692793056336862
(14.15);2.3816121815390496
(14.16);1.8304555000071796
(14.17);1.6416325407804713
(14.18);0.811575639029503
(14.19);0.7455889987800446
(14.20);0.6730764455795075
(14.21);0.6032212853443683
(14.22);0.5519392174934546
(14.23);0.4891386160593609
(14.24);0.5538760817789125
(14.25);0.7376082884283092
(14.26);0.38409617625542053
(14.27);0.5927932007032846
(14.28);0.5975833357529585
(14.29);0.3147150067688395
(14.30);0.34052559304282914
(14.31);1.3789515055433148
(15.16);1.8045555300833414
(15.17);1.15394917591624
(15.18);0.6946418442690013
(15.19);0.6609670223019735
(15.20);0.5927128151990151
(15.21);0.5493342382278742
(15.22);0.5102012096130228
(15.23);0.45589686386265327
(15.24);0.5240705099488004
(15.25);0.6813338370370426
(15.26);0.353431825764401
(15.27);0.520920965554165
(15.28);0.6732008703644091
(15.29);0.31382789944422607
(15.30);0.32457000754876386
(15.31);1.0827885759917113
(16.17);2.1703589533068985
(16.18);1.0767388784607912
(16.19);1.0112522896506113
(16.20);0.844285660578257
(16.21);0.7663423282216024
(16.22);0.6911896906701834
(16.23);0.5929246024313045
(16.24);0.7112825151192872
(16.25);1.0183696404077034
(16.26);0.5838085002203767
(16.27);1.1797482289360715
(16.28);1.7546287252980857
(16.29);0.4838024016884294
(16.30);0.5139342546698126
(16.31);1.9333851855737616
(17.18);1.652821589269792
(17.19);1.3792700864557748
(17.20);1.1522723359901357
(17.21);0.9568155148297447
(17.22);0.8303026004260183
(17.23);0.6965442319270944
(17.24);0.810245747394922
(17.25);1.2239678996324697
(17.26);0.7586978305965018
(17.27);1.6121791091750637
(17.28);0.815279806731041
(17.29);0.5047985445593706
(17.30);0.6026411455159941
(17.31);5.035313259735249
(18.19);6.145701594558647
(18.20);3.5387663374547222
(18.21);2.143016466929895
(18.22);1.5748456196836573
(18.23);1.1521743673588163
(18.24);1.3967130870007292
(18.25);2.798652455246202
(18.26);1.9742511003386256
(18.27);1.0705370894901218
(18.28);0.5757330385924192
(18.29);0.7678817467764393
(18.30);1.2105493913617311
(18.31);3.0768622659801306
(19.20);4.361468129223969
(19.21);2.9488931605386286
(19.22);1.9933865511960542
(19.23);1.3467264190951125
(19.24);1.7732784751919841
(19.25);4.7753441648224655
(19.26);2.963683821689583
(19.27);0.9732101345421933
(19.28);0.5773014860585
(19.29);0.9798362267897761
(19.30);1.819881008875672
(19.31);2.3089806931742958
(20.21);4.347797898876857
(20.22);2.5685455314016314
(20.23);1.6691821563410703
(20.24);1.8869712514445158
(20.25);3.0907097035938067
(20.26);1.3258308791838846
(20.27);0.7248319026181611
(20.28);0.4768188322530604
(20.29);0.7581281630693917
(20.30);1.132240739338771
(20.31);1.7808992085250972
(21.22);5.9344354874768666
(21.23);2.4849431069484456
(21.24);3.211198434059876
(21.25);3.716382398496387
(21.26);1.1687646341561506
(21.27);0.6318510141224576
(21.28);0.45568602034509464
(21.29);0.8775765126883986
(21.30);1.236732281081103
(21.31);1.394041514519997
(22.23);4.126474148045432
(22.24);4.778889151309615
(22.25);2.6843307760170454
(22.26);0.9073070445979075
(22.27);0.5481644750416
(22.28);0.42025295184447203
(22.29);0.8176414730608894
(22.30);1.0112290640075423
(22.31);1.1620682164090537
(23.24);3.101810672178032
(23.25);1.6817512892294206
(23.26);0.6569923332277465
(23.27);0.450319601759685
(23.28);0.3630142414382727
(23.29);0.634358175887281
(23.30);0.7147909380727001
(23.31);0.9375868432892475
(24.25);2.768924235628494
(24.26);0.9290178875388155
(24.27);0.5687417086407803
(24.28);0.45882000428696107
(24.29);1.0521727676360328
(24.30);1.1490411090284356
(24.31);1.1086319185008606
(25.26);2.7343170657262763
(25.27);0.9732012018242191
(25.28);0.6722820869109388
(25.29);1.7890260178317055
(25.30);4.340420922308631
(25.31);1.8284730052678413
(26.27);0.0
(26.28);0.0
(26.29);0.0
(26.30);0.0
(26.31);1.4528879452416916
(27.28);0.0
(27.29);0.0
(27.30);0.0
(27.31);2.705458752912777
(28.29);0.0
(28.30);0.0
(28.31);1.002351999016914
(29.30);0.0
(29.31);0.8040040342956638
(30.31);1.0426570832010242

****Importance nodes******

0; 0.05
1; DISCONNECTED
2; DISCONNECTED
3; DISCONNECTED
4; DISCONNECTED
5; 0.0016129032258064516
6; 0.0016649323621227888
7; 0.001718639857675137
8; 0.0017740798530840123
9; 0.001831308235441561
10; 0.0018903826946493534
11; 0.001951362781573526
12; 0.002014309968075898
13; 0.0020792877089815718
14; 0.0021463615060454935
15; 0.002215598973982445
16; 0.00228706990862704
17; 0.0023608463572924285
18; 0.002437002691398636
19; 0.002515615681443753
20; 0.0025967645743935515
21; 0.002680531173567537
22; 0.002766999921101974
23; 0.002856257983073005
24; 0.0029483953373656826
25; 0.0030435048643774787
26; DISCONNECTED
27; DISCONNECTED
28; DISCONNECTED
29; DISCONNECTED
30; DISCONNECTED
31; 0.00314168244064772
