
****Importance edges******

(0.5);22.999920655406722
(0.6);17.786652225061626
(0.7);15.435768509117578
(0.8);18.45739410119507
(0.9);13.784321008148861
(0.10);13.03263373410173
(0.11);16.740336739935287
(0.12);27.06995668903299
(0.13);10.651681271296047
(0.14);13.670565019390331
(0.15);10.992386836033356
(0.16);20.111122887627815
(0.17);41.516786712035575
(0.18);32.53400893591288
(0.19);24.714316775899995
(0.20);17.754348106695293
(0.21);13.894076376644787
(0.22);11.367555756420394
(0.23);8.946923084893081
(0.24);10.667006945180699
(0.25);18.083111993784172
(0.31);141.81470015767036
(1.3);0.0
(1.4);0.0
(1.5);0.7973786766782269
(1.6);1.0892626782920516
(1.7);1.406183449753727
(1.8);1.0000026812292935
(1.9);0.8948248181669569
(1.10);0.7342308426187947
(1.11);0.6217949319728271
(1.12);1.0921639790230908
(1.13);0.3669247580556691
(1.14);0.3852640913279043
(1.15);0.3086050393194154
(1.16);0.393938399085267
(1.17);0.6258778009734067
(1.18);0.7066140694438068
(1.19);0.6099873160417324
(1.20);0.6867873811574619
(1.21);0.5467510521626614
(1.22);0.49076825743054414
(1.23);0.44177511354216215
(1.24);0.44917128762461905
(1.25);0.5843689332630835
(1.26);0.0
(1.27);0.0
(1.28);0.0
(1.29);0.0
(1.30);0.0
(1.31);0.9077099927865455
(2.3);0.0
(2.4);0.0
(2.5);0.9636988814704632
(2.6);1.691867219729255
(2.7);0.7150714319501105
(2.8);0.6368818808090442
(2.9);0.5577438501867045
(2.10);0.4957844535878226
(2.11);0.46657211366226176
(2.12);0.9154003276540004
(2.13);0.4564023331592422
(2.14);0.45685309418165404
(2.15);0.34648854763294984
(2.16);0.4235921181096845
(2.17);0.6833512014639255
(2.18);0.596686339072325
(2.19);0.5207214661515315
(2.20);0.5485555716131431
(2.21);0.45548766124008766
(2.22);0.41433560719739054
(2.23);0.37560772507368795
(2.24);0.3923087947158433
(2.25);0.5126698345693097
(2.26);0.0
(2.27);0.0
(2.28);0.0
(2.29);0.0
(2.30);0.0
(2.31);0.8936431307642039
(3.5);0.7776144006162924
(3.6);0.8448781633503667
(3.7);0.41089951247913215
(3.8);0.41301601096141194
(3.9);0.36107435848213776
(3.10);0.3391449109443765
(3.11);0.35118139936507586
(3.12);0.6405943682848465
(3.13);0.8645819536611523
(3.14);0.7620163467134485
(3.15);0.4863225682781239
(3.16);0.5395701373024443
(3.17);0.831467475420487
(3.18);0.5029381546197169
(3.19);0.44958427447074945
(3.20);0.43973468912993463
(3.21);0.38186188744744815
(3.22);0.35113459989824236
(3.23);0.31793172491373023
(3.24);0.3465951172477283
(3.25);0.4594462169970577
(3.26);0.0
(3.27);0.0
(3.28);0.0
(3.29);0.0
(3.30);0.0
(3.31);0.8929436405315453
(4.5);1.4529448561842326
(4.6);1.3700340069232224
(4.7);0.5081941475493015
(4.8);0.5216692589526922
(4.9);0.43134895653421296
(4.10);0.4000057227135472
(4.11);0.4236056252987546
(4.12);0.922343860467189
(4.13);0.6968951590932008
(4.14);0.742772711584327
(4.15);0.48440525942629337
(4.16);0.6119682287022882
(4.17);1.1637051070572466
(4.18);0.633111150081879
(4.19);0.5469378015738777
(4.20);0.527280577833162
(4.21);0.4444401537869471
(4.22);0.4013428349984978
(4.23);0.3564260419252458
(4.24);0.39256126003305564
(4.25);0.5403251466537753
(4.26);0.0
(4.27);0.0
(4.29);0.0
(4.30);0.0
(4.31);1.2231471337445152
(5.6);4.520271702029491
(5.7);1.332769831412593
(5.8);1.3945281473109346
(5.9);1.023804914615499
(5.10);0.911026572473633
(5.11);0.970811173256855
(5.12);3.2145799299602738
(5.13);0.8768899666027571
(5.14);0.985632548507508
(5.15);0.7039947481241613
(5.16);0.9700164356822727
(5.17);2.078782997867761
(5.18);1.3635452541588677
(5.19);1.0946663860724188
(5.20);1.0462677379563272
(5.21);0.8256775349625916
(5.22);0.7180315373077636
(5.23);0.6158782713102288
(5.24);0.6714504117192995
(5.25);0.9511995245147304
(5.26);0.427883864329635
(5.27);0.54512208017672
(5.28);0.34381598464601876
(5.29);0.28478457086909376
(5.30);0.34723255425896965
(5.31);2.4167907994029534
(6.7);1.4550107393520095
(6.8);1.3925187855329224
(6.9);1.0736244563568675
(6.10);0.93951473977149
(6.11);0.9366183469652024
(6.12);2.517815372673368
(6.13);0.8509673596975551
(6.14);0.8974408832390197
(6.15);0.6515615404684616
(6.16);0.8405938504624014
(6.17);1.5370703428702188
(6.18);1.1901978801095288
(6.19);0.9841703435693895
(6.20);0.9848003796561242
(6.21);0.7855240114672585
(6.22);0.6916896010419892
(6.23);0.6038121619513904
(6.24);0.6415934091390172
(6.25);0.8722390791882685
(6.26);0.3853122100688519
(6.27);0.45688613366174124
(6.28);0.30975724915950303
(6.29);0.26641102896395463
(6.30);0.32080883177541686
(6.31);1.8021923238891797
(7.8);4.816605851069927
(7.9);3.7653905204387583
(7.10);2.4203452074867804
(7.11);1.8025651474287636
(7.12);2.2130135545649408
(7.13);0.5687662785479664
(7.14);0.6144991606699227
(7.15);0.5027210777840309
(7.16);0.664234820787714
(7.17);1.031143003760623
(7.18);1.5456965993308105
(7.19);1.2878342384872212
(7.20);1.5690326164102113
(7.21);1.1285234918461118
(7.22);0.9653556909270063
(7.23);0.8306289506934886
(7.24);0.8265641302328051
(7.25);1.088942315114187
(7.26);0.45358347227305135
(7.27);0.40634203483550807
(7.28);0.27482610858952544
(7.29);0.30234933123613217
(7.30);0.3815370019431838
(7.31);1.4740706444039544
(8.9);3.446436546412702
(8.10);2.542908648919889
(8.11);2.5367780365779518
(8.12);2.7233040533151467
(8.13);0.580924270677733
(8.14);0.6450261134094055
(8.15);0.5312495531456467
(8.16);0.7297817053897427
(8.17);1.1579785871557167
(8.18);2.1383131661153
(8.19);1.672354724217811
(8.20);2.0733308744863552
(8.21);1.3518535604902304
(8.22);1.1082664716132182
(8.23);0.9134822990572029
(8.24);0.9379654388824643
(8.25);1.315572878108302
(8.26);0.5720230738937966
(8.27);0.4831091360065433
(8.28);0.3107780408050227
(8.29);0.3552492347440987
(8.30);0.46508851779359034
(8.31);1.7705275537072567
(9.10);6.688390191672312
(9.11);2.487997388777375
(9.12);1.5967857786926074
(9.13);0.516627767783977
(9.14);0.5607682244449363
(9.15);0.47321481386276326
(9.16);0.6238355084232325
(9.17);0.9080508549742191
(9.18);1.5610248905452597
(9.19);1.3867862015676133
(9.20);1.9237331892817786
(9.21);1.3628702223500224
(9.22);1.1626785230745753
(9.23);1.0004981039561693
(9.24);0.9489324030500038
(9.25);1.1935161735670738
(9.26);0.48715397693762513
(9.27);0.39711375883976596
(9.28);0.2755051228914673
(9.29);0.33166260727971725
(9.30);0.4212027600141496
(9.31);1.3067367506998988
(10.11);2.9166363748208917
(10.12);1.3787165500320722
(10.13);0.49276131796602546
(10.14);0.5370085007826157
(10.15);0.46029030002296084
(10.16);0.6069420107446772
(10.17);0.8557982725247052
(10.18);1.5487203909571237
(10.19);1.4421384064423217
(10.20);2.165223189082732
(10.21);1.5519285934234062
(10.22);1.3256943856663175
(10.23);1.1395676367175034
(10.24);1.0441985203210018
(10.25);1.2678122847468485
(10.26);0.5070556712285211
(10.27);0.3936766988426851
(10.28);0.2770798492974663
(10.29);0.35140744338776286
(10.30);0.44722001865419136
(10.31);1.232016779890923
(11.12);1.5587316549856374
(11.13);0.519370715923423
(11.14);0.5866309831634695
(11.15);0.508056932519821
(11.16);0.7082258477647633
(11.17);1.0059078544120137
(11.18);2.6530854282104017
(11.19);2.5418952133140094
(11.20);5.817351382217392
(11.21);2.4865506456414517
(11.22);1.7931506783258413
(11.23);1.3253090944568555
(11.24);1.356915372850567
(11.25);1.9320448216498036
(11.26);0.7776201993592698
(11.27);0.5088623209000203
(11.28);0.3366708773451998
(11.29);0.4728979097011842
(11.30);0.6564343078228052
(11.31);1.5586834147143436
(12.13);0.7764751985976229
(12.14);0.8873383338623148
(12.15);0.686846410247147
(12.16);0.9866149227289753
(12.17);1.9276369683553543
(12.18);2.2320570784035105
(12.19);1.622594534350762
(12.20);1.5836978436743292
(12.21);1.144428630460719
(12.22);0.9575481320884388
(12.23);0.7943494161877004
(12.24);0.8650621883983418
(12.25);1.2813815275077887
(12.26);0.6719267849986001
(12.27);0.7231225820719929
(12.28);0.42375548998252094
(12.29);0.4067039524112491
(12.30);0.5230858302517686
(12.31);3.0022127867754187
(13.14);2.6791425649259506
(13.15);1.4582111730603595
(13.16);1.0974944384398824
(13.17);1.165538923195797
(13.18);0.6824190823756164
(13.19);0.6286186266599251
(13.20);0.5887491950031657
(13.21);0.5288888089391965
(13.22);0.48886560280446006
(13.23);0.4411694644110361
(13.24);0.4861056458854294
(13.25);0.62378039359962
(13.26);0.3091488849759037
(13.27);0.4263103303639198
(13.28);0.40937106443475924
(13.29);0.2556431647983567
(13.30);0.27709462362706994
(13.31);1.072154293842647
(14.15);2.388015659941902
(14.16);1.8353770747087765
(14.17);1.646046424200195
(14.18);0.813757735307432
(14.19);0.747593675732951
(14.20);0.6748861568818538
(14.21);0.60484317597072
(14.22);0.5534232252115469
(14.23);0.4904537708054678
(14.24);0.5553652971746934
(14.25);0.7395915075188595
(14.26);0.38512890172950687
(14.27);0.5943870531732565
(14.28);0.5991900675349255
(14.29);0.3155611859933661
(14.30);0.3414411695995711
(14.31);1.3826591143021099
(15.16);1.8094074671254876
(15.17);1.1570518173467998
(15.18);0.6965095388004509
(15.19);0.6627441748061117
(15.20);0.5943064515352082
(15.21);0.5508112418969461
(15.22);0.5115729956880987
(15.23);0.4571226409830012
(15.24);0.5254795866314114
(15.25);0.6831657501186174
(15.26);0.3543821035135266
(15.27);0.5223215740068659
(15.28);0.6750109162096458
(15.29);0.3146716934892351
(15.30);0.32544268407001387
(15.31);1.0856998867899021
(16.17);2.176194431808254
(16.18);1.0796339233413892
(16.19);1.0139712597024138
(16.20);0.846555704809328
(16.21);0.7684028049801599
(16.22);0.6930481033415615
(16.23);0.5945188082031843
(16.24);0.7131949516860794
(16.25);1.021107746993242
(16.26);0.5853781953838214
(16.27);1.1829202366892035
(16.28);1.7593464233492475
(16.29);0.485103208870419
(16.30);0.5153160778422727
(16.31);1.9385835089515906
(17.18);1.65726555686145
(17.19);1.3829785517881164
(17.20);1.1553704688746211
(17.21);0.9593881198626795
(17.22);0.8325350481817333
(17.23);0.6984170414383786
(17.24);0.8124242679721443
(17.25);1.227258801514747
(17.26);0.7607377534731878
(17.27);1.6165138006866182
(17.28);0.8174718624633517
(17.29);0.5061558044033256
(17.30);0.6042614763111986
(17.31);5.0488517862679245
(18.19);6.162225639798329
(18.20);3.548281074568633
(18.21);2.148778429254959
(18.22);1.579079932050566
(18.23);1.1552722368334905
(18.24);1.4004684516049741
(18.25);2.8061772364398716
(18.26);1.9795593005488947
(18.27);1.0734154595224639
(18.28);0.5772810211342504
(18.29);0.7699463625940531
(18.30);1.2138042146882397
(18.31);3.085135074299419
(19.20);4.3731948776789435
(19.21);2.9568218962967845
(19.22);1.9987462011961945
(19.23);1.350347383753453
(19.24);1.7780463171211416
(19.25);4.788183708331126
(19.26);2.971652325332694
(19.27);0.9758268200488784
(19.28);0.5788536857098812
(19.29);0.9824707279756603
(19.30);1.824774151775439
(19.31);2.315188886143728
(20.21);4.35948789196693
(20.22);2.5754516204637232
(20.23);1.6736701128486025
(20.24);1.892044780942345
(20.25);3.099019743737983
(20.26);1.3293956616730314
(20.27);0.7267807696377757
(20.28);0.4781008626012729
(20.29);0.7601665542719727
(20.30);1.1352850129519922
(20.31);1.7856875404406978
(21.22);5.950391498187486
(21.23);2.4916244128474516
(21.24);3.2198324341624818
(21.25);3.7263746947274767
(21.26);1.171907110143992
(21.27);0.6335498819541374
(21.28);0.45691123056713673
(21.29);0.8799360665609436
(21.30);1.240057502757999
(21.31);1.3977896960249887
(22.23);4.137569064460354
(22.24);4.791738226279605
(22.25);2.6915481787006463
(22.26);0.9097465354225991
(22.27);0.5496383335498611
(22.28);0.4213828926138931
(22.29);0.8198398786428756
(22.30);1.0139479716121902
(22.31);1.1651926876324112
(23.24);3.110150559672306
(23.25);1.6862730405636746
(23.26);0.6587587989224024
(23.27);0.45153038320705974
(23.28);0.3639902835802286
(23.29);0.6360637847645173
(23.30);0.7167128077918686
(23.31);0.9401077478883838
(24.25);2.776369086087112
(24.26);0.9315157526508734
(24.27);0.5702708934830114
(24.28);0.46005364090127726
(24.29);1.0550017612252713
(24.30);1.1521305540617988
(24.31);1.1116127147034756
(25.26);2.741668867338919
(25.27);0.975817863313364
(25.28);0.6740896624085485
(25.29);1.7938362004282369
(25.30);4.352091080804937
(25.31);1.8333892496044253
(26.28);0.0
(26.29);0.0
(26.30);0.0
(26.31);1.4567943480772312
(27.28);0.0
(27.29);0.0
(27.30);0.0
(27.31);2.7127329627225745
(28.30);0.0
(28.31);1.0050470387162882
(29.31);0.8061657726799929
(30.31);1.0454604918187718

****Importance nodes******

0; 0.05
1; DISCONNECTED
2; DISCONNECTED
3; DISCONNECTED
4; DISCONNECTED
5; 0.0016129032258064516
6; 0.0016649323621227888
7; 0.001718639857675137
8; 0.0017740798530840123
9; 0.001831308235441561
10; 0.0018903826946493534
11; 0.001951362781573526
12; 0.002014309968075898
13; 0.0020792877089815718
14; 0.0021463615060454935
15; 0.002215598973982445
16; 0.00228706990862704
17; 0.0023608463572924285
18; 0.002437002691398636
19; 0.002515615681443753
20; 0.0025967645743935515
21; 0.002680531173567537
22; 0.002766999921101974
23; 0.002856257983073005
24; 0.0029483953373656826
25; 0.0030435048643774787
26; DISCONNECTED
27; DISCONNECTED
28; DISCONNECTED
29; DISCONNECTED
30; DISCONNECTED
31; 0.00314168244064772
