
****Importance edges******

(0.5);22.622246588730714
(0.6);17.49458350973709
(0.7);15.182302875368206
(0.8);18.175047084629064
(0.10);12.804507090166549
(0.11);16.468074038079802
(0.12);26.595379730013253
(0.13);10.464574869902217
(0.14);13.429944953302835
(0.15);10.798505367369518
(0.16);19.755651950967973
(0.17);40.78135882895484
(0.18);32.00453478095731
(0.19);24.275710179748835
(0.20);17.44478040187252
(0.21);13.646507944564853
(0.22);11.164519935412871
(0.23);8.786728935230164
(0.24);10.475532497045547
(0.25);17.757676297477694
(0.31);139.25572517342945
(1.2);0.0
(1.3);0.0
(1.4);0.0
(1.5);0.7842851859652054
(1.6);1.0713762572233663
(1.7);1.3830929778378536
(1.8);1.016368034591651
(1.9);0.0
(1.10);0.7003350918401807
(1.11);0.6141802597293127
(1.12);1.0429019023634893
(1.13);0.3503746099947414
(1.14);0.36788674729741994
(1.15);0.29468540326065196
(1.16);0.37616980024147667
(1.17);0.5976475710781916
(1.18);0.6972336362739948
(1.19);0.583080570335512
(1.20);0.6613836399623195
(1.21);0.5227553502220819
(1.22);0.46922951730261936
(1.23);0.42238657481435804
(1.24);0.4294581470728563
(1.25);0.558722265203735
(1.26);0.0
(1.27);0.0
(1.28);0.0
(1.29);0.0
(1.30);0.0
(1.31);0.8678725963165494
(2.3);0.0
(2.4);0.0
(2.5);0.9478743018525978
(2.6);1.6640856294044737
(2.7);0.7033294811966868
(2.8);0.6473046498927333
(2.9);0.0
(2.10);0.4728965751396966
(2.11);0.46085834286610955
(2.12);0.8741111787887801
(2.13);0.435816297403126
(2.14);0.43624672684120824
(2.15);0.3308601752245905
(2.16);0.40448598771579697
(2.17);0.6525286327668168
(2.18);0.5887652169647318
(2.19);0.49775226711239773
(2.20);0.5282649195791351
(2.21);0.4354973089335005
(2.22);0.39615132809202586
(2.23);0.3591231275922624
(2.24);0.37509122399616457
(2.25);0.4901698823596311
(2.26);0.0
(2.27);0.0
(2.28);0.0
(2.29);0.0
(2.30);0.0
(2.31);0.8544230979499194
(3.4);0.0
(3.5);0.7648454525235282
(3.6);0.8310046993250341
(3.7);0.40415226790389036
(3.8);0.4197751458023165
(3.9);0.0
(3.10);0.3234882935538507
(3.11);0.3468807350838485
(3.12);0.6117003473463571
(3.13);0.8255849685034289
(3.14);0.7276455851715375
(3.15);0.46438697975849486
(3.16);0.5152328161880819
(3.17);0.7939641194219064
(3.18);0.49626155709361286
(3.19);0.4297529608867265
(3.20);0.4234692385062546
(3.21);0.36510280852585875
(3.22);0.3357240740897319
(3.23);0.30397840030958384
(3.24);0.331383819355132
(3.25);0.4392821323790581
(3.26);0.0
(3.27);0.0
(3.28);0.0
(3.29);0.0
(3.30);0.0
(3.31);0.8537543068061183
(4.5);1.429086530726832
(4.6);1.347537133015204
(4.7);0.4998492600498407
(4.8);0.53020653782333
(4.9);0.0
(4.10);0.38153946727982224
(4.11);0.4184180339703326
(4.12);0.8807415234248255
(4.13);0.6654616899344192
(4.14);0.7092699345641067
(4.15);0.46255615115821364
(4.16);0.5843653903239907
(4.17);1.111216166482315
(4.18);0.6247064818347827
(4.19);0.5228121911602659
(4.20);0.5077768715857874
(4.21);0.4249346523004605
(4.22);0.3837287801073038
(4.23);0.3407832863565666
(4.24);0.375332609165514
(4.25);0.5166114635820753
(4.26);0.0
(4.27);0.0
(4.28);0.0
(4.29);0.0
(4.30);0.0
(4.31);1.1694658944771865
(5.6);4.446045820046518
(5.7);1.3108848601679481
(5.8);1.3955774112862906
(5.9);0.4715688473057812
(5.10);0.8814448295590459
(5.11);0.9570884915896976
(5.12);3.1105881888764415
(5.13);0.8483257176876521
(5.14);0.9533057040402433
(5.15);0.6807483930116268
(5.16);0.9377710566128737
(5.17);2.009222050135544
(5.18);1.3437358102787722
(5.19);1.058221970227621
(5.20);1.015812410301516
(5.21);0.7979601213780702
(5.22);0.6937814541704181
(5.23);0.5949537957930385
(5.24);0.6485034229524905
(5.25);0.9185033360480049
(5.26);0.4208577253473499
(5.27);0.5361708113467195
(5.28);0.33817029642583124
(5.29);0.28010821791039653
(5.30);0.34153076368264196
(5.31);2.333242107999502
(6.7);1.4311184907124836
(6.8);1.3932047429034842
(6.9);0.5028715587170141
(6.10);0.9092286373520475
(6.11);0.923348193386257
(6.12);2.4369311486359115
(6.13);0.8234385443410944
(6.14);0.8682071985673326
(6.15);0.6301915800187282
(6.16);0.8128369059605722
(6.17);1.4859749036189034
(6.18);1.1728782345994628
(6.19);0.95161129858653
(6.20);0.9562868232306913
(6.21);0.7593158103920786
(6.22);0.668470068073756
(6.23);0.5834196104186778
(6.24);0.6197952613443899
(6.25);0.8424300865913996
(6.26);0.3789851260976985
(6.27);0.4493837580364869
(6.28);0.30467082813548346
(6.29);0.2620363818413132
(6.30);0.31554093637971165
(6.31);1.7402444166872413
(7.8);4.817725840981624
(7.9);1.793008282376183
(7.10);2.3428928403772353
(7.11);1.7769667064545078
(7.12);2.1424210281486302
(7.13);0.5504947962151782
(7.14);0.5946200974626163
(7.15);0.4863451919287896
(7.16);0.6424492012139076
(7.17);0.9970940048141176
(7.18);1.5231664390214172
(7.19);1.2455013358565419
(7.20);1.5238481465754203
(7.21);1.091104904377798
(7.22);0.933147590744777
(7.23);0.8027453215686009
(7.24);0.7986485752257806
(7.25);1.0519454800679284
(7.26);0.4461353285547765
(7.27);0.3996696270886729
(7.28);0.270313280236122
(7.29);0.2973845531746966
(7.30);0.3752719094122066
(7.31);1.42369390484398
(8.9);1.72361896762506
(8.10);2.5024964177784006
(8.12);2.678862893421567
(8.13);0.571162275023424
(8.14);0.6338746190149509
(8.15);0.5218086261518535
(8.16);0.7164615752300916
(8.17);1.1362881120845325
(8.18);2.1366281931072884
(8.19);1.6404134883855523
(8.20);2.0415401047499744
(8.21);1.3249630560146588
(8.22);1.085714907131605
(8.23);0.8944797973362074
(8.24);0.9180311653152589
(8.25);1.2870255515816407
(8.26);0.581384408529606
(8.27);0.4910153665314568
(8.28);0.31586401962338273
(8.29);0.36106299841435957
(8.30);0.4726998353243701
(8.31);1.7313233215419963
(9.10);3.2404423135845546
(9.11);1.2677629093091378
(9.12);0.7986608644112915
(9.13);0.2623040502747456
(9.14);0.28894365141345507
(9.15);0.24738983511813567
(9.16);0.3308102223186437
(9.17);0.48831067350034707
(9.18);0.8794392375206391
(9.19);0.7671486615092602
(9.20);1.0864101220379332
(9.21);0.7741597548535246
(9.22);0.6689283213947624
(9.23);0.5828746186010277
(9.24);0.5596659533533682
(9.25);0.7124480435500676
(9.26);0.0
(9.27);0.0
(9.28);0.0
(9.29);0.0
(9.30);0.0
(9.31);0.7892990934877097
(10.11);2.8322393278463056
(10.12);1.3158220132154765
(10.13);0.4702865835468764
(10.14);0.5125201660547789
(10.15);0.4393042746681387
(10.16);0.5792747582729503
(10.17);0.8167941126313372
(10.18);1.5059093904120375
(10.19);1.3772538950428925
(10.20);2.076763278333512
(10.21);1.4823563039464032
(10.22);1.2662872576407076
(10.23);1.088521042584209
(10.24);0.9974419894238125
(10.25);1.2110646451936091
(10.26);0.4836474572647173
(10.27);0.37550262265742856
(10.28);0.2642884641193869
(10.29);0.33518472645539116
(10.30);0.42657411628179553
(10.31);1.1768923293432716
(11.12);1.5136275241305608
(11.13);0.5042066059113081
(11.14);0.5693503168035392
(11.15);0.4929587659946411
(11.16);0.6869954014587117
(11.17);0.975493460047492
(11.18);2.6190790726744737
(11.19);2.465153404608267
(11.21);2.4105676333451846
(11.22);1.7379182549600007
(11.23);1.284165087222292
(11.24);1.3144624517932317
(11.25);1.8711346086024037
(11.26);0.7680972479108398
(11.27);0.5026306525613388
(11.28);0.33254791291899227
(11.29);0.46710667146192664
(11.30);0.6483954322282269
(11.31);1.5091724841223637
(12.13);0.7414522702715948
(12.14);0.8473149217508592
(12.15);0.6558661900926315
(12.16);0.9421136382236437
(12.17);1.840690866917417
(12.18);2.1702763368277664
(12.19);1.5503036656419156
(12.20);1.519503365161694
(12.21);1.0936045025470664
(12.22);0.9150324193702997
(12.23);0.7590872895131775
(12.24);0.8266691216382828
(12.25);1.2245233397837023
(12.26);0.6416195148194023
(12.27);0.6905061245102055
(12.28);0.40464199069725965
(12.29);0.3883595630464152
(12.30);0.49949203411461435
(12.31);2.8690246109591713
(13.14);2.5582997895274837
(13.15);1.3924385308812601
(13.16);1.0479919313087909
(13.17);1.112967268309707
(13.18);0.6633594220347114
(13.19);0.6006070974922951
(13.20);0.5648471198620856
(13.21);0.5053958149821463
(13.22);0.4671550589853
(13.23);0.4215812749714033
(13.24);0.46452683118109234
(13.25);0.5960958610697367
(13.26);0.2952047187486532
(13.27);0.4070815949555683
(13.28);0.390906374932322
(13.29);0.24411237507842443
(13.30);0.2645962654562668
(13.31);1.0245800555694797
(14.15);2.2803041690267634
(14.16);1.7525923574958426
(14.17);1.5718014695123983
(14.18);0.7908253078883798
(14.19);0.7142747074428993
(14.20);0.6474440749385699
(14.21);0.5779705631152265
(14.22);0.5288404239386979
(14.23);0.46867269637261694
(14.24);0.5307067441087443
(14.25);0.7067601503175232
(14.26);0.3677576554283816
(14.27);0.567577214045357
(14.28);0.5721635883545925
(14.29);0.30132779280903427
(14.30);0.3260404592716191
(14.31);1.3212941345425728
(15.16);1.7277941095473333
(15.17);1.1048629735284445
(15.18);0.6767058516758673
(15.19);0.633201597661816
(15.20);0.5701028930394223
(15.21);0.5263339518353367
(15.22);0.4888442891297611
(15.23);0.43681746669923405
(15.24);0.502143014112934
(15.25);0.652832780111599
(15.26);0.3383976921198369
(15.27);0.4987622496619032
(15.28);0.6445645362346069
(15.29);0.3004784208809049
(15.30);0.3107635857304919
(15.31);1.0375043620518887
(16.17);2.0780371413418286
(16.18);1.048664630584143
(16.19);0.9687643543948592
(16.20);0.8120248601020418
(16.21);0.7342486794029275
(16.22);0.6622500038080129
(16.23);0.5681048972873287
(16.24);0.6815151649199995
(16.25);0.9757603051646379
(16.26);0.5589747009546691
(16.27);1.1295645973335628
(16.28);1.6799910700850342
(16.29);0.46322261957963445
(16.30);0.49207273653257505
(16.31);1.852509235727385
(17.18);1.609308460348275
(17.19);1.321308920325371
(17.20);1.1081689352541735
(17.21);0.9167358182426772
(17.22);0.7955303594966362
(17.23);0.6673803537186737
(17.24);0.7763290226342352
(17.25);1.1727445385535935
(17.26);0.7264246629032444
(17.27);1.543600915533642
(17.28);0.7805997788484373
(17.29);0.4833256373980726
(17.30);0.5770062511433514
(17.31);4.824632047113852
(18.20);3.4577696397618487
(18.21);2.0857979989385624
(18.22);1.5324148030599598
(18.23);1.120852243443772
(18.24);1.358405427170327
(18.25);2.721219177791867
(18.26);1.953280282726486
(18.27);1.0591656696910512
(18.28);0.569617508230788
(18.29);0.7597251814557575
(18.30);1.1976907380261048
(18.31);2.9909923853815172
(19.20);4.196109916631226
(19.21);2.826734926751176
(19.22);1.9108138118677902
(19.23);1.2909428833922203
(19.24);1.6998296040176393
(19.25);4.577558673084558
(19.26);2.840571741618466
(19.27);0.9327827707549606
(19.28);0.5533202549107419
(19.29);0.9391336136681261
(19.30);1.7442827500989049
(19.31);2.2133512379873848
(20.21);4.182957971592858
(20.22);2.471022226293948
(20.23);1.605714652993395
(20.24);1.815119450680751
(20.25);2.9728533146633302
(20.26);1.2802223305058653
(20.27);0.6998977035185814
(20.28);0.460416276495122
(20.29);0.7320485734532471
(20.30);1.0932916865703244
(20.31);1.712892094430507
(21.22);5.689241894075181
(21.23);2.382272493867016
(21.24);3.0785210657011595
(21.25);3.5628322998113413
(21.26);1.1204746828887902
(21.27);0.6057447701546671
(21.28);0.43685840093173883
(21.29);0.8413176066669138
(21.30);1.1856341045630419
(21.31);1.3364437785571424
(22.23);3.9559802524468464
(22.24);4.581439367593771
(22.25);2.573422045062049
(22.26);0.8698197595725526
(22.27);0.5255159151753365
(22.28);0.402889323641274
(22.29);0.783858908347344
(22.30);0.9694480237587328
(22.31);1.1140549416231875
(23.24);2.973652887605604
(23.25);1.6122662231798779
(23.26);0.6298473231654735
(23.27);0.4317137071353896
(23.28);0.3480155500712391
(23.29);0.608148343296166
(23.30);0.6852578579664533
(23.31);0.8988484851560501
(24.25);2.654520349256579
(24.26);0.8906335737046224
(24.27);0.5452429574026338
(24.28);0.4398628977832171
(24.29);1.008700052780426
(24.30);1.1015660763848967
(24.31);1.0628264759392796
(25.26);2.621343046839431
(25.27);0.9329913621045571
(25.28);0.6445053487498907
(25.29);1.7151086723778808
(25.30);4.161087369005621
(25.31);1.7529258251618838
(26.27);0.0
(26.28);0.0
(26.29);0.0
(26.30);0.0
(26.31);1.3928588461208815
(27.28);0.0
(27.29);0.0
(27.30);0.0
(27.31);2.5936770754766365
(28.29);0.0
(28.30);0.0
(28.31);0.9609377332437069
(29.30);0.0
(29.31);0.770784928839987
(30.31);0.9995775287168159

****Importance nodes******

0; 0.05238095238095238
1; DISCONNECTED
2; DISCONNECTED
3; DISCONNECTED
4; DISCONNECTED
5; 0.0016897081413210445
6; 0.0017442148555572073
7; 0.0018004798508977624
8; 0.0019205118409576132
9; DISCONNECTED
10; 0.0019205118409576134
11; 0.002052960933437449
12; 0.0020486883820671317
13; 0.002114775104069297
14; 0.002182993655813468
15; 0.0022534128060009992
16; 0.0023261035416784507
17; 0.0024011391397971106
18; 0.0025612150824502514
19; 0.0025612150824502514
20; 0.0026635307234990193
21; 0.0027297552697389373
22; 0.002817811891343419
23; 0.002908709049128691
24; 0.0030025383732941325
25; 0.0030993944498520077
26; DISCONNECTED
27; DISCONNECTED
28; DISCONNECTED
29; DISCONNECTED
30; DISCONNECTED
31; 0.0031993749159762662
