
****Importance edges******

(0.5);22.638221298463726
(0.6);17.525743024268525
(0.7);15.193549774663209
(0.8);18.188551466474202
(0.10);12.814021065689099
(0.11);16.4803504007784
(0.12);26.615203544330697
(0.13);10.472387744341837
(0.14);13.439988603053393
(0.15);10.80659501029538
(0.16);19.770478026995626
(0.17);40.812019873873055
(0.18);32.028690000884104
(0.19);24.294032118257995
(0.20);17.457978964673494
(0.21);13.656849035537546
(0.22);11.172997864170453
(0.23);8.793415545695574
(0.24);10.4835217963349
(0.25);17.804375392553755
(0.31);139.3707811403347
(1.2);0.0
(1.3);0.0
(1.4);0.0
(1.5);0.7848390093065145
(1.6);1.1078705703905942
(1.7);1.3855113887924555
(1.8);1.0181452076582125
(1.9);0.0
(1.10);0.7015596646528099
(1.11);0.6152541862780193
(1.12);1.0447254712960665
(1.13);0.3509872584635017
(1.14);0.3685300166610658
(1.15);0.29520067621686413
(1.16);0.37682755295967535
(1.17);0.5986925893495925
(1.18);0.6984527860281333
(1.19);0.5841001174384979
(1.20);0.662540104108772
(1.21);0.5236694154988287
(1.22);0.470049989839933
(1.23);0.4231251399983161
(1.24);0.43020907727354873
(1.25);0.5783558612108445
(1.26);0.0
(1.27);0.0
(1.28);0.0
(1.29);0.0
(1.30);0.0
(1.31);0.8702957319897416
(2.3);0.0
(2.4);0.0
(2.5);0.9485436437226055
(2.6);1.7207694150373198
(2.7);0.7045592898568968
(2.8);0.6484364961831487
(2.9);0.0
(2.10);0.473723459720876
(2.11);0.4616641779637973
(2.12);0.875639608246666
(2.13);0.43657834516471705
(2.14);0.43700952723135345
(2.15);0.33143870167583134
(2.16);0.40519325277993173
(2.17);0.6536696134665683
(2.18);0.5897947039719045
(2.19);0.4986226131807758
(2.20);0.5291886186282327
(2.21);0.4362587989269433
(2.22);0.396844019564609
(2.23);0.3597510733050501
(2.24);0.37574709076696217
(2.25);0.5073945359030014
(2.26);0.0
(2.27);0.0
(2.28);0.0
(2.29);0.0
(2.30);0.0
(2.31);0.8568086820753187
(3.4);0.0
(3.5);0.7653855484882129
(3.6);0.8593112307943824
(3.7);0.40485894944134854
(3.8);0.4205091447650362
(3.9);0.0
(3.10);0.3240539298815249
(3.11);0.3474872743282156
(3.12);0.6127699376375815
(3.13);0.8270285473255153
(3.14);0.7289179118208979
(3.15);0.4651989848637323
(3.16);0.516133727917666
(3.17);0.7953524075230956
(3.18);0.4971292965769693
(3.19);0.43050440658490774
(3.20);0.4242096967847296
(3.21);0.36574121002586146
(3.22);0.3363111053244444
(3.23);0.3045099225608358
(3.24);0.3319632614257288
(3.25);0.45471858168026336
(3.26);0.0
(3.27);0.0
(3.28);0.0
(3.29);0.0
(3.30);0.0
(3.31);0.8561380236393767
(4.5);1.4300956808314498
(4.6);1.3934383202079983
(4.7);0.5007232728208721
(4.8);0.531133631894242
(4.9);0.0
(4.10);0.3822066091437952
(4.11);0.41914965995150044
(4.12);0.8822815463896972
(4.13);0.6666252847661428
(4.14);0.710510130420065
(4.15);0.46336495496316693
(4.16);0.5853871840024308
(4.17);1.1131591865055623
(4.18);0.6257988140375257
(4.19);0.5237263558263882
(4.20);0.5086647462033396
(4.21);0.42567767293217534
(4.22);0.3843997501001227
(4.23);0.3413791638905255
(4.24);0.3759888980110001
(4.25);0.5347652788142524
(4.26);0.0
(4.27);0.0
(4.28);0.0
(4.29);0.0
(4.30);0.0
(4.31);1.172731090935188
(5.6);4.524515520456861
(5.7);1.312515461292058
(5.8);1.3973367770717613
(5.9);0.4719018458621046
(5.10);0.8825560426400003
(5.11);0.9583115912185964
(5.12);3.114561654268428
(5.13);0.8494163119010011
(5.14);0.9545390333659328
(5.15);0.6816346334565516
(5.16);0.9389994875380767
(5.17);2.0118701899513356
(5.18);1.345528630798117
(5.19);1.0596338564389824
(5.20);1.0171776059364641
(5.21);0.799037373591244
(5.22);0.6947234660193204
(5.23);0.5957662156227485
(5.24);0.6493939329024243
(5.25);0.9396206811207461
(5.26);0.42115491422180346
(5.27);0.5365494286093765
(5.28);0.3384090955346881
(5.29);0.28030601645606257
(5.30);0.3417719357869829
(5.31);2.3380745780560948
(6.8);1.4170682785400728
(6.9);0.5200008837538341
(6.10);0.9248023784692643
(6.11);0.9386684349817602
(6.12);2.4774055848650796
(6.13);0.8369052936866445
(6.14);0.8821858322465134
(6.15);0.6401787043848504
(6.16);0.8255138820150498
(6.17);1.5087776511150612
(6.18);1.1902834938414084
(6.19);0.9657330043705232
(6.20);0.9701873137541835
(6.21);0.7702094259353698
(6.22);0.6778978030893362
(6.23);0.5915070268645403
(6.24);0.6282385110739176
(6.25);0.871706455237267
(6.26);0.3918945048376898
(6.27);0.4646911269346481
(6.28);0.3150488372988664
(6.29);0.27096213291676424
(6.30);0.3262892142808531
(6.31);1.7643036075865108
(7.8);4.826149888487318
(7.9);1.7961434518414847
(7.10);2.3469895119686743
(7.11);1.7800738263789906
(7.12);2.1461671642124136
(7.13);0.5514573653749894
(7.14);0.5956598220368658
(7.15);0.48719559212510705
(7.16);0.6435725574964474
(7.17);0.9988374762239575
(7.18);1.5258297758041477
(7.19);1.2476791605746715
(7.20);1.5265126753597318
(7.21);1.0930127587994813
(7.22);0.9347792484799247
(7.23);0.8041489640644741
(7.24);0.800045054344793
(7.25);1.0760037651668248
(7.26);0.4469154196861034
(7.27);0.4003684704924504
(7.28);0.27078593725092326
(7.29);0.2979045457367667
(7.30);0.37592809212097555
(7.31);1.4271339394180784
(8.9);1.7266328062170113
(8.10);2.5068721646353245
(8.12);2.683547026354882
(8.13);0.5721609823590158
(8.14);0.6349829821886736
(8.15);0.5227210360316753
(8.16);0.7177143460487218
(8.17);1.1382749717258454
(8.18);2.1403642000937455
(8.19);1.6432818378124943
(8.20);2.045109845203219
(8.21);1.3272798237377643
(8.22);1.0876133368590748
(8.23);0.8960438423969594
(8.24);0.9196363911839746
(8.25);1.3158101762933443
(8.26);0.5824009898042942
(8.27);0.4918739327741644
(8.28);0.31641632450632406
(8.29);0.36169433609350227
(8.30);0.473526375895615
(8.31);1.7354795705344344
(9.10);3.246108397726764
(9.11);1.2699796595615351
(9.12);0.8000573650185921
(9.13);0.2627627027289086
(9.14);0.28944888461399765
(9.15);0.24782240928118443
(9.16);0.33138866142459616
(9.17);0.48916451044476444
(9.18);0.8809769833699829
(9.19);0.7684900613692338
(9.20);1.0883097673853015
(9.21);0.7755134139796642
(9.22);0.6700979778142705
(9.23);0.5838938055865533
(9.24);0.5606445587647148
(9.25);0.7374835897136288
(9.26);0.0
(9.27);0.0
(9.28);0.0
(9.29);0.0
(9.30);0.0
(9.31);0.7915028487374615
(10.11);2.8371916475574688
(10.12);1.3181227973435552
(10.13);0.4711089044202207
(10.14);0.5134163345726606
(10.15);0.44007242134177865
(10.16);0.5802876507129956
(10.17);0.8182223201786923
(10.18);1.5085425523359042
(10.19);1.3796620960535335
(10.20);2.080394608361873
(10.21);1.4849482820574422
(10.22);1.2685014276384026
(10.23);1.0904243789873882
(10.24);0.9991860693030794
(10.25);1.2381503866310424
(10.26);0.48449314032981605
(10.27);0.3761592087804643
(10.28);0.264750586425727
(10.29);0.33577081461234376
(10.30);0.42732000360267425
(10.31);1.1797176003352223
(11.12);1.5162741816179457
(11.13);0.5050882377311909
(11.14);0.5703458558347012
(11.15);0.4938207303737186
(11.16);0.6881966491197663
(11.17);0.9771991617665543
(11.18);2.623658670446871
(11.19);2.4694638552388515
(11.21);2.4147826378782886
(11.22);1.740957096609366
(11.23);1.2864105175470926
(11.24);1.316760858656521
(11.25);1.911991298321765
(11.26);0.769440306424123
(11.27);0.5035095287437437
(11.28);0.3331293904685281
(11.29);0.46792343209142334
(11.30);0.6495291858090354
(11.31);1.512770617658908
(12.13);0.7427487386374036
(12.14);0.8487964965412705
(12.15);0.6570130066872413
(12.16);0.9437609735652788
(12.17);1.8439094118944488
(12.18);2.1740711793666265
(12.19);1.5530144532954027
(12.20);1.522160296866753
(12.21);1.0955167276478663
(12.22);0.9166324017737102
(12.23);0.7604145936394174
(12.24);0.8281145961592559
(12.25);1.2512815250646576
(12.26);0.6427414203515605
(12.27);0.691713510855515
(12.28);0.4053495285408281
(12.29);0.3890386302072246
(12.30);0.5003654222572738
(12.31);2.875866356593934
(13.14);2.5627731115205
(13.15);1.3948732830278274
(13.16);1.0498244004252009
(13.17);1.1149133502267747
(13.18);0.6645193409402322
(13.19);0.6016572906515848
(13.20);0.5658347848160972
(13.21);0.5062795261967556
(13.22);0.467971904222931
(13.23);0.42231843204615016
(13.24);0.46533908082391173
(13.25);0.6089698150824862
(13.26);0.29572089975536175
(13.27);0.4077933985757387
(13.28);0.39158989532791955
(13.29);0.24453921842988616
(13.30);0.2650589259694642
(13.31);1.0270152599292965
(14.15);2.284291401028201
(14.16);1.7556568575867515
(14.17);1.5745498472087918
(14.18);0.7922081076122014
(14.19);0.7155236544079655
(14.20);0.6485761650210251
(14.21);0.5789811751013132
(14.22);0.5297651292874945
(14.23);0.46949219527919245
(14.24);0.5316347128167049
(14.25);0.7218429696653461
(14.26);0.3684006990680919
(14.27);0.5685696527129117
(14.28);0.5731640465393083
(14.29);0.3018546803333962
(14.30);0.3266105581955385
(14.31);1.3244240430861063
(15.16);1.7308152485949468
(15.17);1.1067948846590268
(15.18);0.6778891075169131
(15.19);0.6343087840222376
(15.20);0.5710997479897902
(15.21);0.5272542744855806
(15.22);0.4896990591292258
(15.23);0.43758126505809664
(15.24);0.5030210376338154
(15.25);0.6665964812989762
(15.26);0.3389893983165627
(15.27);0.49963436173799075
(15.28);0.6456915912918991
(15.29);0.30100382323369235
(15.30);0.3113069722360014
(15.31);1.0399537128128125
(16.17);2.0816706987867857
(16.18);1.0504982759506845
(16.19);0.9704582899180941
(16.20);0.8134447283600312
(16.21);0.7355325519105055
(16.22);0.663407982837303
(16.23);0.5690982586368387
(16.24);0.682706830098682
(16.25);0.9960795369994576
(16.26);0.5599520976747706
(16.27);1.131539700555034
(16.28);1.6829286229991398
(16.29);0.46403258873974257
(16.30);0.4929331516424483
(16.31);1.8568677370187259
(17.18);1.612122420994597
(17.19);1.3236192985996673
(17.20);1.110106627033043
(17.21);0.9183387791287775
(17.22);0.7969213862511303
(17.23);0.6685473034351291
(17.24);0.7776864748394
(17.25);1.1968606007388953
(17.26);0.7276948547056816
(17.27);1.5462999830753599
(17.28);0.7819646986958927
(17.29);0.4841707577441759
(17.30);0.5780151769791403
(17.31);4.835944170816788
(18.20);3.463815732186064
(18.21);2.0894451266519902
(18.22);1.535094311094559
(18.23);1.1228121126553647
(18.24);1.3607806706416623
(18.25);2.775729842696177
(18.26);1.956695696230022
(18.27);1.0610176766778288
(18.28);0.5706135144602403
(18.29);0.761053600969673
(18.30);1.1997849633945215
(18.31);2.99795570186126
(19.20);4.203447035936798
(19.21);2.8316776217269672
(19.22);1.9141549705092358
(19.23);1.2932001650507838
(19.24);1.7028018456537288
(19.25);4.669254986613703
(19.26);2.8455386309941906
(19.27);0.9344137905831315
(19.28);0.5542877645339713
(19.29);0.940775738279792
(19.30);1.7473327204034006
(19.31);2.218504131463899
(20.21);4.190272094029482
(20.22);2.4753429388685118
(20.23);1.6085223296781797
(20.24);1.8182932826889942
(20.25);3.0314396489731292
(20.26);1.2824608667127817
(20.27);0.7011215115346819
(20.28);0.46122133861646525
(20.29);0.7333285989596363
(20.30);1.0952033646959056
(20.31);1.7168625472671588
(21.22);5.699189833324732
(21.23);2.386438022857715
(21.24);3.0839040220089147
(21.25);3.632318502541957
(21.26);1.122433891915857
(21.27);0.6068039468053396
(21.28);0.437622270866264
(21.29);0.8427886948358694
(21.30);1.187707248272518
(21.31);1.3395331310288754
(22.23);3.962897492380826
(22.24);4.5894502557495
(22.25);2.6229317686958225
(22.26);0.8713406852578005
(22.27);0.5264348074453735
(22.28);0.4035937968541375
(22.29);0.7852295269544698
(22.30);0.9711431547138769
(22.31);1.116621035353104
(23.24);2.978852476377872
(23.25);1.6428577721570805
(23.26);0.630948644400183
(23.27);0.4324685813017094
(23.28);0.3486240735994113
(23.29);0.609211722721134
(23.30);0.6864560674411511
(23.31);0.9009114547923196
(24.25);2.704184765257036
(24.26);0.8921908934406755
(24.27);0.5461963434455327
(24.28);0.4406320212388106
(24.29);1.010463817976722
(24.30);1.1034922227170916
(24.31);1.0652570068982916
(25.26);2.7134574900662884
(25.27);0.965776838221218
(25.28);0.6671533769919052
(25.29);1.775377884612475
(25.31);1.7857219713369041
(26.27);0.0
(26.28);0.0
(26.29);0.0
(26.30);0.0
(26.31);1.3967477648078888
(27.28);0.0
(27.29);0.0
(27.30);0.0
(27.31);2.6009187276189007
(28.29);0.0
(28.30);0.0
(28.31);0.9636207105735843
(29.30);0.0
(29.31);0.7729369917871961
(30.31);1.0023683899310483

****Importance nodes******

0; 0.05238095238095238
1; DISCONNECTED
2; DISCONNECTED
3; DISCONNECTED
4; DISCONNECTED
5; 0.0016897081413210445
6; 0.0018023553507424475
7; 0.0018023553507424475
8; 0.0019225123741252773
9; DISCONNECTED
10; 0.0019225123741252776
11; 0.0020550994344097793
12; 0.002050822432465118
13; 0.0021169779948027024
14; 0.0021852676075382734
15; 0.00225576011100725
16; 0.0023285265662010323
17; 0.0024036403264010658
18; 0.0025638830148278034
19; 0.0025638830148278034
20; 0.0026663052346693316
21; 0.0027325987648115823
22; 0.0028207471120635687
23; 0.0029117389543882
24; 0.0030056660174329806
25; 0.0032060437519285125
26; DISCONNECTED
27; DISCONNECTED
28; DISCONNECTED
29; DISCONNECTED
30; DISCONNECTED
31; 0.0032060437519285125
