
****Mix criterion 0.5*C(weight)+0.5*C(distance) ******

(0.5);0.47592087458177346
(0.6);0.42650582144641813
(0.7);0.3972795016441924
(0.8);0.4335507551158351
(0.10);0.3591283973070407
(0.11);0.41349006997185717
(0.12);0.5053207862263894
(0.13);0.30812889725436277
(0.14);0.369214087465099
(0.15);0.3158573820800886
(0.16);0.44892464037852436
(0.17);0.5872412151143384
(0.18);0.5392760148328386
(0.19);0.4874444933443033
(0.20);0.42361279282749853
(0.21);0.3710666120266257
(0.22);0.32225177476012756
(0.23);0.2543103448352984
(0.24);0.3046737728854359
(0.25);0.4261037500366689
(0.31);0.9824127216643568
(1.2);0.4395648423229701
(1.3);0.34371603677550117
(1.4);0.3719146514821577
(1.5);0.40789090263862543
(1.6);0.4321162656255877
(1.7);0.4476091345884289
(1.8);0.42027654635237344
(1.9);0.4039579470053061
(1.10);0.38168817371864466
(1.11);0.3549246268207113
(1.12);0.41718853959245855
(1.13);0.23532574628484595
(1.14);0.23987729084564938
(1.15);0.16414325560978796
(1.16);0.2289020169586011
(1.17);0.32512807299540314
(1.18);0.34065275254085287
(1.19);0.3085578318631367
(1.20);0.3249356361878339
(1.21);0.27180332335234075
(1.22);0.2370987362493023
(1.23);0.19810698256229003
(1.24);0.19350218489079526
(1.25);0.2575942431331891
(1.26);0.281273538781861
(1.27);0.28326927738335145
(1.28);0.19297603229189564
(1.29);0.18968553928843404
(1.30);0.2440189965396843
(1.31);0.3406893396080789
(2.3);0.3987161285875143
(2.4);0.41453271954377663
(2.5);0.4248606110818138
(2.6);0.45979257865637174
(2.7);0.3897351366060032
(2.8);0.3715270807632452
(2.9);0.34591486889269296
(2.10);0.3227634675277904
(2.11);0.3053804554647901
(2.12);0.3998703776801608
(2.13);0.2877674581662693
(2.14);0.281090187776007
(2.15);0.2011093917787338
(2.16);0.24807618415899046
(2.17);0.3402126546869751
(2.18);0.310446804281506
(2.19);0.27507525297993995
(2.20);0.2797460322086447
(2.21);0.2253926992919771
(2.22);0.18802908299892063
(2.23);0.1444318536015751
(2.24);0.1486594778278469
(2.25);0.22316691989938614
(2.26);0.2561580792163952
(2.27);0.28283921220922914
(2.28);0.20238469028543613
(2.29);0.16465662506863035
(2.30);0.21602568071120193
(2.31);0.33808442254712434
(3.4);0.45324357736499427
(3.5);0.4054084853213167
(3.6);0.41050539628346516
(3.7);0.3051685509152272
(3.8);0.2998826858352527
(3.9);0.26198924640457233
(3.10);0.23958560001294504
(3.11);0.2404834188150066
(3.12);0.3546309980193685
(3.13);0.39009992106966557
(3.14);0.3704274588034847
(3.15);0.28786993386881626
(3.16);0.3029345701566962
(3.17);0.3696007246664108
(3.18);0.27438890333458194
(3.19);0.23895965386597148
(3.20);0.2243956678476443
(3.21);0.1718931831455892
(3.22);0.13140510724465138
(3.23);0.0794971846249133
(3.24);0.10198600318210096
(3.25);0.19071183039614348
(3.26);0.23531496865872847
(3.27);0.2983710873345779
(3.28);0.24490572188713802
(3.29);0.15232322744487467
(3.30);0.1946389534422527
(3.31);0.3379527878011014
(4.5);0.4530352926168528
(4.6);0.4478077406072412
(4.7);0.3430903814168784
(4.8);0.3422501835763369
(4.9);0.3007651551487457
(4.10);0.279592039299177
(4.11);0.28532113053935393
(4.12);0.4006715338937954
(4.13);0.36236949718039985
(4.14);0.36693704855561765
(4.15);0.2870171583503849
(4.16);0.32671445094799734
(4.17);0.40877998037502666
(4.18);0.32160265222999546
(4.19);0.28603190558895314
(4.20);0.2707092580879427
(4.21);0.21849009355112686
(4.22);0.17783908906221502
(4.23);0.12516136230766728
(4.24);0.14888716266797217
(4.25);0.2375206978264509
(4.26);0.2812126077464683
(4.27);0.3383497230655555
(4.28);0.2737018556154199
(4.29);0.19659198957577242
(4.30);0.2403483229550521
(4.31);0.3836578530185992
(5.6);0.4835536646109717
(5.7);0.3929853573488329
(5.8);0.39637431647377147
(5.9);0.3513384018261993
(5.10);0.331297817933488
(5.11);0.3393415545899375
(5.12);0.4607304424013301
(5.13);0.314860263660174
(5.14);0.3329571923772599
(5.15);0.2593893464869055
(5.16);0.3236741139449741
(5.17);0.4217738190484179
(5.18);0.3720758612608583
(5.19);0.33523641510970803
(5.20);0.32382067689562016
(5.21);0.2704628708729417
(5.22);0.22986619048895315
(5.23);0.1778157515311942
(5.24);0.1987169217585886
(5.25);0.28450836953756004
(5.26);0.32461616112279407
(5.27);0.3630741528822317
(5.28);0.2810664744844932
(5.29);0.23522524893492255
(5.30);0.2832446467993089
(5.31);0.42044479322784306
(6.7);0.4012048962079458
(6.8);0.3945407131761209
(6.9);0.35626176229858253
(6.10);0.33413379124669357
(6.11);0.3307477446740665
(6.12);0.4434338829581469
(6.13);0.3063059195984666
(6.14);0.31330950056057527
(6.15);0.2360799911155427
(6.16);0.29279363421719
(6.17);0.3882738177263017
(6.18);0.35017550991251634
(6.19);0.31356653352690844
(6.20);0.3100220883213373
(6.21);0.2554845335021779
(6.22);0.2160312220352334
(6.23);0.1674424048005123
(6.24);0.18086102203462948
(6.25);0.2617637267497168
(6.26);0.29858494051289536
(6.27);0.3306034100036754
(6.28);0.2488582352619183
(6.29);0.20766567848798353
(6.30);0.25758648801418976
(6.31);0.38704193030002926
(7.8);0.4846002526084434
(7.9);0.4643002247548798
(7.10);0.44176351728518937
(7.11);0.4153732943033284
(7.12);0.43229731934067306
(7.13);0.2035372651347516
(7.14);0.2210277813425103
(7.15);0.15198154367902075
(7.16);0.23277994824724607
(7.17);0.3267583971076429
(7.18);0.38530556530162974
(7.19);0.35752186807165665
(7.20);0.38254450746426405
(7.21);0.32969275396847814
(7.22);0.29567538569124574
(7.23);0.2567209378166751
(7.24);0.2505137505529771
(7.25);0.30832217323629135
(7.26);0.32379004163607095
(7.27);0.30295100089087373
(7.28);0.2075045711750061
(7.29);0.23431613439259885
(7.30);0.2899594102056953
(7.31);0.3577443471109739
(8.9);0.45923298868250606
(8.10);0.4444291766918833
(8.11);0.4433272033737181
(8.12);0.4472888782740074
(8.13);0.20556063467898972
(8.14);0.23059668425785795
(8.15);0.16619941591114362
(8.16);0.2538206243449431
(8.17);0.3444268701487176
(8.18);0.41954304526560104
(8.19);0.3911627975679584
(8.20);0.4130065272845636
(8.21);0.3574174224374175
(8.22);0.3207153287276911
(8.23);0.2766231082798788
(8.24);0.27823039925530446
(8.25);0.3408950441248897
(8.26);0.35647633992835237
(8.27);0.32937607384641726
(8.28);0.23320905236063044
(8.29);0.2669009399340768
(8.30);0.322635303297235
(8.31);0.38204785540339653
(9.10);0.48675226505918945
(9.11);0.43658578656028635
(9.12);0.3952262397920365
(9.13);0.16263736776440652
(9.14);0.1840163032550874
(9.15);0.11867401880587074
(9.16);0.2061350583721764
(9.17);0.2954177156516679
(9.18);0.38094829126815033
(9.19);0.36265808883210504
(9.20);0.401019986182828
(9.21);0.35481678009921014
(9.22);0.32563995303208776
(9.23);0.2926918284559124
(9.24);0.2768903307990894
(9.25);0.3200089219035736
(9.26);0.3235878688150091
(9.27);0.2835893079274317
(9.28);0.1880661176706711
(9.29);0.24088272127256294
(9.30);0.29596591674476164
(9.31);0.3327430202034369
(10.11);0.45127695504896403
(10.12);0.3781417466643759
(10.13);0.14164011227368561
(10.14);0.16587544670930568
(10.15);0.10289433775017642
(10.16);0.19446395344470643
(10.17);0.2809129121713036
(10.18);0.3805197812415648
(10.19);0.36839276280775995
(10.20);0.4148267466525848
(10.21);0.37368025302926305
(10.22);0.34752627391180063
(10.23);0.31774286103874044
(10.24);0.29647022884618834
(10.25);0.3304123851939989
(10.26);0.32677943394035947
(10.27);0.27600498625083875
(10.28);0.18078180011094386
(10.29);0.2487552520679924
(10.30);0.3031669192703696
(10.31);0.32167489480531625
(11.12);0.3917149488261866
(11.13);0.15495889717239805
(11.14);0.18984989884294518
(11.15);0.13520378474948963
(11.16);0.23499140250785194
(11.17);0.3119000872207976
(11.18);0.43545825753420025
(11.19);0.43029076873086974
(11.21);0.4253831653923922
(11.22);0.3886242400537101
(11.23);0.3424742350731948
(11.24);0.34332449507877427
(11.25);0.391160066679715
(11.26);0.3849868691691122
(11.27);0.3218411863490966
(11.28);0.2291935342331302
(11.29);0.3080282147281389
(11.30);0.3628184559788194
(11.31);0.3593710198810351
(12.13);0.2670351033653982
(12.14);0.2934748477438134
(12.15);0.2271113275621949
(12.16);0.30852773455169136
(12.17);0.40516042502907657
(12.18);0.4186525331078109
(12.19);0.3807856272317638
(12.20);0.3753207495677901
(12.21);0.32057460737179844
(12.22);0.28011548572362566
(12.23);0.22868519463883924
(12.24);0.24656783289632844
(12.25);0.32797995602370966
(12.26);0.36161917041788
(12.27);0.3717543993791117
(12.28);0.27838039916856816
(12.29);0.2689695848678084
(12.30);0.3210797789524042
(12.31);0.43353278163252185
(13.14);0.4386823389048304
(13.15);0.3733575860984508
(13.16);0.3259469714065394
(13.17);0.3337316210577477
(13.18);0.20659689334503126
(13.19);0.17546826931684728
(13.20);0.14705727906543406
(13.21);0.0995898193273022
(13.22);0.058617928693028835
(13.23);0.0015121122912813794
(13.24);0.039415357568130034
(13.25);0.13509581185660027
(13.26);0.18542928646558787
(13.27);0.2725733410680513
(13.28);0.2630443701667225
(13.29);0.11918573734900224
(13.30);0.1488077939128852
(13.31);0.28603588941458485
(14.15);0.4265403866668132
(14.16);0.3983262842893306
(14.17);0.3832572462044001
(14.18);0.2511085217145839
(14.19);0.2238558857321232
(14.20);0.18821674583572695
(14.21);0.14540357373371732
(14.22);0.10510554006775918
(14.23);0.04581222886102578
(14.24);0.09190202914818285
(14.25);0.1889135559742504
(14.26);0.2397850560618655
(14.27);0.33257583681741015
(14.28);0.33395063293813726
(14.29);0.18189025964382788
(14.30);0.20617219013345017
(14.31);0.3338068962690388
(15.16);0.3949776883322786
(15.17);0.3271884628132643
(15.18);0.2038817503203497
(15.19);0.18321424062252836
(15.20);0.14014451601484107
(15.21);0.10461309787791322
(15.22);0.06645314874853178
(15.23);0.005689088914309765
(15.24);0.06259285203546444
(15.25);0.15828737388014436
(15.26);0.20782033934326838
(15.27);0.3027281177091311
(15.28);0.34827866363674925
(15.29);0.17065945423520623
(15.30);0.18163193359013433
(15.31);0.28318630417737234
(16.17);0.4119960704817705
(16.18);0.3081997739631498
(16.19);0.2917841538608951
(16.20);0.24507424810756323
(16.21);0.21369900454923374
(16.22);0.17644918703634527
(16.23);0.11538635853666195
(16.24);0.1743579460188828
(16.25);0.27018354662884425
(16.26);0.3186570106993285
(16.27);0.413319035652517
(16.28);0.4450197905073118
(16.29);0.2804144681401469
(16.30);0.2934894744516306
(16.31);0.3814855956320895
(17.18);0.37638226867073
(17.19);0.3471472664940152
(17.20);0.31219866314689804
(17.21);0.2684344059336717
(17.22);0.22757355512249441
(17.23);0.16854021071379352
(17.24);0.21071157740267618
(17.25);0.3073947207087838
(17.26);0.35697002589489063
(17.27);0.43699867139029497
(17.28);0.36727155966396896
(17.29);0.28284874969119456
(17.30);0.3187217199287565
(17.31);0.4685936439918398
(18.20);0.448996696406251
(18.21);0.40103834368492386
(18.22);0.35820464366225163
(18.23);0.2992427915252279
(18.24);0.3330068288039196
(18.25);0.42247218873952713
(18.26);0.44923195019905326
(18.27);0.3972559190090824
(18.28);0.30393538074698545
(18.29);0.3541895913620932
(18.30);0.4100752917478122
(18.31);0.4299099363608
(19.20);0.4628013925073731
(19.21);0.43159586444527664
(19.22);0.38872964462442716
(19.23);0.32683340400977445
(19.24);0.368751503194661
(19.25);0.46452751882155563
(19.26);0.4704602290951602
(19.27);0.382367389935416
(19.28);0.29804201666437924
(19.29);0.38320826267142644
(19.30);0.44156020291349685
(19.31);0.3987268360531287
(20.21);0.4608992532412716
(20.22);0.4157812787298556
(20.23);0.3601422950835915
(20.24);0.375523449227016
(20.25);0.42931907595490193
(20.26);0.41292429192716174
(20.27);0.3348376682724053
(20.28);0.24676633077292465
(20.29);0.3423169201031068
(20.30);0.39658084535803095
(20.31);0.3625175267311908
(21.22);0.4794877384506404
(21.23);0.4092276127910083
(21.24);0.43290733164724654
(21.25);0.4441245926239283
(21.26);0.39667814132827667
(21.27);0.30362139688474665
(21.28);0.22625801726566688
(21.29);0.36006097193979164
(21.30);0.40281089884423904
(21.31);0.31863197468499616
(22.23);0.45344599553132214
(22.24);0.46312235663908013
(22.25);0.41274513720605555
(22.26);0.3603871901818289
(22.27);0.26563918582310925
(22.28);0.19329443472915567
(22.29);0.3444265345496917
(22.30);0.37541264946984365
(22.31);0.27735636393706503
(23.24);0.42725060327482883
(23.25);0.34941357707240095
(23.26);0.298787657123679
(23.27);0.20469548742844135
(23.28);0.13300234217543216
(23.29);0.29144996610009294
(23.30);0.31543909063805486
(23.31);0.21807860534347348
(24.25);0.41306363587319306
(24.26);0.35465914227016776
(24.27);0.2593302897984589
(24.28);0.20082594848980964
(24.29);0.3724681375688739
(24.30);0.38385743919118065
(24.31);0.2589555767791432
(25.26);0.45730597170350656
(25.27);0.35698060725254854
(25.28);0.29043233975414173
(25.29);0.4265300060485353
(25.30);0.48210518130278945
(25.31);0.35550755889787955
(26.27);0.40521525169829353
(26.28);0.33162903787113257
(26.29);0.40798386883509286
(26.30);0.45888676893018127
(26.31);0.40379096533424486
(27.28);0.40440310991764633
(27.29);0.34667801943741156
(27.30);0.3743733940539378
(27.31);0.45495269878083777
(28.29);0.31917025319449394
(28.30);0.3179214871301564
(28.31);0.3567533520058648
(29.30);0.44453309981890016
(29.31);0.31988261834693993
(30.31);0.36256244968394846
