
****Importance edges******

(0.5);22.9364471430015
(0.6);17.737565912653437
(0.7);15.393169995034562
(0.8);18.406456724018735
(0.9);13.746280039068274
(0.10);12.996667217025951
(0.11);16.694137973093888
(0.12);26.995250986458913
(0.13);10.622285534091574
(0.14);13.632837985834646
(0.15);10.962050844329145
(0.16);20.05562166972293
(0.17);41.40221169606604
(0.18);32.444223938358995
(0.19);24.646111997459037
(0.20);17.705350944849343
(0.21);13.85573251266086
(0.22);11.3361844007478
(0.23);8.922232015653066
(0.24);10.637568913293299
(0.25);18.033207533214103
(0.31);141.4233302366796
(1.2);0.0
(1.3);0.0
(1.4);0.0
(1.5);0.7951781288552978
(1.6);1.08625661017734
(1.7);1.4023027666861976
(1.8);0.9972429463787587
(1.9);0.8923553455523604
(1.10);0.7322045656069952
(1.11);0.6200789474301237
(1.12);1.0891499041091082
(1.13);0.36591214572838465
(1.14);0.38420086743915405
(1.15);0.30775337352086624
(1.16);0.39285123647127973
(1.17);0.6241505488250434
(1.18);0.7046640071990484
(1.19);0.6083039173008459
(1.20);0.6848920351686313
(1.21);0.5452421682751053
(1.22);0.4894138707983979
(1.23);0.4405559346341191
(1.24);0.44793169729192767
(1.25);0.5827562342764033
(1.26);0.0
(1.27);0.0
(1.28);0.0
(1.29);0.0
(1.30);0.0
(1.31);0.9052049606018395
(2.3);0.0
(2.4);0.0
(2.5);0.9610393352127011
(2.6);1.687198127319398
(2.7);0.7130980296898799
(2.8);0.6351242603994847
(2.9);0.5562046291726772
(2.10);0.49441622362144116
(2.11);0.46528450179228303
(2.12);0.9128740722410528
(2.13);0.455142787111689
(2.14);0.4555923041565334
(2.15);0.34553233367656483
(2.16);0.4224231193132792
(2.17);0.681465338394522
(2.18);0.595039647402707
(2.19);0.5192844168270303
(2.20);0.5470417077437234
(2.21);0.4542306394377385
(2.22);0.41319215384825103
(2.23);0.3745711501239671
(2.24);0.3912261293657687
(2.25);0.5112550055535119
(2.26);0.0
(2.27);0.0
(2.28);0.0
(2.29);0.0
(2.30);0.0
(2.31);0.8911769192847714
(3.4);0.0
(3.5);0.7754683968085622
(3.6);0.8425465298901568
(3.7);0.4097655418149111
(3.8);0.4118761993382293
(3.9);0.3600778916631562
(3.10);0.3382089634237517
(3.11);0.35021223441694194
(3.12);0.6388265024216883
(3.13);0.8621959431099315
(3.14);0.7599133892832572
(3.15);0.48498045053637057
(3.16);0.5380810707827517
(3.17);0.8291728518038949
(3.18);0.501550182388221
(3.19);0.44834354440692187
(3.20);0.4385211412371538
(3.21);0.38080805271414103
(3.22);0.3501655641038817
(3.23);0.31705432000491895
(3.24);0.34563860918825196
(3.25);0.45817827065971933
(3.26);0.0
(3.27);0.0
(3.28);0.0
(3.29);0.0
(3.30);0.0
(3.31);0.8904793594545095
(4.5);1.4489351243797262
(4.6);1.3662530864654132
(4.7);0.5067916702098352
(4.8);0.5202295939783798
(4.9);0.4301585509778739
(4.10);0.39890181593998836
(4.11);0.4224365892261888
(4.12);0.9197984427961292
(4.13);0.6949719183921316
(4.14);0.7407228613422601
(4.15);0.4830684329344106
(4.16);0.6102793631823542
(4.17);1.160493598128347
(4.18);0.6313639358614179
(4.19);0.5454284023088449
(4.20);0.5258254271480982
(4.21);0.4432136200941823
(4.22);0.4002352381594611
(4.23);0.35544240319306747
(4.24);0.3914778979475147
(4.25);0.53883399651405
(4.26);0.0
(4.27);0.0
(4.28);0.0
(4.29);0.0
(4.30);0.0
(4.31);1.2197715810228196
(5.6);4.507796984127093
(5.7);1.3290917499228823
(5.8);1.390679629701507
(5.9);1.0209794920880915
(5.10);0.9085123874329207
(5.11);0.9681319990122099
(5.12);3.205708565483895
(5.13);0.8744699892903532
(5.14);0.9829124713067212
(5.15);0.702051914492352
(5.16);0.9673394546967286
(5.17);2.0730461233637225
(5.18);1.3597822408901856
(5.19);1.0916454051970084
(5.20);1.0433803241587172
(5.21);0.8233988900036212
(5.22);0.7160499659635194
(5.23);0.6141786151383748
(5.24);0.6695973915860438
(5.25);0.9485744730754797
(5.26);0.42670302148337347
(5.27);0.5436176918078705
(5.28);0.3428671462350736
(5.29);0.2839986430712244
(5.30);0.3462742870470751
(5.31);2.410121115490341
(6.7);1.450995306273014
(6.8);1.3886758132143526
(6.9);1.0706615454725166
(6.10);0.9369219351534552
(6.11);0.9340335356019042
(6.12);2.510866888472668
(6.13);0.8486189217150308
(6.14);0.89496419099783
(6.15);0.6497634081991674
(6.16);0.8382740405380775
(6.17);1.53282844765077
(6.18);1.186913258347582
(6.19);0.9814543016557095
(6.20);0.9820825990145605
(6.21);0.7833561792893355
(6.22);0.6897807262623721
(6.23);0.6021458049527617
(6.24);0.6398227861953889
(6.25);0.8698319370575343
(6.26);0.3842488533854914
(6.27);0.45562525245666047
(6.28);0.3089024035758288
(6.29);0.2656758071340543
(6.30);0.3199234868358196
(6.31);1.7972187642608304
(7.8);4.803313331681731
(7.9);3.754999068855495
(7.10);2.4136657143766067
(7.11);1.7975905589090573
(7.12);2.206906240308812
(7.13);0.567196638635813
(7.14);0.6128033104675609
(7.15);0.5013337046254372
(7.16);0.6624017137188277
(7.17);1.0282973301071634
(7.18);1.5414308979946074
(7.19);1.284280166986837
(7.20);1.5647025140270756
(7.21);1.1254090745864838
(7.22);0.9626915723267059
(7.23);0.828336641176604
(7.24);0.8242830385125295
(7.25);1.0859371311145318
(7.26);0.45233170551326657
(7.27);0.40522064156744775
(7.28);0.27406766343337946
(7.29);0.30151492948690634
(7.30);0.3804840638053212
(7.31);1.4700026111817721
(8.9);3.436925320867187
(8.10);2.5358909141158947
(8.11);2.5297772205931293
(8.12);2.7157884763615954
(8.13);0.5793210780209492
(8.14);0.6432460171375708
(8.15);0.5297834491704605
(8.16);0.7277677067840881
(8.17);1.1547828818609887
(8.18);2.1324120045717816
(8.19);1.667739480977456
(8.20);2.067609046356879
(8.21);1.348122813109515
(8.22);1.1052079582084038
(8.23);0.9109613368804256
(8.24);0.9353769099126227
(8.25);1.3119422555226998
(8.26);0.5704444461141249
(8.27);0.48177588646204206
(8.28);0.30992037811462253
(8.29);0.35426884367900285
(8.30);0.4638050002438567
(8.31);1.7656413802144102
(9.10);6.669932057656868
(9.11);2.481131194085369
(9.12);1.592379085145667
(9.13);0.5152020159512372
(9.14);0.5592206569822463
(9.15);0.471908869950692
(9.16);0.622113892445683
(9.17);0.9055448821027767
(9.18);1.5567168873030142
(9.19);1.3829590496183783
(9.20);1.918424209990778
(9.21);1.3591090719851533
(9.22);1.1594698472376739
(9.23);0.9977370018739353
(9.24);0.9463136082480942
(9.25);1.1902223942195815
(9.26);0.4858095647345711
(9.27);0.39601783309829713
(9.28);0.27474480384091254
(9.29);0.33074730887791304
(9.30);0.4200403551948709
(9.31);1.303130513417667
(10.11);2.9085872533525015
(10.12);1.3749116681217004
(10.13);0.4914014310300079
(10.14);0.5355265036815466
(10.15);0.45902002424652494
(10.16);0.6052670162164159
(10.17);0.8534365025394383
(10.18);1.544446344780163
(10.19);1.4381584974938164
(10.20);2.159247763210121
(10.21);1.5476456934820308
(10.22);1.3220358304784612
(10.23);1.1364227406281
(10.24);1.0413168170001024
(10.25);1.2643134683818253
(10.26);0.5056563357734097
(10.27);0.39259025845004125
(10.28);0.276315184431221
(10.29);0.35043765461973436
(10.30);0.44598581329204207
(10.31);1.228616749363276
(11.12);1.5544299804485178
(11.13);0.5179373943014058
(11.14);0.5850120415355835
(11.15);0.5066548338564382
(11.16);0.7062713374511276
(11.17);1.0031318228929431
(11.18);2.6457636355241285
(11.19);2.534880275316077
(11.20);5.801297077915351
(11.21);2.4796884435661926
(11.22);1.7882020711749558
(11.23);1.3216516025677265
(11.24);1.3531706562473285
(11.25);1.926712904518794
(11.26);0.7754741795485893
(11.27);0.5074579995842159
(11.28);0.3357417574830135
(11.29);0.47159284035822696
(11.30);0.6546227280436807
(11.31);1.5543818733072245
(12.13);0.7743323386769759
(12.14);0.8848895219039657
(12.15);0.6849509013541173
(12.16);0.9838921344430821
(12.17);1.9223172156980812
(12.18);2.225897209211879
(12.19);1.6181166156723534
(12.20);1.5793272692609364
(12.21);1.141270319353443
(12.22);0.9549055602225909
(12.23);0.7921572282981038
(12.24);0.8626748525301339
(12.25);1.277845263731028
(12.26);0.6700724502049286
(12.27);0.7211269608317582
(12.28);0.42258604032427344
(12.29);0.40558156034932
(12.30);0.5216422559267556
(12.31);2.993927497733793
(13.14);2.671748861644187
(13.15);1.4541869076566039
(13.16);1.0944656529107202
(13.17);1.16232235343416
(13.18);0.6805357917008485
(13.19);0.6268838105796761
(13.20);0.5871244076879184
(13.21);0.5274292199746018
(13.22);0.4875164669805154
(13.23);0.4399519569295259
(13.24);0.48476412679035796
(13.25);0.6220589297239622
(13.26);0.30829571831156716
(13.27);0.4251338300425387
(13.28);0.4082413118705638
(13.29);0.25493765933878354
(13.30);0.2763299179877016
(13.31);1.0691954402061439
(14.15);2.3814253875715687
(14.16);1.8303119342126333
(14.17);1.6415037846975895
(14.18);0.8115119857467813
(14.19);0.7455305209437824
(14.20);0.673023655028358
(14.21);0.6031739736543996
(14.22);0.5518959279448694
(14.23);0.4891002520706938
(14.24);0.5538326403187073
(14.25);0.7375504365329795
(14.26);0.3840660509272025
(14.27);0.5927467069060519
(14.28);0.5975364662571393
(14.29);0.31469032312588713
(14.30);0.3404988850309008
(14.31);1.3788433519888945
(15.16);1.8044139956682854
(15.17);1.1538586696841542
(15.18);0.6945873623062893
(15.19);0.6609151815138607
(15.20);0.5926663277065568
(15.21);0.5492911529923237
(15.22);0.5101611936486707
(15.23);0.4558611070821736
(15.24);0.5240294061912064
(15.25);0.6812803988443824
(15.26);0.35340410549429147
(15.27);0.5208801088207916
(15.28);0.6731480700544082
(15.29);0.31380328537863733
(15.30);0.32454455096103507
(15.31);1.0827036510087016
(16.17);2.170188728295921
(16.18);1.0766544279660346
(16.19);1.0111729753824144
(16.20);0.8442194417919033
(16.21);0.7662822226657748
(16.22);0.691135479465856
(16.23);0.5928780983280069
(16.24);0.7112267279999448
(16.25);1.0182897679133618
(16.26);0.5837627111087612
(16.27);1.1796556992395828
(16.28);1.754491106728784
(16.29);0.48376445622829584
(16.30);0.5138939459162722
(16.31);1.93323354682574
(17.18);1.652691955610462
(17.19);1.3791619079145017
(17.20);1.152181961275509
(17.21);0.9567404701320615
(17.22);0.8302374783552859
(17.23);0.696489600756824
(17.24);0.810182198417904
(17.25);1.223871901710636
(17.26);0.7586383246118605
(17.27);1.6120526631758254
(17.28);0.815215862924032
(17.29);0.504758952335394
(17.30);0.6025938793273967
(17.31);5.0349183313969625
(18.19);6.145219576540473
(18.20);3.538488785883024
(18.21);2.142848386437471
(18.22);1.574722101814648
(18.23);1.152084000328039
(18.24);1.3966035403747186
(18.25);2.7984329520878934
(18.26);1.974096256406144
(18.27);1.0704531254124139
(18.28);0.5756878828532429
(18.29);0.7678215204813488
(18.30);1.210454445876737
(18.31);3.076620942344608
(19.20);4.3611260517261226
(19.21);2.9486618737416412
(19.22);1.9932302064370262
(19.23);1.3466207930100245
(19.24);1.7731393938905038
(19.25);4.774969626310465
(19.26);2.96345137483543
(19.27);0.9731338039860965
(19.28);0.577256207303273
(19.29);0.9797593765377903
(19.30);1.8197382724567763
(19.31);2.308799595820218
(20.21);4.347456893558849
(20.22);2.5683440759278198
(20.23);1.6690512394941344
(20.24);1.8868232530217195
(20.25);3.0904672938797724
(20.26);1.3257268919721754
(20.27);0.7247750527968945
(20.28);0.4767814345263707
(20.29);0.7580687017647609
(20.30);1.1321519357369572
(20.31);1.780759529516305
(21.22);5.933970039425308
(21.23);2.4847482085575527
(21.24);3.2109465742060697
(21.25);3.716090916189455
(21.26);1.1686729659220203
(21.27);0.6318014569532847
(21.28);0.45565028010143716
(21.29);0.8775076828428664
(21.30);1.236635282026729
(21.31);1.3939321774300422
(22.23);4.126150501532454
(22.24);4.778514334758186
(22.25);2.6841202393060017
(22.26);0.907235882935275
(22.27);0.5481214815526019
(22.28);0.42021999067773413
(22.29);0.8175773440243007
(22.30);1.0111497515609726
(22.31);1.1619770733865629
(23.24);3.101567391795809
(23.25);1.681619386563627
(23.26);0.6569408041813806
(23.27);0.45028428241352986
(23.28);0.36298576960270856
(23.29);0.6343084220770695
(23.30);0.7147348757816699
(23.31);0.9375133067295701
(24.25);2.768707064105928
(24.26);0.9289450230571761
(24.27);0.5686971012437185
(24.28);0.4587840182395161
(24.29);1.0520902439038882
(24.30);1.1489509877445347
(24.31);1.1085449665797469
(25.26);2.7341026085039726
(25.27);0.9731248719687309
(25.28);0.6722293586627153
(25.29);1.788885701423187
(25.30);4.34008049557967
(25.31);1.8283295949637903
(26.28);0.0
(26.29);0.0
(26.30);0.0
(26.31);1.4527739927242749
(27.28);0.0
(27.29);0.0
(27.30);0.0
(27.31);2.7052465590979193
(28.30);0.0
(28.31);1.0022733828139234
(29.31);0.8039409748670127
(30.31);1.0425753058004874

****Importance nodes******

0; 0.05
1; DISCONNECTED
2; DISCONNECTED
3; DISCONNECTED
4; DISCONNECTED
5; 0.0016129032258064516
6; 0.0016649323621227888
7; 0.001718639857675137
8; 0.0017740798530840123
9; 0.001831308235441561
10; 0.0018903826946493534
11; 0.001951362781573526
12; 0.002014309968075898
13; 0.0020792877089815718
14; 0.0021463615060454935
15; 0.002215598973982445
16; 0.00228706990862704
17; 0.0023608463572924285
18; 0.002437002691398636
19; 0.002515615681443753
20; 0.0025967645743935515
21; 0.002680531173567537
22; 0.002766999921101974
23; 0.002856257983073005
24; 0.0029483953373656826
25; 0.0030435048643774787
26; DISCONNECTED
27; DISCONNECTED
28; DISCONNECTED
29; DISCONNECTED
30; DISCONNECTED
31; 0.00314168244064772
