
****Importance edges******

(0.5);22.965869441961143
(0.6);17.76031921720164
(0.7);15.412915967316438
(0.8);18.43006806491845
(0.9);13.763913422232234
(0.10);13.013339015668267
(0.11);16.715552794459004
(0.12);27.029879817160637
(0.13);10.635911535480114
(0.14);13.650325848378777
(0.15);10.976112688133536
(0.16);20.08134851804033
(0.17);41.45532141452057
(0.18);32.485842574858204
(0.19);24.67772741160147
(0.20);17.728062924845062
(0.21);13.873506298711968
(0.22);11.350726173692012
(0.23);8.933677231039526
(0.24);10.651214519817247
(0.25);18.056340079416024
(0.31);141.60474453664284
(1.2);0.0
(1.3);0.0
(1.4);0.0
(1.5);0.796198163409363
(1.6);1.0876500329045944
(1.7);1.4041016054939754
(1.8);0.9985221846112894
(1.9);0.8935000366019977
(1.10);0.7331438192540221
(1.11);0.6208743691471892
(1.12);1.0905470382812301
(1.13);0.3663815286488283
(1.14);0.3846937106729762
(1.15);0.30814815182742417
(1.16);0.39335517618147364
(1.17);0.6249511934902289
(1.18);0.7055679325086941
(1.19);0.6090842343046764
(1.20);0.6857705974886005
(1.21);0.5459415912493948
(1.22);0.49004167863331877
(1.23);0.44112106873428875
(1.24);0.4485062928353898
(1.25);0.5835037793533969
(1.26);0.0
(1.27);0.0
(1.28);0.0
(1.29);0.0
(1.30);0.0
(1.31);0.9063661348152879
(2.3);0.0
(2.4);0.0
(2.5);0.9622721323611135
(2.6);1.6893624227482689
(2.7);0.7140127739519818
(2.8);0.6359389818665666
(2.9);0.5569181145167771
(2.10);0.49505044834906314
(2.11);0.4658813570780066
(2.12);0.9140450841985074
(2.13);0.4557266328602582
(2.14);0.4561767265342902
(2.15);0.34597557388540234
(2.16);0.42296499309287594
(2.17);0.6823395050338392
(2.18);0.5958029493338896
(2.19);0.5199505418489969
(2.20);0.547743439122096
(2.21);0.4548133151061557
(2.22);0.41372218637693803
(2.23);0.3750516405980101
(2.24);0.39172798442933876
(2.25);0.5119108306481406
(2.26);0.0
(2.27);0.0
(2.28);0.0
(2.29);0.0
(2.30);0.0
(2.31);0.8923200986787573
(3.5);0.7764631482128403
(3.6);0.8436273274406789
(3.7);0.41029117877164945
(3.8);0.41240454379348573
(3.9);0.36053979054885615
(3.10);0.3386428093969594
(3.11);0.35066147788503865
(3.12);0.6396459730319535
(3.13);0.8633019464347624
(3.14);0.7608881871141301
(3.15);0.4856025712910061
(3.16);0.5387713076808375
(3.17);0.8302364939356902
(3.18);0.5021935583791705
(3.19);0.4489186682575305
(3.20);0.4390836651554033
(3.21);0.3812965437303537
(3.22);0.3506147477044717
(3.23);0.31746102933228204
(3.24);0.3460819857246496
(3.25);0.45876601025042896
(3.26);0.0
(3.27);0.0
(3.28);0.0
(3.29);0.0
(3.30);0.0
(3.31);0.8916216440362459
(4.5);1.4507937820060284
(4.6);1.3680056816478274
(4.7);0.5074417698498624
(4.8);0.5208969314498831
(4.9);0.43071034757514154
(4.10);0.39941351718172624
(4.11);0.4229784802846519
(4.12);0.9209783371624115
(4.13);0.6958634109334132
(4.14);0.7416730420453468
(4.15);0.48368810100083554
(4.16);0.611062214238601
(4.17);1.1619822502012687
(4.18);0.6321738336785223
(4.19);0.5461280641794807
(4.20);0.5264999428140021
(4.21);0.44378216340658344
(4.22);0.40074864988176895
(4.23);0.35589835579045437
(4.24);0.391980075973505
(4.25);0.5395251992463743
(4.26);0.0
(4.27);0.0
(4.29);0.0
(4.30);0.0
(4.31);1.2213362734050168
(5.6);4.513579473005577
(5.7);1.3307966754750926
(5.8);1.3924635586407645
(5.9);1.0222891789659496
(5.10);0.9096778043305306
(5.11);0.9693738944518017
(5.12);3.2098207680060686
(5.13);0.87559173745369
(5.14);0.9841733267653561
(5.15);0.7029524890750063
(5.16);0.968580333480356
(5.17);2.0757053749216667
(5.18);1.3615265354342379
(5.19);1.0930457405353182
(5.20);1.0447187462619578
(5.21);0.8244551254420778
(5.22);0.7169684968954144
(5.23);0.6149664680572055
(5.24);0.6704563343209412
(5.25);0.949791280611464
(5.26);0.42725038541409865
(5.27);0.5443150309445031
(5.28);0.3433069676083261
(5.29);0.28436294940552614
(5.30);0.34671847901508196
(5.31);2.4132127583915626
(6.7);1.452856606648963
(6.8);1.3904571717080931
(6.9);1.0720349632420203
(6.10);0.938123795106135
(6.11);0.935231690388104
(6.12);2.5140877655239358
(6.13);0.8497075087774402
(6.14);0.8961122286089533
(6.15);0.6505969083977762
(6.16);0.839349357446448
(6.17);1.5347947215274278
(6.18);1.1884358008978095
(6.19);0.982713286610899
(6.20);0.9833423899338389
(6.21);0.7843610489430894
(6.22);0.6906655596726277
(6.23);0.6029182224845685
(6.24);0.640643534813484
(6.25);0.8709477356438274
(6.26);0.38474175817448164
(6.27);0.45620971709966995
(6.28);0.30929865582931404
(6.29);0.2660166093941039
(6.30);0.32033387665841107
(6.31);1.7995241914025437
(7.8);4.809474901516869
(7.9);3.7598158874546534
(7.10);2.4167619042003516
(7.11);1.7998964629796181
(7.12);2.2097372042664563
(7.13);0.567924224253882
(7.14);0.6135893991800637
(7.15);0.5019768029241437
(7.16);0.663251426018684
(7.17);1.0296164041240405
(7.18);1.5434082068787458
(7.19);1.285927609364701
(7.20);1.566709675156416
(7.21);1.1268527211128148
(7.22);0.9639264889234362
(7.23);0.8293992106383857
(7.24);0.8253404081145114
(7.25);1.0873301440220593
(7.26);0.4529119452768865
(7.27);0.40574044844017226
(7.28);0.27441923055615275
(7.29);0.30190170527396915
(7.30);0.38097213921669
(7.31);1.471888293651598
(8.9);3.441334122442341
(8.10);2.539143891359448
(8.11);2.5330223553440137
(8.12);2.719272221684682
(8.13);0.5800642165656803
(8.14);0.6440711569904357
(8.15);0.5304630420877149
(8.16);0.7287012689399299
(8.17);1.156264208370354
(8.18);2.135147409192753
(8.19);1.6698788153429827
(8.20);2.0702613233688454
(8.21);1.3498521512321249
(8.22);1.1066256912494559
(8.23);0.9121298952289468
(8.24);0.9365767879456857
(8.25);1.3136251821337444
(8.26);0.5711761979381452
(8.27);0.48239389648228
(8.28);0.31031793620030695
(8.29);0.3547232908636877
(8.30);0.464399957662112
(8.31);1.7679063006800904
(9.10);6.678488079163483
(9.11);2.4843139269338934
(9.12);1.5944217490860815
(9.13);0.5158629041717805
(9.14);0.5599380112111535
(9.15);0.4725142228096953
(9.16);0.6229119245391613
(9.17);0.9067064923589985
(9.18);1.5587138046707385
(9.19);1.3847330747912012
(9.20);1.9208851164374412
(9.21);1.360852503005023
(9.22);1.1609571860686365
(9.23);0.9990168738684603
(9.24);0.9475275156033992
(9.25);1.191749181646285
(9.26);0.486432749056099
(9.27);0.39652583483919984
(9.28);0.27509723958241233
(9.29);0.3311715832278693
(9.30);0.420579172424436
(9.31);1.3048021365470104
(10.11);2.9123183161097272
(10.12);1.3766753703154344
(10.13);0.4920317884573295
(10.14);0.5362134636450445
(10.15);0.4596088436176176
(10.16);0.6060434375597259
(10.17);0.8545312694736644
(10.18);1.5464275218037855
(10.19);1.4400033311335165
(10.20);2.1620175920690117
(10.21);1.5496309745499017
(10.22);1.3237317048742288
(10.23);1.1378805152089158
(10.24);1.0426525920881298
(10.25);1.2659352979796485
(10.26);0.5063049790349055
(10.27);0.393093863384177
(10.28);0.27666963461754396
(10.29);0.3508871872512119
(10.30);0.446557912704328
(10.31);1.2301927881055106
(11.12);1.5564239642295035
(11.13);0.518601791396671
(11.14);0.5857624803055349
(11.15);0.5073047579662243
(11.16);0.7071773246036954
(11.17);1.0044186152285248
(11.18);2.64915755473819
(11.19);2.538131956137533
(11.20);5.8087388362624885
(11.21);2.4828693256905465
(11.22);1.790495931928992
(11.23);1.3233469840855698
(11.24);1.354906469616474
(11.25);1.9291844434948486
(11.26);0.7764689383708214
(11.27);0.5081089539748476
(11.28);0.33617243858633833
(11.29);0.47219778782239763
(11.30);0.6554624616558741
(11.31);1.5563757953775763
(12.13);0.7753256327743847
(12.14);0.8860246359823314
(12.15);0.6858295391861524
(12.16);0.9851542465890103
(12.17);1.9247831159947968
(12.18);2.2287525343079824
(12.19);1.620192295071218
(12.20);1.5813531906593812
(12.21);1.1427343122866305
(12.22);0.9561304891183315
(12.23);0.7931733877167231
(12.24);0.8637814701879541
(12.25);1.279484451576436
(12.26);0.6709320023331039
(12.27);0.722052004405297
(12.28);0.4231281230948556
(12.29);0.4061018301996031
(12.30);0.5223114055255652
(12.31);2.9977680328154737
(13.14);2.6751761140543917
(13.15);1.456052302138736
(13.16);1.095869605992042
(13.17);1.1638133513885074
(13.18);0.6814087659409879
(13.19);0.6276879614044677
(13.20);0.5878775561481745
(13.21);0.5281057929457073
(13.22);0.4881418408734212
(13.23);0.4405163162622488
(13.24);0.48538597005031925
(13.25);0.6228568913126399
(13.26);0.3086911923244161
(13.27);0.4256791810538519
(13.28);0.40876499358336976
(13.29);0.2552646869722427
(13.30);0.27668438707386117
(13.31);1.0705669772925939
(14.15);2.3844802203129416
(14.16);1.8326598124425113
(14.17);1.6436094645701367
(14.18);0.8125529729626787
(14.19);0.7464868687919903
(14.20);0.6738869928880403
(14.21);0.6039477100952219
(14.22);0.552603886195132
(14.23);0.48972765760337894
(14.24);0.5545430829350144
(14.25);0.7384965477291116
(14.26);0.38455872122178536
(14.27);0.5935070675106914
(14.28);0.5983029710449075
(14.29);0.31509399997736237
(14.30);0.3409356684580961
(14.31);1.380612097648054
(15.16);1.8067286526723327
(15.17);1.1553388106373261
(15.18);0.6954783615486719
(15.19);0.661762986927499
(15.20);0.5934265852027757
(15.21);0.5499957699026264
(15.22);0.5108156156288298
(15.23);0.4564458742735795
(15.24);0.5247016179664857
(15.25);0.6821543282478845
(15.26);0.35385744341452774
(15.27);0.5215482807564147
(15.28);0.6740115675105646
(15.29);0.3142058243603446
(15.30);0.3249608685687519
(15.31);1.0840925160890718
(16.17);2.1729725919503338
(16.18);1.0780355332548504
(16.19);1.0124700827066708
(16.20);0.8453023853118427
(16.21);0.7672651902763278
(16.22);0.6920220507195326
(16.23);0.5936386274782659
(16.24);0.7121390718031866
(16.25);1.019596004480529
(16.26);0.5845115472689847
(16.27);1.181168931975066
(16.28);1.7567417239033778
(16.29);0.4843850171359402
(16.30);0.5145531561773921
(16.31);1.9357134503181546
(17.18);1.654811987387964
(17.19);1.3809310622092108
(17.20);1.1536599513892
(17.21);0.9579677528041993
(17.22);0.8313024861633117
(17.23);0.6973830401429671
(17.24);0.8112214798159779
(17.25);1.2254418538813416
(17.26);0.7596114868217619
(17.27);1.6141205638885612
(17.28);0.8162616013806486
(17.29);0.5054064444559292
(17.30);0.6033668716377699
(17.31);5.0413769983151715
(18.19);6.153102510040433
(18.20);3.543027870523051
(18.21);2.14559717858727
(18.22);1.5767421158198283
(18.23);1.1535618647798842
(18.24);1.3983950683579676
(18.25);2.802022711671036
(18.26);1.976628577557234
(18.27);1.0718262758258934
(18.28);0.5764263608263636
(18.29);0.7688064626645212
(18.30);1.2120071864717195
(18.31);3.0805675545024007
(19.20);4.366720394812241
(19.21);2.9524443432165004
(19.22);1.9957870721391788
(19.23);1.3483482043789339
(19.24);1.7754139326200158
(19.25);4.781094837551448
(19.26);2.967252815911249
(19.27);0.9743821156156222
(19.28);0.5779966970836514
(19.29);0.9810161872855614
(19.30);1.8220725870586285
(19.31);2.311761266017987
(20.21);4.353033702191805
(20.22);2.571638683273153
(20.23);1.6711922565505766
(20.24);1.8892436225535956
(20.25);3.094431667789934
(20.26);1.3274275011690246
(20.27);0.725704776051282
(20.28);0.4773930377889675
(20.29);0.7590411332767649
(20.30);1.1336042318364057
(20.31);1.783043843164622
(21.22);5.941581987318938
(21.23);2.4879355812214974
(21.24);3.215065495914419
(21.25);3.720857824386511
(21.26);1.1701721102827414
(21.27);0.6326119160114692
(21.28);0.4562347768492815
(21.29);0.8786333276832818
(21.30);1.2382216067414933
(21.31);1.3957202786559253
(22.23);4.13144342387791
(22.24);4.7846440930622345
(22.25);2.6875633614090937
(22.26);0.9083996623649405
(22.27);0.5488245980377268
(22.28);0.4207590383391899
(22.29);0.8186261117296273
(22.30);1.0124468290942936
(22.31);1.1634676284243275
(23.24);3.105546004633095
(23.25);1.6837765257238173
(23.26);0.657783511363487
(23.27);0.45086189579416364
(23.28);0.3634513986412759
(23.29);0.6351220970072194
(23.30);0.715651719748873
(23.31);0.9387159252788712
(24.25);2.772258692065738
(24.26);0.9301366504271456
(24.27);0.5694266116175769
(24.28);0.45937253486802393
(24.29);1.0534398388736612
(24.30);1.1504248332464397
(24.31);1.1099669802514183
(25.26);2.7376098467363015
(25.27);0.9743731721404888
(25.28);0.6730916776189472
(25.29);1.7911804391209545
(25.30);4.34564784195436
(25.31);1.8306749302986134
(26.28);0.0
(26.29);0.0
(26.30);0.0
(26.31);1.4546375747545792
(27.28);0.0
(27.29);0.0
(27.30);0.0
(27.31);2.7087167815140187
(28.30);0.0
(28.31);1.0035590739641085
(29.31);0.804972250180097
(30.31);1.0439126952463746

****Importance nodes******

0; 0.05
1; DISCONNECTED
2; DISCONNECTED
3; DISCONNECTED
4; DISCONNECTED
5; 0.0016129032258064516
6; 0.0016649323621227888
7; 0.001718639857675137
8; 0.0017740798530840123
9; 0.001831308235441561
10; 0.0018903826946493534
11; 0.001951362781573526
12; 0.002014309968075898
13; 0.0020792877089815718
14; 0.0021463615060454935
15; 0.002215598973982445
16; 0.00228706990862704
17; 0.0023608463572924285
18; 0.002437002691398636
19; 0.002515615681443753
20; 0.0025967645743935515
21; 0.002680531173567537
22; 0.002766999921101974
23; 0.002856257983073005
24; 0.0029483953373656826
25; 0.0030435048643774787
26; DISCONNECTED
27; DISCONNECTED
28; DISCONNECTED
29; DISCONNECTED
30; DISCONNECTED
31; 0.00314168244064772
