
****Mix criterion 0.5*C(weight)+0.5*C(distance) ******

(0.5);0.4758350847790327
(0.6);0.4265068847511678
(0.7);0.3972238112421069
(0.8);0.43355868884270476
(0.10);0.3590832232835188
(0.11);0.4134370508939611
(0.12);0.5053474722030293
(0.13);0.30814252305139905
(0.14);0.36923799417771536
(0.15);0.3158249309868477
(0.16);0.44896660897016194
(0.17);0.5873422231744844
(0.18);0.5391943189010306
(0.19);0.48738252628941536
(0.20);0.42356933209078346
(0.21);0.37111417050472034
(0.22);0.32222673977232585
(0.23);0.2543467342597269
(0.24);0.30465342711799054
(0.25);0.4262053528338494
(0.31);0.9824127216643568
(1.2);0.4395648423229701
(1.3);0.34371603677550117
(1.4);0.3719146514821577
(1.5);0.40788792841273974
(1.6);0.43224030189702867
(1.7);0.4476090573203646
(1.8);0.42039421599731697
(1.9);0.4039579470053061
(1.10);0.3816907513732814
(1.11);0.3549316251592754
(1.13);0.23537041365206648
(1.14);0.239927135614263
(1.15);0.16414776188080188
(1.16);0.22895293537542347
(1.17);0.325211287890277
(1.18);0.3406686494576365
(1.19);0.30857112609167436
(1.20);0.324950909530288
(1.21);0.27187814447913017
(1.22);0.2371112032941486
(1.23);0.19816907917012555
(1.24);0.19351521167638694
(1.25);0.25768727610369535
(1.26);0.281273538781861
(1.27);0.28326927738335145
(1.28);0.19297603229189564
(1.29);0.18968553928843404
(1.30);0.2440189965396843
(1.31);0.34074322414657343
(2.3);0.3987161285875143
(2.4);0.41453271954377663
(2.5);0.4248570164808505
(2.6);0.4599852345748114
(2.7);0.38973509731370076
(2.8);0.3716020222270957
(2.9);0.34591486889269296
(2.10);0.3227652080718011
(2.11);0.3053857067613962
(2.12);0.39997843497360785
(2.13);0.2878230180328849
(2.14);0.28114929459982596
(2.15);0.2011144512272195
(2.16);0.24813093546041895
(2.17);0.34030351107827594
(2.18);0.3104602281199043
(2.19);0.275086601724403
(2.20);0.2797582314384649
(2.21);0.22545503131661218
(2.22);0.18803960841599504
(2.23);0.1444846496167623
(2.24);0.1486708554975584
(2.25);0.22324853819714985
(2.26);0.2561580792163952
(2.27);0.28283921220922914
(2.28);0.20238469028543613
(2.29);0.16465662506863035
(2.30);0.21602568071120193
(2.31);0.3381374720321611
(3.4);0.45324357736499427
(3.5);0.40540558481626554
(3.6);0.4106016040571201
(3.7);0.3051685283368005
(3.8);0.29993128515231254
(3.9);0.26198924640457233
(3.10);0.2395867906445577
(3.11);0.2404873713823303
(3.12);0.3547066161850421
(3.13);0.3902051704396483
(3.14);0.37052604709483267
(3.15);0.28787703518283786
(3.16);0.30300431217021884
(3.17);0.36971127416736854
(3.18);0.2744002180908783
(3.19);0.23896945222723992
(3.20);0.22440544702920806
(3.21);0.17194543971936943
(3.22);0.13141402715896475
(3.23);0.07954187361040672
(3.24);0.1019960550718898
(3.25);0.1907849753631704
(3.26);0.23531496865872847
(3.27);0.2983710873345779
(3.28);0.24490572188713802
(3.29);0.15232322744487467
(3.30);0.1946389534422527
(3.31);0.33800579576218376
(4.5);0.45302987312630444
(4.6);0.4479637488074235
(4.7);0.3430903534922303
(4.8);0.34231156804823
(4.9);0.3007651551487457
(4.10);0.2795934435940472
(4.11);0.2853258982456041
(4.12);0.4007804108279396
(4.13);0.3624543332981652
(4.14);0.36703314714039315
(4.15);0.28702423166773694
(4.16);0.32679355076010874
(4.17);0.40893470322667175
(4.18);0.3216168955287109
(4.19);0.2860438256993207
(4.20);0.2707209841869591
(4.21);0.21855091375982197
(4.22);0.1778492844223405
(4.23);0.12521146211516965
(4.24);0.1488985476596378
(4.25);0.23760671891787297
(4.26);0.2812126077464683
(4.27);0.3383497230655555
(4.28);0.2737018556154199
(4.29);0.19659198957577242
(4.30);0.2403483229550521
(4.31);0.38373046290428575
(5.6);0.4838068189530351
(5.7);0.3929829128396978
(5.8);0.3964577903939006
(5.9);0.35133661350697865
(5.10);0.3312979792695235
(5.11);0.33934589801026993
(5.12);0.4609358378021162
(5.13);0.3149189506703223
(5.14);0.33302842250941805
(5.15);0.2593941892518595
(5.16);0.3237461440206717
(5.17);0.4219348774122559
(5.18);0.3720922948451057
(5.19);0.33524935692443614
(5.20);0.3238335345400226
(5.21);0.27053225806783543
(5.22);0.2298767274732191
(5.23);0.17787024893511305
(5.24);0.19872862355914628
(5.25);0.28460611987164214
(5.26);0.324614565114144
(5.27);0.36307211957453345
(5.28);0.2810651920493951
(5.29);0.23522418668725115
(5.30);0.28324335162039144
(5.31);0.42053653460999685
(6.8);0.3947020097609337
(6.9);0.3563199811668246
(6.10);0.33418564504772413
(6.11);0.3308025363903722
(6.12);0.4437263419386551
(6.13);0.3064065364040656
(6.14);0.3134195307039235
(6.15);0.236117256192273
(6.16);0.29289683736415684
(6.17);0.38846604992392403
(6.18);0.3502464281453373
(6.19);0.3136240728260764
(6.20);0.31007924356896144
(6.21);0.2555851152026817
(6.22);0.2160717812651002
(6.23);0.1675213429966121
(6.24);0.1808992809315787
(6.25);0.2618886080522437
(6.26);0.2986288166970611
(6.27);0.33065543643735557
(6.28);0.24889350786879563
(6.29);0.2076960151839541
(6.30);0.2576230190843639
(6.31);0.38718294112785606
(7.8);0.4848880039150672
(7.9);0.4643001245864303
(7.10);0.4417679046647385
(7.11);0.41538403516040023
(7.12);0.43243822509303553
(7.13);0.20357515761433218
(7.14);0.22107191682168933
(7.15);0.15198566562459978
(7.16);0.23282895200828527
(7.17);0.3268377133248578
(7.18);0.3853259227800974
(7.19);0.35753851449057494
(7.20);0.3825654700109921
(7.21);0.3297868309585781
(7.22);0.29569049258903984
(7.23);0.2567938143249433
(7.24);0.250528878032245
(7.25);0.3084329481447637
(7.26);0.32379001671221275
(7.27);0.30295097856287484
(7.28);0.20750455607364687
(7.29);0.23431611777887215
(7.30);0.28995938924070275
(7.31);0.3578008814861737
(8.9);0.45943254005074624
(8.10);0.44457864485130233
(8.12);0.4476098698053369
(8.13);0.20563026592092717
(8.14);0.23067671889685115
(8.15);0.16623152076193917
(8.16);0.2539112586826653
(8.17);0.34457323623077685
(8.18);0.4196768869271627
(8.19);0.39126555558062615
(8.20);0.41313294461845224
(8.21);0.3575920943994148
(8.22);0.3207834306932354
(8.23);0.2767434966442247
(8.24);0.2782888451119221
(8.25);0.34108436538462833
(8.26);0.35654364949988454
(8.27);0.32943292097449994
(8.28);0.23324562140429822
(8.29);0.26694274187331507
(8.30);0.32269002995125634
(8.31);0.38219021580014506
(9.10);0.4867641918371732
(9.11);0.4366002322118972
(9.12);0.3953249699461457
(9.13);0.16267080749149526
(9.14);0.18405545206801116
(9.15);0.11867780184239309
(9.16);0.2061798369077694
(9.17);0.2954857067610232
(9.18);0.3809683424699969
(9.19);0.3626755798104489
(9.20);0.4010450746682953
(9.21);0.35492758433134003
(9.22);0.32565772591097597
(9.23);0.2927775190028349
(9.24);0.2769073071876548
(9.25);0.3201275517881347
(9.26);0.3235878688150091
(9.27);0.2835893079274317
(9.28);0.1880661176706711
(9.29);0.24088272127256294
(9.30);0.29596591674476164
(9.31);0.332792026264427
(10.11);0.4512986674706484
(10.12);0.3782280470808552
(10.13);0.14167235636024753
(10.14);0.1659132710119556
(10.15);0.10289870849438307
(10.16);0.19450786752097704
(10.17);0.28097743637107825
(10.18);0.380541777966271
(10.19);0.3684128802696555
(10.20);0.41485781517537457
(10.21);0.37380705067706277
(10.22);0.3475481706859789
(10.23);0.3178408411867154
(10.24);0.29649011363247335
(10.25);0.3305385962899309
(10.26);0.32678121405408683
(10.27);0.2760063683264875
(10.28);0.1807827728515546
(10.29);0.24875648574951767
(10.30);0.30316848931985235
(10.31);0.32172218110195905
(11.12);0.3918170409753015
(11.13);0.1549943431490746
(11.14);0.18989279751758742
(11.15);0.1352104071104146
(11.16);0.23504446847278412
(11.17);0.3119784317871908
(11.18);0.4355046818834878
(11.19);0.43033446467876874
(11.21);0.42559187765641227
(11.22);0.38865929962402335
(11.23);0.3425909648799985
(11.24);0.34335425772820255
(11.25);0.39135598243740055
(11.26);0.384995621330234
(11.27);0.32184691362447476
(11.28);0.22919732348367433
(11.29);0.3080335372219518
(11.30);0.3628258441855979
(11.31);0.35943481819382733
(12.13);0.2671282170069672
(12.14);0.2935847808324081
(12.15);0.22715519071903956
(12.16);0.3086500794592356
(12.17);0.4054034827703914
(12.18);0.4187992552168481
(12.19);0.3808904359234549
(12.20);0.37542224942675145
(12.21);0.32072198619896625
(12.22);0.2801771820217356
(12.23);0.228789452152633
(12.24);0.24662418564938254
(12.25);0.3281629510404196
(12.26);0.3616984871797252
(12.27);0.3718397594851643
(12.28);0.27843042085847536
(12.29);0.2690175937301653
(12.30);0.32114152596881873
(12.31);0.4337798280832725
(13.15);0.3734545106980887
(13.16);0.32608489739941143
(13.17);0.33388046221791806
(13.18);0.2066434246341764
(13.19);0.17551039884962805
(13.20);0.14709641985258012
(13.21);0.09965870448698089
(13.22);0.058650552561858624
(13.23);0.001570624558174477
(13.24);0.039448098256429726
(13.25);0.13518563284542578
(13.26);0.18546692052125693
(13.27);0.2726252377026016
(13.28);0.26309420470980827
(13.29);0.11921685791764408
(13.30);0.14884152586211088
(13.31);0.2861261679646377
(14.15);0.4267101249175114
(14.16);0.3985636251915276
(14.17);0.3834732943984925
(14.18);0.251167559002128
(14.19);0.22390920830648717
(14.20);0.18826447484673803
(14.21);0.14548433586962914
(14.22);0.10514473558758258
(14.23);0.04587881451856374
(14.24);0.09194162070146328
(14.25);0.1890221783732411
(14.26);0.23983488333989436
(14.27);0.33265273753512364
(14.29);0.1819310863771086
(14.30);0.20621636517201966
(14.31);0.33392826819652016
(15.16);0.3951094826037233
(15.17);0.32727600276063323
(15.18);0.2038948011987113
(15.19);0.18322645248239183
(15.20);0.14015564314344744
(15.21);0.1046580047218515
(15.22);0.06646368727696354
(15.23);0.005728189906221192
(15.24);0.06260484539341253
(15.25);0.15835451814466453
(15.26);0.20782551405397448
(15.27);0.3027357446829942
(15.28);0.34828852019039636
(15.29);0.17066404909190205
(15.30);0.18163668572554068
(15.31);0.2832306565559733
(16.17);0.41228144642650805
(16.18);0.30827986326352985
(16.19);0.29185814096517404
(16.20);0.2451354995768908
(16.21);0.21380147217345494
(16.22);0.17649936241191685
(16.23);0.1154669359360766
(16.24);0.17440986411287712
(16.25);0.27033298929717753
(16.26);0.31873267362282237
(16.27);0.4134719337346009
(16.29);0.2804771700434102
(16.30);0.29355608151229734
(16.31);0.38165775673819513
(17.18);0.37650963042165025
(17.19);0.3472518357681759
(17.20);0.3122852738529468
(17.21);0.2685639475739588
(17.22);0.2276359292105652
(17.23);0.16863597793466314
(17.24);0.21077269391648037
(17.25);0.30757603271796513
(17.26);0.3570711713774168
(17.27);0.4372135983708926
(17.28);0.36738024834887106
(17.29);0.2829160466970761
(17.30);0.3188020607798769
(18.20);0.44907605003945605
(18.21);0.401215387620408
(18.22);0.35824260845066086
(18.23);0.2993423819007152
(18.24);0.33304332276799303
(18.25);0.42274835627211915
(18.26);0.4492764849611389
(18.27);0.3972800679709729
(18.28);0.3039483680179026
(18.29);0.35420691308519964
(18.30);0.41010259907924945
(18.31);0.4300433950482003
(19.20);0.46289769058442937
(19.21);0.43183579960498875
(19.22);0.3887769840536157
(19.23);0.3269481073413167
(19.24);0.36879716962035336
(19.25);0.4649920801087749
(19.26);0.47052499408962567
(19.27);0.38238865736904576
(19.28);0.2980546323581573
(19.29);0.3832296749041824
(19.30);0.44159997253487315
(19.31);0.39882559623467295
(20.21);0.4612499844765629
(20.22);0.4158427578127197
(20.23);0.36028324407924783
(20.24);0.37557232973141913
(20.25);0.4296170305134177
(20.26);0.4129538561209062
(20.27);0.33485383102071475
(20.28);0.24677696317299846
(20.29);0.3423338253119445
(20.30);0.39660609275957265
(20.31);0.36259353209508555
(21.22);0.4799652007305839
(21.23);0.40957335840639303
(21.24);0.4331660718845002
(21.26);0.396838513055275
(21.27);0.3037080961528278
(21.28);0.22632054410119568
(21.29);0.3601813883665041
(21.30);0.40298059673375014
(21.31);0.3187648156051223
(22.23);0.45379312229079866
(22.24);0.46325297740397176
(22.25);0.413002143313784
(22.26);0.3604103005820721
(22.27);0.26565314835155285
(22.28);0.19330513916926592
(22.29);0.3444473610403603
(22.30);0.37543840691165553
(22.31);0.27740700307513194
(23.25);0.3496668179005083
(23.26);0.2988802533011026
(23.27);0.20475895525239143
(23.28);0.13305350522469087
(23.29);0.291539372230475
(23.30);0.31553983292251564
(23.31);0.21817076445850006
(24.25);0.4133277670738197
(24.26);0.35468615792392705
(24.27);0.25934682869322634
(24.28);0.2008392908834706
(24.29);0.37249873454183496
(24.30);0.38389085307607246
(24.31);0.2590052261810002
(25.26);0.4577424521259834
(25.27);0.357135959854868
(25.28);0.2905396564852541
(25.29);0.42681558918074525
(25.31);0.35570646409757517
(26.27);0.40521525169829353
(26.28);0.33162903787113257
(26.29);0.40798386883509286
(26.30);0.45888676893018127
(26.31);0.40387744525817587
(27.28);0.40440310991764633
(27.29);0.34667801943741156
(27.30);0.3743733940539378
(27.31);0.45511373519656184
(28.29);0.31917025319449394
(28.30);0.3179214871301564
(28.31);0.3568130147795226
(29.30);0.44453309981890016
(29.31);0.3199304748990945
(30.31);0.3626245115281097
