
****Importance edges******

(0.5);22.57803885742056
(0.6);17.47915181984527
(0.7);15.153158575129698
(0.8);18.140198222998933
(0.10);12.779955709707973
(0.11);16.456555124753617
(0.12);26.545491390319047
(0.13);10.444970554402694
(0.14);13.404818911502007
(0.15);10.778330288709572
(0.16);19.718794427401406
(0.17);40.77942118620202
(0.18);31.94702891646234
(0.19);24.271169390716285
(0.20);17.442985122141245
(0.21);13.624282153553047
(0.22);11.146323259021651
(0.23);8.77213607704373
(0.24);10.458228667611554
(0.25);17.761694478473146
(0.31);139.19309730402315
(1.2);0.0
(1.3);0.0
(1.4);0.0
(1.5);0.7827525588392612
(1.6);1.1049253586441876
(1.7);1.3818280845093451
(1.8);1.0154385257539489
(1.9);0.0
(1.10);0.6996946076503372
(1.11);0.6334127148872483
(1.12);1.0430346216499486
(1.13);0.3504191985299877
(1.14);0.3679335644203809
(1.15);0.29472290480932317
(1.16);0.37621767146250185
(1.17);0.622477620371037
(1.18);0.6982248269783997
(1.19);0.604044290162184
(1.20);0.6853944512787954
(1.21);0.5251689785011424
(1.22);0.4712935170675158
(1.23);0.42391671991621
(1.24);0.4310139097778683
(1.25);0.5794378458103239
(1.26);0.0
(1.27);0.0
(1.28);0.0
(1.29);0.0
(1.30);0.0
(1.31);0.8888588785847996
(2.3);0.0
(2.4);0.0
(2.5);0.9460219936705726
(2.6);1.7161948461034795
(2.7);0.7026862585191344
(2.8);0.6467126641431984
(2.9);0.0
(2.10);0.4724640924848401
(2.11);0.4752896718984677
(2.12);0.874222417834056
(2.13);0.43587175921395177
(2.14);0.4363022434283152
(2.15);0.33090228036053293
(2.16);0.40453746244371797
(2.17);0.67963878748118
(2.18);0.5896022084404313
(2.19);0.5156481456611047
(2.20);0.5474430010173919
(2.21);0.43750805568119067
(2.22);0.39789387884361904
(2.23);0.3604240934074959
(2.24);0.3764500361208104
(2.25);0.508343766490131
(2.26);0.0
(2.27);0.0
(2.28);0.0
(2.29);0.0
(2.30);0.0
(2.31);0.8750841539461496
(3.4);0.0
(3.5);0.7633508139549701
(3.6);0.8570268001050985
(3.7);0.40378265464175644
(3.8);0.419391244799342
(3.9);0.0
(3.10);0.323192450692291
(3.11);0.3577429666143638
(3.12);0.6117781920922942
(3.13);0.8256900321222439
(3.14);0.7277381850628988
(3.15);0.46444607746313504
(3.16);0.5152983845138948
(3.17);0.8269503962446015
(3.18);0.49696704491972143
(3.19);0.44520403424615607
(3.20);0.43884282710104466
(3.21);0.36678853486619767
(3.22);0.33720082349367964
(3.23);0.30507959785713124
(3.24);0.33258429626006697
(3.25);0.4555692664151688
(3.26);0.0
(3.27);0.0
(3.28);0.0
(3.29);0.0
(3.30);0.0
(3.31);0.8743991905671817
(4.5);1.4262938517096735
(4.6);1.3897339426225168
(4.7);0.499392128096727
(4.8);0.5297216429368903
(4.9);0.0
(4.10);0.3811905343198131
(4.11);0.43152038616763805
(4.12);0.8808536062451553
(4.13);0.6655463763276975
(4.14);0.7093601959773893
(4.15);0.4626150158723253
(4.16);0.5844397564340338
(4.17);1.1573830941567402
(4.18);0.625594567586189
(4.19);0.5416090587889466
(4.20);0.5262111567991492
(4.21);0.4268966299121854
(4.22);0.38541668780006455
(4.23);0.3420178139374696
(4.24);0.376692295736358
(4.25);0.535765714419421
(4.26);0.0
(4.27);0.0
(4.28);0.0
(4.29);0.0
(4.30);0.0
(4.31);1.1977450929087938
(5.6);4.5124873498259275
(5.7);1.3090262125862504
(5.8);1.393622035657458
(5.9);0.47064732128429765
(5.10);0.8802098169227408
(5.11);0.9726836594881032
(5.12);3.1080576610826975
(5.13);0.847649450567561
(5.14);0.9525612729374139
(5.15);0.6802278410968486
(5.16);0.9370691060058579
(5.17);2.056596709533713
(5.18);1.3438429878996452
(5.19);1.0803233942463235
(5.20);1.0376056991311016
(5.21);0.7996395891776338
(5.22);0.6951809748923244
(5.23);0.5958898978139123
(5.24);0.6495503541484987
(5.25);0.939909692979411
(5.26);0.4200352975142439
(5.27);0.5351230420603493
(5.28);0.3375094539430641
(5.29);0.27956083863988157
(5.30);0.34086335427324427
(5.31);2.3685875945587265
(6.8);1.4133010820362926
(6.9);0.5186184905827315
(6.10);0.9223438432387344
(6.11);0.952261940520182
(6.12);2.472190837833472
(6.13);0.8351505447160783
(6.14);0.8803433683205363
(6.15);0.6388469047344187
(6.16);0.823803235875864
(6.17);1.5413139947035295
(6.18);1.188749171469496
(6.19);0.9840363949143502
(6.20);0.9891155111101649
(6.21);0.7707246344957428
(6.22);0.6782894421746181
(6.23);0.5915893145640803
(6.24);0.6283471614875704
(6.25);0.8719164254926555
(6.26);0.390852675286614
(6.27);0.463455771648501
(6.28);0.31421129764296846
(6.29);0.27024179529066733
(6.30);0.32542179271347005
(6.31);1.7867052686571
(7.8);4.813319839814322
(7.9);1.7913685052601982
(7.10);2.3407501720456847
(7.11);1.8058523041842578
(7.12);2.1416496484219905
(7.13);0.5503011183641237
(7.14);0.5944157737942614
(7.15);0.48618205182012686
(7.16);0.6422389337564324
(7.17);1.0203771108357529
(7.18);1.5238629210398336
(7.19);1.2713262336746303
(7.20);1.5562946904159882
(7.21);1.0937438969951048
(7.22);0.935319294616889
(7.23);0.8042608335188255
(7.24);0.8001834177602208
(7.25);1.0762629450593377
(7.26);0.44572732012024374
(7.27);0.3993041133791736
(7.28);0.2700660680311172
(7.29);0.29711258321798395
(7.30);0.3749287083821977
(7.31);1.4452545002306885
(8.9);1.7220426497867265
(8.10);2.5002077856515768
(8.11);2.5802516334619496
(8.12);2.677853447771511
(8.13);0.5709517655634011
(8.14);0.6336462209791244
(8.15);0.5216249002255358
(8.16);0.7162151918351082
(8.18);2.137526685969755
(8.19);1.6734755683159963
(8.20);2.08382248043828
(8.21);1.3280536739017625
(8.22);1.0881525175503663
(8.23);0.8961061900371059
(8.24);0.9197319512119321
(8.25);1.3160377384650719
(8.26);0.5808527094526592
(8.27);0.4905663135239781
(8.28);0.31557514946241777
(8.29);0.3607327919964371
(8.30);0.4722675325958698
(8.31);1.7568908798310128
(9.10);3.2374788006974624
(9.11);1.307461666991333
(9.12);0.7987625016791953
(9.13);0.2623374309851547
(9.14);0.28898042226904147
(9.15);0.24742131785138197
(9.16);0.330852321097599
(9.17);0.5085981785116406
(9.18);0.8806894525876829
(9.19);0.7947302521563858
(9.20);1.125851055977649
(9.21);0.7777341494073656
(9.22);0.6718707362411859
(9.23);0.5849861505384197
(9.24);0.5616934091681589
(9.25);0.7388632694920413
(9.26);0.0
(9.27);0.0
(9.28);0.0
(9.29);0.0
(9.30);0.0
(9.31);0.8083853667959238
(10.11);2.87680995164269
(10.12);1.3153261868666362
(10.13);0.47011325316584857
(10.14);0.5123354945192152
(10.15);0.43914959806688353
(10.16);0.5790755519421354
(10.17);0.8353165526656459
(10.18);1.5065426540014497
(10.19);1.4050120661898737
(10.20);2.1197751618355167
(10.21);1.4858140584001898
(10.22);1.2691302829985565
(10.23);1.0905002518225906
(10.24);0.9992898953909035
(10.25);1.2383645179669935
(10.26);0.483205142502191
(10.27);0.3751592106310157
(10.28);0.2640467618474334
(10.29);0.33487818674251224
(10.30);0.4261839973509319
(10.31);1.194272250734026
(11.12);1.5374473059839457
(11.13);0.5120164470206665
(11.14);0.5780283347380092
(11.15);0.5003505866899131
(11.16);0.6971272164319986
(11.17);1.01142097717561
(11.18);2.6576357945350595
(11.19);2.5486955259597326
(11.21);2.4493215065292966
(11.22);1.7652785157962483
(11.23);1.3035307172733135
(11.24);1.3340054511026365
(11.25);1.936213716423314
(11.26);0.792149463271668
(11.27);0.518370040686008
(11.28);0.34296132611774655
(11.29);0.4817336608034978
(11.30);0.6686993021058352
(12.13);0.7415466271962788
(12.14);0.8474227507149893
(12.15);0.6559496553663688
(12.16);0.9422335312351968
(12.17);1.8820642431569174
(12.18);2.1721132251598982
(12.19);1.5813591735370118
(12.20);1.5507682379540773
(12.21);1.0965486630095032
(12.22);0.9174119780628994
(12.23);0.7607406803467769
(12.24);0.8284918958059521
(12.25);1.2519191227919628
(12.26);0.6417011670668402
(12.27);0.6905939980483907
(12.28);0.4046934852780588
(12.29);0.38840898553186703
(12.30);0.4995555992746833
(12.31);2.9114612483464013
(13.14);2.5586253577538396
(13.15);1.392615732061773
(13.16);1.0481252983503349
(13.17);1.1376195150164494
(13.18);0.6639141371124259
(13.19);0.6124694305405338
(13.20);0.5763095082822741
(13.21);0.5067387390109234
(13.22);0.4683544243681482
(13.23);0.4224881594080314
(13.24);0.4655386310297346
(13.25);0.6092640134772688
(13.26);0.29524228638520944
(13.27);0.40713339999944714
(13.28);0.39095612152405407
(13.29);0.24414344072339347
(13.30);0.26462993787307953
(13.31);1.0395480940763622
(14.15);2.2805943596396467
(14.16);1.752815391710867
(14.17);1.6061017752221778
(14.18);0.7914785506338591
(14.19);0.7281804937090733
(14.20);0.6603988204327228
(14.21);0.5794860264345971
(14.22);0.5301805557145416
(14.23);0.4696681729556292
(14.24);0.5318483737664621
(14.25);0.7221724827239653
(14.26);0.36780445612316204
(14.27);0.5676494436986811
(14.28);0.5722364016681096
(14.29);0.3013661396655904
(14.30);0.3260819510524025
(14.31);1.3403543339633737
(15.16);1.728013987947064
(15.17);1.1286109676090643
(15.18);0.6772579126284088
(15.19);0.6453498968070015
(15.20);0.5813477822887286
(15.21);0.5276954659842351
(15.22);0.49006672906068915
(15.23);0.43773338322315214
(15.24);0.5032095827774659
(15.25);0.6668829233391736
(15.26);0.3384407564772188
(15.27);0.4988257219498893
(15.28);0.6446465632643132
(15.29);0.3005166596467231
(15.30);0.310803133382349
(15.31);1.052279203556931
(16.17);2.122019848415908
(16.18);1.0495093985204167
(16.19);0.9870759922444337
(16.20);0.8278096640580284
(16.21);0.7361220603476629
(16.22);0.6638838631613432
(16.23);0.5692805594848617
(16.24);0.682944162266575
(16.25);0.9964807376258572
(16.26);0.5590458358555561
(16.27);1.1297083452805443
(16.28);1.6802048650887391
(16.29);0.4632815691082557
(16.30);0.49213535751574783
(16.31);1.8785464019784894
(17.18);1.642841271772329
(17.19);1.3723902436589424
(17.20);1.1511540414566754
(17.21);0.9368115294753873
(17.22);0.8126259889488849
(17.23);0.6812431077392811
(17.24);0.7922236719087035
(17.25);1.2185141932141408
(17.26);0.7566049247503495
(17.27);1.6077318326091292
(17.28);0.8130308166786826
(17.29);0.5034060325704977
(17.30);0.6009787298272729
(18.20);3.5241737025924587
(18.21);2.0922019450995193
(18.22);1.5369831779608945
(18.23);1.1237575197944003
(18.24);1.3619500567030374
(18.25);2.778212663092362
(18.26);1.956057075409183
(18.27);1.0606713847220022
(18.28);0.5704272792312834
(18.29);0.7608052104425767
(18.30);1.1993933809631656
(18.31);3.0330520547440933
(19.20);4.347724090252916
(19.22);1.947928336347785
(19.23);1.3151623205404197
(19.24);1.7312862160676266
(19.25);4.744952872026315
(19.26);2.942699909093822
(19.27);0.9663194681859895
(19.28);0.5732139906798774
(19.29);0.9728986453950795
(19.30);1.8069956181516502
(19.31);2.2784575872083583
(20.21);4.267729698145166
(20.23);1.636615468159656
(20.24);1.8495805516742634
(20.25);3.0820150943706848
(20.26);1.3266994051771812
(20.27);0.7253067258841435
(20.28);0.4771311869857846
(20.29);0.758624798067274
(20.30);1.1329824482009074
(20.31);1.7637455038396228
(21.22);5.714878643488502
(21.23);2.392049556714414
(21.24);3.0911313340968136
(21.25);3.6407731147139537
(21.26);1.1256480577369725
(21.27);0.6085415711946128
(21.28);0.4388754320151817
(21.29);0.8452020776077852
(21.30);1.1911083287908308
(21.31);1.3567229837910524
(22.23);3.97182197288336
(22.24);4.599757534049286
(22.25);2.628789806512747
(22.26);0.8736458355397689
(22.27);0.5278275019050171
(22.28);0.404661512812269
(22.29);0.7873068683389519
(22.30);0.9737123345476616
(22.31);1.1306735505844436
(23.24);2.984425295328499
(23.25);1.6459312204055125
(23.26);0.632129019256027
(23.27);0.4332776408723127
(23.28);0.349276277379023
(23.29);0.6103514322771616
(23.30);0.687740285243726
(23.31);0.9117839210763266
(24.25);2.709243737537579
(24.26);0.8938599986944505
(24.27);0.5472181642163341
(24.28);0.4414563529228014
(24.29);1.0123541874926338
(24.30);1.1055566292022712
(24.31);1.0779485855038728
(25.26);2.718533809703557
(25.27);0.9675836076093617
(25.28);0.6684014834395249
(25.29);1.77869925067486
(25.31);1.8064367868743108
(26.27);0.0
(26.28);0.0
(26.29);0.0
(26.30);0.0
(26.31);1.4265399751582368
(27.28);0.0
(27.29);0.0
(27.30);0.0
(27.31);2.6563955429679047
(28.29);0.0
(28.30);0.0
(28.31);0.9841744509343635
(29.30);0.0
(29.31);0.7894235056926302
(30.31);1.0237486066557715

****Importance nodes******

0; 0.05238095238095238
1; DISCONNECTED
2; DISCONNECTED
3; DISCONNECTED
4; DISCONNECTED
5; 0.0016897081413210445
6; 0.0018023553507424475
7; 0.0018023553507424475
8; 0.0019225123741252773
9; DISCONNECTED
10; 0.0019225123741252776
11; 0.0021213929645520304
12; 0.002052960933437449
13; 0.0021191854796773664
14; 0.0021875463016024425
15; 0.0022581123113315535
16; 0.002330954643955152
17; 0.0025057943528427437
18; 0.0025698780986469203
19; 0.002658494584807159
20; 0.0027656318164934364
21; 0.002747728429151599
22; 0.002835748135733776
23; 0.00292496206529808
24; 0.0030193156803076954
25; 0.0032206033923282084
26; DISCONNECTED
27; DISCONNECTED
28; DISCONNECTED
29; DISCONNECTED
30; DISCONNECTED
31; 0.0032831557877510235
