
****Mix criterion 0.5*C(weight)+0.5*C(distance) ******

(0.5);0.4759197998612182
(0.6);0.4265049903269963
(0.7);0.3973391659335463
(0.8);0.4335522193965618
(0.10);0.3591294811140661
(0.11);0.41341981796231586
(0.12);0.5053195228060229
(0.13);0.3081284001326814
(0.14);0.3692134494737813
(0.15);0.31585686909636235
(0.16);0.44892370188627234
(0.17);0.587239277798695
(0.18);0.5391018762384794
(0.19);0.48743911650665417
(0.20);0.42358628666319054
(0.21);0.37106287318427056
(0.22);0.3222486385289358
(0.23);0.254307813874533
(0.24);0.3046706786001291
(0.25);0.42626971364898975
(0.31);0.9824127216643568
(1.2);0.4395648423229701
(1.3);0.34371603677550117
(1.4);0.3719146514821577
(1.5);0.4078908653793989
(1.6);0.432116214727456
(1.7);0.4477746111985399
(1.8);0.420280178527229
(1.9);0.4039579470053061
(1.10);0.3816907572273098
(1.11);0.35485590075400103
(1.12);0.41718849010206166
(1.13);0.23532572965799117
(1.14);0.2398772733877647
(1.15);0.16414324162563707
(1.16);0.22890199910764822
(1.17);0.3251280446343316
(1.18);0.34057204924201506
(1.19);0.3085556279786141
(1.20);0.324915486282991
(1.21);0.2718009083805954
(1.22);0.23709656855072994
(1.23);0.19810503126395637
(1.24);0.19350020092393475
(1.25);0.2576881644800806
(1.26);0.281273538781861
(1.27);0.28326927738335145
(1.28);0.19297603229189564
(1.29);0.18968553928843404
(1.30);0.2440189965396843
(1.31);0.34069001463960114
(2.3);0.3987161285875143
(2.4);0.41453271954377663
(2.5);0.4248605660509194
(2.6);0.45979249960025215
(2.7);0.38981928465693283
(2.8);0.3715293940233962
(2.9);0.34591486889269296
(2.10);0.3227652120246945
(2.11);0.30532888594474433
(2.12);0.39987033619964474
(2.13);0.28776743748482125
(2.14);0.2810901670741331
(2.15);0.2011093760779269
(2.16);0.24807616496430684
(2.17);0.34021262372154976
(2.18);0.3103786559696949
(2.19);0.2750733716129842
(2.20);0.27972993793715356
(2.21);0.22539068742601379
(2.22);0.18802725289949873
(2.23);0.1444301945612499
(2.24);0.14865774501974172
(2.25);0.22324931757426678
(2.26);0.2561580792163952
(2.27);0.28283921220922914
(2.28);0.20238469028543613
(2.29);0.16465662506863035
(2.30);0.21602568071120193
(2.31);0.33808508711762336
(3.4);0.45324357736499427
(3.5);0.4054084489856183
(3.6);0.4105053568047234
(3.7);0.3052169046762057
(3.8);0.29988418597760036
(3.9);0.26198924640457233
(3.10);0.23958679334856278
(3.11);0.24044460325856004
(3.12);0.3546309689914293
(3.13);0.39009988189193695
(3.14);0.37042742427342135
(3.15);0.2878699118315605
(3.16);0.30293454570657635
(3.17);0.369600686989234
(3.18);0.27433146212311393
(3.19);0.23895802951773004
(3.20);0.2243827663116156
(3.21);0.1718914964809451
(3.22);0.13140355630088232
(3.23);0.07949578033656382
(3.24);0.1019844722889972
(3.25);0.19078567382803774
(3.26);0.23531496865872847
(3.27);0.2983710873345779
(3.28);0.24490572188713802
(3.29);0.15232322744487467
(3.30);0.1946389534422527
(3.31);0.3379534518514145
(4.5);0.45303522472489244
(4.6);0.4478076765894678
(4.7);0.3431501845989095
(4.8);0.3422520783652218
(4.9);0.3007651551487457
(4.10);0.279593446783296
(4.11);0.2852743100412023
(4.12);0.40067149209863956
(4.13);0.36236946560124267
(4.14);0.36693701489756175
(4.15);0.2870171364000102
(4.16);0.32671442321722516
(4.17);0.40877992764281
(4.18);0.3215303437938178
(4.19);0.2860299295023625
(4.20);0.2706937880112344
(4.21);0.21848813048144525
(4.22);0.17783731635121083
(4.23);0.12515978799186642
(4.24);0.14888542874474048
(4.25);0.23760754033748185
(4.26);0.2812126077464683
(4.27);0.3383497230655555
(4.28);0.2737018556154199
(4.29);0.19659198957577242
(4.30);0.2403483229550521
(4.31);0.3836587626294641
(5.6);0.4835534533915946
(5.7);0.3930662347827637
(5.8);0.3963769385392998
(5.9);0.3513383794232637
(5.10);0.33129952808115676
(5.11);0.339282788239998
(5.12);0.4607302947157557
(5.13);0.31486022338342545
(5.14);0.33295714711667224
(5.15);0.25938931416694194
(5.16);0.3236740694227019
(5.17);0.42177372365800936
(5.18);0.37198212508778217
(5.19);0.335233985222032
(5.20);0.3238017225986563
(5.21);0.27046057945306246
(5.22);0.22986417453557728
(5.23);0.17781400258909963
(5.24);0.19871499361356457
(5.25);0.2846082785954903
(5.26);0.32461614112900405
(5.27);0.3630741274102349
(5.28);0.2810664584189549
(5.29);0.2352252356277535
(5.30);0.2832446305741241
(5.31);0.4204459425060326
(6.7);0.4012918329116946
(6.8);0.3945432908668004
(6.9);0.3562617384085414
(6.10);0.33413552841970595
(6.11);0.33069186321387467
(6.12);0.4434337672556808
(6.13);0.3063058805029686
(6.14);0.3133094593398952
(6.15);0.23607996119561134
(6.16);0.2927935956260461
(6.17);0.3882737471771216
(6.18);0.35009472750688925
(6.19);0.31356437552936056
(6.20);0.3100044648213814
(6.21);0.2554823791782795
(6.22);0.2160293024586009
(6.23);0.1674407095307323
(6.24);0.18085920006789818
(6.25);0.2618543293937087
(6.26);0.29858492250835705
(6.27);0.3306033886546922
(6.28);0.24885822078784736
(6.29);0.2076656660393576
(6.30);0.25758647302370996
(6.31);0.3870427771244314
(7.8);0.48488804418593767
(7.9);0.46451474462969866
(7.10);0.44190361168714976
(7.11);0.4153666953390533
(7.12);0.4324171630896496
(7.13);0.20356753875099198
(7.14);0.2210599210745917
(7.15);0.15200737402616804
(7.16);0.23281346786600068
(7.17);0.3268094903140336
(7.18);0.3852772644947103
(7.19);0.35758061607135533
(7.20);0.3825903408763976
(7.21);0.3297415990068594
(7.22);0.29571628082711565
(7.23);0.2567553674480659
(7.24);0.25054726323178417
(7.26);0.3238434183526062
(7.27);0.302998818337795
(7.28);0.20753691211375586
(7.29);0.23435171420433043
(7.30);0.29000430865029336
(7.31);0.35780639413884185
(8.9);0.45923914834638924
(8.10);0.4444382640590207
(8.11);0.4431847266093107
(8.12);0.44729344478379607
(8.13);0.2055615919186001
(8.14);0.23059772843931
(8.15);0.16620026056648315
(8.16);0.25382176365273745
(8.17);0.3444286447500562
(8.18);0.4194049846157353
(8.19);0.3911617663380228
(8.20);0.4129734440426461
(8.21);0.3574157848918815
(8.22);0.32071391859924414
(8.23);0.27662189061670134
(8.24);0.27822909251965244
(8.25);0.3410303823225885
(8.26);0.3564784176106074
(8.27);0.32937782857856873
(8.28);0.23321018115778935
(8.29);0.26690223025795506
(8.30);0.3226369925755256
(8.31);0.3820510177660777
(9.10);0.4867642189236943
(9.11);0.4364439253446289
(9.12);0.395226201891978
(9.13);0.16263735531689683
(9.14);0.1840162895434085
(9.15);0.11867400706610778
(9.16);0.20613504267374
(9.17);0.295417692479125
(9.18);0.38084649806153653
(9.19);0.36265518922071743
(9.20);0.40098688729852444
(9.21);0.3548132037150879
(9.22);0.32563686278538795
(9.23);0.2926891357513147
(9.24);0.27688774531151167
(9.25);0.32012868459070404
(9.26);0.3235878688150091
(9.27);0.2835893079274317
(9.28);0.1880661176706711
(9.29);0.24088272127256294
(9.30);0.29596591674476164
(9.31);0.3327436341204689
(10.11);0.4511182606865861
(10.12);0.3781440630683536
(10.13);0.14164092625299338
(10.14);0.16587631863563493
(10.15);0.10289507215706335
(10.16);0.19446490480022663
(10.17);0.2809142296460116
(10.18);0.38042254959296
(10.19);0.36839196504667493
(10.20);0.41479319291963646
(10.21);0.37367849153276256
(10.22);0.3475246884225288
(10.23);0.3177414291289941
(10.24);0.29646885393269745
(10.25);0.33053978907452414
(10.26);0.32678121809684574
(10.27);0.27600637146527496
(10.28);0.18078277506071447
(10.29);0.248756488551292
(10.30);0.30316849288554115
(10.31);0.3216770953593178
(11.12);0.39163013814212544
(11.13);0.15493109336136346
(11.14);0.1898190079551166
(11.15);0.13517747556965934
(11.16);0.23495534568611245
(11.17);0.31184975036641066
(11.18);0.43515958996224785
(11.19);0.4301628652393608
(11.20);0.4849799087024548
(11.21);0.42526102475870003
(11.22);0.3885376285961606
(11.23);0.34241130076019227
(11.24);0.3432611588599832
(11.25);0.39126585002746284
(11.26);0.38490091996793924
(11.27);0.3217849425555012
(11.28);0.2291563225030467
(11.29);0.30797594602728895
(11.30);0.3627459012735451
(11.31);0.3593057274905547
(12.13);0.2670350681801454
(12.14);0.29347480753490046
(12.15);0.22711129643838743
(12.16);0.30852768984415196
(12.17);0.40516033767999676
(12.18);0.41851292050910116
(12.19);0.3807823389353508
(12.20);0.37529455124738886
(12.21);0.32057169902376104
(12.22);0.28011301981642267
(12.23);0.22868312219558776
(12.24);0.24656554692750263
(12.25);0.3281038601243195
(12.26);0.3616191399701415
(12.27);0.37175436661148314
(12.28);0.2783803799664815
(12.29);0.26896956643839637
(12.30);0.32107975524925536
(12.31);0.43353408888995565
(13.14);0.43868221750197206
(13.15);0.3733575200209652
(13.16);0.3259469216745977
(13.17);0.33373156824243333
(13.18);0.20655482249271437
(13.19);0.1754670129914028
(13.20);0.1470476746486394
(13.21);0.099588493277978
(13.22);0.05861668633393484
(13.23);0.0015109761781988374
(13.24);0.03941408932729698
(13.25);0.13515536332581848
(13.26);0.1854292724567931
(13.27);0.27257332175019444
(13.28);0.26304435161645273
(13.29);0.11918572576476953
(13.30);0.14880778135659956
(13.31);0.28603634984928933
(14.15);0.4265402784561003
(14.16);0.3983262011209222
(14.17);0.3832571716153344
(14.18);0.25105908751457634
(14.19);0.22385441263803635
(14.20);0.18820589150162237
(14.21);0.14540207794082866
(14.22);0.10510415250485108
(14.23);0.0458109824659044
(14.24);0.09190059895450309
(14.25);0.18898325080579514
(14.26);0.23978503861010686
(14.27);0.3325758098833126
(14.28);0.33395060578639557
(14.29);0.18189024534446566
(14.30);0.2061721746613605
(14.31);0.33380748172322766
(15.16);0.3949776063406588
(15.17);0.32718841038253527
(15.18);0.20384006790864004
(15.19);0.18321295339125918
(15.20);0.1401350947933973
(15.21);0.104611754617255
(15.22);0.06645188361522224
(15.23);0.0056879427997410525
(15.24);0.06259151662888353
(15.25);0.15835090351894157
(15.26);0.20782032328477232
(15.27);0.30272809404061385
(15.28);0.34827863304925616
(15.29);0.17065943997615055
(15.30);0.1816319188430012
(15.31);0.2831867573140571
(16.17);0.41199597186953996
(16.18);0.30813614033986164
(16.19);0.2917822130740623
(16.20);0.24506102394327206
(16.21);0.21369715710871956
(16.22);0.17644749690335476
(16.23);0.11538488827620302
(16.24);0.174356157870471
(16.25);0.2702772287471242
(16.26);0.318656984173459
(16.27);0.4133189820495845
(16.28);0.44501971078416175
(16.29);0.28041444615814537
(16.30);0.29348945110056085
(16.31);0.3814863929267791
(17.18);0.3762860902962672
(17.19);0.34714465851039916
(17.20);0.31218088274861644
(17.21);0.26843213243399233
(17.22);0.22757155349136093
(17.23);0.16853850748760016
(17.24);0.21070956825635384
(17.25);0.30750577843865684
(17.26);0.35696999142276553
(17.27);0.4369985981394726
(17.28);0.36727152262099033
(17.29);0.28284872675521416
(17.30);0.3187216925472086
(17.31);0.46859568955982284
(18.19);0.48518297101894414
(18.20);0.44874679633160813
(18.21);0.4009165042519825
(18.22);0.3581164789461835
(18.23);0.29917929087887457
(18.24);0.3329310618791578
(18.25);0.4225801382616952
(18.26);0.4490058621932977
(18.27);0.39713332285319897
(18.28);0.303869448741416
(18.29);0.35410165480085487
(18.30);0.40993666161220554
(18.31);0.4297573040601364
(19.20);0.4627284460438503
(19.21);0.4315839551565118
(19.22);0.38872158147480695
(19.23);0.3268279479783247
(19.24);0.3687443077726801
(19.25);0.46494101406481286
(19.26);0.470449492513605
(19.27);0.3823638642725557
(19.28);0.29803992526568085
(19.29);0.38320471300412295
(19.30);0.4415536100034403
(19.31);0.39872407263844917
(20.21);0.4608265354152007
(20.22);0.4157388284302963
(20.23);0.36011503909101045
(20.24);0.37549301007846925
(20.25);0.4295459819717005
(20.26);0.41288528830418303
(20.27);0.3348163449869874
(20.28);0.24675230359777406
(20.29);0.34229461730000715
(20.30);0.3965475368179964
(20.31);0.36249454578815643
(21.22);0.47946145587233513
(21.23);0.4092166074119911
(21.24);0.4328931098102285
(21.25);0.44443533055224194
(21.26);0.3966729650738406
(21.27);0.30361859852695994
(21.28);0.22625599911186986
(21.29);0.36005708530668856
(21.30);0.4028054215729655
(21.31);0.31862969311747
(22.23);0.4534277200980228
(22.24);0.46310119177367776
(22.25);0.4129660652047019
(22.26);0.36038317187739255
(22.27);0.265636758098388
(22.28);0.19329257350223053
(22.29);0.3444229133584113
(22.30);0.37540817091293366
(22.31);0.27735441454681836
(23.24);0.4272368658971032
(23.25);0.34954978320420915
(23.26);0.29878474741938105
(23.27);0.20469349304157494
(23.28);0.13300073444875848
(23.29);0.2914471566385247
(23.30);0.31543592495383077
(23.31);0.2180769941367115
(24.25);0.41328425588454387
(24.26);0.35465502781219993
(24.27);0.2593277709407639
(24.28);0.20082391645614509
(24.29);0.3724634776794515
(24.30);0.38385235028879255
(24.31);0.2589536261781895
(25.26);0.457746620098884
(25.27);0.3571374433244652
(25.28);0.2905406812579679
(25.29);0.42681831622804134
(25.31);0.35565324642879365
(26.27);0.40521525169829353
(26.28);0.33162903787113257
(26.29);0.40798386883509286
(26.30);0.45888676893018127
(26.31);0.4037920487002033
(27.28);0.40440310991764633
(27.29);0.34667801943741156
(27.30);0.3743733940539378
(27.31);0.45495471614351496
(28.29);0.31917025319449394
(28.30);0.3179214871301564
(28.31);0.35675409942347375
(29.30);0.44453309981890016
(29.31);0.31988321786365015
(30.31);0.36256322715559997
