
****Mix criterion 0.5*C(weight)+0.5*C(distance) ******

(0.5);0.47590594735242103
(0.6);0.42656174415177484
(0.7);0.3972713703688484
(0.8);0.43361562297839185
(0.10);0.35912333396607626
(0.11);0.4134886379875028
(0.12);0.5053109707831482
(0.13);0.30812512948749976
(0.14);0.3692093767010102
(0.15);0.31585369755922543
(0.16);0.4489180940495116
(0.17);0.5872281147920495
(0.18);0.539266422716859
(0.19);0.48743721764324643
(0.20);0.42360764137169427
(0.21);0.3710628253210344
(0.22);0.3222488074461639
(0.23);0.25430811531154696
(0.24);0.30467124464155354
(0.25);0.4262185297572544
(0.31);0.9824127216643568
(1.2);0.4395648423229701
(1.3);0.34371603677550117
(1.4);0.3719146514821577
(1.5);0.40789038513012765
(1.6);0.43224376977370343
(1.7);0.44761339427339525
(1.8);0.42039740301402406
(1.9);0.4039579470053061
(1.10);0.381692947408145
(1.11);0.3549335510391558
(1.12);0.4171959083733958
(1.13);0.23532822190958227
(1.14);0.23987989020503728
(1.15);0.16414533775402138
(1.16);0.22890467484315083
(1.17);0.3251322957646003
(1.18);0.34065767895043764
(1.19);0.3085619517069895
(1.20);0.3249401824515614
(1.21);0.27180701380364164
(1.22);0.23710204882885183
(1.23);0.198109964448719
(1.24);0.19350521669979898
(1.25);0.25766511917573837
(1.26);0.281273538781861
(1.27);0.28326927738335145
(1.28);0.19297603229189564
(1.29);0.18968553928843404
(1.30);0.2440189965396843
(1.31);0.3406987153944656
(2.3);0.3987161285875143
(2.4);0.41453271954377663
(2.5);0.42485998562947214
(2.6);0.45999062095863325
(2.7);0.38973730273804597
(2.8);0.3716040519748481
(2.9);0.34591486889269296
(2.10);0.32276669092961874
(2.11);0.30538715187103005
(2.12);0.3998765538447423
(2.13);0.28777053749215525
(2.14);0.2810932701431571
(2.15);0.20111172952128328
(2.16);0.2480790421158404
(2.17);0.3402172652266042
(2.18);0.31045096429108837
(2.19);0.2750787699237762
(2.20);0.2797496634318823
(2.21);0.22539577373513606
(2.22);0.1880318796746189
(2.23);0.14443438887244864
(2.24);0.14866212582732685
(2.25);0.22322909981166478
(2.26);0.2561580792163952
(2.27);0.28283921220922914
(2.28);0.20238469028543613
(2.29);0.16465662506863035
(2.30);0.21602568071120193
(2.31);0.33809365303612043
(3.4);0.45324357736499427
(3.5);0.40540798064007544
(3.6);0.4106042938888146
(3.7);0.3051697956336715
(3.8);0.29993260143771056
(3.9);0.26198924640457233
(3.10);0.23958780500408203
(3.11);0.24048845909333702
(3.12);0.35463532008057924
(3.13);0.39010575436497763
(3.14);0.3704326000932886
(3.15);0.28787321506517444
(3.16);0.3029382106119927
(3.17);0.3696063345398369
(3.18);0.27439240974558143
(3.19);0.2389626903504373
(3.20);0.22439857871922084
(3.21);0.17189576063070555
(3.22);0.13140747732722524
(3.23);0.07949933059526519
(3.24);0.10198834262414917
(3.25);0.19076755500395784
(3.26);0.23531496865872847
(3.27);0.2983710873345779
(3.28);0.24490572188713802
(3.29);0.15232322744487467
(3.30);0.1946389534422527
(3.31);0.3379620110650244
(4.5);0.45303434963789957
(4.6);0.4479681105734795
(4.7);0.3430919208653556
(4.8);0.34231323061241614
(4.9);0.3007651551487457
(4.10);0.2795946399841493
(4.11);0.28532721027551794
(4.12);0.4006777569060785
(4.13);0.3623741991004982
(4.14);0.36694206000948626
(4.15);0.287020426610747
(4.16);0.3267185798699399
(4.17);0.408787831840717
(4.18);0.3216070661880142
(4.19);0.2860355995974685
(4.20);0.2707127484790463
(4.21);0.21849309342600087
(4.22);0.17784179803951222
(4.23);0.12516376810632995
(4.24);0.14888981237153845
(4.25);0.23758623195378864
(4.26);0.2812126077464683
(4.27);0.3383497230655555
(4.28);0.2737018556154199
(4.29);0.19659198957577242
(4.30);0.2403483229550521
(4.31);0.3836704869725456
(5.6);0.48382098167407617
(5.7);0.39298702129954416
(5.8);0.3964621643629774
(5.9);0.35133809066274735
(5.10);0.3313007418625522
(5.11);0.33934889773469906
(5.12);0.4607415590932254
(5.13);0.3148633468819737
(5.14);0.33296071476525035
(5.15);0.2593919027765374
(5.16);0.32367769158007764
(5.17);0.4217816041103352
(5.18);0.37208122925288295
(5.19);0.3352406425233507
(5.20);0.3238246890081713
(5.21);0.2704661490583332
(5.22);0.2298690806883054
(5.23);0.1778182640598412
(5.24);0.19871969721492266
(5.25);0.28458356187933065
(5.26);0.32461588342094133
(5.27);0.3630737990913453
(5.28);0.2810662513437209
(5.29);0.2352250641062586
(5.30);0.2832444214411412
(5.31);0.42046075601839356
(6.8);0.3947064454939164
(6.9);0.3563216088830794
(6.10);0.3341885398810041
(6.11);0.3308054746274353
(6.12);0.4435765519699419
(6.13);0.30635340148850604
(6.14);0.3133588008645257
(6.15);0.23611522401100415
(6.16);0.29283836947892694
(6.17);0.38835430948869293
(6.18);0.350236987959119
(6.19);0.31361641355881315
(6.20);0.31007109590641246
(6.21);0.2555230340708021
(6.22);0.21606455319369183
(6.23);0.1674710073514705
(6.24);0.18089089377859313
(6.25);0.2618682125807567
(6.26);0.2986300434123911
(6.27);0.33065689102200035
(6.28);0.24889449404041486
(6.29);0.20769686335456683
(6.30);0.2576240404408162
(6.31);0.3871271691828607
(7.8);0.484903110817511
(7.9);0.4643057469074375
(7.10);0.4417752512541344
(7.11);0.4153896071799726
(7.12);0.4323084626050745
(7.13);0.20354014571900192
(7.14);0.22103091148697895
(7.15);0.15198411907244208
(7.16);0.23278337030790616
(7.17);0.3267637391814604
(7.18);0.38531382136283376
(7.19);0.35752861909701744
(7.20);0.38255265031114727
(7.21);0.3296987309341689
(7.22);0.2956805255244937
(7.23);0.25672538342715556
(7.24);0.2505181972157273
(7.25);0.3084077726926599
(7.26);0.32379141565501435
(7.27);0.30295223180356673
(7.28);0.20750540369272868
(7.29);0.23431705028511707
(7.30);0.2899605659776763
(7.31);0.35775576791545494
(8.9);0.45943794478826216
(8.10);0.444586491908295
(8.12);0.4474527767417066
(8.13);0.20559507338104796
(8.14);0.23063434332249783
(8.15);0.16622995621012301
(8.16);0.2538619261213399
(8.17);0.3444913756967154
(8.18);0.4196605456923622
(8.19);0.39125300946611263
(8.20);0.41311638706938714
(8.21);0.35748798042397356
(8.22);0.32077221404922984
(8.23);0.27666921069902684
(8.24);0.27827693724825725
(8.25);0.34105439692936695
(8.26);0.3565454725420899
(8.27);0.32943446064725956
(8.28);0.23324661185645085
(8.29);0.2669438740555257
(8.30);0.32269151219215864
(8.31);0.38213676763123045
(9.10);0.48677435286491155
(9.11);0.4366042075254009
(9.12);0.39523188285102384
(9.13);0.16263922111329873
(9.14);0.18401834483010576
(9.15);0.11867576677612275
(9.16);0.2061373957617761
(9.17);0.29542116588449824
(9.18);0.38095450507893563
(9.19);0.3626635092368623
(9.20);0.4010274540224186
(9.21);0.35482224536871565
(9.22);0.3256446754082296
(9.23);0.2926959433260779
(9.24);0.2768942818250229
(9.25);0.3200992986452815
(9.26);0.3235878688150091
(9.27);0.2835893079274317
(9.28);0.1880661176706711
(9.29);0.24088272127256294
(9.30);0.29596591674476164
(9.31);0.3327515471459019
(10.11);0.4513075484997139
(10.12);0.37815088504626365
(10.13);0.14164337934255944
(10.14);0.1658790081849663
(10.15);0.1028973913174214
(10.16);0.19446798107273647
(10.17);0.2809185928422521
(10.18);0.380530260558134
(10.19);0.36840234683695466
(10.20);0.414840971955005
(10.21);0.37369056893281816
(10.22);0.3475350885285134
(10.23);0.31775044024668636
(10.24);0.2964771757239661
(10.25);0.3305103965882284
(10.26);0.3267827306233553
(10.27);0.2760075457869066
(10.28);0.18078360157867115
(10.29);0.24875753678544837
(10.30);0.30316982692472494
(10.31);0.32168584892804886
(11.12);0.39173129881774904
(11.13);0.15496431366995317
(11.14);0.18985598143955307
(11.15);0.13520902206196422
(11.16);0.23499866073057749
(11.17);0.31191033596480094
(11.18);0.4354854615267451
(11.19);0.43031637391993816
(11.21);0.42540791317545373
(11.22);0.3886419814149443
(11.23);0.3424872702640413
(11.24);0.343337762398324
(11.25);0.39131368381998277
(11.26);0.38499802984632114
(11.27);0.3218484897191892
(11.28);0.229198366251371
(11.29);0.30803500192441713
(11.30);0.36282787735370725
(11.31);0.35938952231168186
(12.13);0.26704034220842143
(12.14);0.29348083457539276
(12.15);0.22711596168383952
(12.16);0.30853439119792275
(12.17);0.405173430708461
(12.18);0.41866786752312185
(12.19);0.3807965811365102
(12.20);0.37533132112904233
(12.21);0.32058233062840885
(12.22);0.2801219478251476
(12.23);0.22869055539618582
(12.24);0.2465736708856478
(12.25);0.3280769185586102
(12.26);0.3616237038774883
(12.27);0.3717592782544458
(12.28);0.27838325822768073
(12.29);0.2689723288809687
(12.30);0.3210833081888271
(12.31);0.43355959026106533
(13.14);0.4387004149584632
(13.15);0.3733674245832397
(13.16);0.3259543761518451
(13.17);0.3337394848961125
(13.18);0.2066015804112381
(13.19);0.1754725129970254
(13.20);0.14706120969360936
(13.21);0.09959338855873816
(13.22);0.05862122783672199
(13.23);0.001515089563934175
(13.24);0.039418638107347775
(13.25);0.1351424681854442
(13.26);0.18543137227912332
(13.27);0.27257621736455634
(13.28);0.2630471321747669
(13.29);0.11918746216186522
(13.30);0.14880966345777005
(13.31);0.28604543422379825
(14.15);0.42655649850039395
(14.16);0.3983386674953881
(14.17);0.3832683520051273
(14.18);0.2511141094102629
(14.19);0.22386093254797065
(14.20);0.1882212522094582
(14.21);0.145407655533444
(14.22);0.10510927487087739
(14.23);0.045815538722581706
(14.24);0.09190577708190215
(14.25);0.1889682240746435
(14.26);0.2397876545091353
(14.27);0.33257984711995714
(14.28);0.33395467564640474
(14.29);0.1818923887208681
(14.30);0.2061744938215685
(14.31);0.3338191675319534
(15.16);0.39498989632256903
(15.17);0.32719626938951
(15.18);0.20388653168777138
(15.19);0.18321871460407133
(15.20);0.14014848493504964
(15.21);0.10461681502950682
(15.22);0.06645660111204839
(15.23);0.005692173828327057
(15.24);0.06259639827118683
(15.25);0.15833726705199305
(15.26);0.20782273034328214
(15.27);0.3027316417891517
(15.28);0.34828321790485123
(15.29);0.17066157731088077
(15.30);0.18163412933719483
(15.31);0.28319591003058586
(16.17);0.4120107531671116
(16.18);0.3082071834615138
(16.19);0.2917909988117876
(16.20);0.24507990245974143
(16.21);0.2137041901011303
(16.22);0.17645386407389613
(16.23);0.11539037066212728
(16.24);0.17436275904914264
(16.25);0.2702572129891871
(16.26);0.3186609602195197
(16.27);0.41332701676181727
(16.28);0.44503166073800554
(16.29);0.2804177411095424
(16.30);0.2934929512658856
(16.31);0.38150269385721486
(17.18);0.37639363948276694
(17.19);0.34715660240179547
(17.20);0.31220638131244977
(17.21);0.2684408803249469
(17.22);0.22757917346962958
(17.23);0.16854492398364188
(17.24);0.21071706006874025
(17.25);0.30748216390828487
(17.26);0.3569751585580838
(17.27);0.4370095779357479
(17.28);0.3672770751096278
(17.29);0.28285216470149926
(17.30);0.3187257968535894
(17.31);0.46863803432334183
(18.20);0.44902078973574727
(18.21);0.40105307470981333
(18.22);0.35821546632471407
(18.23);0.2992507074781658
(18.24);0.33301642239747165
(18.25);0.42266989652991704
(18.26);0.4492457513959634
(18.27);0.39726340270412464
(18.28);0.3039394054655392
(18.29);0.35419495931513073
(18.30);0.4100837542126511
(18.31);0.42993727833646816
(19.20);0.462830630504509
(19.21);0.4316158283644016
(19.22);0.38874313972567065
(19.23);0.3268425212178366
(19.24);0.36876350806007335
(19.25);0.46486009732828576
(19.26);0.47048029958391197
(19.27);0.3823739806529937
(19.28);0.2980459262322277
(19.29);0.3832148982618442
(19.30);0.441572527406768
(19.31);0.3987470692693649
(20.21);0.46092839959721155
(20.22);0.4157985001616667
(20.23);0.3601534882436758
(20.24);0.37553610478062166
(20.25);0.42953134070697446
(20.26);0.4129330920062576
(20.27);0.33484247927671545
(20.28);0.24676949561355713
(20.29);0.34232195210824756
(20.30);0.3965883605005866
(20.31);0.3625329737403589
(21.22);0.4795279023057596
(21.23);0.40924443071667915
(21.24);0.432929064819498
(21.25);0.4443766805151008
(21.26);0.39668605144770314
(21.27);0.30362567320936784
(21.28);0.22626110131761076
(21.29);0.36006691131784807
(21.30);0.40281926896406983
(21.31);0.31864410913252506
(22.23);0.4534739232272563
(22.24);0.4631546998353132
(22.25);0.4129247801687431
(22.26);0.3603933307741
(22.27);0.26564289576293476
(22.28);0.19329727897250568
(22.29);0.34443206829148276
(22.30);0.37541949339926284
(22.31);0.27736644623754536
(23.24);0.42727159611815946
(23.25);0.3495245940540397
(23.26);0.29879210360303526
(23.27);0.2046985351608298
(23.28);0.1330047990310893
(23.29);0.2914542593930142
(23.30);0.3154439282944314
(23.31);0.2180867133806016
(24.25);0.4132438975939833
(24.26);0.354665429799945
(24.27);0.2593341390035997
(24.28);0.20082905375234336
(24.29);0.37247525860249014
(24.30);0.38386521582313265
(24.31);0.2589651324452651
(25.26);0.45763849903039994
(25.27);0.3570989607523048
(25.28);0.2905140977068243
(25.29);0.4267475741012345
(25.31);0.35562659562922344
(26.27);0.40521525169829353
(26.28);0.33162903787113257
(26.29);0.40798386883509286
(26.30);0.45888676893018127
(26.31);0.4038060126431051
(27.28);0.40440310991764633
(27.29);0.34667801943741156
(27.30);0.3743733940539378
(27.31);0.4549807187486522
(28.29);0.31917025319449394
(28.30);0.3179214871301564
(28.31);0.3567637331919468
(29.30);0.44453309981890016
(29.31);0.3198909452774982
(30.31);0.36257324830280796
