
****Mix criterion 0.5*C(weight)+0.5*C(distance) ******

(0.5);0.4757668009326501
(0.6);0.4264540217135364
(0.7);0.39717798281746425
(0.8);0.43350382657071423
(0.10);0.35904457225018643
(0.11);0.413459220496256
(0.12);0.5053990628923708
(0.13);0.3081141424786079
(0.14);0.36913495076143743
(0.15);0.31579405792030435
(0.16);0.4488155741756591
(0.17);0.5872722021751345
(0.18);0.5390995968236902
(0.19);0.48745146398648953
(0.20);0.4236236845294705
(0.21);0.37100028160931153
(0.22);0.32219772053663864
(0.23);0.25432275704737056
(0.24);0.3046957719268867
(0.25);0.42614573207953144
(0.31);0.9824127216643568
(1.2);0.4395648423229701
(1.3);0.34371603677550117
(1.4);0.3719146514821577
(1.5);0.4078855610966136
(1.6);0.4322369602182438
(1.7);0.447604878191378
(1.8);0.42039114495785507
(1.9);0.4039579470053061
(1.10);0.38168863525330277
(1.11);0.35500084920330155
(1.13);0.23537212228286725
(1.14);0.2398832280407789
(1.15);0.16414801143411115
(1.16);0.22891086725819265
(1.17);0.32522722969409307
(1.18);0.3406674242460561
(1.19);0.30864264077274384
(1.20);0.3250327552563437
(1.21);0.2718203440620159
(1.22);0.2371136401815901
(1.23);0.1981701296962876
(1.24);0.19356984735598448
(1.25);0.2576821989216665
(1.26);0.281273538781861
(1.27);0.28326927738335145
(1.28);0.19297603229189564
(1.29);0.18968553928843404
(1.30);0.2440189965396843
(1.31);0.34078611320134927
(2.3);0.3987161285875143
(2.4);0.41453271954377663
(2.5);0.4248541553811377
(2.6);0.45998004420438227
(2.7);0.3897329721459289
(2.8);0.37160006634295134
(2.9);0.34591486889269296
(2.10);0.32276377917597376
(2.11);0.30543764994535727
(2.12);0.40009094462916406
(2.13);0.28782514332714987
(2.14);0.28109722820886
(2.15);0.20111473141500863
(2.16);0.2480857006650193
(2.17);0.34032091679353577
(2.18);0.31045919351410733
(2.19);0.2751476509111624
(2.20);0.27982360382338684
(2.21);0.22540687891396757
(2.22);0.18804166578059117
(2.23);0.1444855427991299
(2.24);0.14871857461541374
(2.25);0.22324408395955667
(2.26);0.2561580792163952
(2.27);0.28283921220922914
(2.28);0.20238469028543613
(2.29);0.16465662506863035
(2.30);0.21602568071120193
(2.31);0.3381796964314626
(3.4);0.45324357736499427
(3.5);0.4054032761777675
(3.6);0.41059901210984184
(3.7);0.30516730715754153
(3.8);0.29993001676724534
(3.9);0.26198924640457233
(3.10);0.23958581319811983
(3.11);0.240526468189655
(3.12);0.3547853501001934
(3.13);0.3902091964731153
(3.14);0.37043920202026553
(3.15);0.2878774284473372
(3.16);0.30294669224831483
(3.17);0.3697324525688903
(3.18);0.27439934603684213
(3.19);0.23902216131668672
(3.20);0.22445785102772514
(3.21);0.17190507075018827
(3.22);0.1314157707018362
(3.23);0.07954262964121184
(3.24);0.10203821373228895
(3.25);0.1907809835491923
(3.26);0.23531496865872847
(3.27);0.2983710873345779
(3.28);0.24490572188713802
(3.29);0.15232322744487467
(3.30);0.1946389534422527
(3.31);0.33804798711075856
(4.5);0.4530255595173643
(4.6);0.4479595457683708
(4.7);0.34308884315665267
(4.8);0.34230996598564517
(4.9);0.3007651551487457
(4.10);0.2795922907412218
(4.11);0.2853730579970713
(4.12);0.4008937738964361
(4.13);0.36245757847720417
(4.14);0.366948495214221
(4.15);0.28702462338180545
(4.16);0.32672819954975113
(4.17);0.4089643440902518
(4.18);0.3216157977652411
(4.19);0.28610794847927984
(4.20);0.27078382119141176
(4.21);0.21850392925715
(4.22);0.17785127727191774
(4.23);0.12521230968414854
(4.24);0.14894629748652233
(4.25);0.2376020244021857
(4.26);0.2812126077464683
(4.27);0.3383497230655555
(4.28);0.2737018556154199
(4.29);0.19659198957577242
(4.30);0.2403483229550521
(4.31);0.38378825627974156
(5.6);0.48379317162099955
(5.7);0.392978953888906
(5.8);0.39645357559590155
(5.9);0.35133519010569964
(5.10);0.331295317208735
(5.11);0.3394037652332962
(5.12);0.4611510039193404
(5.13);0.31492011297796507
(5.14);0.3329630319042906
(5.15);0.25939363818122235
(5.16);0.32368420644684015
(5.17);0.421963829913852
(5.18);0.37208925993685293
(5.19);0.33532628716472307
(5.20);0.3239092576800938
(5.21);0.2704768407786464
(5.22);0.22987819486493352
(5.23);0.17787052504079914
(5.24);0.19878071156297542
(5.25);0.2845997399908675
(5.26);0.32461329478123724
(5.27);0.36307050117623807
(5.28);0.28106417130335726
(5.29);0.2352233411979914
(5.30);0.2832423207309919
(5.31);0.42060955557805807
(6.8);0.3946977354466504
(6.9);0.35631841268403625
(6.10);0.3341828555589779
(6.11);0.3308574795611765
(6.12);0.4438922688402166
(6.13);0.30640757612398406
(6.14);0.31336072869284476
(6.15);0.2361166994024289
(6.16);0.2928438024190814
(6.17);0.3884870590979749
(6.18);0.3502437200384188
(6.19);0.31369230175216894
(6.20);0.3101495741106887
(6.21);0.2555329664590915
(6.22);0.2160731284063407
(6.23);0.16752156794362108
(6.24);0.180948447043721
(6.25);0.2618827632831617
(6.26);0.29862763462255915
(6.27);0.3306540347858253
(6.28);0.24889255758448992
(6.29);0.20769519787872437
(6.30);0.25762203489561997
(6.31);0.38723668350189666
(7.8);0.48487344676089594
(7.9);0.4642947068646963
(7.10);0.44176082542166617
(7.11);0.4154882283948184
(7.12);0.4325819669453856
(7.13);0.20357584271121384
(7.14);0.22103221317402885
(7.15);0.15198524189048315
(7.16);0.23278760584078587
(7.17);0.32685162176946597
(7.18);0.38532245124563214
(7.19);0.3576266628802942
(7.20);0.38267612953198316
(7.21);0.3297128260968092
(7.22);0.2956923502137004
(7.23);0.25679412013856184
(7.24);0.25059148976993295
(7.25);0.3084257335675387
(7.26);0.32378866867768913
(7.27);0.3029497709282831
(7.28);0.2075037392998775
(7.29);0.234315219207029
(7.30);0.28995825532581804
(7.31);0.35784435334988723
(8.9);0.4594273319945238
(8.10);0.4445710833529172
(8.11);0.4436285253871389
(8.12);0.44778392317756815
(8.13);0.20563090425967465
(8.14);0.2306355761873065
(8.15);0.16623103386227064
(8.16);0.25386639140043454
(8.18);0.41967197473264184
(8.19);0.39137841111315147
(8.20);0.41327715463132386
(8.21);0.3575044442460205
(8.22);0.32078545417935467
(8.23);0.27674376175759297
(8.24);0.2783589936969148
(8.25);0.34107565662636574
(8.26);0.3565418927991616
(8.27);0.32943143733125685
(8.28);0.23324466699523003
(8.29);0.26694165089182154
(8.30);0.32268860164989455
(8.31);0.38224171896156145
(9.10);0.4867544005746774
(9.11);0.4367431213296416
(9.12);0.3954277681495569
(9.13);0.1626720866389183
(9.14);0.18402096641529223
(9.15);0.1186780113436149
(9.16);0.20614284147856504
(9.17);0.29549873208453314
(9.18);0.3809667970782057
(9.19);0.3627696703952701
(9.20);0.40117951710058397
(9.21);0.354841986437938
(9.22);0.32566119991029946
(9.23);0.2927789686820448
(9.24);0.27697850790865053
(9.25);0.32012107767992654
(9.26);0.3235878688150091
(9.27);0.2835893079274317
(9.28);0.1880661176706711
(9.29);0.24088272127256294
(9.30);0.29596591674476164
(9.31);0.3328310323261448
(10.11);0.4514594618808438
(10.12);0.37831353979465504
(10.13);0.14167288195894656
(10.14);0.16588000501944666
(10.15);0.10289829857953116
(10.16);0.19447159134795236
(10.17);0.2809884448201063
(10.18);0.38053831581975417
(10.19);0.3685076312107128
(10.20);0.4150045132776567
(10.21);0.3737089885033017
(10.22);0.3475505307113152
(10.23);0.3178411638116432
(10.24);0.29656633015628425
(10.25);0.3305304015270356
(10.26);0.3267797526735865
(10.27);0.2760052337144838
(10.28);0.18078197428226178
(10.29);0.24875547296134748
(10.30);0.30316720039113765
(10.31);0.321757191128598
(11.12);0.3919997405040792
(11.13);0.1550235838295543
(11.14);0.18988887902550217
(11.15);0.1352371130384801
(11.16);0.23503995872927672
(11.17);0.312043135535794
(11.18);0.43563346699250766
(11.19);0.4306259127410809
(11.21);0.4255563761625173
(11.22);0.3887470817854235
(11.23);0.3426527245496487
(11.24);0.34351373828914544
(11.25);0.39142978543999635
(11.26);0.38508219330460713
(11.27);0.32190356495097155
(11.28);0.22923480484358463
(11.29);0.30808618465286153
(11.30);0.3628989246098478
(12.13);0.26717701351266954
(12.14);0.2935854118096401
(12.15);0.22719568234641355
(12.17);0.4055390546408772
(12.18);0.4189212793561511
(12.19);0.3810847578199806
(12.20);0.3756135661181919
(12.21);0.32071325913203763
(12.22);0.28022951499647764
(12.23);0.22883093716062963
(12.24);0.2467298551581703
(12.25);0.32821897390296445
(12.26);0.36178107208695687
(12.27);0.3719286367448462
(12.28);0.27848250362792354
(12.29);0.26906758073608694
(12.30);0.32120581719180613
(12.31);0.4340104198253685
(13.15);0.37345840641625805
(13.16);0.32602594258067863
(13.17);0.3338987889358697
(13.18);0.20664424918044696
(13.19);0.1755520721868116
(13.20);0.14713660238104473
(13.21);0.09962829300354606
(13.22);0.058652915225714725
(13.23);0.0015720971545480004
(13.24);0.03948370912435039
(13.25);0.13518359199511168
(13.26);0.18546836011151432
(13.27);0.27262722286971053
(13.28);0.26309611099711727
(13.29);0.11921804835185652
(13.30);0.14884281618771106
(13.31);0.2861586400133084
(14.15);0.4265771876956778
(14.16);0.3983612489973071
(14.17);0.3834059209922581
(14.18);0.2511233782993314
(14.19);0.22391727671901449
(14.20);0.18827370158322562
(14.21);0.14541817495182924
(14.22);0.10511873055424606
(14.23);0.04585549846646524
(14.24);0.0919540494292671
(14.25);0.1889835507057423
(14.26);0.23979099117362668
(14.27);0.3325849967469146
(14.28);0.33395986688552737
(14.29);0.1818951226673453
(14.30);0.2061774519860204
(14.31);0.33390312227793734
(15.16);0.39501205703986303
(15.17);0.32729165911804287
(15.18);0.20389443683265285
(15.19);0.18326801695148076
(15.20);0.14019408155338114
(15.21);0.10462632674022179
(15.22);0.06646528188021615
(15.23);0.005728963551070357
(15.24);0.06264152159923367
(15.25);0.15835131590391377
(15.26);0.2078258006248836
(15.27);0.3027361670580714
(15.28);0.348289066037633
(15.29);0.17066430355100815
(15.30);0.18163694889460286
(15.31);0.2832611030520454
(16.17);0.4121952494380233
(16.18);0.30822308085760275
(16.19);0.2918688443947837
(16.20);0.24514680614691234
(16.21);0.2137198601969626
(16.22);0.1764677555894964
(16.23);0.11543949007903363
(16.24);0.17442544810701485
(16.25);0.27028113950229665
(16.26);0.3186701619240264
(16.27);0.4133456113773306
(16.28);0.4450593163391884
(16.29);0.28042536656675704
(16.30);0.2935010516466536
(16.31);0.3816235508152793
(17.18);0.3765289420130531
(17.19);0.34735253270766825
(17.20);0.31237140782576295
(17.21);0.2685214639916434
(17.22);0.22764792287957628
(17.23);0.16864493728905666
(17.24);0.21083677385048255
(17.25);0.3075836833868847
(17.26);0.3570905482142409
(17.27);0.4372547727756029
(17.28);0.3674010702665621
(17.29);0.28292893904846095
(17.30);0.3188174519918578
(18.20);0.4492912093721626
(18.21);0.4010946281193311
(18.22);0.35824549529098265
(18.23);0.2993429420522147
(18.24);0.33313548610130383
(18.25);0.4227326531206561
(18.26);0.449273052565601
(18.27);0.39727820675548287
(18.28);0.30394736705935566
(18.29);0.3542055780605511
(18.30);0.41010049444102553
(18.31);0.43012315081153374
(19.20);0.46341469437327093
(19.22);0.3888937730676477
(19.23);0.32702395227323106
(19.24);0.36900984575172274
(19.25);0.46522333333678884
(19.26);0.47087338947868834
(19.27);0.38250306293450526
(19.28);0.298122496944241
(19.29);0.3833448593988818
(19.30);0.4418139083628096
(19.31);0.39900704210112137
(20.21);0.4612715335392069
(20.23);0.3603803102015922
(20.24);0.3758002878053682
(20.25);0.4297725336087886
(20.26);0.4131122826676513
(20.27);0.3349404428330548
(20.28);0.24683393933956913
(20.29);0.3424244157701629
(20.30);0.3967413867802761
(20.31);0.362736022752455
(21.22);0.47967067466010743
(21.23);0.4094488924348846
(21.24);0.4332091202842051
(21.25);0.4444771358989327
(21.26);0.3967146235455656
(21.27);0.3036411196974651
(21.28);0.2262722412042803
(21.29);0.360088364911899
(21.30);0.40284950262680397
(21.31);0.31873242135284546
(22.23);0.45380822927776054
(22.24);0.46356517111315537
(22.25);0.4129962587756805
(22.26);0.3604148178870802
(22.27);0.26565587755567743
(22.28);0.193307231526837
(22.29);0.34445143191795685
(22.30);0.37544344162415155
(22.31);0.2774389855906858
(23.25);0.3496612012856491
(23.26);0.2988818198070726
(23.27);0.20476002897625226
(23.28);0.13305437078117857
(23.29);0.2915408847684749
(23.30);0.31554153724114337
(23.31);0.2181950958643019
(24.25);0.4134816885029731
(24.26);0.3547994643564709
(24.27);0.25941619452020276
(24.28);0.2008952502557958
(24.29);0.37262706139573065
(24.31);0.25909778209279555
(25.26);0.45771863164013954
(25.27);0.357127481640786
(25.28);0.29053379978116695
(25.29);0.4268000037647501
(25.31);0.3557426270793565
(26.27);0.40521525169829353
(26.28);0.33162903787113257
(26.29);0.40798386883509286
(26.30);0.45888676893018127
(26.31);0.4039462784021187
(27.28);0.40440310991764633
(27.29);0.34667801943741156
(27.30);0.3743733940539378
(27.31);0.45524191110467677
(28.29);0.31917025319449394
(28.30);0.3179214871301564
(28.31);0.35686050298372696
(29.30);0.44453309981890016
(29.31);0.31996856601658535
(30.31);0.3626739092571817
