
****Importance edges******

(0.5);22.560983309044904
(0.6);17.465947992829495
(0.7);15.141711813488698
(0.8);18.126495038666135
(0.10);12.770301675793773
(0.11);16.44412377171187
(0.12);26.52543881111045
(0.13);10.437080378391487
(0.14);13.39469285321786
(0.15);10.770188291310738
(0.16);19.703898764656294
(0.17);40.74861623475496
(0.18);31.92289599240352
(0.19);24.252834844200034
(0.20);17.429808615605612
(0.21);13.613990311784994
(0.22);11.137903278138657
(0.23);8.765509567444527
(0.24);10.450328476364188
(0.25);17.715114904657618
(0.31);139.07899881789953
(1.2);0.0
(1.3);0.0
(1.4);0.0
(1.5);0.7821612641649206
(1.6);1.1040906932410117
(1.7);1.380784245587328
(1.8);1.0146714590920534
(1.9);0.0
(1.10);0.6991660553121857
(1.11);0.6329342321780662
(1.12);1.0422467087776497
(1.13);0.3501544903491741
(1.14);0.36765562581169003
(1.15);0.2945002698500987
(1.16);0.37593347500345925
(1.17);0.6220073980796306
(1.18);0.6976973849189357
(1.19);0.6035879924882824
(1.20);0.6848767013407245
(1.21);0.5247722635794089
(1.22);0.4709374999027727
(1.23);0.4235964913893021
(1.24);0.4306883200029893
(1.25);0.5603227122107389
(1.26);0.0
(1.27);0.0
(1.28);0.0
(1.29);0.0
(1.30);0.0
(1.31);0.88721828143665
(2.3);0.0
(2.4);0.0
(2.5);0.9453073645577708
(2.6);1.7148984250810597
(2.7);0.7021554462749546
(2.8);0.6462241345947244
(2.9);0.0
(2.10);0.47210719106235505
(2.11);0.47493063602105134
(2.12);0.8735620264319235
(2.13);0.43554249979856136
(2.14);0.4359726588232842
(2.15);0.33065231534426454
(2.16);0.40423187309186837
(2.17);0.6791253853964792
(2.18);0.5891568203776348
(2.19);0.5152586228177489
(2.20);0.5470294602025438
(2.21);0.43717756020035936
(2.22);0.39759330808360527
(2.23);0.3601518274857441
(2.24);0.37616566413249813
(2.25);0.4915739626514016
(2.26);0.0
(2.27);0.0
(2.28);0.0
(2.29);0.0
(2.30);0.0
(2.31);0.8734689812770743
(3.4);0.0
(3.5);0.7627741754427757
(3.6);0.8563793983471012
(3.7);0.40347763547499077
(3.8);0.4190744348359447
(3.9);0.0
(3.10);0.32294830971475796
(3.11);0.3574727260274079
(3.12);0.6113160521953663
(3.13);0.8250663022945521
(3.14);0.7271884484848669
(3.15);0.4640952328839367
(3.16);0.5149091258816249
(3.17);0.8263257143323909
(3.18);0.4965916338608043
(3.19);0.4448677251897729
(3.20);0.4385113233280997
(3.21);0.366511461217793
(3.22);0.336946100530639
(3.23);0.30484913940710656
(3.24);0.3323330606417005
(3.25);0.4405404458878996
(3.26);0.0
(3.27);0.0
(3.28);0.0
(3.29);0.0
(3.30);0.0
(3.31);0.8727852821583769
(4.5);1.4252164231544586
(4.6);1.3886841315810274
(4.7);0.49901488511947095
(4.8);0.5293214889127168
(4.9);0.0
(4.10);0.3809025813386224
(4.11);0.4311944137982998
(4.12);0.8801882056145665
(4.13);0.6650436197114394
(4.14);0.7088243422119379
(4.15);0.46226555448498596
(4.16);0.5839982681098501
(4.17);1.156508801952877
(4.18);0.6251219907393515
(4.19);0.5411999249593344
(4.20);0.5258136546114138
(4.21);0.4265741503483557
(4.22);0.3851255423642244
(4.23);0.34175945219897746
(4.24);0.3764077407440826
(4.25);0.5180912851717383
(4.26);0.0
(4.27);0.0
(4.28);0.0
(4.29);0.0
(4.30);0.0
(4.31);1.195534373939811
(5.6);4.509078597330836
(5.7);1.3080373685137092
(5.8);1.3925692875336446
(5.9);0.4702917922586489
(5.10);0.8795449026133956
(5.11);0.9719488900374272
(5.12);3.105709820859387
(5.13);0.8470091325000331
(5.14);0.9518417040247215
(5.15);0.6797139940384943
(5.16);0.9363612399431878
(5.17);2.0550431474688153
(5.18);1.3428278430841831
(5.19);1.079507313273646
(5.20);1.0368218872903945
(5.21);0.7990355379674098
(5.22);0.6946558321719142
(5.23);0.5954397600033208
(5.24);0.6490596809967001
(5.25);0.9193284652260763
(5.26);0.41971800103063533
(5.27);0.5347188077958757
(5.28);0.3372544978392448
(5.29);0.2793496571711335
(5.30);0.34060586461858433
(5.31);2.3650933223951935
(6.8);1.4122334682755822
(6.9);0.5182267239279523
(6.10);0.9216471007033581
(6.11);0.9515425977244946
(6.12);2.4703233341634325
(6.13);0.834519668376184
(6.14);0.8796783531258865
(6.15);0.6383643170146818
(6.16);0.8231809313422316
(6.17);1.5401496794339549
(6.18);1.187851185194933
(6.19);0.9832930495581459
(6.20);0.9883683289675802
(6.21);0.770142425767564
(6.22);0.6777770593912079
(6.23);0.5911424254327087
(6.24);0.6278725053193738
(6.25);0.8532374514981786
(6.26);0.39055742348227424
(6.27);0.46310567515060563
(6.28);0.31397394106736115
(6.29);0.2700376534676414
(6.30);0.3251759676813153
(6.31);1.7840979109496635
(7.8);4.809683837152891
(7.9);1.7900152977299502
(7.10);2.3389819592240677
(7.11);1.8044881555295498
(7.12);2.140031836998552
(7.13);0.5498854185150488
(7.14);0.5939667495433412
(7.15);0.4858147877917249
(7.16);0.6417537836832756
(7.17);1.0196063135452895
(7.18);1.5227117883869141
(7.19);1.2703658683294996
(7.20);1.5551190586639663
(7.21);1.092917678116504
(7.22);0.9346127503693233
(7.23);0.803653291400604
(7.24);0.7995789557395293
(7.25);1.0532062770413868
(7.26);0.445390615771444
(7.27);0.3990024773218816
(7.28);0.2698620589532245
(7.29);0.29688814308533595
(7.30);0.37464548561145056
(7.31);1.4431454252050038
(8.9);1.7207418113080681
(8.10);2.4983191178577684
(8.11);2.5783025001987028
(8.12);2.6758305856748597
(8.13);0.5705204661259599
(8.14);0.6331675618784289
(8.15);0.5212308625158867
(8.16);0.7156741597760855
(8.18);2.1359119890500167
(8.19);1.672211417621105
(8.20);2.0822483519080817
(8.21);1.327050456402504
(8.22);1.087330522424024
(8.23);0.8954292675386366
(8.24);0.9190371817111092
(8.25);1.288479846678622
(8.26);0.5804139307993066
(8.27);0.49019573760528945
(8.28);0.3153367626272369
(8.29);0.3604602928824337
(8.30);0.4719107796555766
(8.31);1.7543555757162992
(9.10);3.23503319518455
(9.11);1.3064740047833128
(9.12);0.7981591130246677
(9.13);0.26213926015317207
(9.14);0.28876212520600814
(9.15);0.24723441471588684
(9.16);0.3306023938207743
(9.17);0.5082139812440145
(9.18);0.8800241759594781
(9.19);0.7941299094806181
(9.20);1.1250005832120438
(9.21);0.7771466456612527
(9.22);0.671363202176048
(9.23);0.5845442494657623
(9.24);0.5612691035332519
(9.25);0.7144888344939003
(9.26);0.0
(9.27);0.0
(9.28);0.0
(9.29);0.0
(9.30);0.0
(9.31);0.8068933023531599
(10.11);2.8746367969410063
(10.12);1.314332583766228
(10.13);0.4697581275775705
(10.14);0.5119484740668845
(10.15);0.4388178625578219
(10.16);0.5786381157612662
(10.17);0.8346855509226272
(10.18);1.5054046051532937
(10.19);1.4039507139876473
(10.20);2.1181738744940204
(10.21);1.4846916680229607
(10.22);1.2681715764840809
(10.23);1.089676483207607
(10.24);0.9985350274743509
(10.25);1.212433107050072
(10.26);0.48284012724398573
(10.27);0.3748758137378711
(10.28);0.26384729977951143
(10.29);0.33462521830933667
(10.30);0.4258620561128265
(10.31);1.192548840711165
(11.12);1.5362859116277834
(11.13);0.5116296675781986
(11.14);0.5775916896295531
(11.15);0.49997261968888307
(11.16);0.696600603512297
(11.17);1.0106569453873173
(11.18);2.655628204941259
(11.19);2.5467702303168145
(11.21);2.447471278451209
(11.22);1.76394501675708
(11.23);1.3025460245217417
(11.24);1.3329977376050937
(11.25);1.8971243112345928
(11.26);0.7915510701350055
(11.27);0.5179784617113573
(11.28);0.3427022516460655
(11.29);0.48136975710894303
(11.30);0.6681941637557837
(12.13);0.7409864596612321
(12.14);0.8467826038975123
(12.15);0.6554541481547043
(12.16);0.9415217639433326
(12.17);1.8806425236733093
(12.18);2.170472401418604
(12.19);1.580164607965845
(12.20);1.5495967809081892
(12.21);1.095720325398503
(12.22);0.9167189610798449
(12.23);0.7601660135408191
(12.24);0.8278660494382942
(12.25);1.2263289531662855
(12.26);0.6412164232249709
(12.27);0.6900723203501623
(12.28);0.40438777806588416
(12.29);0.38811557970135574
(12.30);0.49917823281059115
(12.31);2.907308770343627
(13.14);2.556692561072962
(13.15);1.3915637441040556
(13.16);1.0473335399587997
(13.17);1.1367601523058977
(13.18);0.663412613496743
(13.19);0.6120067684790872
(13.20);0.5758741615827697
(13.21);0.5063559463719525
(13.22);0.4680006274067644
(13.23);0.4221690100219209
(13.24);0.4651869611308384
(13.25);0.5969589436367642
(13.26);0.29501925908289234
(13.27);0.4068258496651207
(13.28);0.39066079157597844
(13.29);0.2439590137104827
(13.30);0.2644300352714611
(13.31);1.0380739851318062
(14.15);2.2788715887793556
(14.16);1.7514913073696314
(14.17);1.6048885189824964
(14.18);0.7908806643075099
(14.19);0.7276304230091737
(14.20);0.6598999523024904
(14.21);0.5790482801795178
(14.22);0.5297800550256675
(14.23);0.4693133835828703
(14.24);0.5314466132006056
(14.25);0.7077645132761179
(14.26);0.36752661504343825
(14.27);0.5672206388494841
(14.28);0.571804131810989
(14.29);0.3011384863779727
(14.30);0.32583562733377824
(14.31);1.3384647713280207
(15.16);1.7267086386936876
(15.17);1.127758409994255
(15.18);0.6767463090668872
(15.19);0.6448623966988777
(15.20);0.5809086296552107
(15.21);0.5272968425429104
(15.22);0.4896965305302686
(15.23);0.4374027175289194
(15.24);0.5028294560784042
(15.25);0.653742907600123
(15.26);0.3381850968634303
(15.27);0.49844890683829063
(15.28);0.6441595944573949
(15.29);0.30028964805999214
(15.30);0.31056835134879046
(15.31);1.0508045228983132
(16.17);2.1204168654284437
(16.18);1.0487165945736168
(16.19);0.9863303507632365
(16.20);0.8271843330511885
(16.21);0.7355659905539164
(16.22);0.663382362414734
(16.23);0.5688505224837328
(16.24);0.68242826328744
(16.25);0.9770941937240322
(16.26);0.5586235302090004
(16.27);1.1288549587018875
(16.28);1.67893563105391
(16.29);0.46293160420371393
(16.30);0.4917635963344297
(16.31);1.8759295232574416
(17.18);1.6416002623577746
(17.19);1.3713535341227945
(17.20);1.1502844547062108
(17.21);0.9361038579871442
(17.22);0.8120121277560083
(17.23);0.6807284937441064
(17.24);0.791625222714515
(17.25);1.1955036853556333
(17.26);0.7560333821120881
(17.27);1.6065173450170356
(17.28);0.8124166496771849
(17.29);0.5030257574724113
(17.30);0.6005247478909304
(18.20);3.521511526508506
(18.21);2.0906214866854103
(18.22);1.5358221342090512
(18.23);1.1229086284950984
(18.24);1.3609212337293495
(18.25);2.7263060963601147
(18.26);1.9545794614195062
(18.27);1.0598701489624645
(18.28);0.5699963759930898
(18.29);0.7602304948903049
(18.30);1.1984873540066332
(18.31);3.0289058558255286
(19.20);4.344439800637968
(19.22);1.9464568628428145
(19.23);1.3141688412253443
(19.24);1.7299783949589502
(19.25);4.657583071954192
(19.26);2.9404769808328015
(19.27);0.9655895062729968
(19.28);0.5727809823477817
(19.29);0.9721637135431179
(19.30);1.8056306058326173
(19.31);2.27536370650179
(20.21);4.264505836640604
(20.23);1.6353791617441247
(20.24);1.848183370511942
(20.25);3.0262393100537883
(20.26);1.3256972106983849
(20.27);0.7247588260409098
(20.28);0.4767707600198927
(20.29);0.7580517296079575
(20.30);1.132126588350719
(20.31);1.7613693636747543
(21.22);5.710561599400637
(21.23);2.3902425921153565
(21.24);3.0887962800942437
(21.25);3.5746959900845328
(21.26);1.1247977383171182
(21.27);0.6080818762551343
(21.28);0.43854390361234336
(21.29);0.8445636082963948
(21.30);1.1902085603986057
(21.31);1.3548928059315688
(22.23);3.968821641356526
(22.24);4.596282857278921
(22.25);2.581743907693571
(22.26);0.8729858796903998
(22.27);0.5274287787231858
(22.28);0.4043558297522335
(22.29);0.7867121333194829
(22.30);0.9729767880313887
(22.31);1.1291579606070057
(23.24);2.9821708475299347
(23.25);1.6168845224890003
(23.26);0.6316515062560867
(23.27);0.43295034106515695
(23.28);0.3490124325657987
(23.29);0.6098903701607797
(23.30);0.6872207632525142
(23.31);0.9105694030610771
(24.25);2.6621241614054454
(24.26);0.8931847729786534
(24.27);0.5468047932441799
(24.28);0.4411228748811273
(24.29);1.0115894507532246
(24.30);1.1047214869345807
(24.31);1.0765220375782611
(25.26);2.6288518233728215
(25.27);0.9356638942838436
(25.28);0.6463515194157915
(25.29);1.7200215615042749
(25.30);4.1730067075399075
(25.31);1.7752438670545752
(26.27);0.0
(26.28);0.0
(26.29);0.0
(26.30);0.0
(26.31);1.4239069616716726
(27.28);0.0
(27.29);0.0
(27.30);0.0
(27.31);2.6514925431136547
(28.29);0.0
(28.30);0.0
(28.31);0.9823579265834392
(29.30);0.0
(29.31);0.7879664398036292
(30.31);1.0218590389358928

****Importance nodes******

0; 0.05238095238095238
1; DISCONNECTED
2; DISCONNECTED
3; DISCONNECTED
4; DISCONNECTED
5; 0.0016897081413210445
6; 0.0018023553507424475
7; 0.0018023553507424475
8; 0.0019225123741252773
9; DISCONNECTED
10; 0.0019225123741252776
11; 0.0021213929645520304
12; 0.002052960933437449
13; 0.0021191854796773664
14; 0.0021875463016024425
15; 0.0022581123113315535
16; 0.002330954643955152
17; 0.0025057943528427437
18; 0.0025698780986469203
19; 0.002658494584807159
20; 0.0027656318164934364
21; 0.002747728429151599
22; 0.002835748135733776
23; 0.00292496206529808
24; 0.0030193156803076954
25; 0.003116712960317621
26; DISCONNECTED
27; DISCONNECTED
28; DISCONNECTED
29; DISCONNECTED
30; DISCONNECTED
31; 0.003279573359061003
