
****Mix criterion 0.5*C(weight)+0.5*C(distance) ******

(0.5);0.47585807965818216
(0.6);0.42645725991074357
(0.7);0.39729769822279015
(0.8);0.4335026872790222
(0.10);0.3590945466183129
(0.11);0.4134466772218993
(0.12);0.5052507029094858
(0.13);0.30810136696387036
(0.14);0.3691788161568702
(0.15);0.31582907169344543
(0.16);0.4488729411208898
(0.17);0.5873484583548784
(0.18);0.5391983267044103
(0.19);0.4875257136167823
(0.20);0.42367877398321263
(0.21);0.37104159531808645
(0.22);0.32222954441436424
(0.23);0.25429305975343464
(0.24);0.30465342405863405
(0.25);0.42624228297447936
(0.31);0.9824127216643568
(1.2);0.4395648423229701
(1.3);0.34371603677550117
(1.4);0.3719146514821577
(1.5);0.4078887256166337
(1.6);0.43211329169503904
(1.7);0.44777071192745244
(1.8);0.42027749222837174
(1.9);0.4039579470053061
(1.10);0.3816888465053179
(1.11);0.35492521557268153
(1.12);0.41718954140106856
(1.13);0.23532608285370274
(1.14);0.2398776442366156
(1.15);0.16414353868375067
(1.16);0.22890237830624446
(1.17);0.3252001201756142
(1.18);0.340656028009234
(1.19);0.3086327817251767
(1.20);0.32502343723888744
(1.21);0.271811820438045
(1.22);0.23710464608617332
(1.23);0.19811230242317177
(1.24);0.1935075938164884
(1.25);0.25769847745602875
(1.26);0.281273538781861
(1.27);0.28326927738335145
(1.28);0.19297603229189564
(1.29);0.18968553928843404
(1.30);0.2440189965396843
(1.31);0.3407287810727917
(2.3);0.3987161285875143
(2.4);0.41453271954377663
(2.5);0.4248579799684924
(2.6);0.45978795948075013
(2.7);0.3898173018023056
(2.8);0.3715276831729148
(2.9);0.34591486889269296
(2.10);0.3227639218224806
(2.11);0.30538089724267703
(2.12);0.3998712173488804
(2.13);0.28776787681016874
(2.14);0.28109060683337567
(2.15);0.20110970960207988
(2.16);0.24807657270708322
(2.17);0.3402913178494691
(2.18);0.3104495701862928
(2.19);0.275139234641563
(2.20);0.27981616127197684
(2.21);0.22539977804871564
(2.22);0.1880340724329586
(2.23);0.14443637667402134
(2.24);0.14866420201476144
(2.25);0.22325836520047057
(2.26);0.2561580792163952
(2.27);0.28283921220922914
(2.28);0.20238469028543613
(2.29);0.16465662506863035
(2.30);0.21602568071120193
(2.31);0.3381232527839709
(3.4);0.45324357736499427
(3.5);0.4054063622602157
(3.6);0.41050308957725923
(3.7);0.3052157652739541
(3.8);0.2998830764961369
(3.9);0.26198924640457233
(3.10);0.2395859107764858
(3.11);0.2404837513341864
(3.12);0.3546315856169875
(3.13);0.3901007141242452
(3.14);0.3704281577777704
(3.15);0.28787037995763215
(3.16);0.3029350650878784
(3.17);0.3696964380579836
(3.18);0.27439123467511756
(3.19);0.23901489481682536
(3.20);0.2244518849083382
(3.21);0.17189911768046023
(3.22);0.13140933561144924
(3.23);0.07950101316231749
(3.24);0.10199017688439774
(3.25);0.19079378216083176
(3.26);0.23531496865872847
(3.27);0.2983710873345779
(3.28);0.24490572188713802
(3.29);0.15232322744487467
(3.30);0.1946389534422527
(3.31);0.337991587643968
(4.5);0.45303132575267996
(4.6);0.4478040001082164
(4.7);0.34314877540386696
(4.8);0.342250677009445
(4.9);0.3007651551487457
(4.10);0.27959240583038736
(4.11);0.28532153163404556
(4.12);0.40067237993160526
(4.13);0.3623701364210121
(4.14);0.3669377298783055
(4.15);0.28701760268051196
(4.16);0.3267150122877342
(4.17);0.4089139389072359
(4.18);0.3216055869798731
(4.19);0.28609910848267633
(4.20);0.27077666728939875
(4.21);0.21849700061799435
(4.22);0.1778439220371442
(4.23);0.12516565439406951
(4.24);0.14889188989507693
(4.25);0.2376170760261957
(4.26);0.2812126077464683
(4.27);0.3383497230655555
(4.28);0.2737018556154199
(4.29);0.19659198957577242
(4.30);0.2403483229550521
(4.31);0.38371100073636977
(5.6);0.4835413232589995
(5.7);0.3930625967998992
(5.8);0.39637319428629336
(5.9);0.35133709284348535
(5.10);0.33129712323804655
(5.11);0.33934085842500433
(5.12);0.4607281772426415
(5.13);0.314859670787988
(5.14);0.33295655400436125
(5.15);0.2593889104489532
(5.16);0.3236735404556163
(5.17);0.4219136840507523
(5.18);0.372078182034394
(5.19);0.335317203713217
(5.20);0.3239020921288723
(5.21);0.2704700353834033
(5.22);0.22987093102124584
(5.23);0.17781988454744865
(5.24);0.19872150001514308
(5.25);0.284618366580835
(5.26);0.32461499290421764
(5.27);0.36307266457712467
(5.28);0.2810655357900164
(5.29);0.2352244714093982
(5.30);0.28324369877683353
(5.31);0.42051194448473445
(6.7);0.40128786228748475
(6.8);0.3945395520396973
(6.9);0.35626036642567566
(6.10);0.33413304777412184
(6.11);0.3307470459007464
(6.12);0.44343203665500025
(6.13);0.30630531996300864
(6.14);0.31330889379375326
(6.15);0.2360795691132155
(6.16);0.2927931135729348
(6.17);0.3883758443311993
(6.18);0.3501774687349491
(6.19);0.31363822989098544
(6.20);0.310097752084563
(6.21);0.25549124230642767
(6.22);0.2160357128746594
(6.23);0.1674463912424772
(6.24);0.18086532761921045
(6.25);0.26186345187564936
(6.26);0.2985838885244493
(6.27);0.330602162602422
(6.28);0.24885738955540113
(6.29);0.20766495112633485
(6.30);0.25758561213438214
(6.31);0.38709140946311354
(7.8);0.4848748999999299
(7.9);0.464509689708976
(7.10);0.44189711648160374
(7.11);0.4154711964919157
(7.12);0.43241548729809254
(7.13);0.2035671247914806
(7.14);0.22105949185641696
(7.15);0.15200703757911704
(7.16);0.23281304266518732
(7.17);0.32687700514787765
(7.18);0.38538322005998493
(7.19);0.35767594165299843
(7.20);0.38273701267802807
(7.21);0.3297541003612674
(7.22);0.2957250562937134
(7.23);0.2567630376092847
(7.24);0.2505550137532471
(7.26);0.32384216059002946
(7.27);0.3029976915731838
(7.28);0.20753615003573572
(7.29);0.234350875805894
(7.30);0.29000325066870447
(7.31);0.3578456421918013
(8.9);0.45923459275677464
(8.10);0.44443154318656075
(8.11);0.44332960415393763
(8.12);0.4472914127564503
(8.13);0.2055611751933768
(8.14);0.23059728426974618
(8.15);0.16619990996722406
(8.16);0.253821302870325
(8.17);0.34450344766786667
(8.18);0.41954963355766833
(8.19);0.3912839543204151
(8.20);0.413164798870725
(8.21);0.3574305738361297
(8.22);0.3207238701855584
(8.23);0.2766302248621476
(8.24);0.27823778437711816
(8.25);0.34104374843083796
(8.26);0.35647688098979774
(8.27);0.32937653080652834
(8.28);0.2332093463173319
(8.29);0.2669012759549005
(8.30);0.3226357432121216
(8.31);0.3820976275086645
(9.10);0.4867553780352911
(9.11);0.436587001835279
(9.12);0.3952270069833981
(9.13);0.1626376197329334
(9.14);0.18401658081353955
(9.15);0.11867425644784482
(9.16);0.20613537614753785
(9.17);0.29547658212882805
(9.18);0.3809524227031038
(9.19);0.3627566990229938
(9.20);0.40116421102424626
(9.21);0.35482936361802636
(9.22);0.32564837802904995
(9.23);0.29269916962645937
(9.24);0.2768973796618839
(9.25);0.3201418350591837
(9.26);0.3235878688150091
(9.27);0.2835893079274317
(9.28);0.1880661176706711
(9.29);0.24088272127256294
(9.30);0.29596591674476164
(9.31);0.3327788908052692
(10.11);0.4512796728560297
(10.12);0.3781430106817884
(10.13);0.1416405640445916
(10.14);0.1658759390507428
(10.15);0.10289475975811584
(10.16);0.19446450991189182
(10.17);0.28096796902537885
(10.18);0.3805244440852695
(10.19);0.3684945009821608
(10.20);0.4149877750560233
(10.21);0.37369498507006077
(10.22);0.3475362513634072
(10.23);0.31775153443072446
(10.24);0.2964782644714346
(10.25);0.3305523268052039
(10.26);0.3267798985630345
(10.27);0.2760053469826702
(10.28);0.18078205400334282
(10.29);0.24875557406787455
(10.30);0.30316732906474364
(10.31);0.32170874137426153
(11.12);0.39171640129792495
(11.13);0.15495938101531367
(11.14);0.18985044520760355
(11.15);0.1352042578144667
(11.16);0.23499206178981213
(11.17);0.31196391301223386
(11.18);0.43546620418671717
(11.19);0.43046770889829167
(11.21);0.42540652078704083
(11.22);0.3886376051474862
(11.23);0.34248422605543316
(11.24);0.3433348392375115
(11.25);0.39137076761027023
(11.26);0.3849876054655998
(11.27);0.3218416681698362
(11.28);0.22919385301289527
(11.29);0.30802866249566113
(11.30);0.36281907752938564
(11.31);0.3594133634336055
(12.13);0.26703581560234646
(12.14);0.2934756616721244
(12.15);0.22711195758539723
(12.16);0.3085286395433806
(12.17);0.4052809756624995
(12.18);0.4186591241330438
(12.19);0.380897005787999
(12.20);0.3754354039299731
(12.21);0.3205852125097255
(12.22);0.28012252876547256
(12.23);0.22869110553302627
(12.24);0.24657434386937804
(12.25);0.3281179591021055
(12.26);0.3616197867557665
(12.27);0.37175506267733677
(12.28);0.278380787866517
(12.29);0.2689699579249034
(12.30);0.32108025876303575
(12.31);0.4336133447217605
(13.14);0.43868479640035346
(13.15);0.37335892367095497
(13.16);0.32594797810461673
(13.17);0.3338034605272093
(13.18);0.2065988884691619
(13.19);0.17551081708146876
(13.20);0.14709931772902135
(13.21);0.09959466012601864
(13.22);0.05862148224159868
(13.23);0.0015153572195469014
(13.24);0.03941897476602556
(13.25);0.13516214731075704
(13.26);0.18542957003840357
(13.27);0.27257373210947705
(13.28);0.26304474567027775
(13.29);0.1191859718426575
(13.30);0.14880804808330747
(13.31);0.2860643143858152
(14.15);0.4265425771205316
(14.16);0.3983279678245793
(14.17);0.3833572150170645
(14.18);0.25111087692829753
(14.19);0.22390576812381352
(14.20);0.18826426226573906
(14.21);0.14540904050758607
(14.22);0.10510951489687596
(14.23);0.045815793953938484
(14.24);0.09190611401963446
(14.25);0.1889911995525694
(14.26);0.23978540932882644
(14.27);0.33257638203047246
(14.28);0.3339511825568577
(14.29);0.18189054909845115
(14.30);0.20617250332699077
(14.31);0.3338431044755647
(15.16);0.3949793480464006
(15.17);0.3272576865949362
(15.18);0.20388374569764525
(15.19);0.18325782328119483
(15.20);0.1401857649322269
(15.21);0.10461801303686534
(15.22);0.06645677846223953
(15.23);0.005692372087658018
(15.24);0.06259667172992206
(15.25);0.15835815782496115
(15.26);0.20782066440713182
(15.27);0.30272859681873376
(15.28);0.3482792828036149
(15.29);0.17065974287392524
(15.30);0.18163223210875354
(15.31);0.28321438122318837
(16.17);0.41212429591202143
(16.18);0.3082028351132775
(16.19);0.2918498550822573
(16.20);0.2451321563488147
(16.21);0.21370577287304537
(16.22);0.17645404380529012
(16.23);0.11539057676765897
(16.24);0.174363068369971
(16.25);0.2702879393460213
(16.26);0.31865754764884113
(16.27);0.413320120709066
(16.28);0.4450214043019696
(16.29);0.2804149131104817
(16.30);0.2934899471353059
(16.31);0.38153509230638144
(17.18);0.37648004371741844
(17.19);0.3473120008125699
(17.20);0.31233936572123405
(17.21);0.26849405144620103
(17.22);0.22762308761608338
(17.23);0.16858119669522068
(17.24);0.21075859619292772
(17.25);0.3075797146025427
(17.26);0.35705759731846987
(17.27);0.4371847544578373
(17.28);0.3673656619671674
(17.29);0.2829070152158673
(17.30);0.3187912787714103
(18.20);0.4492386695635558
(18.21);0.4010605786621308
(18.22);0.3582181819986737
(18.23);0.29925276388945277
(18.24);0.33301899941697016
(18.25);0.42275593908713394
(18.26);0.4492411263309447
(18.27);0.39726089476395277
(18.28);0.3039380566995507
(18.29);0.35419316040363213
(18.30);0.410080918266584
(18.31);0.4299916772888457
(19.20);0.4633497763524235
(19.22);0.3888592025098234
(19.23);0.3269197487806528
(19.24);0.36886364005432215
(19.25);0.46526133698509453
(19.26);0.47082535952649435
(19.27);0.3824872909294436
(19.28);0.2981131411004853
(19.29);0.3833289800102688
(19.30);0.44178441506895166
(19.31);0.39890919630835586
(20.21);0.4612079084967292
(20.22);0.4159566796627601
(20.23);0.3602547443825741
(20.24);0.375648836871478
(20.25);0.4297997586232346
(20.26);0.4130942460345949
(20.27);0.3349305822035731
(20.28);0.2468274526854666
(20.29);0.3424141021776062
(20.31);0.3626633111584959
(21.22);0.47956963821534276
(21.23);0.4092618377552692
(21.24);0.43295147000000556
(21.25);0.44450512476367715
(21.26);0.3966963539958389
(21.27);0.3036312429154467
(21.28);0.2262651181461682
(21.29);0.3600746470706254
(21.30);0.4028301706404934
(21.31);0.3186747493804006
(22.23);0.45349582018449247
(22.24);0.46318005880464835
(22.25);0.4130120416960862
(22.26);0.3603981453598318
(22.27);0.2656458045740984
(22.28);0.19329950902668383
(22.29);0.3444364070707233
(22.30);0.3754248594427121
(22.31);0.2773898547079158
(23.24);0.42728805574281886
(23.25);0.3495785718955784
(23.26);0.29879558990453847
(23.27);0.20470092476239002
(23.28);0.1330067253505174
(23.29);0.2914576255873369
(23.30);0.31544772130174037
(23.31);0.21810539292265096
(24.25);0.41333162891991165
(24.26);0.35467035959332915
(24.27);0.2593371570069667
(24.28);0.20083148846092325
(24.29);0.3724808419119382
(24.30);0.38387131316025974
(24.31);0.25898697456087766
(25.26);0.4577950052259455
(25.27);0.35715466461324585
(25.28);0.2905525776304128
(25.29);0.4268499739506494
(25.31);0.3557089390949328
(26.27);0.40521525169829353
(26.28);0.33162903787113257
(26.29);0.40798386883509286
(26.30);0.45888676893018127
(26.31);0.40385426540070896
(27.28);0.40440310991764633
(27.29);0.34667801943741156
(27.30);0.3743733940539378
(27.31);0.4550705714078604
(28.29);0.31917025319449394
(28.30);0.3179214871301564
(28.31);0.35679702292237697
(29.30);0.44453309981890016
(29.31);0.3199176475513428
(30.31);0.3626078766302467
