
****Importance edges******

(0.5);22.588861703515494
(0.6);17.468765797067846
(0.7);15.159897521558236
(0.8);18.12752004695145
(0.10);12.785140231927137
(0.11);16.421851772688516
(0.12);26.553982983936272
(0.13);10.448260138994922
(0.14);13.40897244117786
(0.15);10.781613494440144
(0.16);19.724694587713913
(0.17);40.71733911898496
(0.18);31.90614898680262
(0.19);24.236283036143675
(0.20);17.41013629676328
(0.21);13.624060867524044
(0.22);11.14609766315476
(0.23);8.772183381632827
(0.24);10.458133882703457
(0.25);17.728082786366613
(0.31);139.02284520319338
(1.2);0.0
(1.3);0.0
(1.4);0.0
(1.5);0.7831277734683187
(1.6);1.069795168747939
(1.7);1.381051871967754
(1.8);0.982130443311903
(1.9);0.0
(1.10);0.6985738879503697
(1.11);0.5915982793460692
(1.12);1.0391244726035385
(1.13);0.3491055400314727
(1.14);0.3665542477167945
(1.15);0.29361804169042455
(1.16);0.37480729913278504
(1.17);0.5954828691864444
(1.18);0.6722982870226228
(1.19);0.5803640847445602
(1.20);0.6534344557621824
(1.21);0.5201988068056799
(1.22);0.46693474282975767
(1.23);0.4203208865023024
(1.24);0.42735787512336226
(1.25);0.5559898250133151
(1.26);0.0
(1.27);0.0
(1.28);0.0
(1.29);0.0
(1.30);0.0
(1.31);0.8636282514782876
(2.3);0.0
(2.4);0.0
(2.5);0.9464754719600101
(2.6);1.6616298473269482
(2.7);0.702291539456191
(2.8);0.6254994068289725
(2.9);0.0
(2.10);0.4717073340216683
(2.11);0.443913652942921
(2.12);0.8709451153529197
(2.13);0.4342377544472149
(2.14);0.4346666248537475
(2.15);0.3296617872751165
(2.16);0.4030209243152814
(2.17);0.6501651496136581
(2.18);0.5677090522183913
(2.19);0.4954333133858204
(2.20);0.5219156921436873
(2.21);0.43336750236616123
(2.22);0.39421394367443485
(2.23);0.3573668301825205
(2.24);0.3732568343551016
(2.25);0.48777269869592926
(2.26);0.0
(2.27);0.0
(2.28);0.0
(2.29);0.0
(2.30);0.0
(2.31);0.8502445280989217
(3.4);0.0
(3.5);0.763716728303335
(3.6);0.8297783402898489
(3.7);0.40355583832203956
(3.8);0.40563451034131376
(3.9);0.0
(3.10);0.3226747846385422
(3.11);0.3341267368383808
(3.12);0.6094847457725161
(3.13);0.8225946688191293
(3.14);0.7250100256027089
(3.15);0.46270495272076684
(3.16);0.5133666236259997
(3.17);0.7910883516375726
(3.18);0.4785136249767865
(3.19);0.42775080580677616
(3.20);0.4183795526165798
(3.21);0.36331726739069836
(3.22);0.3340822101260687
(3.23);0.3024917890722053
(3.24);0.32976318147679246
(3.25);0.43713381607201374
(3.26);0.0
(3.27);0.0
(3.28);0.0
(3.29);0.0
(3.30);0.0
(3.31);0.8495790076889254
(4.5);1.4269775496579622
(4.6);1.3455484988478366
(4.7);0.49911160518845354
(4.8);0.5123458868405993
(4.9);0.0
(4.10);0.38057997117328835
(4.11);0.4030337755454889
(4.12);0.8775514446323047
(4.13);0.6630513627636963
(4.14);0.7067009322901737
(4.15);0.4608807554502631
(4.16);0.5822487969885174
(4.17);1.107191299898511
(4.18);0.6023649402141134
(4.19);0.5203764869774914
(4.20);0.5016738904400265
(4.21);0.4228565025746312
(4.22);0.38185214835967934
(4.23);0.33911668023424824
(4.24);0.3734970390264126
(4.25);0.51408496694173
(4.26);0.0
(4.27);0.0
(4.28);0.0
(4.29);0.0
(4.30);0.0
(4.31);1.1637466027818222
(5.6);4.439484547328457
(5.7);1.3089503157620501
(5.8);1.3696048753047025
(5.9);0.47087292739452796
(5.10);0.8796568260823033
(5.11);0.9371481447370795
(5.12);3.1023390811481177
(5.13);0.8460617094942723
(5.14);0.9507455181868197
(5.15);0.6789087989494182
(5.16);0.9352212952153429
(5.17);2.0037257751841286
(5.18);1.3139932248330006
(5.19);1.0546307927743592
(5.20);1.0077604145942687
(5.21);0.7950994830613772
(5.22);0.6912765950563512
(5.23);0.5927906941434837
(5.24);0.6461293566612115
(5.25);0.9151180011261734
(5.26);0.4202366426092782
(5.27);0.5353795547877234
(5.28);0.3376712400440925
(5.29);0.2796948469100363
(5.30);0.3410267480757795
(5.31);2.324584972885925
(6.7);1.429006510969251
(6.8);1.367631425222162
(6.9);0.5021294436843661
(6.10);0.9073917494616275
(6.11);0.9043673886534291
(6.12);2.4305097327789578
(6.13);0.8212548308928747
(6.14);0.8658901307593855
(6.15);0.6284991454080121
(6.16);0.8106403676196826
(6.17);1.4819345982370842
(6.18);1.147224203965074
(6.19);0.9484050196261935
(6.20);0.9487829518979295
(6.21);0.7566132212164616
(6.22);0.6660736436923073
(6.23);0.581313206565277
(6.24);0.617541842403826
(6.25);0.8393460861057425
(6.26);0.3784258370419709
(6.27);0.4487205778735093
(6.28);0.3042212087492817
(6.29);0.26164968043676123
(6.30);0.31507527538090585
(6.31);1.73383038424433
(7.8);4.730522556154361
(7.9);1.7903622420962184
(7.10);2.338178853300507
(7.11);1.7409335621937798
(7.12);2.136811963892583
(7.13);0.5490442193223656
(7.14);0.5930431978720707
(7.15);0.4850472358767924
(7.16);0.6407238476893032
(7.17);0.994399546436324
(7.18);1.4902514250898784
(7.19);1.2413352718721928
(7.20);1.5120130565646805
(7.21);1.087249631497697
(7.22);0.9298262920921152
(7.23);0.7998675286013791
(7.24);0.7957650992398405
(7.25);1.0481208721416213
(7.26);0.445476942276657
(7.27);0.3990798127847738
(7.28);0.26991436416041586
(7.29);0.2969456865425265
(7.30);0.3747181001532065
(7.31);1.4184819913999438
(8.9);1.6655567699495128
(8.10);2.457199961503863
(8.11);2.4506589978554305
(8.12);2.6301914431428695
(8.13);0.5609210703383093
(8.14);0.6226597325416857
(8.15);0.5127003485604982
(8.16);0.7041252388960222
(8.17);1.1169912697807145
(8.18);2.0621171212615796
(8.19);1.6123662380446215
(8.20);1.9984705079628686
(8.21);1.302726414127191
(8.22);1.067733477919515
(8.23);0.8798620726092183
(8.24);0.9032289289773077
(8.25);1.266552640761505
(8.26);0.5617997688339548
(8.27);0.4744749177380884
(8.28);0.3052237566125644
(8.29);0.34890015292412546
(8.30);0.4567763674377179
(8.31);1.7041553606517976
(9.10);3.232293243698026
(9.11);1.221150214265438
(9.12);0.7957680848406548
(9.13);0.2613539751781158
(9.14);0.2878970866835179
(9.15);0.2464937798675251
(9.16);0.32961201530046647
(9.17);0.4865419939476475
(9.18);0.8479876216030163
(9.19);0.7635746300783919
(9.20);1.0733525354041529
(9.21);0.7703737141680043
(9.22);0.6656569167207018
(9.23);0.5800240609393237
(9.24);0.5569288980409316
(9.25);0.7089638049774872
(9.26);0.0
(9.27);0.0
(9.28);0.0
(9.29);0.0
(9.30);0.0
(9.31);0.7854390136240201
(10.11);2.774993767394684
(10.12);1.3117609950873115
(10.13);0.4688310130030804
(10.14);0.510929389612798
(10.15);0.43793690731652596
(10.16);0.577466670691819
(10.17);0.8142375555982808
(10.18);1.4735088231926046
(10.19);1.3721028525003218
(10.20);2.0600719742076175
(10.21);1.4765612235279122
(10.22);1.2613137823600198
(10.23);1.0842260340423668
(10.24);0.9934883932836753
(10.25);1.2062426495023628
(10.26);0.48243117980988676
(10.27);0.3745583080181023
(10.28);0.26362383103664894
(10.29);0.3343418033305662
(10.30);0.4255013669627314
(10.31);1.172185506235047
(11.12);1.4830339033577913
(11.13);0.4941481605650345
(11.14);0.5581420214370095
(11.15);0.4833838161641739
(11.16);0.6738317914504248
(11.17);0.9570572631763582
(11.18);2.524241825689235
(11.19);2.4184514172596927
(11.20);5.534839367622387
(11.21);2.3657945856860505
(11.22);1.706068675310727
(11.23);1.2609472023111254
(11.24);1.291018563386596
(11.25);1.8382176073404486
(11.26);0.7398560976785115
(11.27);0.48415009191753117
(11.28);0.3203208992254311
(11.29);0.4499322450215779
(11.30);0.6245554394912156
(11.31);1.4829880058117915
(12.13);0.7387667023721024
(12.14);0.8442459153618416
(12.15);0.6534906181818058
(12.16);0.9387012673321758
(12.17);1.8340238156407762
(12.18);2.123660163642886
(12.19);1.5437953660262334
(12.20);1.50678764194681
(12.21);1.0888509600212168
(12.22);0.9110460671289595
(12.23);0.7557728821063066
(12.24);0.8230515815882671
(12.25);1.2191529198449205
(12.26);0.6392955449001306
(12.27);0.6880050854592248
(12.28);0.40317636224810105
(12.29);0.3869529101601865
(12.30);0.4976828552548895
(12.31);2.8564142735160196
(13.14);2.5490335318498096
(13.15);1.3873950663583432
(13.16);1.0441960652733158
(13.17);1.1089360591694837
(13.18);0.6492782976622605
(13.19);0.5980905902802577
(13.20);0.5601573651061493
(13.21);0.5032040199187313
(13.22);0.4651244881218111
(13.23);0.41974464992423194
(13.24);0.4624985648786169
(13.25);0.5934873196417044
(13.26);0.29413547619827346
(13.27);0.4056071301683927
(13.28);0.38949049739803293
(13.29);0.24322819091085915
(13.30);0.2636378878703776
(13.31);1.020086531452348
(14.15);2.2720448219009213
(14.16);1.7462444023207069
(14.17);1.5661083457063965
(14.18);0.7742386617481616
(14.19);0.7112877726590169
(14.20);0.6421111987822284
(14.21);0.5754697630667196
(14.22);0.5265469545506221
(14.23);0.4666355288337828
(14.24);0.5283947123445276
(14.25);0.7036742192138736
(14.26);0.366425623423342
(14.27);0.5655214281132899
(14.28);0.5700911904029609
(14.29);0.30023637225502287
(14.30);0.3248595285138849
(14.31);1.3155120939117508
(15.16);1.7215359745552687
(15.17);1.100861118447525
(15.18);0.6626844696130106
(15.19);0.6305588760878809
(15.20);0.5654447407877266
(15.21);0.524061818768483
(15.22);0.4867291263516106
(15.23);0.4349230814693945
(15.24);0.4999603620059935
(15.25);0.6499887044688921
(15.26);0.337172003001795
(15.27);0.49695571410880557
(15.28);0.6422298993374418
(15.29);0.29939007678383667
(15.30);0.3096379883810317
(15.31);1.0329743005033003
(16.17);2.070510412967666
(16.18);1.0272029225872237
(16.19);0.9647290797997834
(16.20);0.8054438410213411
(16.21);0.7310863339278898
(16.22);0.6593911342121427
(16.23);0.5656467846335709
(16.24);0.6785595773788422
(16.25);0.9715189929765178
(16.26);0.5569500736472871
(16.27);1.1254732720458394
(16.28);1.6739060794927179
(16.29);0.46154480989809393
(16.30);0.49029043064663685
(16.31);1.8444387518979408
(17.18);1.5767826359536565
(17.19);1.3158160183366094
(17.20);1.099261422451345
(17.21);0.912796698318257
(17.22);0.79210407913253
(17.23);0.6644993368954855
(17.24);0.7729699524992498
(17.25);1.1676585928174985
(17.26);0.7237935255606102
(17.27);1.5380099351906111
(17.28);0.7777724172063208
(17.29);0.48157501383288676
(17.30);0.5749163128856812
(17.31);4.803660943251242
(18.19);5.862965260717558
(18.20);3.3759634735053776
(18.21);2.0444258325005715
(18.22);1.5023939931241626
(18.23);1.0991679609200242
(18.24);1.3324565441845115
(18.25);2.6698989317115966
(18.26);1.8834246080979844
(18.27);1.0212864502805423
(18.28);0.5492461280097551
(18.29);0.7325549306974928
(18.30);1.1548574102947986
(18.31);2.9353095492671284
(19.20);4.160816423304282
(19.21);2.8132277319018146
(19.22);1.901679722164148
(19.23);1.2847695400369072
(19.24);1.6916978375315082
(19.25);4.555651867496029
(19.26);2.827337940667543
(19.27);0.9284370746622478
(19.28);0.5507424181998019
(19.29);0.9347583299435461
(19.30);1.7361563963868225
(19.31);2.202754784536628
(20.21);4.147775099315807
(20.22);2.4503782016543822
(20.23);1.5923905262666964
(20.24);1.8001601159723146
(20.25);2.9485199280057937
(20.26);1.2648353107681232
(20.27);0.6914856179598289
(20.28);0.454882523360845
(20.29);0.7232500658969383
(20.30);1.080151390264354
(20.31);1.6989679748959379
(21.22);5.661418565433134
(21.23);2.3706219520644614
(21.24);3.063465509102016
(21.25);3.545408211361634
(21.26);1.114994983498688
(21.27);0.6027823656503402
(21.28);0.43472193792217323
(21.29);0.8372031294310257
(21.30);1.1798357419771885
(21.31);1.3299078788441883
(22.23);3.9366334676353407
(22.24);4.559033764957869
(22.25);2.560836683316573
(22.26);0.8655658921011878
(22.27);0.5229458711717978
(22.28);0.4009189869484861
(22.29);0.780025433796252
(22.30);0.9647069226650158
(22.31);1.1086066380806086
(23.24);2.959110190511746
(23.25);1.6043814093819764
(23.26);0.6267670447394506
(23.27);0.42960240433326874
(23.28);0.3463135744473411
(23.29);0.6051741840788778
(23.30);0.6819065934321397
(23.31);0.89445265223709
(24.25);2.6415383749549965
(24.26);0.8862779159417434
(24.27);0.5425764379829947
(24.28);0.437711741233658
(24.29);1.0037669890098404
(24.30);1.0961788498378755
(24.31);1.0576287060289646
(25.26);2.6085233266669223
(25.27);0.928428552898807
(25.28);0.6413533850148806
(25.29);1.7067209059343253
(25.30);4.14073750455414
(25.31);1.7443531133266916
(26.27);0.0
(26.28);0.0
(26.29);0.0
(26.30);0.0
(26.31);1.3860470476160647
(27.28);0.0
(27.29);0.0
(27.30);0.0
(27.31);2.580992656180371
(28.29);0.0
(28.30);0.0
(28.31);0.9562382518621143
(29.30);0.0
(29.31);0.7670153927951608
(30.31);0.9946890787963344

****Importance nodes******

0; 0.05238095238095238
1; DISCONNECTED
2; DISCONNECTED
3; DISCONNECTED
4; DISCONNECTED
5; 0.0016897081413210445
6; 0.0017442148555572073
7; 0.0018004798508977624
8; 0.0018585598460880129
9; DISCONNECTED
10; 0.0019185133895102068
11; 0.0019804009182040846
12; 0.0020442848187913133
13; 0.0021102294903652266
14; 0.002178301409409266
15; 0.002248569196809565
16; 0.0023211036870292284
17; 0.0023959779995140424
18; 0.002473267612401592
19; 0.002553050438608095
20; 0.0026354069043696463
21; 0.0027204200303170543
22; 0.0028081755151659915
23; 0.00289876182210683
24; 0.0029922702679812435
25; 0.0030887951153354774
26; DISCONNECTED
27; DISCONNECTED
28; DISCONNECTED
29; DISCONNECTED
30; DISCONNECTED
31; 0.0031884336674430735
