
****Mix criterion 0.5*C(weight)+0.5*C(distance) ******

(0.5);0.4759108219580785
(0.6);0.42656551790612474
(0.7);0.39727464194052853
(0.8);0.4336195394528671
(0.10);0.3591260931625148
(0.11);0.4134921866412703
(0.12);0.5053167017378933
(0.13);0.30812738446857235
(0.14);0.36921227068475637
(0.15);0.31585602450393013
(0.16);0.4489223511544657
(0.17);0.587236902695496
(0.18);0.5392733193379063
(0.19);0.4874424487886109
(0.20);0.4236114005346562
(0.21);0.3710657660005469
(0.22);0.32225121328705936
(0.23);0.2543100087656573
(0.24);0.304673502020081
(0.25);0.42610351721999873
(0.31);0.9824127216643568
(1.2);0.4395648423229701
(1.3);0.34371603677550117
(1.4);0.3719146514821577
(1.5);0.40789055412665015
(1.6);0.43224400832743426
(1.7);0.44761369261051126
(1.8);0.42039762224751964
(1.9);0.4039579470053061
(1.10);0.3816930984724299
(1.11);0.35493368351959664
(1.12);0.4171961333303227
(1.13);0.235328297486389
(1.14);0.23987996955926216
(1.15);0.16414540131850675
(1.16);0.22890475598405396
(1.17);0.32513242467889286
(1.18);0.34065782934572963
(1.19);0.3085620774791383
(1.20);0.3249403251139065
(1.21);0.2718071265634677
(1.22);0.23710215004300242
(1.23);0.19811005555871278
(1.24);0.19350530933515112
(1.25);0.25759830801504063
(1.26);0.281273538781861
(1.27);0.28326927738335145
(1.28);0.19297603229189564
(1.29);0.18968553928843404
(1.30);0.2440189965396843
(1.31);0.3406956536567322
(2.3);0.3987161285875143
(2.4);0.41453271954377663
(2.5);0.4248601898759167
(2.6);0.45999099148563777
(2.7);0.38973745444822916
(2.8);0.3716041916003147
(2.9);0.34591486889269296
(2.10);0.3227667929347642
(2.11);0.30538725127949434
(2.12);0.39987674239302673
(2.13);0.28777063149897864
(2.14);0.2810933642428254
(2.15);0.20111180088877054
(2.16);0.24807912936462626
(2.17);0.34021740597889893
(2.18);0.3104510912894317
(2.19);0.2750788772903656
(2.20);0.27974977738013823
(2.21);0.2253958676731527
(2.22);0.1880319651255948
(2.23);0.14443446633633567
(2.24);0.148662206735578
(2.25);0.22317048604088977
(2.26);0.2561580792163952
(2.27);0.28283921220922914
(2.28);0.20238469028543613
(2.29);0.16465662506863035
(2.30);0.21602568071120193
(2.31);0.3380906387464074
(3.4);0.45324357736499427
(3.5);0.4054081454477551
(3.6);0.410604478921169
(3.7);0.3051698828104731
(3.8);0.2999326919844116
(3.9);0.26198924640457233
(3.10);0.2395878747814333
(3.11);0.24048853391650493
(3.12);0.35463545202609587
(3.13);0.39010593244601954
(3.14);0.3704327570485251
(3.15);0.28787331523477583
(3.16);0.3029383217491866
(3.17);0.36960650580017107
(3.18);0.27439251679062043
(3.19);0.23896278304938165
(3.20);0.22439867006274827
(3.21);0.17189583938442687
(3.22);0.13140754974386942
(3.23);0.07949939616427663
(3.24);0.10198841410458798
(3.25);0.19071502631311119
(3.26);0.23531496865872847
(3.27);0.2983710873345779
(3.28);0.24490572188713802
(3.29);0.15232322744487467
(3.30);0.1946389534422527
(3.31);0.3379589991347165
(4.5);0.4530346575751887
(4.6);0.4479684106174728
(4.7);0.3430920286842724
(4.8);0.3423133449794847
(4.9);0.3007651551487457
(4.10);0.27959472228330495
(4.11);0.28532730052948607
(4.12);0.4006779468845473
(4.13);0.36237434264249035
(4.14);0.3669422130010423
(4.15);0.2870205263854334
(4.16);0.326718705919228
(4.17);0.4087880715332262
(4.18);0.3216072009389913
(4.19);0.2860357123695553
(4.20);0.2707128580079716
(4.21);0.21849318508562224
(4.22);0.17784188081090896
(4.23);0.1251638416142607
(4.24);0.14888989333185706
(4.25);0.2375244563388521
(4.26);0.2812126077464683
(4.27);0.3383497230655555
(4.28);0.2737018556154199
(4.29);0.19659198957577242
(4.30);0.2403483229550521
(4.31);0.38366636125424053
(5.6);0.4838219559215076
(5.7);0.3929873039187133
(5.8);0.39646246524641116
(5.9);0.35133819227565133
(5.10);0.3313009319001272
(5.11);0.3393491040844402
(5.12);0.4607422297404313
(5.13);0.3148635297836913
(5.14);0.33296092030266033
(5.15);0.25939204955043793
(5.16);0.32367789377141387
(5.17);0.4217820373190083
(5.18);0.3720815189806575
(5.19);0.3352408706904457
(5.20);0.32382490803331676
(5.21);0.27046632111213775
(5.22);0.2298692302805765
(5.23);0.17781839234400834
(5.24);0.1987198370465507
(5.25);0.284512550225229
(5.26);0.32461597410669357
(5.27);0.3630739146245776
(5.28);0.2810663242121177
(5.29);0.2352251244635312
(5.30);0.28324449503364607
(5.31);0.4204555432419774
(6.8);0.3947067506260625
(6.9);0.35632172085297387
(6.10);0.3341887390153286
(6.11);0.3308056767474872
(6.12);0.4435770854206543
(6.13);0.30635358169627175
(6.14);0.31335899082238466
(6.15);0.2361153618583506
(6.16);0.2928385472338215
(6.17);0.3883546343682838
(6.18);0.3502372442585242
(6.19);0.3136166215065801
(6.20);0.31007130481330963
(6.21);0.25552319991718975
(6.22);0.21606469916295426
(6.23);0.16747113471852207
(6.24);0.1808910290549013
(6.25);0.26180381948223885
(6.26);0.298630127797606
(6.27);0.33065699108224655
(6.28);0.24889456187873238
(6.29);0.207696921699855
(6.30);0.25762411069948316
(6.31);0.3871233326549786
(7.8);0.4849041500147712
(7.9);0.46430613366445855
(7.10);0.4417757566228293
(7.11);0.4153899904767798
(7.12);0.43230892473142546
(7.13);0.2035402644623059
(7.14);0.2210310397482368
(7.15);0.1519842239784927
(7.16);0.23278350888603863
(7.17);0.3267639542574926
(7.18);0.38531414991419655
(7.19);0.3575288877552223
(7.20);0.3825529790095563
(7.21);0.32969896628862133
(7.22);0.2956807268071012
(7.23);0.2567255565816202
(7.24);0.25051836948651207
(7.25);0.3083282881184209
(7.26);0.3237915118876823
(7.27);0.3029523180134498
(7.28);0.20750546200007733
(7.29);0.2343171144318168
(7.30);0.28996064692490175
(7.31);0.35775266457251187
(8.9);0.4594383165778093
(8.10);0.44458703170393865
(8.12);0.44745335458010405
(8.13);0.2055951965823863
(8.14);0.23063448005106835
(8.15);0.16623006876573795
(8.16);0.25386208066415333
(8.17);0.34449162079731516
(8.18);0.41966100656918204
(8.19);0.39125336330799965
(8.20);0.41311682743543404
(8.21);0.357488266222299
(8.22);0.32077244824104445
(8.23);0.2766694036408806
(8.24);0.27827713527020853
(8.25);0.3409594817339727
(8.26);0.3565455979483717
(8.27);0.3294345665606802
(8.28);0.2332466799892244
(8.29);0.2669439519378485
(8.30);0.32269161415486675
(8.31);0.382133090954896
(9.10);0.4867750518375981
(9.11);0.4366044809854909
(9.12);0.39523205512445936
(9.13);0.16263927769303355
(9.14);0.1840184071560788
(9.15);0.11867582013881862
(9.16);0.20613746711848838
(9.17);0.2954212712145089
(9.18);0.38095469477649757
(9.19);0.36266367471302546
(9.20);0.401027688364193
(9.21);0.3548224123571917
(9.22);0.3256448196979841
(9.23);0.2926960690538023
(9.24);0.27689440254657177
(9.25);0.32001410518926443
(9.26);0.3235878688150091
(9.27);0.2835893079274317
(9.28);0.1880661176706711
(9.29);0.24088272127256294
(9.30);0.29596591674476164
(9.31);0.3327487626049131
(10.11);0.4513081594218475
(10.12);0.37815116887283995
(10.13);0.14164348078472225
(10.14);0.1658791187370338
(10.15);0.10289748607661146
(10.16);0.19446810602396067
(10.17);0.28091876902708124
(10.18);0.38053058538710194
(10.19);0.36840264391456384
(10.20);0.4148414199187913
(10.21);0.3736908886813179
(10.22);0.34753536167030114
(10.23);0.3177506750437924
(10.24);0.2964773908750596
(10.25);0.33042108333621695
(10.26);0.32678283494749677
(10.27);0.2760076267838976
(10.28);0.18078365858644968
(10.29);0.24875760908575373
(10.30);0.3031699189379834
(10.31);0.32168334965357964
(11.12);0.39173162531154054
(11.13);0.15496442242876196
(11.14);0.18985610425004681
(11.15);0.1352091283945817
(11.16);0.2349988089174529
(11.17);0.31191054638153376
(11.18);0.4354860264696013
(11.19);0.4303169056605869
(11.21);0.42540843314179533
(11.22);0.38864235628888877
(11.23);0.34248754726212804
(11.24);0.343338045931639
(11.25);0.3911792495816155
(11.26);0.38499819552709713
(11.27);0.3218485981380603
(11.28);0.22919843798290812
(11.29);0.3080351026806638
(11.30);0.3628280172144588
(11.31);0.3593864064276149
(12.13);0.26704050214179936
(12.14);0.2934810173436478
(12.15);0.2271161031560549
(12.16);0.3085345944145324
(12.17);0.4051738277507521
(12.18);0.41866833565794265
(12.19);0.38079691554145045
(12.20);0.37533164889026954
(12.21);0.32058256652203176
(12.22);0.2801221452002608
(12.23);0.22869071913348793
(12.24);0.24657384920054465
(12.25);0.32798886776132224
(12.26);0.36162384227665506
(12.27);0.3717594271985943
(12.28);0.2783833455101169
(12.29);0.2689724126512386
(12.30);0.32108341593068923
(12.31);0.43355366145810514
(13.14);0.4387009667910539
(13.15);0.3733677249362183
(13.16);0.3259546022067058
(13.17);0.3337397249663394
(13.18);0.20660172349976508
(13.19);0.17547264254969627
(13.20);0.14706133153275067
(13.21);0.09959349757406273
(13.22);0.058621328603405985
(13.23);0.0015151805002224534
(13.24);0.039418738307115515
(13.25);0.1351001501026389
(13.26);0.18543143595562653
(13.27);0.2725763051732221
(13.28);0.2630472164943914
(13.29);0.11918751481760359
(13.30);0.14880972053194222
(13.31);0.2860433460210224
(14.15);0.42655699036853323
(14.16);0.39833904553457844
(14.17);0.38326869104720546
(14.18);0.2511142799935465
(14.19);0.2238610866190705
(14.20);0.18822139186499923
(14.21);0.1454077802033496
(14.22);0.10510938894327126
(14.23);0.04581563981662443
(14.24);0.09190589155686663
(14.25);0.18891869964181313
(14.26);0.23978773383551472
(14.27);0.3325799695479875
(14.28);0.3339547990637292
(14.29);0.1818924537181359
(14.30);0.20617456414942922
(14.31);0.3338165123382307
(15.16);0.3949902690127063
(15.17);0.3271965077116174
(15.18);0.20388667765516144
(15.19);0.18321885118746922
(15.20);0.14014860790787625
(15.21);0.10461692856124746
(15.22);0.06645670655716143
(15.23);0.005692268051105523
(15.24);0.06259650658487294
(15.25);0.1582921251048592
(15.26);0.2078228033366334
(15.27);0.30273174937359726
(15.28);0.34828335693926754
(15.29);0.17066164212493665
(15.30);0.1816341963697902
(15.31);0.28319385493915605
(16.17);0.4120112014056738
(16.18);0.3082074096614777
(16.19);0.29179120777703305
(16.20);0.24508007761582912
(16.21);0.21370434848067307
(16.22);0.17645400692311838
(16.23);0.11539049320398048
(16.24);0.17436290605391536
(16.25);0.27019064812014426
(16.26);0.3186610807919634
(16.27);0.4133272604121356
(16.28);0.4450320231168903
(16.29);0.28041784102798795
(16.30);0.29349305740738396
(16.31);0.38149907793250915
(17.18);0.3763939866152104
(17.19);0.3471568874119134
(17.20);0.3122066203476625
(17.21);0.2684410780674881
(17.22);0.22757934506780625
(17.23);0.16854506793949534
(17.24);0.21071722752513358
(17.25);0.307403255887889
(17.26);0.35697531524996384
(17.27);0.4370099108948858
(17.28);0.3672772434872355
(17.29);0.28285226895622334
(17.30);0.31872592131549016
(17.31);0.46862875720799235
(18.20);0.4490215355865605
(18.21);0.4010535246224147
(18.22);0.3582157968709754
(18.23);0.2992509492492044
(18.24);0.3330167154094123
(18.25);0.4224919939053287
(18.26);0.44924617272411393
(18.27);0.39726363116919267
(18.28);0.3039395283336669
(18.29);0.354195123190028
(18.30);0.41008401255797305
(18.31);0.4299317048073698
(19.20);0.4628315356174343
(19.21);0.4316164380992201
(19.22);0.3887435518936818
(19.23);0.32684279967791335
(19.24);0.3687638747181867
(19.25);0.4645608345166774
(19.26);0.4704809123033711
(19.27);0.3823741818569086
(19.28);0.2980460455849912
(19.29);0.383215100835654
(19.30);0.44157290365355223
(19.31);0.39874294482639067
(20.21);0.46092930187322456
(20.22);0.4157990331682371
(20.23);0.3601538346009247
(20.24);0.375536496307085
(20.25);0.4293404491896061
(20.26);0.41293336815388043
(20.27);0.33484263024665434
(20.28);0.24676959492666642
(20.29);0.3423221100132212
(20.30);0.3965885963267342
(20.31);0.3625298440222845
(21.22);0.4795291294915282
(21.23);0.4092449445796781
(21.24);0.43292972886530773
(21.25);0.4441505133599672
(21.26);0.3966862931373009
(21.27);0.3036258038702494
(21.28);0.22626119554921886
(21.29);0.36006709279246507
(21.30);0.40281952470874144
(21.31);0.31864169773775297
(22.23);0.45347477654352536
(22.24);0.4631556880649045
(22.25);0.4127638596683927
(22.26);0.360393518396713
(22.27);0.2656430091182226
(22.28);0.19329736587688653
(22.29);0.344432237372094
(22.30);0.37541970251197776
(22.31);0.27736446904043355
(23.24);0.4272722375436029
(23.25);0.3494253068210051
(23.26);0.29879223946290656
(23.27);0.2046986282827127
(23.28);0.13300487409904008
(23.29);0.2914543905723534
(23.30);0.31544407610651376
(23.31);0.2180851447515517
(24.25);0.4130829483514387
(24.26);0.3546656219121573
(24.27);0.259334256614067
(24.28);0.20082914863203002
(24.29);0.3724754761819801
(24.30);0.38386545343408984
(24.31);0.2589633091791609
(25.26);0.4573250428063447
(25.27);0.35698739506089555
(25.28);0.29043702873515875
(25.29);0.4265424840086057
(25.30);0.482135454534379
(25.31);0.355520311989742
(26.27);0.40521525169829353
(26.28);0.33162903787113257
(26.29);0.40798386883509286
(26.30);0.45888676893018127
(26.31);0.4038010988245278
(27.28);0.40440310991764633
(27.29);0.34667801943741156
(27.30);0.3743733940539378
(27.31);0.45497156860495136
(28.29);0.31917025319449394
(28.30);0.3179214871301564
(28.31);0.35676034313293375
(29.30);0.44453309981890016
(29.31);0.31988822605199085
(30.31);0.362569721927796
