
****Importance edges******

(0.5);22.568672024430782
(0.6);17.453152404056816
(0.7);15.163125162006736
(0.8);18.111964323480162
(0.10);12.774183139548274
(0.11);16.427741425138194
(0.12);26.56561276496795
(0.13);10.453703657151392
(0.14);13.41774092403573
(0.15);10.789164015329037
(0.16);19.740384149237865
(0.17);40.75377588741289
(0.18);31.938017280263445
(0.19);24.264428729504363
(0.20);17.439092279614428
(0.21);13.62058036306893
(0.22);11.142884959447473
(0.23);8.78531928394179
(0.24);10.456107373880496
(0.25);17.773442215115846
(0.31);139.07585333624615
(1.2);0.0
(1.3);0.0
(1.4);0.0
(1.5);0.782427822375777
(1.6);1.0688389974531263
(1.7);1.4258114195749638
(1.8);0.982274763947776
(1.9);0.0
(1.10);0.6986765409415276
(1.11);0.6114080530669619
(1.13);0.36154744977328623
(1.14);0.38043616110118944
(1.15);0.30472717949082984
(1.16);0.3893934560207868
(1.17);0.6193013627279124
(1.18);0.6999176135204487
(1.19);0.6055087440252944
(1.20);0.6877298756158771
(1.21);0.52645952608856
(1.22);0.4720743698531572
(1.23);0.4391123414309171
(1.24);0.4325119375471875
(1.25);0.5899640711969429
(1.26);0.0
(1.28);0.0
(1.29);0.0
(1.30);0.0
(1.31);0.8820484485433266
(2.3);0.0
(2.4);0.0
(2.5);0.9456295224698926
(2.6);1.6601447006287466
(2.7);0.7250526335414129
(2.8);0.6255913217805418
(2.9);0.0
(2.10);0.47177664976567724
(2.11);0.4587781806527287
(2.12);0.90104648102035
(2.13);0.4497137246848484
(2.14);0.4511280476169314
(2.15);0.3421346523663852
(2.16);0.4187050543864186
(2.17);0.676170858960289
(2.18);0.5910316487081594
(2.19);0.516898290611099
(2.20);0.5493083673117286
(2.21);0.43858318576093486
(2.22);0.39855312097709433
(2.23);0.37334377279472153
(2.24);0.3777584222194419
(2.25);0.5175784775098693
(2.26);0.0
(2.27);0.0
(2.28);0.0
(2.29);0.0
(2.30);0.0
(2.31);0.8683792657412405
(3.4);0.0
(3.5);0.7630341265919939
(3.6);0.8290366934277014
(3.7);0.41663498264976584
(3.8);0.4056941169148226
(3.9);0.0
(3.10);0.3227222005703223
(3.11);0.34531503011432635
(3.12);0.6305495900179368
(3.13);0.8519114439772147
(3.14);0.7524671521833581
(3.15);0.48021155092267376
(3.16);0.533345012869214
(3.17);0.8227307947190217
(3.18);0.49817189913426224
(3.19);0.44628339345613904
(3.20);0.44033814737487126
(3.21);0.3676898791537353
(3.22);0.33775950761049905
(3.23);0.31601541115039394
(3.24);0.33374022301819367
(3.25);0.46384526152349065
(3.26);0.0
(3.27);0.0
(3.28);0.0
(3.29);0.0
(3.30);0.0
(3.31);0.8676995505465299
(4.5);1.4257021326331105
(4.6);1.3443458622235913
(4.7);0.515287688148982
(4.8);0.5124211742779039
(4.9);0.0
(4.10);0.38063589606983783
(4.11);0.41652943328177994
(4.12);0.907881136436311
(4.13);0.6866821112443668
(4.14);0.7334646683315111
(4.15);0.4783183345321715
(4.16);0.604907833566447
(4.17);1.151477424975176
(4.18);0.6271112682589104
(4.19);0.5429221437586367
(4.20);0.5280041773579525
(4.21);0.4279456835279993
(4.22);0.386055257361076
(4.23);0.3542777060523845
(4.24);0.3780015238301624
(4.25);0.5454985799979802
(4.26);0.0
(4.27);0.0
(4.28);0.0
(4.29);0.0
(4.30);0.0
(4.31);1.1885679790166985
(5.6);4.435516584290366
(5.7);1.3302685030350538
(5.8);1.3691273508828228
(5.9);0.4704520662896811
(5.10);0.8793573700968373
(5.11);0.9536955531046869
(5.12);3.1597862733282795
(5.13);0.8624704676676589
(5.14);0.9706514026714327
(5.15);0.6933143623003128
(5.16);0.9559316231200561
(5.17);2.049985467003265
(5.18);1.3455874560313605
(5.19);1.0817505802575693
(5.20);1.039637122270958
(5.21);0.8007300435007394
(5.22);0.6957950303898904
(5.23);0.6093382821528018
(5.24);0.6509011615482284
(5.25);0.9509745336039823
(5.26);0.41986103966543453
(5.27);0.5349010383603994
(5.28);0.33736943315970375
(5.29);0.27944485869571734
(5.30);0.3407219420747812
(5.31);2.356272071283788
(6.7);1.451902474647702
(6.8);1.3671433095505015
(6.9);0.5016806458449692
(6.10);0.9070753795885402
(6.11);0.9200904644543915
(6.12);2.4748376211723713
(6.13);0.836946860357784
(6.14);0.8837567109671768
(6.15);0.6416453598571663
(6.16);0.828341467097241
(6.17);1.5156799185051797
(6.18);1.174438815372491
(6.19);0.9724731227602115
(6.20);0.9784100705528216
(6.21);0.761897568444851
(6.22);0.6703680876145938
(6.23);0.5973438032333319
(6.24);0.622043686968462
(6.25);0.8718543246807939
(6.26);0.3780876041417247
(6.27);0.4483195162979026
(6.28);0.30394929913931423
(6.29);0.261415820796113
(6.30);0.31479366452414986
(6.31);1.7571864455190045
(7.8);4.806316383400355
(7.9);1.8483874369754498
(7.10);2.3750434458787018
(7.11);1.798337456553217
(7.12);2.2085104860039495
(7.13);0.5677954383532552
(7.14);0.6140368550929911
(7.15);0.5022289460984072
(7.16);0.6638373410516198
(7.17);1.030936406175888
(7.18);1.546029234460871
(7.19);1.2895129761159274
(7.20);1.5790505561036823
(7.21);1.1091572038439763
(7.22);0.9478357152354788
(7.23);0.8318587485389111
(7.24);0.8114455887184405
(7.26);0.4599147391548699
(7.27);0.4120138902383348
(7.28);0.27866222155645576
(7.29);0.30656962237240826
(7.30);0.38686262056082393
(7.31);1.4544091680937195
(8.9);1.665801517695353
(8.10);2.457561038449727
(8.11);2.4931659410410796
(8.12);2.677990399307605
(8.13);0.5715889460506567
(8.14);0.6354262194593319
(8.15);0.523354554229313
(8.16);0.7193884909178907
(8.17);1.1422238176150457
(8.18);2.1106158263862236
(8.19);1.6528930230938539
(8.20);2.0601025168586684
(8.21);1.312118952457564
(8.22);1.0748680798857286
(8.23);0.9038812600124109
(8.24);0.9099993377312403
(8.25);1.3149420393028817
(8.26);0.5618823233463656
(8.27);0.4745446401688511
(8.28);0.3052686081767714
(8.29);0.3489514225821114
(8.30);0.45684348912837447
(8.31);1.7272101882539417
(9.10);3.232768217892579
(9.11);1.262040646621931
(9.12);0.823271202644528
(9.13);0.2706684723629417
(9.14);0.2988001452235679
(9.15);0.2558199553018612
(9.16);0.34243933370773094
(9.17);0.5060030027191132
(9.18);0.8828246090522798
(9.19);0.7966570078709191
(9.20);1.1296872994009117
(9.21);0.7796453493663476
(9.22);0.6729839111884018
(9.23);0.6059554299211352
(9.24);0.563645625339584
(9.25);0.752285660453907
(9.26);0.0
(9.27);0.0
(9.28);0.0
(9.29);0.0
(9.30);0.0
(9.31);0.802191524196433
(10.11);2.8223924686258286
(10.12);1.3352421262630803
(10.13);0.477615809573208
(10.14);0.5212528483095485
(10.15);0.44690747811547754
(10.16);0.5898085417306663
(10.17);0.8323770446287356
(10.18);1.5076939805883653
(10.19);1.4061309238129347
(10.20);2.122771320101078
(10.21);1.4870723119609217
(10.22);1.2696373375969594
(10.23);1.1134577334301163
(10.24);1.000846233037786
(10.25);1.2517782032785225
(10.26);0.482502071385552
(10.27);0.37461334805229823
(10.28);0.263662569637194
(10.29);0.33439093368996414
(10.30);0.4255638929013815
(10.31);1.1878593843505705
(11.12);1.5335045066455368
(11.13);0.5112439431217009
(11.14);0.5781138162866082
(11.15);0.5006880792155223
(11.16);0.6983699752517387
(11.17);0.9925173400583955
(11.18);2.6194156254770653
(11.19);2.5128361481499377
(11.21);2.4156462547372297
(11.22);1.740707577930717
(11.23);1.3115772830588102
(11.24);1.3176043851952364
(11.25);1.9307078943652358
(11.26);0.7646303108443014
(11.27);0.5003619439507
(11.28);0.33104690157070965
(11.29);0.46499830635877937
(11.30);0.6454687895877533
(11.31);1.5215256103558228
(12.13);0.7647041454681662
(12.14);0.8748659303788021
(12.15);0.6771969198188561
(12.16);0.9733178863012768
(12.17);1.9027914354495599
(12.18);2.2046383338355326
(12.19);1.6046650970575873
(12.20);1.5740736801650175
(12.21);1.1124792160071986
(12.22);0.9301146484526691
(12.23);0.7863903578895012
(12.24);0.8404948345118803
(12.25);1.2807621836503946
(12.26);0.6613907017904704
(12.27);0.7117837281008657
(12.28);0.41711083285314793
(12.29);0.400326670273748
(12.30);0.5148836332928577
(12.31);2.932105208000602
(13.15);1.4384126535070767
(13.16);1.08320292495846
(13.17);1.1510281906087323
(13.18);0.6743249958741369
(13.19);0.6219229868162763
(13.20);0.5853612170427358
(13.21);0.5144488797156676
(13.22);0.47515980978884736
(13.23);0.4369068149758303
(13.24);0.4725865146362523
(13.25);0.6236182549194837
(13.26);0.3046182862000693
(13.27);0.420062722318939
(13.28);0.40337170253010707
(13.29);0.25189669613625515
(13.30);0.2730337823185433
(13.31);1.0476575560530166
(14.15);2.3580486945439016
(14.16);1.8133184870461443
(14.17);1.6271640390817146
(14.18);0.8048818347311087
(14.19);0.7403186447224434
(14.20);0.6715660996928969
(14.21);0.5890069568064413
(14.22);0.538521987203668
(14.23);0.48612895818228413
(14.24);0.5405130233220227
(14.25);0.7399112150602196
(14.26);0.38030266562888143
(14.27);0.5869385022052901
(14.29);0.3116067365065628
(14.30);0.3371624055505448
(14.31);1.3524033770317474
(15.16);1.7876161982419547
(15.17);1.1437410995386132
(15.18);0.6888842924112314
(15.19);0.6562570367880256
(15.20);0.5913083321849041
(15.21);0.5364874888056144
(15.22);0.4978931234177748
(15.23);0.4530617214360713
(15.24);0.51151895252353
(15.25);0.6833346012566456
(15.26);0.3499290196422604
(15.28);0.6665288845435431
(15.29);0.31071760148196914
(15.30);0.3213532462764983
(15.31);1.0620581064206533
(16.17);2.1522253995733966
(16.18);1.068325501627494
(16.19);1.0045009542593595
(16.20);0.8425996449982566
(16.21);0.7489330737361478
(16.22);0.674976945412858
(16.23);0.5894788072481993
(16.24);0.6947039829361449
(16.25);1.0216353288904236
(16.26);0.5786245745756307
(16.27);1.169272658443321
(16.29);0.4795064798644826
(16.30);0.5093707771570827
(16.31);1.8974447600019193
(17.18);1.640719413300107
(17.19);1.3707052036879228
(17.20);1.150419768868462
(17.21);0.9357355738187088
(17.22);0.8113955766716763
(17.23);0.6927914476782128
(17.24);0.791895005949413
(17.25);1.22824296315002
(17.26);0.7527442684047742
(17.27);1.5995282115401888
(17.28);0.8088822412744258
(17.29);0.5008373502496875
(17.30);0.5979121725383033
(18.20);3.534513445643177
(18.21);2.0973099648105373
(18.22);1.5400905666753804
(18.23);1.1464742321834014
(18.24);1.3660253735718477
(18.25);2.8092727082142925
(18.26);1.9607993689581849
(18.27);1.0632428920305637
(18.28);0.5718102315185561
(18.29);0.7626497177869107
(18.30);1.202301207920141
(18.31);3.023245054232568
(19.20);4.360443894901674
(19.22);1.9518792026540426
(19.23);1.3413769261165869
(19.24);1.7364513410251412
(19.25);4.797374607288941
(19.26);2.949834234043223
(19.27);0.9686622273200984
(19.28);0.5746036991113812
(19.29);0.9752573551832
(19.30);1.811376524910847
(19.31);2.271282737862065
(20.21);4.280250995962093
(20.22);2.526555079701518
(20.23);1.6694798725687745
(20.24);1.8559486541500867
(20.25);3.1169888845863705
(20.26);1.3312200225721156
(20.27);0.7277781479627995
(20.28);0.47875697164743186
(20.29);0.7612097486936094
(20.31);1.759158305323588
(21.22);5.726598726892953
(21.23);2.439108741138251
(21.24);3.1003752620347376
(21.25);3.6805818588508794
(21.26);1.1284142195718545
(21.27);0.6100369981689744
(21.28);0.4399539222786023
(21.29);0.8472790729117542
(21.30);1.194035352364198
(21.31);1.3525829395930324
(22.23);4.047350280183377
(22.24);4.6116926192798
(22.25);2.6562241268447466
(22.26);0.8750933173311373
(22.27);0.5287020218385082
(22.28);0.4053319677582385
(22.29);0.7886113012221416
(22.30);0.9753256094205599
(22.31);1.1268934004509745
(23.25);1.6896813433362705
(23.26);0.6547881710983423
(23.27);0.4488088118126385
(23.28);0.3617963547096991
(23.29);0.6322299497314303
(23.30);0.7123928657719155
(23.31);0.9234882556202764
(24.25);2.739202222963099
(24.26);0.8969666898465248
(24.27);0.5491200703666355
(24.28);0.44299067434635253
(24.29);1.015872715899367
(24.30);1.1093990911124991
(24.31);1.0754409244204937
(25.26);2.767919433733802
(25.27);0.9851609943950845
(25.28);0.6805438464458552
(25.29);1.8110115846775354
(25.31);1.8157000737550661
(26.27);0.0
(26.28);0.0
(26.29);0.0
(26.30);0.0
(26.31);1.4156098365994048
(27.28);0.0
(27.29);0.0
(27.30);0.0
(27.31);2.6360422602998312
(28.29);0.0
(28.30);0.0
(28.31);0.9766337136945386
(29.30);0.0
(29.31);0.7833749487302766
(30.31);1.0159046525324968

****Importance nodes******

0; 0.05238095238095238
1; DISCONNECTED
2; DISCONNECTED
3; DISCONNECTED
4; DISCONNECTED
5; 0.0016897081413210445
6; 0.0017442148555572073
7; 0.001860495845927688
8; 0.0018604958459276877
9; DISCONNECTED
10; 0.0019205118409576132
11; 0.0020485459636881208
12; 0.0021168308291443913
13; 0.0021873918567825376
14; 0.002262819162188832
15; 0.002335732224081583
16; 0.0024135899648843025
17; 0.002494042963713779
18; 0.002577177729170905
19; 0.0026660459267285226
20; 0.002776207226459947
21; 0.0027556238943586
22; 0.002841625375865972
23; 0.00303106706759037
24; 0.00303106706759037
25; 0.0032804707005849717
26; DISCONNECTED
27; DISCONNECTED
28; DISCONNECTED
29; DISCONNECTED
30; DISCONNECTED
31; 0.003259352463325435
