
****Mix criterion 0.5*C(weight)+0.5*C(distance) ******

(0.5);0.47592682948054454
(0.6);0.42651042658028193
(0.7);0.39728349811184555
(0.8);0.43355553391116647
(0.10);0.3591317677387541
(0.11);0.4134226874578484
(0.12);0.5053240502537427
(0.13);0.3081301359737749
(0.14);0.3692156169574311
(0.15);0.3158585620093408
(0.16);0.4489267050895259
(0.17);0.5872452776247332
(0.18);0.5392788702022245
(0.19);0.48744665916612023
(0.20);0.42359170494141374
(0.21);0.3710671131892883
(0.22);0.3222521073613852
(0.23);0.2543105439137433
(0.24);0.30467393333864873
(0.25);0.4261038879508836
(0.31);0.9824127216643568
(1.2);0.4395648423229701
(1.3);0.34371603677550117
(1.4);0.3719146514821577
(1.5);0.40789110908756815
(1.6);0.43211654764608165
(1.7);0.44760949866273253
(1.8);0.420276805262603
(1.9);0.4039579470053061
(1.10);0.3816883578774058
(1.11);0.35485386882681447
(1.12);0.417184921083456
(1.13);0.23532453060609645
(1.14);0.2398760144058385
(1.15);0.16414223315333043
(1.16);0.22890071177946048
(1.17);0.32512599936497694
(1.18);0.34065033338121375
(1.19);0.3085558087751663
(1.20);0.32491568984261815
(1.21);0.27180107043430135
(1.22);0.237096714011474
(1.23);0.19810516220342886
(1.24);0.19350033405558847
(1.25);0.2575918352085839
(1.26);0.281273538781861
(1.27);0.28326927738335145
(1.28);0.19297603229189564
(1.29);0.18968553928843404
(1.30);0.2440189965396843
(1.31);0.3406855993387018
(2.3);0.3987161285875143
(2.4);0.41453271954377663
(2.5);0.4248608605926434
(2.6);0.4597930166969275
(2.7);0.3897353217448154
(2.8);0.371527245658037
(2.9);0.34591486889269296
(2.10);0.32276359187975906
(2.11);0.3053273612611011
(2.12);0.3998673448166072
(2.13);0.2877659460344072
(2.14);0.28108867415070354
(2.15);0.20110824380832554
(2.16);0.24807478073247005
(2.17);0.34021039063824077
(2.18);0.3104447614697774
(2.19);0.2750735259516782
(2.20);0.2797301005257082
(2.21);0.2253908224298025
(2.22);0.18802737570606742
(2.23);0.1444303058891085
(2.24);0.14865786129769637
(2.25);0.22316480741489433
(2.26);0.2561580792163952
(2.27);0.28283921220922914
(2.28);0.20238469028543613
(2.29);0.16465662506863035
(2.30);0.21602568071120193
(2.31);0.3380807402410325
(3.4);0.45324357736499427
(3.5);0.40540868665309987
(3.6);0.4105056150304779
(3.7);0.3051686573010291
(3.8);0.2998827927690362
(3.9);0.26198924640457233
(3.10);0.239585685076801
(3.11);0.24044345565346376
(3.12);0.3546288756306676
(3.13);0.39009705657528304
(3.14);0.3704249341248983
(3.15);0.28786832260656514
(3.16);0.30293278247697336
(3.17);0.3695979698854412
(3.18);0.27438718147856855
(3.19);0.2389581627717906
(3.20);0.2243828966463186
(3.21);0.1718916096624996
(3.22);0.1314036603750546
(3.23);0.07949587456960472
(3.24);0.10198457501769427
(3.25);0.19070993722252028
(3.26);0.23531496865872847
(3.27);0.2983710873345779
(3.28);0.24490572188713802
(3.29);0.15232322744487467
(3.30);0.1946389534422527
(3.31);0.33794910837729786
(4.5);0.4530356687981305
(4.6);0.4478080953221094
(4.7);0.3430905129931891
(4.8);0.34225031864148237
(4.9);0.3007651551487457
(4.10);0.2795921396280573
(4.11);0.28527292576522617
(4.12);0.4006684780252384
(4.13);0.36236718825842895
(4.14);0.36693458763418524
(4.15);0.28701555344047597
(4.16);0.32671242340214585
(4.17);0.40877612483914827
(4.18);0.3216004847145049
(4.19);0.28603009161141985
(4.20);0.27069394429400945
(4.21);0.21848826221081954
(4.22);0.1778374353068004
(4.23);0.12515989363439012
(4.24);0.14888554509752433
(4.25);0.23751847138671162
(4.26);0.2812126077464683
(4.27);0.3383497230655555
(4.28);0.2737018556154199
(4.29);0.19659198957577242
(4.30);0.2403483229550521
(4.31);0.3836528129729851
(5.6);0.48355483495241797
(5.7);0.39298570241565073
(5.8);0.39637467753040617
(5.9);0.35133852595820086
(5.10);0.33129804982951805
(5.11);0.33928118565452886
(5.12);0.4607248979748345
(5.13);0.31485872671036824
(5.14);0.33295543738971733
(5.15);0.25938807346291365
(5.16);0.3236723331262847
(5.17);0.4217699456691786
(5.18);0.3720731927874036
(5.19);0.3352343136272476
(5.20);0.32380203641121624
(5.21);0.27046082704580043
(5.22);0.22986438979970514
(5.23);0.17781418718605815
(5.24);0.1987151948218973
(5.25);0.2845058930127624
(5.26);0.3246162719060066
(5.27);0.3630742940195362
(5.28);0.28106656350173004
(5.29);0.2352253226683635
(5.30);0.28324473670112815
(5.31);0.42043842521408864
(6.7);0.4012052729241003
(6.8);0.3945410737125127
(6.9);0.3562618946704588
(6.10);0.33413403045423246
(6.11);0.3306903434364631
(6.12);0.4434296109228723
(6.13);0.30630445187139843
(6.14);0.3133079275905976
(6.15);0.2360788309647457
(6.16);0.29279211418292567
(6.17);0.38827099587350333
(6.18);0.350173214134535
(6.19);0.3135646708542101
(6.20);0.3100047602662631
(6.21);0.2554826147846085
(6.22);0.2160295098728939
(6.23);0.16744089055216616
(6.24);0.18085939237244514
(6.25);0.2617614833946706
(6.26);0.29858504027390065
(6.27);0.330603528295852
(6.28);0.24885831546102374
(6.29);0.20766574746433927
(6.30);0.2575865710746553
(6.31);0.38703723814673735
(7.8);0.48460149967362653
(7.9);0.46430069673200086
(7.10);0.44176413367828443
(7.11);0.41526444646532634
(7.12);0.4322936267361024
(7.13);0.20353630009592016
(7.14);0.22102672146983576
(7.15);0.15198066254559206
(7.16);0.23277876553078894
(7.17);0.32675653250597314
(7.18);0.38530262750561256
(7.19);0.35751946582015603
(7.20);0.38251724820182853
(7.21);0.32969003466220587
(7.22);0.2956730277175901
(7.23);0.25671888173312934
(7.24);0.25051167768421745
(7.25);0.30831940729747936
(7.26);0.323790159073157
(7.27);0.3029511060967012
(7.28);0.20750464233010618
(7.29);0.23431621267372374
(7.30);0.2899595089892632
(7.31);0.3577405558754084
(8.9);0.4592334277582812
(8.10);0.44442982446144436
(8.11);0.44317630947759057
(8.12);0.44728441102273614
(8.13);0.20555966535658646
(8.14);0.2305955898272101
(8.15);0.16619849962529526
(8.16);0.2538193452359408
(8.17);0.34442480828702476
(8.18);0.41953904191940244
(8.19);0.3911597239667001
(8.20);0.41297097039666175
(8.21);0.3574142098885016
(8.22);0.32071265823302314
(8.23);0.2766208770119469
(8.24);0.27822807747816947
(8.25);0.340891744913346
(8.26);0.3564764880305807
(8.27);0.3293761989279792
(8.28);0.2332091328240286
(8.29);0.26690103191149117
(8.30);0.32263542371308707
(8.31);0.38204335822222313
(9.10);0.4867531171596325
(9.11);0.43643973113310763
(9.12);0.39522346871498576
(9.13);0.16263645766004756
(9.14);0.1840153007205235
(9.15);0.11867316044868155
(9.16);0.20613391057508745
(9.17);0.29541602138247147
(9.18);0.38094523991807516
(9.19);0.3626554270915025
(9.20);0.40098722167214057
(9.21);0.3548134437039416
(9.22);0.3256370701525884
(9.23);0.29268931644194185
(9.24);0.2768879188074726
(9.25);0.32000585146718535
(9.26);0.3235878688150091
(9.27);0.2835893079274317
(9.28);0.1880661176706711
(9.29);0.24088272127256294
(9.30);0.29596591674476164
(9.31);0.33273961856218065
(10.11);0.45110872958165343
(10.12);0.378139557641409
(10.13);0.14163931598718554
(10.14);0.1658745637770537
(10.15);0.10289356800139045
(10.16);0.19446292141003016
(10.17);0.280911433033034
(10.18);0.38051696496005344
(10.19);0.368390187131756
(10.20);0.41479058344306496
(10.21);0.3736766638902096
(10.22);0.3475231634872478
(10.23);0.3177401492947494
(10.24);0.2964677094299506
(10.25);0.3304092845109794
(10.26);0.32677956111935935
(10.27);0.2760050849922821
(10.28);0.18078186960772719
(10.29);0.24875534020751974
(10.30);0.3031670314414741
(10.31);0.3216718414083795
(11.12);0.39162504445437823
(11.13);0.15492939614026482
(11.14);0.18981709093813584
(11.15);0.13517581532020986
(11.16);0.23495303131640585
(11.17);0.31184646321913523
(11.18);0.4353189632441956
(11.19);0.43015966089345087
(11.20);0.4849727368833248
(11.21);0.42525802802575985
(11.22);0.38853551687626736
(11.23);0.3424097762681086
(11.24);0.34325963492519834
(11.25);0.3910693224179918
(11.26);0.3848983788285014
(11.27);0.3217832796741703
(11.28);0.22915522231603422
(11.29);0.3079744006719479
(11.30);0.362743756150374
(11.31);0.3592990990659893
(12.13);0.2670325307823884
(12.14);0.2934719078540065
(12.15);0.22710905193329067
(12.16);0.3085244657431163
(12.17);0.4051540384682143
(12.18);0.41864500299932705
(12.19);0.3807802482140843
(12.20);0.37529255481744894
(12.21);0.3205702881350927
(12.22);0.2801118658017098
(12.23);0.2286821867229113
(12.24);0.24656455185362616
(12.25);0.32797508805172637
(12.26);0.36161694422001295
(12.27);0.37175200356161225
(12.28);0.27837899520077136
(12.29);0.2689682373944057
(12.30);0.3210780458877525
(12.31);0.43352135783576534
(13.14);0.4386734624891305
(13.15);0.37335275481820474
(13.16);0.32594333523689634
(13.17);0.3337277594461514
(13.18);0.20659459171720304
(13.19);0.17546618541788772
(13.20);0.1470469160423231
(13.21);0.09958782655391994
(13.22);0.0586160836445919
(13.23);0.001510444491032707
(13.24);0.03941351686064651
(13.25);0.13509344595720518
(13.26);0.18542826220728517
(13.27);0.27257192863567126
(13.28);0.2630430138567631
(13.29);0.11918489036346616
(13.30);0.14880687585533212
(13.31);0.28603181629744356
(14.15);0.42653247479979534
(14.16);0.39832020339983465
(14.17);0.38325179259677433
(14.18);0.251105777824205
(14.19);0.22385340744585935
(14.20);0.1882050030171177
(14.21);0.14540129859733644
(14.22);0.10510345485239125
(14.23);0.045810377818616535
(14.24);0.09189992964117828
(14.25);0.1889107554068549
(14.26);0.2397837800699588
(14.27);0.3325738675207256
(14.28);0.3339486477283196
(14.29);0.18188921414057535
(14.30);0.20617105888578977
(14.31);0.33380165206387347
(15.16);0.39497169348412864
(15.17);0.32718462932076875
(15.18);0.2038794023850254
(15.19);0.18321204363192323
(15.20);0.1401342957066538
(15.21);0.10461102947680216
(15.22);0.06645122445082915
(15.23);0.005687366545040496
(15.24);0.0625908688006359
(15.25);0.15828479123537892
(15.26);0.20781916522028268
(15.27);0.3027263871765792
(15.28);0.3482764272206762
(15.29);0.1706584116789806
(15.30);0.1816308553479429
(15.31);0.2831821930218583
(16.17);0.4119888604114019
(16.18);0.30819613545947283
(16.19);0.2917807925835499
(16.20);0.2450598618629624
(16.21);0.21369612393720752
(16.22);0.1764465845087316
(16.23);0.11538412223571089
(16.24);0.17435525880771088
(16.25);0.270179692822723
(16.26);0.31865507125038994
(16.27);0.41331511645392777
(16.28);0.44501396151918016
(16.29);0.280412860917823
(16.30);0.2934877671293762
(16.31);0.381478266996907
(17.18);0.3763766849268146
(17.19);0.3471426820089237
(17.20);0.3121792641694174
(17.21);0.26843081546685477
(17.22);0.22757043408954594
(17.23);0.1685375880247948
(17.24);0.21070852144357438
(17.25);0.307390096582443
(17.26);0.35696750545248235
(17.27);0.43699331562884075
(17.28);0.3672688512526402
(17.29);0.28284707271834975
(17.30);0.3187197179165734
(17.31);0.46857458890585474
(18.20);0.4489376535902834
(18.21);0.40103020269859063
(18.22);0.3581986523603907
(18.23);0.29923840186470113
(18.24);0.3330014997888052
(18.25);0.4224614954098746
(18.26);0.44922517299184755
(18.27);0.3972522440704307
(18.28);0.3039334043711855
(18.29);0.35418695537839967
(18.30);0.41007113617507046
(18.31);0.42989816319671886
(19.20);0.4627297422323697
(19.21);0.43158483154064353
(19.22);0.3887221738910956
(19.23);0.3268283482131244
(19.24);0.36874483477485753
(19.25);0.46450953080195956
(19.26);0.47045037329338624
(19.27);0.38236415350172487
(19.28);0.2980400968344133
(19.29);0.38320500420250625
(19.30);0.4415541508554654
(19.31);0.3987181238452938
(20.21);0.46082782754105234
(20.22);0.41573959177858416
(20.23);0.3601155351567121
(20.24);0.3754935708691021
(20.25);0.42927074746506405
(20.26);0.41288568232901895
(20.27);0.3348165604004131
(20.28);0.2467524453039789
(20.29);0.3422948426087775
(20.30);0.3965478733096098
(20.31);0.3624900298976225
(21.22);0.4794632195323963
(21.23);0.40921734591440156
(21.24);0.4328940641490933
(21.25);0.44410923789029183
(21.26);0.39667331242002213
(21.27);0.3036187863073142
(21.28);0.22625613453759588
(21.29);0.3600573461144182
(21.30);0.40280578911851134
(21.31);0.3186262150150165
(22.23);0.45342894644847576
(22.24);0.4631026120159149
(22.25);0.4127340465324816
(22.26);0.3603834415207649
(22.27);0.2656369210078667
(22.28);0.19329269839757202
(22.29);0.3444231563539942
(22.30);0.3754084714409816
(22.31);0.2773515626959609
(23.24);0.4272377877269236
(23.25);0.3494066286907976
(23.26);0.29878494267150585
(23.27);0.20469362687245038
(23.28);0.13300084233327766
(23.29);0.2914473451639846
(23.30);0.3154361373831734
(23.31);0.21807473157734933
(24.25);0.41305219569036505
(24.26);0.3546553039078366
(24.27);0.25932793996560866
(24.28);0.20082405281326254
(24.29);0.37246379037559446
(24.30);0.3838526917733225
(24.31);0.2589509963172897
(25.26);0.4572946745048548
(25.27);0.35697658634091284
(25.28);0.29042956213029514
(25.29);0.42652261444696504
(25.30);0.48208724827007493
(25.31);0.3555000043157761
(26.27);0.40521525169829353
(26.28);0.33162903787113257
(26.29);0.40798386883509286
(26.30);0.45888676893018127
(26.31);0.4037849625323234
(27.28);0.40440310991764633
(27.29);0.34667801943741156
(27.30);0.3743733940539378
(27.31);0.4549415208141861
(28.29);0.31917025319449394
(28.30);0.3179214871301564
(28.31);0.3567492106537905
(29.30);0.44453309981890016
(29.31);0.31987929649615454
(30.31);0.3625581418059989
