
****Mix criterion 0.5*C(weight)+0.5*C(distance) ******

(0.5);0.47593168485553417
(0.6);0.4265141814135119
(0.7);0.39728675666414615
(0.8);0.4335594303406818
(0.10);0.35913451584757583
(0.11);0.4134262172615821
(0.12);0.5053297579138518
(0.13);0.3081323817806522
(0.14);0.36921849915620153
(0.15);0.31586087946903385
(0.16);0.44893094482457924
(0.17);0.5872540296350202
(0.18);0.5391132747613828
(0.19);0.48744764905159577
(0.20);0.42359232293064447
(0.21);0.3710675218163282
(0.22);0.322252378550517
(0.23);0.25431070623396734
(0.24);0.3046740641654766
(0.25);0.4261040004003567
(0.31);0.9824127216643568
(1.2);0.4395648423229701
(1.3);0.34371603677550117
(1.4);0.3719146514821577
(1.5);0.4078912774173873
(1.6);0.43211677759377776
(1.7);0.4476097955136676
(1.8);0.42027701636715775
(1.9);0.4039579470053061
(1.10);0.3816885080327447
(1.11);0.3548539959882238
(1.12);0.41718514443862287
(1.13);0.23532460564477392
(1.14);0.2398760931950378
(1.15);0.16414229626521784
(1.16);0.22890079234261634
(1.17);0.3251261273613615
(1.18);0.34056988464686005
(1.19);0.3085537593835124
(1.20);0.3249133824236114
(1.21);0.2717992334993134
(1.22);0.23709506516346635
(1.23);0.19810367795907366
(1.24);0.19349882496209786
(1.25);0.2575898718877359
(1.26);0.281273538781861
(1.27);0.28326927738335145
(1.28);0.19297603229189564
(1.29);0.18968553928843404
(1.30);0.2440189965396843
(1.31);0.34068254967974265
(2.3);0.3987161285875143
(2.4);0.41453271954377663
(2.5);0.4248610640333212
(2.6);0.45979337385684593
(2.7);0.38973547269924685
(2.8);0.3715273801063424
(2.9);0.34591486889269296
(2.10);0.3227636932711449
(2.11);0.3053274566783592
(2.12);0.39986753202237196
(2.13);0.28776603937187417
(2.14);0.2810887675803542
(2.15);0.20110831466765514
(2.16);0.2480748673600187
(2.17);0.34021053038833743
(2.18);0.31037682811993295
(2.19);0.27507177646902725
(2.20);0.2797282575280251
(2.21);0.2253892921150126
(2.22);0.18802598365099848
(2.23);0.14442904394920147
(2.24);0.1486565432467329
(2.25);0.22316308498353796
(2.26);0.2561580792163952
(2.27);0.28283921220922914
(2.28);0.20238469028543613
(2.29);0.16465662506863035
(2.30);0.21602568071120193
(2.31);0.3380777378429079
(3.4);0.45324357736499427
(3.5);0.4054088508106015
(3.6);0.41050579338762816
(3.7);0.30516874404355515
(3.8);0.2998828799583635
(3.9);0.26198924640457233
(3.10);0.2395857544343056
(3.11);0.24044352747251435
(3.12);0.354629006636693
(3.13);0.39009723338833513
(3.14);0.37042508996256696
(3.15);0.28786842206292923
(3.16);0.30293289282283753
(3.17);0.36959813992635104
(3.18);0.27432992145538615
(3.19);0.23895665229077637
(3.20);0.22438141925723507
(3.21);0.1718903267103062
(3.22);0.13140248065819904
(3.23);0.07949480640538818
(3.24);0.10198341055226708
(3.25);0.19070839360805855
(3.26);0.23531496865872847
(3.27);0.2983710873345779
(3.28);0.24490572188713802
(3.29);0.15232322744487467
(3.30);0.1946389534422527
(3.31);0.3379461083292704
(4.5);0.453035975520585
(4.6);0.4478083845417529
(4.7);0.34309062027500065
(4.8);0.3422504287679437
(4.9);0.3007651551487457
(4.10);0.2795922214320232
(4.11);0.28527301239553715
(4.12);0.4006686666510042
(4.13);0.3623673307783596
(4.14);0.366934739536396
(4.15);0.28701565250473704
(4.16);0.3267125485539257
(4.17);0.40877636282497587
(4.18);0.32152840436268093
(4.19);0.2860282540490046
(4.20);0.2706921727745253
(4.21);0.21848676901265318
(4.22);0.17783608690391603
(4.23);0.125158696139727
(4.24);0.148884226198346
(4.25);0.23751665604102032
(4.26);0.2812126077464683
(4.27);0.3383497230655555
(4.28);0.2737018556154199
(4.29);0.19659198957577242
(4.30);0.2403483229550521
(4.31);0.3836487035309337
(5.6);0.48355578919980413
(5.7);0.3929859837686781
(5.8);0.3963749719208604
(5.9);0.3513386271702347
(5.10);0.3312982389078261
(5.11);0.3392813870903393
(5.12);0.4607255648087716
(5.13);0.314858908567556
(5.14);0.33295564174822245
(5.15);0.25938821939132944
(5.16);0.3236725341479274
(5.17);0.4217703763610896
(5.18);0.37197989222167605
(5.19);0.335232162937838
(5.20);0.32379995267463973
(5.21);0.27045916059477143
(5.22);0.2298629215931285
(5.23);0.17781291168456928
(5.24);0.1987137867500657
(5.25);0.28450387375819136
(5.26);0.32461636223399704
(5.27);0.3630744090969817
(5.28);0.28106663608265575
(5.29);0.2352253827875223
(5.30);0.28324481000330537
(5.31);0.4204332330024482
(6.7);0.401205580082671
(6.8);0.3945413676787826
(6.9);0.3562620026009413
(6.10);0.33413422549403854
(6.11);0.3306905378261963
(6.12);0.4434301333500899
(6.13);0.3063046283964584
(6.14);0.31330811370981604
(6.15);0.23607896605783146
(6.16);0.2927922884264541
(6.17);0.3882713144087301
(6.18);0.35009281102705364
(6.19);0.3135627639065735
(6.20);0.3100028254304318
(6.21);0.25548105034268315
(6.22);0.21602811384744983
(6.23);0.16743965589750104
(6.24);0.18085806361417142
(6.25);0.26175965425694664
(6.26);0.2985851216148451
(6.27);0.33060362474633714
(6.28);0.2488583808520146
(6.29);0.2076658037047701
(6.30);0.2575866387986793
(6.31);0.38703341236151134
(7.8);0.4846025164783336
(7.9);0.4643010815623729
(7.10);0.44176463625939166
(7.11);0.4152648206712243
(7.12);0.4322940860342956
(7.13);0.20353641811052425
(7.14);0.22102684894182387
(7.15);0.15198076680433023
(7.16);0.2327789032515199
(7.17);0.3267567462477168
(7.18);0.38519956261685967
(7.19);0.35751700558672916
(7.20);0.38251420801365466
(7.21);0.32968781745379117
(7.22);0.2956711051246538
(7.23);0.25671720528874153
(7.24);0.25050998755386944
(7.25);0.3083171520668454
(7.26);0.3237902548264372
(7.27);0.3029511918771255
(7.28);0.2075047003469939
(7.29);0.23431627650087353
(7.30);0.28995958953324613
(7.31);0.35773746466075435
(8.9);0.4592337857622741
(8.10);0.4444303526256075
(8.11);0.44317683623580273
(8.12);0.447284976370646
(8.13);0.20555978592406665
(8.14);0.23059572366514014
(8.15);0.16619860982794657
(8.16);0.2538194965845178
(8.17);0.3444250483793121
(8.18);0.4193983452284039
(8.19);0.3911565750111753
(8.20);0.412967009577971
(8.21);0.3574115905106987
(8.22);0.3207104808235458
(8.23);0.2766190577295496
(8.24);0.2782261843983597
(8.25);0.340889054874467
(8.26);0.35647660878693316
(8.27);0.3293763009142448
(8.28);0.2332091984305126
(8.29);0.2669011069060216
(8.30);0.32263552189512823
(8.31);0.3820396914090945
(9.10);0.4867538119266367
(9.11);0.4364399936138951
(9.12);0.3952236397617834
(9.13);0.16263651383691788
(9.14);0.18401536260271714
(9.15);0.11867321343141922
(9.16);0.2061339814237188
(9.17);0.29541612596250116
(9.18);0.38084376780038215
(9.19);0.3626527307436148
(9.20);0.40098343143117715
(9.21);0.354810723347011
(9.22);0.32563471957341694
(9.23);0.2926872682509859
(9.24);0.2768859521705538
(9.25);0.3200033479619841
(9.26);0.3235878688150091
(9.27);0.2835893079274317
(9.28);0.1880661176706711
(9.29);0.24088272127256294
(9.30);0.29596591674476164
(9.31);0.33273684500640516
(10.11);0.4511093260541766
(10.12);0.3781398395985794
(10.13);0.141639416760319
(10.14);0.16587467359904526
(10.15);0.10289366213397379
(10.16);0.1944630455339133
(10.17);0.28091160804976195
(10.18);0.38041780534457936
(10.19);0.3683875472945491
(10.20);0.414786560117054
(10.21);0.373673737456585
(10.22);0.34752062737737227
(10.23);0.3177379382523021
(10.24);0.29646565520349616
(10.25);0.330406756343942
(10.26);0.3267796648157879
(10.27);0.27600516550191845
(10.28);0.1807819262724929
(10.29);0.2487554120727979
(10.30);0.30316712290109354
(10.31);0.32166935179643313
(11.12);0.3916253632258957
(11.13);0.1549295023552061
(11.14);0.1898172109082719
(11.15);0.13517591922140337
(11.16);0.23495317615354155
(11.17);0.3118466689343218
(11.18);0.43515146267450755
(11.19);0.4301550785644258
(11.20);0.48496208821010756
(11.21);0.42525340762268055
(11.22);0.38853213557608307
(11.23);0.34240724089531155
(11.24);0.34325700217450406
(11.25);0.3910655215530159
(11.26);0.384898537857267
(11.27);0.3217833837400714
(11.28);0.22915529116758165
(11.29);0.3079744973828755
(11.30);0.3627438903957778
(11.31);0.35929599086765573
(12.13);0.26703268957699333
(12.14);0.2934720893208974
(12.15);0.22710919239818195
(12.16);0.30852466751276353
(12.17);0.40515443268344664
(12.18);0.41850608297196945
(12.19);0.38077736838576864
(12.20);0.37528969985137556
(12.21);0.3205681932562199
(12.22);0.2801100865263326
(12.23);0.22868068883773088
(12.24);0.24656289695278125
(12.25);0.32797260185533295
(12.26);0.3616170816337366
(12.27);0.3717521514452342
(12.28);0.2783790818617307
(12.29);0.2689683205682064
(12.30);0.3210781528624607
(12.31);0.43351545165527533
(13.14);0.4386740103925096
(13.15);0.37335305303258115
(13.16);0.3259435596821794
(13.17);0.3337279978070072
(13.18);0.2065527320148945
(13.19);0.17546508732236724
(13.20);0.14704587111300357
(13.21);0.09958687311471932
(13.22);0.05861518877513854
(13.23);0.0015096247286219054
(13.24);0.039412600223171536
(13.25);0.1350922526387198
(13.26);0.1854283254303928
(13.27);0.27257201581911333
(13.28);0.26304309757600686
(13.29);0.11918494264428006
(13.30);0.14880693252311927
(13.31);0.2860297360535183
(14.15);0.42653296316568773
(14.16);0.39832057874727395
(14.17);0.38325212922477236
(14.18);0.2510565947025487
(14.19);0.2238521225086455
(14.20);0.18820382409967193
(14.21);0.145400225103948
(14.22);0.10510245718447216
(14.23);0.0458094800420185
(14.24);0.09189889768490839
(14.25);0.18890936077731768
(14.26);0.23978385883151088
(14.27);0.3325739890770321
(14.28);0.3339487702668762
(14.29);0.18188927867504334
(14.30);0.20617112871289528
(14.31);0.3337990069780436
(15.16);0.39497206352060166
(15.17);0.3271848659459521
(15.18);0.2038379342670409
(15.19);0.18321092318425958
(15.20);0.14013327423402663
(15.21);0.1046100672982543
(15.22);0.06645031649608919
(15.23);0.005686542480250248
(15.24);0.06258990690921268
(15.25);0.15828352180572097
(15.26);0.20781923769389965
(15.27);0.3027264939949916
(15.28);0.34827656526512624
(15.29);0.1706584760315412
(15.30);0.18163092190324634
(15.31);0.28318014574425265
(16.17);0.4119893054583727
(16.18);0.3081328330601729
(16.19);0.29177910694106696
(16.20);0.24505843066009766
(16.21);0.2136948032340082
(16.22);0.17644537386528977
(16.23);0.11538306706631286
(16.24);0.17435397311587333
(16.25);0.27017782368297144
(16.26);0.3186551909643221
(16.27);0.41331535836938366
(16.28);0.44501432131781987
(16.29);0.28041296012481964
(16.30);0.29348787251511566
(16.31);0.38147466480314923
(17.18);0.3762810135377507
(17.19);0.34714042198468853
(17.20);0.31217734346256576
(17.21);0.2684291935074045
(17.22);0.22756900315814568
(17.23);0.16853636800268262
(17.24);0.21070707952918252
(17.25);0.3073878841766766
(17.26);0.3569676610286698
(17.27);0.4369936462172108
(17.28);0.3672690184313494
(17.29);0.2828471762307493
(17.30);0.3187198414922685
(17.31);0.46856534697266866
(18.19);0.48516409406143535
(18.20);0.4487359267602894
(18.21);0.4009099218251978
(18.22);0.3581116416963775
(18.23);0.2991757518937415
(18.24);0.33292677177603613
(18.25);0.4223141946832981
(18.26);0.44899979814128355
(18.27);0.3971300346227441
(18.28);0.3038676803366312
(18.29);0.3540992961977104
(18.30);0.40993294332405383
(18.31);0.42973888711046304
(19.20);0.4627150494857382
(19.21);0.43157489742241373
(19.22);0.3887154586469009
(19.23);0.3268238114127922
(19.24);0.3687388610223111
(19.25);0.4644934438056058
(19.26);0.47044038934894417
(19.27);0.38236087498873284
(19.28);0.29803815204329864
(19.29);0.3832017033677887
(19.30);0.4415480201100901
(19.31);0.3987103454396523
(20.21);0.46081318084616885
(20.22);0.4157309389608664
(20.23);0.36010991207985393
(20.24);0.3754872141126896
(20.25);0.42926033560070076
(20.26);0.41288121592078053
(20.27);0.3348141186144869
(20.28);0.24675083901497627
(20.29);0.34229228865568556
(20.30);0.39654405906041296
(20.31);0.3624840304726418
(21.22);0.47944322783362997
(21.23);0.40920897473332624
(21.24);0.43288324638691394
(21.25);0.4440967182837399
(21.26);0.39666937513052863
(21.27);0.3036166577518406
(21.28);0.22625459943999984
(21.29);0.3600543897683052
(21.30);0.4028016228622145
(21.31);0.31862151882140466
(22.23);0.4534150453405593
(22.24);0.4630865130773466
(22.25);0.4127250036618704
(22.26);0.3603803850195758
(22.27);0.26563507437239775
(22.28);0.19329128266553874
(22.29);0.34442040191474504
(22.30);0.3754050648512775
(22.31);0.2773476479651028
(23.24);0.42722733846604294
(23.25);0.3494009632715265
(23.26);0.29878272942092027
(23.27);0.2046921098530395
(23.28);0.13299961942481772
(23.29);0.29144520816248054
(23.30);0.31543372942286363
(23.31);0.2180715730707352
(24.25);0.41304286784455024
(24.26);0.3546521742679921
(24.27);0.259326024010344
(24.28);0.20082250715802152
(24.29);0.3724602458563112
(24.30);0.3838488209276843
(24.31);0.2589472616005834
(25.26);0.4572854632423472
(25.27);0.356973307858013
(25.28);0.29042729737217354
(25.29);0.4265165876447007
(25.30);0.48207262642646725
(25.31);0.35549384462601274
(26.27);0.40521525169829353
(26.28);0.33162903787113257
(26.29);0.40798386883509286
(26.30);0.45888676893018127
(26.31);0.4037800680991117
(27.28);0.40440310991764633
(27.29);0.34667801943741156
(27.30);0.3743733940539378
(27.31);0.45493240676845637
(28.29);0.31917025319449394
(28.30);0.3179214871301564
(28.31);0.35674583396880266
(29.30);0.44453309981890016
(29.31);0.3198765879981863
(30.31);0.36255462934278854
