
****Importance edges******

(0.5);22.64272356801006
(0.6);17.529228528631027
(0.7);15.196571454482896
(0.8);18.192168789596888
(0.10);12.816569506931433
(0.11);16.483627998375137
(0.12);26.620496752609174
(0.13);10.474470483608194
(0.14);13.442661536169156
(0.15);10.808744216408924
(0.16);19.80246435664153
(0.17);40.88176291342932
(0.18);32.03817572607451
(0.19);24.301227121001922
(0.20);17.463259233833014
(0.21);13.683600300457584
(0.22);11.177007268372165
(0.23);8.796614029240217
(0.24);10.487387758316748
(0.25);17.815400721293248
(0.31);139.48577721360584
(1.2);0.0
(1.3);0.0
(1.4);0.0
(1.5);0.7849950973985864
(1.6);1.1080909027154966
(1.7);1.3857869380791956
(1.8);1.018347695481869
(1.9);0.0
(1.10);0.7016991902220434
(1.11);0.615376547489601
(1.12);1.044933245379184
(1.13);0.3510570625008463
(1.14);0.36860330958673554
(1.15);0.2952593854677839
(1.16);0.3894659126284705
(1.17);0.6194165995794396
(1.18);0.7000478510864624
(1.19);0.5854340339272418
(1.20);0.6640886432384603
(1.21);0.5423617488306264
(1.22);0.4716149955753435
(1.23);0.4245339120123719
(1.24);0.4316414348693611
(1.25);0.582686196289436
(1.26);0.0
(1.27);0.0
(1.28);0.0
(1.29);0.0
(1.30);0.0
(1.31);0.8799182179032798
(2.3);0.0
(2.4);0.0
(2.5);0.9487322892484265
(2.6);1.7211116401455315
(2.7);0.7046994119889534
(2.8);0.6485654566633474
(2.9);0.0
(2.10);0.47381767342600617
(2.11);0.4617559933295752
(2.12);0.8758137546820152
(2.13);0.4366651714821256
(2.14);0.4370964393018723
(2.15);0.33150461791339075
(2.16);0.4187829651663554
(2.17);0.6762966778355097
(2.18);0.591141625256653
(2.19);0.49976132366126536
(2.20);0.5304254785222219
(2.21);0.45183101805435644
(2.22);0.3981652900254241
(2.23);0.3609488448298069
(2.24);0.37699812015707945
(2.25);0.5111935608716536
(2.26);0.0
(2.27);0.0
(2.28);0.0
(2.29);0.0
(2.30);0.0
(2.31);0.8662820474737878
(3.4);0.0
(3.5);0.7655377676931024
(3.6);0.8594821298563812
(3.7);0.40493946743322595
(3.8);0.4205927752539987
(3.9);0.0
(3.10);0.32411837744216326
(3.11);0.3475563822917928
(3.12);0.612891804783978
(3.13);0.8271930260358115
(3.14);0.7290628783742726
(3.15);0.4652915032287984
(3.16);0.5334442553442992
(3.17);0.8228838848172259
(3.18);0.4982645967523052
(3.19);0.4314875546947538
(3.20);0.42520119195700756
(3.21);0.37879631007302794
(3.22);0.3374308347576781
(3.23);0.3055237716951787
(3.24);0.3330685149504735
(3.25);0.4581232049532339
(3.26);0.0
(3.27);0.0
(3.28);0.0
(3.29);0.0
(3.30);0.0
(3.31);0.8656039738557237
(4.5);1.4303800970029885
(4.6);1.3937154459958885
(4.7);0.500822856225091
(4.8);0.531239263283934
(4.9);0.0
(4.10);0.3822826220581522
(4.11);0.41923302006731855
(4.12);0.882457013767864
(4.13);0.6667578626166218
(4.14);0.7106514360500602
(4.15);0.46345710857797906
(4.16);0.6050203921338904
(4.17);1.15169168678864
(4.18);0.627227958343029
(4.19);0.5249223960269795
(4.20);0.509853636141479
(4.21);0.4408721997058513
(4.22);0.38567958804629915
(4.23);0.3425157671475966
(4.24);0.37724073248511264
(4.25);0.5387692372781882
(4.26);0.0
(4.27);0.0
(4.28);0.0
(4.29);0.0
(4.30);0.0
(4.31);1.1856974746460358
(5.6);4.525415352125219
(5.7);1.3127764932129213
(5.8);1.3976146781813246
(5.9);0.4719956972862722
(5.10);0.88273156460974
(5.11);0.9585021793852266
(5.12);3.115181075551634
(5.13);0.8495852430702308
(5.14);0.9547288712495744
(5.15);0.6817701963531008
(5.16);0.9573278672460794
(5.17);2.0529294546697625
(5.18);1.3474870845188598
(5.19);1.0611761824967618
(5.20);1.0187112928144004
(5.21);0.8167219256257313
(5.22);0.696221756414823
(5.23);0.5970649042249827
(5.24);0.6508244563212578
(5.25);0.9442922914631786
(5.26);0.4212386731408277
(5.27);0.5366561370879571
(5.28);0.33847639803804913
(5.29);0.2803617634701458
(5.30);0.3418399070890564
(5.31);2.3551639687446855
(6.8);1.4173501038332983
(6.9);0.5201043010723648
(6.10);0.9249863023531271
(6.11);0.9388551165347501
(6.12);2.477898289109446
(6.13);0.8370717366755726
(6.14);0.8823612805891355
(6.15);0.6403060225626773
(6.16);0.8411922066326964
(6.17);1.5387529002985079
(6.18);1.191977393810561
(6.19);0.9671073451177291
(6.20);0.9716181376744718
(6.21);0.7868363218125216
(6.22);0.6793274677083575
(6.23);0.5927684307010506
(6.24);0.6295929354730335
(6.25);0.8759468307524175
(6.26);0.391972444472224
(6.27);0.46478354429737584
(6.28);0.3151114939346099
(6.29);0.27101602162750515
(6.30);0.32635410639288726
(6.31);1.7769170557109903
(7.8);4.827109708933567
(7.9);1.7965006672718604
(7.10);2.347456279179136
(7.11);1.7804278458963843
(7.12);2.1465939920509345
(7.13);0.5515670387309256
(7.14);0.5957782863385163
(7.15);0.48729248515608387
(7.16);0.6557954161197436
(7.17);1.0186816210662744
(7.18);1.528001193809639
(7.19);1.2494547406802048
(7.20);1.5287639631467016
(7.21);1.116608171580735
(7.22);0.9367506677883465
(7.23);0.8058638322610086
(7.24);0.8017698778360247
(7.25);1.0812379354458337
(7.26);0.4470043018318034
(7.27);0.40044809542182286
(7.28);0.270839790920025
(7.29);0.2979637927308791
(7.30);0.3760028563693877
(7.31);1.4373368771857784
(8.9);1.7269761974313051
(8.10);2.507370729167166
(8.12);2.684080727827874
(8.13);0.5722747732320933
(8.14);0.6351092670458386
(8.15);0.5228249943316993
(8.16);0.7309640708826067
(8.17);1.1602675377473262
(8.18);2.143339987871852
(8.19);1.6455665228248546
(8.20);2.048057629670405
(8.21);1.355199712321512
(8.22);1.089854452338575
(8.23);0.8979116135886896
(8.24);0.9215751616295753
(8.25);1.3220670427386916
(8.26);0.5825168172010485
(8.27);0.49197175622941597
(8.28);0.316479253106721
(8.29);0.3617662695450312
(8.30);0.4736205504048874
(8.31);1.7476043422887864
(9.10);3.2467539809106416
(9.11);1.2702322319995514
(9.12);0.8002164797238667
(9.13);0.26281496074418337
(9.14);0.28950644995366087
(9.15);0.24787169598403513
(9.16);0.34250305330053427
(9.17);0.5060971575141873
(9.18);0.8829888811409927
(9.19);0.7702450713986646
(9.20);1.0908534477596166
(9.21);0.8031952964962893
(9.22);0.6723290323855586
(9.23);0.585837848080682
(9.24);0.5625111941629884
(9.25);0.7430053649261016
(9.26);0.0
(9.27);0.0
(9.28);0.0
(9.29);0.0
(9.30);0.0
(9.31);0.8002541556008063
(10.11);2.837755905737628
(10.12);1.3183849444464821
(10.13);0.4712025981448916
(10.14);0.5135184423618397
(10.15);0.44015994255798496
(10.16);0.5910003412684756
(10.17);0.834031161490116
(10.18);1.510639906837441
(10.19);1.3815802656824092
(10.20);2.0833932516506573
(10.21);1.5161847928867234
(10.22);1.2711152776978902
(10.23);1.0926973294229212
(10.24);1.001292545775076
(10.25);1.2440379696183006
(10.26);0.48458949589955613
(10.27);0.3762340189931545
(10.28);0.2648032397895635
(10.29);0.3358375924167148
(10.30);0.4274049886292536
(10.31);1.1879595911264202
(11.12);1.516575736893945
(11.13);0.5051886892357931
(11.14);0.5704592857170117
(11.15);0.49391894100636496
(11.16);0.7005213183704702
(11.17);0.9955239307765555
(11.18);2.627216662170693
(11.19);2.4728127405409634
(11.21);2.4641851977596616
(11.22);1.7444563446990449
(11.23);1.2890272429987928
(11.24);1.3194709767099049
(11.25);1.9208635505476728
(11.26);0.7695933320357053
(11.27);0.5036096662760906
(11.28);0.33319564294878795
(11.29);0.46801649229215847
(11.30);0.6496583636023862
(11.31);1.5230806881393804
(12.13);0.7428964558534541
(12.14);0.8489653044421664
(12.15);0.657143672856308
(12.16);0.9606787766703012
(12.17);1.8785198724677896
(12.18);2.17702180903994
(12.19);1.5551221904166468
(12.20);1.5243028665554699
(12.21);1.1179490786970052
(12.22);0.918476250538368
(12.23);0.7619625780799323
(12.24);0.8298202993537683
(12.25);1.2570923938445049
(12.26);0.6428692482000855
(12.27);0.6918510782303389
(12.28);0.40543014409864553
(12.29);0.38911600186792344
(12.30);0.5004649344924872
(12.31);2.8954818912764333
(13.14);2.5632827935835047
(13.15);1.3951506941998615
(13.16);1.068366541905774
(13.17);1.1355374375991272
(13.18);0.6654103419407341
(13.19);0.6024640049410008
(13.20);0.5666217861411708
(13.21);0.5165063144436507
(13.22);0.4689018862945868
(13.23);0.4231679452400038
(13.24);0.4662863767631325
(13.25);0.611764188754506
(13.26);0.29577971246788143
(13.27);0.40787450016827986
(13.28);0.39166777438198236
(13.29);0.24458785217462722
(13.30);0.265111640655598
(13.31);1.0339357421972029
(14.15);2.2847456988934884
(14.16);1.7862016577805362
(14.17);1.603247677453377
(14.18);0.7932573079640498
(14.19);0.7164712938763668
(14.20);0.6494673667481246
(14.21);0.5905157252782853
(14.22);0.5308049863230845
(14.23);0.47042519856518455
(14.24);0.5327041208002974
(14.25);0.7251151458906021
(14.26);0.36847396627519247
(14.27);0.568682729345507
(14.28);0.5732780369009081
(14.29);0.30191471292680383
(14.30);0.3266755142161679
(14.31);1.3332388896319725
(15.16);1.7604701081660579
(15.17);1.1266655262972778
(15.18);0.6787757444102863
(15.19);0.635138420556397
(15.20);0.5718748779742524
(15.21);0.5376113585778662
(15.22);0.4906482768563997
(15.23);0.43844017768174365
(15.24);0.5040206714632051
(15.25);0.6695809315515592
(15.26);0.33905681623003076
(15.27);0.499733728580531
(15.28);0.6458200058678268
(15.29);0.3010636866093882
(15.30);0.31136888469291135
(15.31);1.0467885735773388
(16.17);2.1526258761325496
(16.18);1.0685242908997663
(16.19);0.9871108595053147
(16.20);0.8271781531913878
(16.21);0.7610576976830068
(16.22);0.6746794709534706
(16.23);0.5786324042680938
(16.24);0.6939828973296531
(16.25);1.014455033131957
(16.26);0.5787322424707838
(16.27);1.169490231514923
(16.29);0.47959570430407217
(16.30);0.5094655586126909
(16.31);1.894962124125106
(17.18);1.641024711093407
(17.19);1.3473492762057782
(17.20);1.1296891554793531
(17.21);0.9506548875670197
(17.22);0.8110456485742039
(17.23);0.6802315890233248
(17.24);0.7910871530512816
(17.25);1.2197340341267935
(17.26);0.7528843357204896
(17.27);1.5998258446573115
(17.28);0.8090327544952111
(17.29);0.500930543843055
(17.30);0.5980234293841621
(18.20);3.471820674557533
(18.21);2.13023413975865
(18.22);1.539440963032517
(18.23);1.1260006693530158
(18.24);1.3646562462088943
(18.25);2.7900944723009635
(18.26);1.9611642258103648
(18.27);1.0634407355533793
(18.28);0.5719166314309689
(18.29);0.7627916282647255
(18.30);1.2025249267977776
(18.31);3.0194160470532094
(19.20);4.213161279962984
(19.21);2.886956094539282
(19.22);1.9195749407038902
(19.23);1.2968725889596464
(19.24);1.707651515678613
(19.25);4.693418764147564
(19.26);2.85203702191369
(19.27);0.9365477226357984
(19.28);0.5555535981925285
(19.29);0.9429241991892076
(19.30);1.7513231252286714
(19.31);2.234384907968176
(20.21);4.2708128701124926
(20.22);2.4823910416990036
(20.23);1.613114963965291
(20.24);1.823499132767897
(20.25);3.0470484492176
(20.26);1.2854583318052082
(20.27);0.7027602260646321
(20.28);0.46229934021344865
(20.29);0.7350425903442577
(20.30);1.0977631573102398
(20.31);1.7290481962779825
(21.22);5.808929497601546
(21.23);2.431776933046811
(21.24);3.1417028266680296
(21.26);1.1624990701172846
(21.27);0.6284637598573034
(21.28);0.4532431590035983
(21.29);0.8728719625347026
(21.30);1.2301023531387325
(21.31);1.369530130255629
(22.23);3.9760917428615703
(22.24);4.604730579391406
(22.25);2.63746619470697
(22.26);0.8742417664181029
(22.27);0.5281875433474682
(22.28);0.404937540329311
(22.29);0.7878439057223873
(22.30);0.9743765227383064
(22.31);1.1249287046092737
(23.24);2.9887704027925937
(23.25);1.6519072778356392
(23.26);0.6330493534068399
(23.27);0.43390846179261733
(23.28);0.34978479838715354
(23.29);0.611240059835794
(23.30);0.6887415853772721
(23.31);0.9075591633512579
(24.25);2.7189913798262575
(24.26);0.8951613942288813
(24.27);0.548014874301035
(24.28);0.4420990814565527
(24.29);1.0138281019991442
(24.30);1.1071662397256254
(24.31);1.0730521729437184
(25.26);2.733774013061146
(25.27);0.9730079179095689
(25.28);0.6721485674359691
(25.29);1.7886707059481097
(25.31);1.8022790869719156
(26.27);0.0
(26.28);0.0
(26.29);0.0
(26.30);0.0
(26.31);1.4121910046143185
(27.28);0.0
(27.29);0.0
(27.30);0.0
(27.31);2.6296759682887485
(28.29);0.0
(28.30);0.0
(28.31);0.9742750506704715
(29.30);0.0
(29.31);0.7814830239486092
(30.31);1.013451146467422

****Importance nodes******

0; 0.05238095238095238
1; DISCONNECTED
2; DISCONNECTED
3; DISCONNECTED
4; DISCONNECTED
5; 0.0016897081413210445
6; 0.0018023553507424475
7; 0.0018023553507424475
8; 0.0019225123741252773
9; DISCONNECTED
10; 0.0019225123741252776
11; 0.0020550994344097793
12; 0.002050822432465118
13; 0.0021169779948027024
14; 0.0021852676075382734
15; 0.00225576011100725
16; 0.0024061441184077335
17; 0.0024863489223546577
18; 0.00256922721976648
19; 0.00256922721976648
20; 0.0026720057199372525
21; 0.00282957589174882
22; 0.0028295758917488197
23; 0.0029208525334181363
24; 0.0030150735828832374
25; 0.0032294061641556823
26; DISCONNECTED
27; DISCONNECTED
28; DISCONNECTED
29; DISCONNECTED
30; DISCONNECTED
31; 0.003240847063135487
