
****Importance edges******

(0.5);22.619282284187317
(0.6);17.49229110817656
(0.7);15.180313463343357
(0.8);18.151932507092482
(0.10);12.802358071184853
(0.11);16.46393582430956
(0.12);26.590783782445925
(0.13);10.4627529320802
(0.14);13.427588816268592
(0.15);10.796596057927998
(0.16);19.752130974518916
(0.17);40.774031158432805
(0.18);31.998685190261945
(0.19);24.310247213029832
(0.20);17.471640059385194
(0.21);13.646142439095973
(0.22);11.164117173148224
(0.23);8.786091217357768
(0.24);10.474790893274852
(0.25);17.75645174236798
(0.31);139.24638501044984
(1.2);0.0
(1.3);0.0
(1.4);0.0
(1.5);0.7841824172091953
(1.6);1.0712358695083566
(1.7);1.3829117443435557
(1.8);0.9834530853632452
(1.9);0.0
(1.10);0.6995146623724077
(1.11);0.6121414885872065
(1.12);1.0416077479495018
(1.13);0.34993982428091136
(1.14);0.3674302304795069
(1.15);0.2943197232149035
(1.16);0.3757030048446249
(1.17);0.5969059402111208
(1.18);0.6963684273929681
(1.19);0.6024382923137658
(1.20);0.6841327651564016
(1.21);0.5237871013234696
(1.22);0.47004088698181473
(1.23);0.42280057467982735
(1.24);0.42987907810076836
(1.25);0.559269893742191
(1.26);0.0
(1.27);0.0
(1.28);0.0
(1.29);0.0
(1.30);0.0
(1.31);0.868723236842417
(2.3);0.0
(2.4);0.0
(2.5);0.9477500972079119
(2.6);1.6638675760571857
(2.7);0.703237320465946
(2.8);0.6263417713276961
(2.9);0.0
(2.10);0.47234258564242015
(2.11);0.45932852376959804
(2.12);0.8730264796068326
(2.13);0.4352754856703123
(2.14);0.43570538098130557
(2.15);0.3304496052992608
(2.16);0.40398405428829803
(2.17);0.6517188990723682
(2.18);0.5880346083594445
(2.19);0.5142771703436322
(2.20);0.546435258343233
(2.21);0.43635684069716907
(2.22);0.3968363343930672
(2.23);0.3594751201397894
(2.24);0.37545886758507685
(2.25);0.4906503196591432
(2.26);0.0
(2.27);0.0
(2.28);0.0
(2.29);0.0
(2.30);0.0
(2.31);0.8552605560243399
(3.4);0.0
(3.5);0.7647452310516679
(3.6);0.8308958086807678
(3.7);0.4040993098389487
(3.8);0.40618078122061146
(3.9);0.0
(3.10);0.3231093330653597
(3.11);0.3457292646136754
(3.12);0.6109412781541714
(3.13);0.824560486307463
(3.14);0.7267426375944604
(3.15);0.46381071418807956
(3.16);0.514593455168805
(3.17);0.792978876066449
(3.18);0.49564573782705534
(3.19);0.4440203516375275
(3.20);0.43803499753103226
(3.21);0.3658234041632947
(3.22);0.3363045924165803
(3.23);0.30427634305761997
(3.24);0.33170862337309115
(3.25);0.4397126923318405
(3.26);0.0
(3.27);0.0
(3.28);0.0
(3.29);0.0
(3.30);0.0
(3.31);0.8545911093685977
(4.5);1.4288992704704588
(4.6);1.3473605585786144
(4.7);0.4997837623360408
(4.8);0.5130358666893885
(4.9);0.0
(4.10);0.38109250092654084
(4.11);0.417029095463303
(4.12);0.8796485965373213
(4.13);0.6646359073930159
(4.14);0.7083897896392154
(4.15);0.4619821574936305
(4.16);0.5836402415371725
(4.17);1.1098372397553735
(4.18);0.6239312731127726
(4.19);0.5401690601046362
(4.20);0.5252424980760686
(4.21);0.42577333677368984
(4.22);0.384392305920862
(4.23);0.3411173032101273
(4.24);0.37570048934676514
(4.25);0.5171178174511983
(4.26);0.0
(4.27);0.0
(4.28);0.0
(4.29);0.0
(4.30);0.0
(4.31);1.170612140006409
(5.6);4.445463232734828
(5.7);1.310713088459439
(5.8);1.371449331928705
(5.9);0.4715070553139421
(5.10);0.8808414661846945
(5.11);0.955289166253421
(5.12);3.1082886425909346
(5.13);0.847691188531061
(5.14);0.9525843743703506
(5.15);0.680227409710986
(5.16);0.937045298096708
(5.17);2.0076498650627883
(5.18);1.3426611608591612
(5.19);1.0793341414783906
(5.20);1.0371388880106713
(5.21);0.7988929180399612
(5.22);0.6944973222297227
(5.23);0.5952940122841317
(5.24);0.6488795559898948
(5.25);0.9190435025482712
(5.26);0.42080257828392803
(5.27);0.5361005542409154
(5.28);0.33812598430403534
(5.29);0.28007151394911056
(5.30);0.3414860112222476
(5.31);2.3346329805500847
(6.7);1.430930964198372
(6.8);1.3694732241869063
(6.9);0.5028056649765139
(6.10);0.90861374038254
(6.11);0.9216354809614601
(6.12);2.4351509132886666
(6.13);0.8228298057582264
(6.14);0.8675577984961491
(6.15);0.6297147383482571
(6.16);0.812214834048986
(6.17);1.484824879918017
(6.18);1.171950157573703
(6.19);0.970354590731659
(6.20);0.9761137694705131
(6.21);0.7601914066128379
(6.22);0.6691505313174468
(6.23);0.5837484274792545
(6.24);0.6201496831003342
(6.25);0.8429186974083291
(6.26);0.378935465807472
(6.27);0.44932487306631147
(6.28);0.30463090561423695
(6.29);0.2620020459218376
(6.30);0.3154995894945705
(6.31);1.7412678443649394
(7.8);4.736893184516612
(7.9);1.7927733356578297
(7.10);2.3413276953876188
(7.11);1.7737153497987856
(7.12);2.1408747133620647
(7.13);0.5500926468580881
(7.14);0.5941805161508575
(7.15);0.4859814163199493
(7.16);0.641963084674092
(7.17);0.9963309191704202
(7.18);1.5219741582533484
(7.19);1.269714634713616
(7.20);1.555041754851704
(7.21);1.0923456970024032
(7.22);0.9340844178929011
(7.23);0.8031910888989006
(7.24);0.7990986959832077
(7.25);1.0525470212339496
(7.26);0.4460768692423374
(7.27);0.3996172564062656
(7.28);0.27027785975382806
(7.29);0.29734558540999406
(7.30);0.37522273568307607
(7.31);1.4245196496185024
(8.9);1.6677997870943677
(8.10);2.460509090163679
(8.11);2.4961567038382833
(8.12);2.635170553798318
(8.13);0.5619875571511156
(8.14);0.6238487326003479
(8.15);0.5136835880277922
(8.16);0.705481354298929
(8.17);1.1191516652431128
(8.18);2.1054617529946835
(8.19);1.6487713885332378
(8.20);2.0546425244216437
(8.21);1.3087772479819035
(8.22);1.0725801888434627
(8.23);0.8834878535919445
(8.24);0.9069819702004848
(8.25);1.271858447415477
(8.26);0.5625563485772609
(8.27);0.47511389648350977
(8.28);0.3056348036158556
(8.29);0.3493700192408858
(8.30);0.45739151141960604
(8.31);1.7113519024851107
(9.10);3.2366461959921913
(9.11);1.263554570806576
(9.12);0.79766979278642
(9.13);0.2619785527915207
(9.14);0.2885850964036091
(9.15);0.24708284493395039
(9.16);0.3303997143807106
(9.17);0.4877047206182251
(9.18);0.8783479266614954
(9.19);0.7926172695558993
(9.20);1.1237785696151474
(9.21);0.7756876974740657
(9.22);0.6700850008821374
(9.23);0.5834459199351015
(9.24);0.5602145068425454
(9.25);0.7131463455600526
(9.26);0.0
(9.27);0.0
(9.28);0.0
(9.29);0.0
(9.30);0.0
(9.31);0.790072720629298
(10.11);2.82577816640684
(10.12);1.314233394788586
(10.13);0.4697185383193589
(10.14);0.5119008265673209
(10.15);0.4387731698549178
(10.16);0.5785741168311972
(10.17);0.8158057426618539
(10.18);1.5040854898438738
(10.19);1.4026925648242532
(10.20);2.1172496642914327
(10.21);1.4833565392867913
(10.22);1.2669881268705245
(10.23);1.0886565349110735
(10.24);0.9975824114656899
(10.25);1.2112547546769197
(10.26);0.48308087331001237
(10.27);0.3750627283547673
(10.28);0.26397885512437524
(10.29);0.3347920638144133
(10.30);0.42607439267910235
(10.31);1.1770959927466322
(11.12);1.5101744996292512
(11.13);0.5030646819030566
(11.14);0.5680702438402571
(11.15);0.49185856507782655
(11.16);0.6854734437062503
(11.17);0.9733483826253269
(11.18);2.6134068555416277
(11.19);2.5069403327766744
(11.21);2.4098483296932356
(11.22);1.7372252050399866
(11.23);1.283139175547444
(11.24);1.3134557375676743
(11.25);1.8697629680733432
(11.26);0.7655475493841206
(11.27);0.5009621702984414
(11.28);0.3314440202466265
(11.29);0.46555611104098193
(11.30);0.6462430838338272
(11.31);1.5081153972511716
(12.13);0.7405321897480496
(12.14);0.8462634744924581
(12.15);0.6550523147674739
(12.16);0.9409445536523893
(12.17);1.8384067228336742
(12.18);2.167583204621839
(12.19);1.5780441428352787
(12.20);1.548225947851728
(12.21);1.0942557085467592
(12.22);0.9154705549781407
(12.23);0.7591345588390521
(12.24);0.8267346940798987
(12.25);1.2246412238646471
(12.26);0.6408233184318781
(12.27);0.6896492639110493
(12.28);0.40413986368305177
(12.29);0.3878776411690156
(12.30);0.4988722060950893
(12.31);2.869349120599428
(13.14);2.555125152529108
(13.15);1.3907106306186736
(13.16);1.0466914605927506
(13.17);1.1115861686112194
(13.18);0.662536248232707
(13.19);0.6111916833269768
(13.20);0.5753668413714097
(13.21);0.5056841010920864
(13.22);0.46736797834007554
(13.23);0.4216002997133902
(13.24);0.4645557578545644
(13.25);0.5961431441483279
(13.26);0.29483839427562974
(13.27);0.406576440595632
(13.28);0.39042129267345566
(13.29);0.24380945194922052
(13.30);0.26426792352488404
(13.31);1.0246786912379728
(14.15);2.277474501443559
(14.16);1.7504175363259575
(14.17);1.5698509947792798
(14.18);0.7898439595366537
(14.19);0.7266687251528624
(14.20);0.6593210488790253
(14.21);0.5782857098174359
(14.22);0.5290692179005443
(14.23);0.46868577079850354
(14.24);0.5307306933671123
(14.25);0.7068041611662386
(14.26);0.36730129880272805
(14.27);0.5668728979872782
(14.28);0.5714535809879228
(14.29);0.3009538701109961
(14.30);0.325635870212429
(14.31);1.3213989412666018
(15.16);1.7256500609380971
(15.17);1.1034919305849016
(15.18);0.6758661160660916
(15.19);0.6440166506835949
(15.20);0.5804011778982756
(15.21);0.5266076576155981
(15.22);0.489044419202012
(15.23);0.4368220917988847
(15.24);0.502157022250539
(15.25);0.6528622405642793
(15.26);0.3379777687637211
(15.27);0.49814332724411164
(15.28);0.6437646853207507
(15.29);0.3001055521826988
(15.30);0.31037795399919654
(15.31);1.0375689687611087
(16.17);2.0754584702963514
(16.18);1.0473633251043208
(16.19);0.9850468222868151
(16.20);0.8264648271604047
(16.21);0.7346119159561484
(16.22);0.6625056807234956
(16.23);0.5681010397113704
(16.24);0.6815223809216283
(16.25);0.975787525666049
(16.26);0.5582810598989683
(16.27);1.128162901731886
(16.28);1.6779063410670099
(16.29);0.4626477988832399
(16.30);0.491462115243513
(16.31);1.8525928341040931
(17.18);1.6073114425628947
(17.19);1.3431561698302472
(17.20);1.1275628029860036
(17.21);0.9171660633332278
(17.22);0.7958188832577623
(17.23);0.6673641829659114
(17.24);0.7763237511637939
(17.25);1.1727569557776496
(17.26);0.7255232303890309
(17.27);1.5416854353396319
(17.28);0.7796311195267267
(17.29);0.48272587053062854
(17.30);0.5762902344354298
(17.31);4.824766638470716
(18.20);3.5162979660654483
(18.21);2.0866689871786495
(18.22);1.5328974510662263
(18.23);1.1207851758902723
(18.24);1.3583479699215397
(18.25);2.721151683293668
(18.26);1.9508564245535205
(18.27);1.0578513332961628
(18.28);0.568910660337529
(18.29);0.7587824257710951
(18.30);1.19620450355698
(18.31);2.9909703680115465
(19.20);4.337977788937553
(19.22);1.942750188818598
(19.23);1.3116834233014376
(19.24);1.7267069319679003
(19.25);4.648776333402076
(19.26);2.934876029620885
(19.27);0.9637502741516007
(19.28);0.571689962639702
(19.29);0.970311959026744
(19.30);1.8021912832342994
(19.31);2.2472265523837347
(20.21);4.2581922810064015
(20.23);1.632936412971286
(20.24);1.8454111449302333
(20.25);3.0216810426461818
(20.26);1.3242571936521579
(20.27);0.7239715685469057
(20.28);0.4762528755316168
(20.29);0.7572283082386222
(20.30);1.1308968342465726
(20.31);1.7405744161907406
(21.22);5.699764006018857
(21.23);2.385753339824546
(21.24);3.0829949938312655
(21.25);3.5679820550018264
(21.26);1.1226861399071764
(21.27);0.6069403157067145
(21.28);0.43772061905369647
(21.29);0.8429780973092893
(21.30);1.1879741653442584
(21.31);1.3383650032302554
(22.23);3.9613156999330075
(22.24);4.587591153757767
(22.25);2.576862265710191
(22.26);0.8713238111150455
(22.27);0.5264246126544699
(22.28);0.4035859809682752
(22.29);0.7852143204165938
(22.30);0.9711243478240973
(22.31);1.1155376380679507
(23.24);2.9765674970388276
(23.25);1.6138464770025533
(23.26);0.630464664536163
(23.27);0.4321368489380235
(23.28);0.34835665558808465
(23.29);0.6087444165317337
(23.30);0.6859295096664028
(23.31);0.8997294865280644
(24.25);2.657122162697171
(24.26);0.8915065232766066
(24.27);0.5457773742720903
(24.28);0.44029402696999864
(24.29);1.0096887245589585
(24.30);1.1026457702829078
(24.31);1.063868199432147
(25.26);2.623912341730532
(25.27);0.9339058284285994
(25.28);0.6451370571032964
(25.29);1.7167897266584096
(25.30);4.165165835779171
(25.31);1.7546439457155818
(26.27);0.0
(26.28);0.0
(26.29);0.0
(26.30);0.0
(26.31);1.3942240490162745
(27.28);0.0
(27.29);0.0
(27.30);0.0
(27.31);2.596219253718902
(28.29);0.0
(28.30);0.0
(28.31);0.9618795910488752
(29.30);0.0
(29.31);0.7715404094254807
(30.31);1.0005572591038359

****Importance nodes******

0; 0.05238095238095238
1; DISCONNECTED
2; DISCONNECTED
3; DISCONNECTED
4; DISCONNECTED
5; 0.0016897081413210445
6; 0.0017442148555572073
7; 0.0018004798508977624
8; 0.0018585598460880129
9; DISCONNECTED
10; 0.0019185133895102068
11; 0.0020464142821442206
12; 0.0020464142821442206
13; 0.0021124276460843566
14; 0.0021805704733774004
15; 0.0022509114563895745
16; 0.0023235215033698834
17; 0.0023984738099302023
18; 0.002558372063925549
19; 0.0026465917902678093
20; 0.0027555072927522625
21; 0.0027355013758148094
22; 0.0028230542382591548
23; 0.002911941570283421
24; 0.003005875169324822
25; 0.003102838884464332
26; DISCONNECTED
27; DISCONNECTED
28; DISCONNECTED
29; DISCONNECTED
30; DISCONNECTED
31; 0.0032029304613825364
