
****Mix criterion 0.5*C(weight)+0.5*C(distance) ******

(0.5);0.47591569207557916
(0.6);0.4265018136310559
(0.7);0.3972760235467193
(0.8);0.4336210481428775
(0.10);0.3591271560501016
(0.11);0.4134934090788444
(0.12);0.5053186834461588
(0.13);0.3081281185438909
(0.14);0.369213152417712
(0.15);0.3158566835009506
(0.16);0.44892346265380606
(0.17);0.587238997127349
(0.18);0.5392746295667581
(0.19);0.487443442608271
(0.20);0.423611999087088
(0.21);0.37106617586831253
(0.22);0.32225148529961034
(0.23);0.25431017157873875
(0.24);0.30467363324414204
(0.25);0.42610363001090534
(0.31);0.9824127216643568
(1.2);0.4395648423229701
(1.3);0.34371603677550117
(1.4);0.3719146514821577
(1.5);0.40789072296757384
(1.6);0.43211602018515066
(1.7);0.44760881773714284
(1.8);0.4203940399392123
(1.9);0.4039579470053061
(1.10);0.38169063005928416
(1.11);0.35493151876925844
(1.12);0.4171924575002873
(1.13);0.23532706254999455
(1.14);0.23987867289928647
(1.15);0.16414436266525098
(1.16);0.228903430129487
(1.17);0.32513031819995425
(1.18);0.3406553718640277
(1.19);0.30856002234330177
(1.20);0.32493799398972006
(1.21);0.2718052840509426
(1.22);0.2371004961885514
(1.23);0.1981085668077049
(1.24);0.19350379565955766
(1.25);0.25759633873290655
(1.26);0.281273538781861
(1.27);0.28326927738335145
(1.28);0.19297603229189564
(1.29);0.18968553928843404
(1.30);0.2440189965396843
(1.31);0.34069259473800817
(2.3);0.3987161285875143
(2.4);0.41453271954377663
(2.5);0.42486039393430713
(2.6);0.45979219743278066
(2.7);0.3897349754810071
(2.8);0.3716019100991795
(2.9);0.34591486889269296
(2.10);0.32276512615533787
(2.11);0.30538562693022914
(2.12);0.39987366148568726
(2.13);0.28776909541333884
(2.14);0.28109182664008653
(2.15);0.20111063473328952
(2.16);0.24807770370633644
(2.17);0.3402151060652236
(2.18);0.3104490161173916
(2.19);0.2750771229041386
(2.20);0.2797479154484899
(2.21);0.22539433271182518
(2.22);0.18803056884379007
(2.23);0.1444332005647652
(2.24);0.14866088468257949
(2.25);0.22316875837966682
(2.26);0.2561580792163952
(2.27);0.28283921220922914
(2.28);0.20238469028543613
(2.29);0.16465662506863035
(2.30);0.21602568071120193
(2.31);0.33808762723201724
(3.4);0.45324357736499427
(3.5);0.40540831010369277
(3.6);0.41050520590949036
(3.7);0.3051684583284179
(3.8);0.29993121243769144
(3.9);0.26198924640457233
(3.10);0.23958673460901359
(3.11);0.24048731129468226
(3.12);0.3546332960164996
(3.13);0.39010302257499796
(3.14);0.37043019237634345
(3.15);0.28787167844841616
(3.16);0.3029365057507148
(3.17);0.36960370738053966
(3.18);0.2743907676585756
(3.19);0.23896126833468234
(3.20);0.22439717749576527
(3.21);0.17189455253676983
(3.22);0.13140636644500656
(3.23);0.07949832475676318
(3.24);0.10198724610346181
(3.25);0.19071347801172964
(3.26);0.23531496865872847
(3.27);0.2983710873345779
(3.28);0.24490572188713802
(3.29);0.15232322744487467
(3.30);0.1946389534422527
(3.31);0.3379559899775592
(4.5);0.4530349652289531
(4.6);0.4478074319014055
(4.7);0.3430902669069479
(4.8);0.34231147620437524
(4.9);0.3007651551487457
(4.10);0.2795933775027169
(4.11);0.2853258257660657
(4.12);0.40067484260778075
(4.13);0.3623719971447386
(4.14);0.36693971309599577
(4.15);0.2870188960520438
(4.16);0.32671664625489283
(4.17);0.408784154921557
(4.18);0.3216049990877491
(4.19);0.28603386965668764
(4.20);0.2707110682888507
(4.21);0.2184916873536165
(4.22);0.17784052831383115
(4.23);0.125162640483611
(4.24);0.1488885704280682
(4.25);0.23752263548117586
(4.26);0.2812126077464683
(4.27);0.3383497230655555
(4.28);0.2737018556154199
(4.29);0.19659198957577242
(4.30);0.2403483229550521
(4.31);0.3836622393345752
(5.6);0.483552646071106
(5.7);0.392985057039627
(5.8);0.3964599891911335
(5.9);0.3513382937949981
(5.10);0.33129936802691995
(5.11);0.33934734671635364
(5.12);0.46073652420378713
(5.13);0.3148619488489124
(5.14);0.33295911583473076
(5.15);0.2593907411556866
(5.16);0.32367606417641903
(5.17);0.42177805932534235
(5.18);0.3720787803962011
(5.19);0.33523871399400523
(5.20);0.3238228022771094
(5.21);0.2704646496012168
(5.22);0.2298677576160431
(5.23);0.1778171129696786
(5.24);0.19871842469935114
(5.25);0.2845105248395387
(5.26);0.32461606470894944
(5.27);0.36307403005143596
(5.28);0.2810663970134229
(5.29);0.2352251847652315
(5.30);0.28324456855839275
(5.31);0.4204503352650794
(6.7);0.40120456835454654
(6.8);0.3946249634185091
(6.9);0.3562616470962768
(6.10);0.3341353633204385
(6.11);0.3307532493616442
(6.12);0.4434385711360757
(6.13);0.306307529580328
(6.14);0.31331122524363403
(6.15);0.23608126263494886
(6.16);0.2927952994995006
(6.17);0.38827690802746107
(6.18);0.35017802221753275
(6.19);0.3135685718781785
(6.20);0.3100240617059184
(6.21);0.25548620334847943
(6.22);0.21603271211798228
(6.23);0.16744372264011553
(6.24);0.18086244031807802
(6.25);0.2617656791257135
(6.26);0.29858485369159954
(6.27);0.3306033070548325
(6.28);0.24885816546520523
(6.29);0.20766561845835002
(6.30);0.25758641572725527
(6.31);0.3870460138477829
(7.8);0.48488716937516485
(7.9);0.4642998139965365
(7.10);0.44176749882230854
(7.11);0.41538372734927304
(7.12);0.43230137351731224
(7.13);0.20353832417885095
(7.14);0.22102894393998387
(7.15);0.15198250979783964
(7.16);0.23278124449850157
(7.17);0.32676043988276304
(7.18);0.38530878133549046
(7.19);0.35752449783972867
(7.20);0.382547608028092
(7.21);0.32969512056145345
(7.22);0.2956774378190058
(7.23);0.2567227272116122
(7.24);0.25051555455596686
(7.25);0.30832458041323546
(7.26);0.32378993943140727
(7.27);0.3029509093309877
(7.28);0.2075045092492268
(7.29);0.23431606626509072
(7.30);0.28995932423505627
(7.31);0.35774764659641567
(8.9);0.4594322414806631
(8.10);0.4445782113618957
(8.12);0.44744391261373867
(8.13);0.20559318345397903
(8.14);0.23063224588565162
(8.15);0.16622822959005287
(8.16);0.2538595554113261
(8.17);0.34448761581663395
(8.18);0.41965347577259515
(8.19);0.3912475814783209
(8.20);0.41310963178796367
(8.21);0.35748359623465575
(8.22);0.32076862151155383
(8.23);0.27666625094195685
(8.24);0.27827389956172693
(8.25);0.34095494546151206
(8.26);0.35654354879085637
(8.27);0.32943283591944916
(8.28);0.2332455666894521
(8.29);0.2669426793289758
(8.30);0.32268994806887297
(8.31);0.38212698870285106
(9.10);0.48676363051872107
(9.11);0.4366000126064714
(9.12);0.3952292401505995
(9.13);0.16263835317165312
(9.14);0.18401738874030066
(9.15);0.11867494818433821
(9.16);0.2061363011390722
(9.17);0.29541955010628557
(9.18);0.38095159508979043
(9.19);0.36266097080761955
(9.20);0.401023859184336
(9.21);0.35481968374036527
(9.22);0.3256424619816833
(9.23);0.2926940146438668
(9.24);0.27689242993829816
(9.25);0.32001159408260016
(9.26);0.3235878688150091
(9.27);0.2835893079274317
(9.28);0.1880661176706711
(9.29);0.24088272127256294
(9.30);0.29596591674476164
(9.31);0.33274598062771255
(10.11);0.45129817686225554
(10.12);0.37814653110387386
(10.13);0.1416418232045173
(10.14);0.1658773122996154
(10.15);0.10289593769718683
(10.16);0.194466064302155
(10.17);0.2809158901404619
(10.18);0.38052527763288707
(10.19);0.3683977896217273
(10.20);0.41483410012311567
(10.21);0.3736856639427179
(10.22);0.347530898492389
(10.23);0.3177468384237484
(10.24);0.29647387527381747
(10.25);0.33041681479687723
(10.26);0.32678113027532585
(10.27);0.2760063032808763
(10.28);0.18078272707077
(10.29);0.2487564276878848
(10.30);0.3031684154274946
(10.31);0.3216792015585739
(11.12);0.3917262903538585
(11.13);0.15496264529346104
(11.14);0.18985409750809876
(11.15);0.1352073909036114
(11.16);0.23499638752161003
(11.17);0.3119071081404569
(11.18);0.4354767952183218
(11.19);0.43030821693837235
(11.21);0.4253999368135318
(11.22);0.3886362307922277
(11.23);0.34248302107170936
(11.24);0.34333341295460656
(11.25);0.39117265454829636
(11.26);0.3849954882782872
(11.27);0.3218468265573918
(11.28);0.22919726587879768
(11.29);0.3080334563084319
(11.30);0.36282573186873335
(11.31);0.35938108717224365
(12.13);0.26703788880633733
(12.14);0.2934780308828582
(12.15);0.22711379147876742
(12.16);0.30853127382455137
(12.17);0.4051673400199701
(12.18);0.41866068626452796
(12.19);0.38079145131440734
(12.20);0.3753262932224968
(12.21);0.32057871198473703
(12.22);0.2801189200612109
(12.23);0.22868804364133283
(12.24);0.24657093550829823
(12.25);0.32798455178523545
(12.26);0.361621580813445
(12.27);0.37175699342879637
(12.28);0.2783819193019763
(12.29);0.2689710438324234
(12.30);0.3210816554124494
(12.31);0.43354354924446986
(13.14);0.4386919497634843
(13.15);0.37336281712335234
(13.16);0.3259509084362665
(13.17);0.3337358021827065
(13.18);0.20659938541170303
(13.19);0.1754705256395598
(13.20);0.1470593406628482
(13.21);0.09959171624725502
(13.22);0.05861968206062652
(13.23);0.0015136945875882835
(13.24);0.0394171010278331
(13.25);0.13509804909288414
(13.26);0.18543039547198245
(13.27);0.27257487036641026
(13.28);0.2630458386990391
(13.29);0.11918665441491537
(13.30);0.14880878793138064
(13.31);0.28603973476848416
(14.15);0.4265489531691231
(14.16);0.39833286831732245
(14.17);0.38326315104863196
(14.18);0.2511114926370243
(14.19);0.2238585690741152
(14.20);0.18821910987244408
(14.21);0.14540574307833268
(14.22);0.10510752498319038
(14.23);0.04581398792475405
(14.24);0.09190402101872149
(14.25);0.1889162085827955
(14.26);0.23978643763053847
(14.27);0.33257796905554804
(14.28);0.33395278240607573
(14.29);0.18189139165299936
(14.30);0.2061734149816022
(14.31);0.33381185528213136
(15.16);0.3949841791997828
(15.17);0.32719261349252166
(15.18);0.20388429252604323
(15.19);0.18321661939419517
(15.20);0.14014659851338498
(15.21);0.1046150734355214
(15.22);0.06645498356814726
(15.23);0.00569072843672716
(15.24);0.06259473672294327
(15.25);0.15828982411918086
(15.26);0.20782161061429028
(15.27);0.3027299914275683
(15.28);0.34828108509598416
(15.29);0.17066058305351106
(15.30);0.18163310104709518
(15.31);0.28319019813338425
(16.17);0.41200387712011866
(16.18);0.30820371352003095
(16.19);0.2917877932534781
(16.20);0.24507721553899953
(16.21);0.2137017605351116
(16.22);0.17645167274533097
(16.23);0.11538849085165952
(16.24);0.17436050397380873
(16.25);0.2701872089385405
(16.26);0.31865911062008995
(16.27);0.41332327912927047
(16.28);0.4450261017913843
(16.29);0.28041620834555225
(16.30);0.2934913230393284
(16.31);0.38149254854650055
(17.18);0.37638831441884996
(17.19);0.34715223030369985
(17.20);0.3122027144763171
(17.21);0.2684378469246092
(17.22);0.22757654112777803
(17.23);0.1685427156791881
(17.24);0.2107144912624685
(17.25);0.3073991224122582
(17.26);0.35697275488106595
(17.27);0.4370044702924713
(17.28);0.36727449217178937
(17.29);0.28285056541834425
(17.30);0.31872388758930387
(17.31);0.4686117522266527
(18.20);0.4490093482720406
(18.21);0.401046172982807
(18.22);0.3582103956953259
(18.23);0.29924699867405213
(18.24);0.33301192755021075
(18.25);0.42248240264927284
(18.26);0.44923928815873476
(18.27);0.39725989801560235
(18.28);0.3039375206499713
(18.29);0.3541924454495479
(18.30);0.41007979115653725
(18.31);0.42992116270401276
(19.20);0.46281674593603794
(19.21);0.4316064749405353
(19.22);0.38873681700635837
(19.23);0.3268382495983574
(19.24);0.3687578834694418
(19.25);0.464544700374414
(19.26);0.47047090037520983
(19.27);0.38237089415466397
(19.28);0.2980440953428758
(19.29);0.38321179074911893
(19.30);0.44156675572448184
(19.31);0.39873514361043627
(20.21);0.4609145585474006
(20.22);0.4157903237606724
(20.23);0.3601481750713597
(20.24);0.3755300987057578
(20.25);0.42932997101953063
(20.26);0.4129288558601701
(20.27);0.3348401633751351
(20.28);0.24676797213551596
(20.29);0.34231952982219116
(20.30);0.3965847428919961
(20.31);0.36252380673326057
(21.22);0.4795090770914072
(21.23);0.40923654798095127
(21.24);0.4329188782568541
(21.25);0.4441379557397833
(21.26);0.3966823438929051
(21.27);0.30362366885178327
(21.28);0.226259655790563
(21.29);0.3600641274699156
(21.30);0.402815345802324
(21.31);0.318636987284957
(22.23);0.45346083322728575
(22.24);0.46313954024467824
(22.25);0.41275478934066034
(22.26);0.3603904526149838
(22.27);0.2656411568757626
(22.28);0.19329594584622645
(22.29);0.3444294745694638
(22.30);0.3754162855787499
(22.31);0.27736054242316854
(23.24);0.4272617565553388
(23.25);0.3494196241996628
(23.26);0.29879001949216627
(23.27);0.20469710665713334
(23.28);0.1330036474774289
(23.29);0.29145224708221185
(23.30);0.31544166083484665
(23.31);0.2180819766546755
(24.25);0.4130735921832244
(24.26);0.3546624827696997
(24.27);0.2593323348413337
(24.28);0.20082759828367272
(24.29);0.3724719209003737
(24.30);0.38386157083529465
(24.31);0.2589595631226297
(25.26);0.4573158035754228
(25.27);0.35698410662344626
(25.28);0.2904347571004886
(25.29);0.42653643890699294
(25.30);0.4821207882940582
(25.31);0.35551413359714007
(26.27);0.40521525169829353
(26.28);0.33162903787113257
(26.29);0.40798386883509286
(26.30);0.45888676893018127
(26.31);0.4037961895302115
(27.28);0.40440310991764633
(27.29);0.34667801943741156
(27.30);0.3743733940539378
(27.31);0.4549624268859894
(28.29);0.31917025319449394
(28.30);0.3179214871301564
(28.31);0.3567569561952227
(29.30);0.44453309981890016
(29.31);0.31988550933013443
(30.31);0.3625661987995953
