
****Importance edges******

(0.5);22.928519070797112
(0.6);17.731434853976
(0.7);15.387849285928473
(0.8);18.40009446062959
(0.9);13.74152858388378
(0.10);12.992174868430258
(0.11);16.688367579343907
(0.12);26.98591997291257
(0.13);10.618613899763691
(0.14);13.628125742337273
(0.15);10.958261768799693
(0.16);20.048689366053136
(0.17);41.38790086049062
(0.18);32.433009466109
(0.19);24.63759297294512
(0.20);17.699231021400884
(0.21);13.850943224802968
(0.22);11.332266004498763
(0.23);8.919148011439013
(0.24);10.633891996205925
(0.25);18.02697428486013
(0.31);141.37444671228232
(1.2);0.0
(1.3);0.0
(1.4);0.0
(1.5);0.7949032724408928
(1.6);1.0858811413532328
(1.7);1.4018180552783066
(1.8);0.9968982454739097
(1.9);0.8920468994548718
(1.10);0.7319514762497673
(1.11);0.6198646147291174
(1.12);1.088773435206695
(1.13);0.36578566677139046
(1.14);0.3840680669143362
(1.15);0.3076469973697908
(1.16);0.39271544591274593
(1.17);0.6239348087591716
(1.18);0.7044204373429989
(1.19);0.6080936546848222
(1.20);0.6846552995716498
(1.21);0.5450537031980158
(1.22);0.4892447029895682
(1.23);0.44040365476103865
(1.24);0.4477768679577843
(1.25);0.5825548023164273
(1.26);0.0
(1.27);0.0
(1.28);0.0
(1.29);0.0
(1.30);0.0
(1.31);0.904892072984909
(2.3);0.0
(2.4);0.0
(2.5);0.9607071482269259
(2.6);1.68661494072153
(2.7);0.7128515445811381
(2.8);0.6349047272275067
(2.9);0.5560123748783218
(2.10);0.49424532672989324
(2.11);0.4651236743937416
(2.12);0.9125585337658425
(2.13);0.4549854652362899
(2.14);0.4554348269038186
(2.15);0.34541289908090755
(2.16);0.42227710711837213
(2.17);0.6812297872486145
(2.18);0.594833969633187
(2.19);0.5191049241477347
(2.20);0.5468526206488143
(2.21);0.4540736328497322
(2.22);0.4130493323724761
(2.23);0.37444167814841
(2.24);0.39109090053182954
(2.25);0.5110782882714666
(2.26);0.0
(2.27);0.0
(2.28);0.0
(2.29);0.0
(2.30);0.0
(2.31);0.8908688805149074
(3.4);0.0
(3.5);0.7752003531397327
(3.6);0.842255300403616
(3.7);0.40962390476091903
(3.8);0.4117338327272513
(3.9);0.35995342933878166
(3.10);0.3380920601795187
(3.11);0.3500911821953835
(3.12);0.6386056895553492
(3.13);0.8618979217272521
(3.14);0.7596507222633061
(3.15);0.48481281515650554
(3.16);0.5378950809668754
(3.17);0.8288862449812237
(3.18);0.501376819616066
(3.19);0.4481885727162206
(3.20);0.43836956469832883
(3.21);0.38067642492893483
(3.22);0.3500445280140985
(3.23);0.3169447289454998
(3.24);0.3455191378580505
(3.25);0.45801989955762035
(3.26);0.0
(3.27);0.0
(3.28);0.0
(3.29);0.0
(3.30);0.0
(3.31);0.8901715617989154
(4.5);1.448434294315944
(4.6);1.3657808357697656
(4.7);0.506616495697019
(4.8);0.5200497745949239
(4.9);0.43000986500091215
(4.10);0.39876393397511745
(4.11);0.42229057237535395
(4.12);0.9194805108852928
(4.13);0.6947316986442915
(4.14);0.740466827602965
(4.15);0.48290145845086974
(4.16);0.6100684177457748
(4.17);1.1600924690004866
(4.18);0.6311457024602486
(4.19);0.5452398728592371
(4.20);0.525643673543133
(4.21);0.4430604215817811
(4.22);0.4000968952920115
(4.23);0.3553195431433201
(4.24);0.39134258208878553
(4.25);0.5386477464464651
(4.26);0.0
(4.27);0.0
(4.29);0.0
(4.30);0.0
(4.31);1.2193499622295112
(5.6);4.506238846558965
(5.7);1.3286323441878114
(5.8);1.390198935876142
(5.9);1.0206265865538555
(5.10);0.9081983565910364
(5.11);0.9677973604195936
(5.12);3.204600499844307
(5.13);0.8741677253358514
(5.14);0.9825727237863431
(5.15);0.7018092475163107
(5.16);0.9670050900501389
(5.17);2.0723295669046253
(5.18);1.3593122268674902
(5.19);1.0912680737149338
(5.20);1.043019675689711
(5.21);0.8231142789733136
(5.22);0.7158024605065184
(5.23);0.6139663219101842
(5.24);0.6693659426421307
(5.25);0.9482465946178051
(5.26);0.42655552992362744
(5.27);0.543429788237393
(5.28);0.34274863287182616
(5.29);0.2839004778351623
(5.30);0.3461545959923482
(5.31);2.409288047748602
(6.7);1.4504937640993443
(6.8);1.3881958120159537
(6.9);1.070291467143207
(6.10);0.9365980844408551
(6.11);0.9337106832758483
(6.12);2.50999899756248
(6.13);0.8483255932826271
(6.14);0.8946548431427618
(6.15);0.6495388149487893
(6.16);0.8379842878541061
(6.17);1.532298619533357
(6.18);1.1865029971613634
(6.19);0.9811150581573452
(6.20);0.9817431383427693
(6.21);0.783085409177799
(6.22);0.6895423008702914
(6.23);0.6019376709122334
(6.24);0.639601628959687
(6.25);0.869531276263834
(6.26);0.38411603627414453
(6.27);0.4554677638152375
(6.28);0.3087956302580438
(6.29);0.265583975257531
(6.30);0.31981290403772095
(6.31);1.7965975486016956
(7.8);4.801653047738169
(7.9);3.753701138816038
(7.10);2.4128314214304702
(7.11);1.796969214737656
(7.12);2.206143414579421
(7.13);0.567000584910615
(7.14);0.6125914926187813
(7.15);0.5011604166796633
(7.16);0.662172751988969
(7.17);1.0279418951337411
(7.18);1.5408980964067596
(7.19);1.2838362505497767
(7.20);1.5641616685145927
(7.21);1.125020072560705
(7.22);0.9623588142387431
(7.23);0.8280503233933899
(7.24);0.8239981218728495
(7.25);1.0855617727196054
(7.26);0.45217535529916036
(7.27);0.40508057547591125
(7.28);0.27397293087907226
(7.29);0.301410709678286
(7.30);0.38035254800814206
(7.31);1.4694944990592003
(8.9);3.435737334256399
(8.10);2.5350143735538704
(8.11);2.52890279325306
(8.12);2.7148497535071705
(8.13);0.5791208334360995
(8.14);0.6430236766487734
(8.15);0.529600327459782
(8.16);0.7275161510443767
(8.17);1.154383726664427
(8.18);2.131674928064842
(8.19);1.667163020336413
(8.20);2.0668943692446056
(8.21);1.3476568292134006
(8.22);1.1048259387771067
(8.23);0.9106464595496355
(8.24);0.9350535932440093
(8.25);1.3114887775770996
(8.26);0.5702472697716343
(8.27);0.4816093587522189
(8.28);0.309813252929977
(8.29);0.354146389274668
(8.30);0.46364468424078237
(8.31);1.765031079400944
(9.10);6.667626569687357
(9.11);2.4802735814336523
(9.12);1.5918286731186826
(9.13);0.5150239343696895
(9.14);0.5590273601861427
(9.15);0.47174575281352005
(9.16);0.6218988563580138
(9.17);0.9052318769906568
(9.18);1.5561788020534817
(9.19);1.382481024441561
(9.20);1.917761099197697
(9.21);1.3586392906459093
(9.22);1.1590690719732921
(9.23);0.9973921301968822
(9.24);0.9459865112671445
(9.25);1.1898109892176723
(9.26);0.4856416427681573
(9.27);0.3958809479933175
(9.28);0.2746498372303886
(9.29);0.3306329847836083
(9.30);0.41989516661165305
(9.31);1.3026800812850132
(10.11);2.907581888850598
(10.12);1.3744364245536114
(10.13);0.49123157621325025
(10.14);0.5353413968617291
(10.15);0.45886136218902324
(10.16);0.6050578033170692
(10.17);0.8531415088914766
(10.18);1.5439125008914003
(10.19);1.4376613924130512
(10.20);2.1585014108187868
(10.21);1.54711074372594
(10.22);1.321578863649402
(10.23);1.136029931685798
(10.24);1.0409568817903747
(10.25);1.2638764535118316
(10.26);0.5054815536933593
(10.27);0.392454558099576
(10.28);0.2762196750125354
(10.29);0.3503165244808057
(10.30);0.44583165656027507
(10.31);1.2281920732031126
(11.12);1.553892685677238
(11.13);0.5177583672256877
(11.14);0.5848098298470507
(11.15);0.5064797066416401
(11.16);0.7060272120151221
(11.17);1.0027850864750127
(11.18);2.6448491170284165
(11.19);2.5340040840852858
(11.20);5.799291837006588
(11.21);2.4788313296068063
(11.22);1.787583972170872
(11.23);1.3211947685485397
(11.24);1.3527029275445914
(11.25);1.9260469287061965
(11.26);0.7752061338809334
(11.27);0.5072825947520587
(11.28);0.33562570703811423
(11.29);0.47142983245791337
(11.30);0.6543964551504898
(11.31);1.5538445951643656
(12.13);0.7740646876910603
(12.14);0.8845836563974718
(12.15);0.6847141454098098
(12.16);0.983552048298329
(12.17);1.921652759272429
(12.18);2.2251278191801904
(12.19);1.6175573073677938
(12.20);1.5787813686448993
(12.21);1.1408758348266919
(12.22);0.9545754934000086
(12.23);0.791883416069731
(12.24);0.8623766656105499
(12.25);1.2774035715433174
(12.26);0.6698408370551553
(12.27);0.7208777004917255
(12.28);0.42243997181508486
(12.29);0.40544136950480214
(12.30);0.5214619482512004
(12.31);2.992892635044347
(13.14);2.6708253612539545
(13.15);1.4536842622934967
(13.16);1.0940873465990493
(13.17);1.1619205921899118
(13.18);0.6803005618563728
(13.19);0.6266671257512433
(13.20);0.5869214658518054
(13.21);0.5272469120124056
(13.22);0.4873479550166984
(13.23);0.4397998858236892
(13.24);0.48459656618363756
(13.25);0.6218439126343714
(13.26);0.30818915469690444
(13.27);0.4249868808799202
(13.28);0.408100201672583
(13.29);0.2548495391448296
(13.30);0.2762344034763049
(13.31);1.0688258686418248
(14.15);2.3806022386198444
(14.16);1.8296792797705341
(14.17);1.6409363925270533
(14.18);0.811231483471184
(14.19);0.7452728254182387
(14.20);0.672791021783154
(14.21);0.6029654842233589
(14.22);0.5517051629698593
(14.23);0.4889311926653977
(14.24);0.5536412059115291
(14.25);0.7372954993546642
(14.26);0.38393329700223655
(14.27);0.592541821700337
(14.28);0.5973299254524668
(14.29);0.3145815491911879
(14.30);0.34038119026635383
(14.31);1.378366749418978
(15.16);1.8037902929494172
(15.17);1.1534598339451279
(15.18);0.6943472754817567
(15.19);0.660686733609643
(15.20);0.5924614702842249
(15.21);0.5491012883679114
(15.22);0.5099848544469666
(15.23);0.4557035369166816
(15.24);0.5238482733878734
(15.25);0.68104491162355
(15.26);0.35328194999007506
(15.27);0.5207000645843493
(15.28);0.6729153938046664
(15.29);0.31369481805198707
(15.30);0.32443237087414023
(15.31);1.082329410278756
(16.17);2.1694385941174317
(16.18);1.0762822781735724
(16.19);1.0108234595088363
(16.20);0.8439276340568541
(16.21);0.7660173542337828
(16.22);0.6908965857980591
(16.23);0.5926731677063355
(16.24);0.7109808897139137
(16.25);1.0179377920927528
(16.26);0.5835609312561517
(16.27);1.1792479466569104
(16.28);1.7538846600507356
(16.29);0.4835972411615951
(16.30);0.5137163164742221
(16.31);1.9325653171277564
(17.18);1.6521206962051145
(17.19);1.3786851952344898
(17.20);1.1517837050972686
(17.21);0.9564097690657289
(17.22);0.8299505035403045
(17.23);0.6962488564161692
(17.24);0.8099021557884712
(17.25);1.223448865625527
(17.26);0.7583760983229745
(17.27);1.6114954509000419
(17.28);0.8149340803888759
(17.29);0.5045844804394208
(17.30);0.6023855904082174
(17.31);5.0331779922840365
(18.19);6.143095457481803
(18.20);3.5372656934653537
(18.21);2.1421077025545308
(18.22);1.5741777929926581
(18.23);1.151685778010381
(18.24);1.3961207989265785
(18.25);2.797465662848851
(18.26);1.9734139023535904
(18.27);1.0700831191243094
(18.28);0.5754888940964403
(18.29);0.767556119985077
(18.30);1.2100360475874463
(18.31);3.075557496344258
(19.20);4.359618611536499
(19.21);2.9476426572912637
(19.22);1.992541238660191
(19.23);1.3461553282930019
(19.24);1.7725265013594342
(19.25);4.773319139478955
(19.26);2.9624270463364506
(19.27);0.9727974365001282
(19.28);0.5770566764490217
(19.29);0.9794207188968883
(19.30);1.8191092728420066
(19.31);2.308001550256012
(20.21);4.345954178166935
(20.22);2.567456317804135
(20.23);1.6684743254386558
(20.24);1.8861710652223793
(20.25);3.089399061834137
(20.26);1.325268649313348
(20.27);0.7245245314796788
(20.28);0.47661663316829317
(20.29);0.7578066723682285
(20.30);1.131760603014984
(20.31);1.7801440030557056
(21.22);5.931918939591147
(21.23);2.4838893456707094
(21.24);3.209836698028384
(21.25);3.7148064349043652
(21.26);1.1682690095638544
(21.27);0.6315830723212476
(21.28);0.45549278280911143
(21.29);0.8772043688977679
(21.30);1.2362078342295495
(21.31);1.3934503593488987
(22.23);4.124724281556083
(22.24);4.776862622684408
(22.25);2.6831924627009407
(22.26);0.9069222933221375
(22.27);0.5479320212296741
(22.28);0.42007474000281264
(22.29);0.8172947452340135
(22.30);1.010800243714799
(22.31);1.1615754314897067
(23.24);3.1004953229581362
(23.25);1.6810381282792095
(23.26);0.6567137300361529
(23.27);0.4501286398991849
(23.28);0.3628603021590092
(23.29);0.6340891709027823
(23.30);0.7144878248907075
(23.31);0.9371892516070837
(24.25);2.767750049735734
(24.26);0.9286239295952816
(24.27);0.5685005288777817
(24.28);0.4586254377584091
(24.29);1.05172658481723
(24.30);1.1485538483648676
(24.31);1.1081617936985215
(25.26);2.7331575552985092
(25.27);0.9727885075701491
(25.28);0.6719969999691408
(25.29);1.7882673661196475
(25.30);4.338580329868421
(25.31);1.8276976257249662
(26.28);0.0
(26.29);0.0
(26.30);0.0
(26.31);1.4522718357407118
(27.28);0.0
(27.29);0.0
(27.30);0.0
(27.31);2.704311480098217
(28.30);0.0
(28.31);1.0019269431191467
(29.31);0.8036630895407859
(30.31);1.042214935589209

****Importance nodes******

0; 0.05
1; DISCONNECTED
2; DISCONNECTED
3; DISCONNECTED
4; DISCONNECTED
5; 0.0016129032258064516
6; 0.0016649323621227888
7; 0.001718639857675137
8; 0.0017740798530840123
9; 0.001831308235441561
10; 0.0018903826946493534
11; 0.001951362781573526
12; 0.002014309968075898
13; 0.0020792877089815718
14; 0.0021463615060454935
15; 0.002215598973982445
16; 0.00228706990862704
17; 0.0023608463572924285
18; 0.002437002691398636
19; 0.002515615681443753
20; 0.0025967645743935515
21; 0.002680531173567537
22; 0.002766999921101974
23; 0.002856257983073005
24; 0.0029483953373656826
25; 0.0030435048643774787
26; DISCONNECTED
27; DISCONNECTED
28; DISCONNECTED
29; DISCONNECTED
30; DISCONNECTED
31; 0.00314168244064772
