
****Mix criterion 0.5*C(weight)+0.5*C(distance) ******

(0.5);0.4759087575111379
(0.6);0.42649645088707533
(0.7);0.39733174695310436
(0.8);0.43354335761459767
(0.10);0.3591232309899089
(0.11);0.4134835656424248
(0.12);0.505310281130923
(0.13);0.3081248094081819
(0.14);0.3692089015367626
(0.15);0.3158532621953002
(0.16);0.4489171971615715
(0.17);0.5872260499973425
(0.18);0.5390916720748916
(0.19);0.48743149130788693
(0.20);0.423707758973693
(0.21);0.3710619320332228
(0.22);0.32224801180174983
(0.23);0.25430743662720756
(0.24);0.3046703711275726
(0.25);0.42626999612577954
(0.31);0.9824127216643568
(1.2);0.4395648423229701
(1.3);0.34371603677550117
(1.4);0.3719146514821577
(1.5);0.40789048255483934
(1.6);0.4321156917682683
(1.7);0.4477739135806727
(1.8);0.42027969792199854
(1.9);0.4039579470053061
(1.10);0.3816904153803925
(1.11);0.35492658848675357
(1.12);0.41719187752427106
(1.13);0.23532686770053649
(1.14);0.2398784683110221
(1.15);0.1641441987855363
(1.16);0.2289032209348718
(1.17);0.32512998583767105
(1.18);0.3405742408544819
(1.19);0.3085575198965142
(1.20);0.3250170097876977
(1.21);0.2718050768861999
(1.22);0.23710031023576836
(1.23);0.198108399418493
(1.24);0.19350362546792502
(1.25);0.2576929326974888
(1.26);0.281273538781861
(1.27);0.28326927738335145
(1.28);0.19297603229189564
(1.29);0.18968553928843404
(1.30);0.2440189965396843
(1.31);0.34069695033497466
(2.3);0.3987161285875143
(2.4);0.41453271954377663
(2.5);0.42486010337539193
(2.6);0.45979168732831394
(2.7);0.3898189299047792
(2.8);0.3715290879354538
(2.9);0.34591486889269296
(2.10);0.32276498119485564
(2.11);0.30538192742704734
(2.12);0.3998731753771491
(2.13);0.2877688530482618
(2.14);0.2810915840356401
(2.15);0.20111045073615047
(2.16);0.24807747876459338
(2.17);0.3402147431826207
(2.18);0.3103805066336939
(2.19);0.2750749866666695
(2.20);0.2798110274936662
(2.21);0.2253941601269097
(2.22);0.18803041185144576
(2.23);0.14443305824646985
(2.24);0.14866073603622537
(2.25);0.22325350075562828
(2.26);0.2561580792163952
(2.27);0.28283921220922914
(2.28);0.20238469028543613
(2.29);0.16465662506863035
(2.30);0.21602568071120193
(2.31);0.33809191532991245
(3.4);0.45324357736499427
(3.5);0.40540807564996345
(3.6);0.4105049511754782
(3.7);0.30521670082596014
(3.8);0.29988398748047745
(3.9);0.26198924640457233
(3.10);0.23958663544775616
(3.11);0.2404845267375553
(3.12);0.35463295583922144
(3.13);0.3901025634527354
(3.14);0.37042978771988755
(3.15);0.2878714201946821
(3.16);0.30293621922072045
(3.17);0.36960326584318515
(3.18);0.27433302202062715
(3.19);0.2389594239344894
(3.20);0.22444776955425866
(3.21);0.17189440784876356
(3.22);0.13140623339961277
(3.23);0.07949820429198542
(3.24);0.10198711477808439
(3.25);0.19078942272590915
(3.26);0.23531496865872847
(3.27);0.2983710873345779
(3.28);0.24490572188713802
(3.29);0.15232322744487467
(3.30);0.1946389534422527
(3.31);0.3379602747189886
(4.5);0.4530345271604969
(4.6);0.44780701883088886
(4.7);0.34314993248008574
(4.8);0.34225182764891965
(4.9);0.3007651551487457
(4.10);0.27959326054660416
(4.11);0.285322466949041
(4.12);0.40067435281199176
(4.13);0.36237162706983606
(4.14);0.36693931865856105
(4.15);0.28701863881646567
(4.16);0.3267163212790631
(4.17);0.4087835369547819
(4.18);0.32153230743189043
(4.19);0.28603162586782754
(4.20);0.27077173261780996
(4.21);0.2184915189546171
(4.22);0.17784037624446647
(4.23);0.1251625054332824
(4.24);0.14888842168605462
(4.25);0.2376119491751591
(4.26);0.2812126077464683
(4.27);0.3383497230655555
(4.28);0.2737018556154199
(4.29);0.19659198957577242
(4.30);0.2403483229550521
(4.31);0.3836681085394839
(5.6);0.4835512831918214
(5.7);0.39306558391192403
(5.8);0.3963762686556887
(5.9);0.35133814924151413
(5.10);0.3312990978311218
(5.11);0.3393429999441399
(5.12);0.4607351452475578
(5.13);0.31486157111493135
(5.14);0.33295868949488283
(5.15);0.259390435385757
(5.16);0.3236756411448597
(5.17);0.42177714908859837
(5.18);0.37198440922108034
(5.19);0.33523584867725464
(5.20);0.32389693530321323
(5.21);0.2704643607580227
(5.22);0.22986750601801892
(5.23);0.17781689681554635
(5.24);0.19871818866227176
(5.25);0.28461319339524577
(5.26);0.32461593570032043
(5.27);0.36307386569503447
(5.28);0.2810662933515826
(5.29);0.23522509890158927
(5.30);0.2832444638664436
(5.31);0.42045775090780324
(6.7);0.4012911225280535
(6.8);0.3945426219539367
(6.9);0.35626149294734133
(6.10);0.3341350846078645
(6.11);0.33074911195980444
(6.12);0.44343749560889906
(6.13);0.30630716454142176
(6.14);0.31331083865702625
(6.15);0.23608098079903697
(6.16);0.292794934399728
(6.17);0.3882762376993717
(6.18);0.35009668872180666
(6.19);0.31356602415543
(6.20);0.3100929839681362
(6.21);0.25548592900649686
(6.22);0.21603247014720647
(6.23);0.16744351106452443
(6.24);0.18086221513873163
(6.25);0.2618587817802325
(6.26);0.29858473751848785
(6.27);0.33060316930190786
(6.28);0.24885807207220453
(6.29);0.20766553813440128
(6.30);0.25758631900215995
(6.31);0.38705147792712696
(7.8);0.4848856925620564
(7.9);0.4645138402547695
(7.10);0.44190244963112996
(7.11);0.41547523465070013
(7.12);0.43242036135639683
(7.13);0.2035683768548759
(7.14);0.22106084392943443
(7.15);0.15200814316621933
(7.16);0.2328145027405527
(7.17);0.32681112561421255
(7.18);0.3852797587639065
(7.19);0.35758272980672257
(7.20);0.38272959934724915
(7.21);0.32974662293717644
(7.22);0.2957206374058595
(7.23);0.2567591664349991
(7.24);0.25055109340648013
(7.26);0.3238431933265368
(7.27);0.30299861674854733
(7.28);0.20753677577051857
(7.29);0.23435156420662165
(7.30);0.2900041193670035
(7.31);0.357813416000719
(8.9);0.45923833330669606
(8.10);0.4444370616289751
(8.11);0.4433352025470029
(8.12);0.4472973229304917
(8.13);0.205562435621954
(8.14);0.2305986834408852
(8.15);0.16620106205941143
(8.16);0.2538228851275269
(8.17);0.34443045657744165
(8.18);0.41940838975447614
(8.19);0.39116447571629653
(8.20);0.4131551270959127
(8.21);0.3574217281379443
(8.22);0.32071885906240033
(8.23);0.2766260185207499
(8.24);0.27823338788644614
(8.25);0.341036931031167
(8.26);0.3564781426940633
(8.27);0.3293775963944136
(8.28);0.2332100317966379
(8.29);0.26690205952377255
(8.30);0.3226367690521506
(8.31);0.38205935670648095
(9.10);0.4867626372019895
(9.11);0.43658983574195476
(9.12);0.39522879600130284
(9.13);0.16263820729977602
(9.14);0.18401722805367474
(9.15);0.11867481060651743
(9.16);0.20613611716971283
(9.17);0.29541927854816635
(9.18);0.3808492624003414
(9.19);0.36265767838320817
(9.20);0.4011536530853897
(9.21);0.35481937694559723
(9.22);0.32564219688948765
(9.23);0.2926937836542264
(9.24);0.2768922081461096
(9.25);0.3201347647263551
(9.26);0.3235878688150091
(9.27);0.2835893079274317
(9.28);0.1880661176706711
(9.29);0.24088272127256294
(9.30);0.29596591674476164
(9.31);0.3327499418874088
(10.11);0.45128601052580286
(10.12);0.3781459582511907
(10.13);0.14164161753173987
(10.14);0.1658770871445436
(10.15);0.10289574384083292
(10.16);0.1944658075408902
(10.17);0.2809155264989587
(10.18);0.38042493971337615
(10.19);0.3683942307766528
(10.20);0.41497799732168944
(10.21);0.37368513144270865
(10.22);0.3475304427375482
(10.23);0.31774644590413975
(10.24);0.29647351491865026
(10.25);0.33054594420749395
(10.26);0.3267809820192963
(10.27);0.2760061881752821
(10.28);0.18078264605647382
(10.29);0.24875632494123337
(10.30);0.3031682846665781
(10.31);0.3216827571419832
(11.12);0.39171978832504273
(11.13);0.1549605092913639
(11.14);0.18985171927846167
(11.15);0.13520536095738062
(11.16);0.23499359917316945
(11.17);0.31190320640893476
(11.18);0.43529827649131964
(11.19);0.4302935397802274
(11.21);0.42539108539580667
(11.22);0.38862995220819047
(11.23);0.34247845743193034
(11.24);0.34332881867541876
(11.25);0.39136126394918824
(11.26);0.38498932243957223
(11.27);0.3218427917303626
(11.28);0.22919459637724482
(11.29);0.3080297066472962
(11.30);0.3628205269266905
(11.31);0.3593809655560435
(12.13);0.2670374764717419
(12.14);0.29347755967618794
(12.15);0.22711342674009044
(12.16);0.30853074989865437
(12.17);0.405166316379536
(12.18);0.41851984338869175
(12.19);0.38078737152465786
(12.20);0.3754285369493308
(12.21);0.32057820365993045
(12.22);0.28011849587407545
(12.23);0.22868769268308656
(12.24);0.2465705543183353
(12.25);0.3281117344761303
(12.26);0.36162122399759367
(12.27);0.37175660942624505
(12.28);0.27838169427347725
(12.29);0.26897082785886756
(12.30);0.3210813776361797
(12.31);0.4335517043316012
(13.14);0.43869052704815814
(13.15);0.3733620427638943
(13.16);0.325950325629596
(13.17);0.333735183242113
(13.18);0.20655693906275344
(13.19);0.17546896269560294
(13.20);0.14709681786100512
(13.21);0.09959148070175715
(13.22);0.058619464919507897
(13.23);0.0015134991525964534
(13.24);0.03941688625737881
(13.25);0.13515917250261172
(13.26);0.1854302313034673
(13.27);0.2725746439812045
(13.28);0.26304562130915654
(13.29);0.11918651865974753
(13.30);0.14880864078476252
(13.31);0.2860426037925622
(14.15);0.4265476850520311
(14.16);0.39833189367001265
(14.17);0.3832622769423018
(14.18);0.2510616114405422
(14.19);0.2238567313515898
(14.20);0.1882614575917818
(14.21);0.14540547298577935
(14.22);0.10510727851106447
(14.23);0.04581377007821337
(14.24);0.09190377499577322
(14.25);0.18898773847112865
(14.26);0.23978623311406436
(14.27);0.33257765341591716
(14.28);0.33395246421588176
(14.29);0.1818912240793355
(14.30);0.2061732336647916
(14.31);0.33381549895645324
(15.16);0.39498321834321304
(15.17);0.3271919990588684
(15.18);0.2038422281812054
(15.19);0.18321500893821
(15.20);0.1401833489528148
(15.21);0.10461482681285256
(15.22);0.06645475512536721
(15.23);0.005690524852952579
(15.24);0.06259450331886535
(15.25);0.15835502212810126
(15.26);0.20782142242540605
(15.27);0.30272971405714455
(15.28);0.3482807266423549
(15.29);0.17066041595219777
(15.30);0.18163292822602156
(15.31);0.28319301481302017
(16.17);0.4120027214872638
(16.18);0.30813948889923565
(16.19);0.29178535797613814
(16.20);0.24512879178529118
(16.21);0.21370141556623945
(16.22);0.1764513624368988
(16.23);0.11538822536944979
(16.24);0.17436018634587422
(16.25);0.27028334463631093
(16.26);0.3186587997644673
(16.27);0.4133226509586116
(16.28);0.4450251675189222
(16.29);0.2804159507393393
(16.30);0.29349104938906007
(16.31);0.3814974981343853
(17.18);0.3762912304201515
(17.19);0.3471489479141438
(17.20);0.3122720485571315
(17.21);0.2684374150617162
(17.22);0.2275761673671999
(17.23);0.16854240296684378
(17.24);0.21071412847463583
(17.25);0.30751308067948857
(17.26);0.35697235090358626
(17.27);0.4370036118689632
(17.28);0.36727405806657876
(17.29);0.28285029663249095
(17.30);0.3187235667060203
(17.31);0.46862443416286337
(18.19);0.4852020835884779
(18.20);0.44902270808627587
(18.21);0.4009282590620052
(18.22);0.35812517374993863
(18.23);0.2991856933512661
(18.24);0.33293887310863945
(18.25);0.4225967240587976
(18.26);0.4490120019335457
(18.27);0.3971366521255768
(18.28);0.3038712392184777
(18.29);0.35410404284281444
(18.30);0.40994042631002897
(18.31);0.42977475949104116
(19.20);0.46306348202281394
(19.21);0.43160002436723005
(19.22);0.38873251553927757
(19.23);0.32683538332422757
(19.24);0.3687541616340413
(19.25);0.4649691242383497
(19.26);0.47045870929906825
(19.27);0.3823668908670106
(19.28);0.29804172062047063
(19.29);0.3832077602051183
(19.30);0.441559269666831
(19.31);0.398737089538008
(20.21);0.46116052128468943
(20.22);0.4159332727795302
(20.23);0.3602395402509515
(20.24);0.3756316568007599
(20.25);0.4297705388157591
(20.26);0.4130818045920732
(20.27);0.33492378046543597
(20.28);0.24682297827309027
(20.29);0.34240698799123975
(20.31);0.36262146621170227
(21.22);0.4795068224796992
(21.23);0.40923560390095676
(21.24);0.4329176582578161
(21.25);0.44446480188002807
(21.26);0.3966818998556527
(21.27);0.3036234287988419
(21.28);0.2262594826662551
(21.29);0.3600637940609024
(21.30);0.40281487594279203
(21.31);0.3186403626803899
(22.23);0.45345926549654764
(22.24);0.46313772464832464
(22.25);0.41298734084400246
(22.26);0.36039010791074194
(22.27);0.265640948617025
(22.28);0.19329578618365575
(22.29);0.3444291639309807
(22.30);0.37541590139243736
(22.31);0.2773633085038423
(23.24);0.42726057811491724
(23.25);0.34956310538001606
(23.26);0.2987897698875308
(23.27);0.20469693557163607
(23.28);0.1330035095609985
(23.29);0.29145200607674915
(23.30);0.31544138927135573
(23.31);0.21808416988795132
(24.25);0.41330617842631967
(24.26);0.35466212981707085
(24.27);0.2593321187648901
(24.28);0.20082742396870112
(24.29);0.3724715211587225
(24.30);0.3838611342914072
(24.31);0.25896211086280047
(25.26);0.4577689910232722
(25.27);0.35714540560900543
(25.28);0.290546181560739
(25.29);0.4268329532159295
(25.31);0.35566772308919775
(26.27);0.40521525169829353
(26.28);0.33162903787113257
(26.29);0.40798386883509286
(26.30);0.45888676893018127
(26.31);0.40380317987855374
(27.28);0.40440310991764633
(27.29);0.34667801943741156
(27.30);0.3743733940539378
(27.31);0.45497544378737564
(28.29);0.31917025319449394
(28.30);0.3179214871301564
(28.31);0.3567617788587031
(29.30);0.44453309981890016
(29.31);0.3198893776726908
(30.31);0.36257121538482956
