
****Importance edges******

(0.5);22.633301670161003
(0.6);17.521934414913943
(0.7);15.19024798621858
(0.8);18.184598818808105
(0.10);12.81123638486655
(0.11);16.476768971071465
(0.12);26.609419657561805
(0.13);10.483669023553446
(0.14);13.456203893151365
(0.15);10.805192409006088
(0.16);19.79606761724297
(0.17);40.86867808196746
(0.18);32.02801919528803
(0.19);24.29352330654276
(0.20);17.457835072307624
(0.21);13.679393983135189
(0.22);11.173571473825906
(0.23);8.793939183143856
(0.24);10.484234625951235
(0.25);17.810182075086132
(0.31);139.44497547525674
(1.2);0.0
(1.3);0.0
(1.4);0.0
(1.5);0.7846684519048372
(1.6);1.1076298133389695
(1.7);1.3852102961866284
(1.8);1.0179239492866363
(1.9);0.0
(1.10);0.7014072051138396
(1.11);0.6151204822264388
(1.12);1.0444984366306924
(1.13);0.36260801640441503
(1.14);0.38155213605272525
(1.15);0.29576232485409093
(1.16);0.3901293216739596
(1.17);0.6204717023798715
(1.18);0.7012402996721463
(1.19);0.5864312514527071
(1.20);0.665255925033777
(1.21);0.5432865254833993
(1.22);0.47241914250854083
(1.23);0.42525778136891473
(1.24);0.43237742320592293
(1.25);0.5836797298330225
(1.26);0.0
(1.27);0.0
(1.28);0.0
(1.29);0.0
(1.30);0.0
(1.31);0.8814185978626908
(2.3);0.0
(2.4);0.0
(2.5);0.9483375108248613
(2.6);1.7203954657855187
(2.7);0.7044061784539457
(2.8);0.6482955811131401
(2.9);0.0
(2.10);0.47362051243940106
(2.11);0.46156385134686384
(2.12);0.8754493184998295
(2.13);0.45103291908176774
(2.14);0.452451390801813
(2.15);0.3320692967595082
(2.16);0.4194963123379039
(2.17);0.6774486691111576
(2.18);0.5921485649878188
(2.19);0.500612607873701
(2.20);0.5313578179187093
(2.21);0.45260143148671256
(2.22);0.3988441984568428
(2.23);0.3615642958000563
(2.24);0.3776409366175181
(2.25);0.5120651928979926
(2.26);0.0
(2.27);0.0
(2.28);0.0
(2.29);0.0
(2.30);0.0
(2.31);0.8677591759122971
(3.4);0.0
(3.5);0.7652192186181586
(3.6);0.8591244894512297
(3.7);0.4047709674607846
(3.8);0.42041776176003487
(3.9);0.0
(3.10);0.3239835080553561
(3.11);0.3474117600814432
(3.12);0.61263677345085
(3.13);0.8544104488816209
(3.14);0.7546744462830028
(3.15);0.4660840721854702
(3.16);0.5343529144407301
(3.17);0.8242855700350427
(3.18);0.49911333146775577
(3.19);0.4322225426295606
(3.20);0.425948576535515
(3.21);0.3794421926126196
(3.22);0.33800618535823646
(3.23);0.30604471781931086
(3.24);0.3336364273946385
(3.25);0.4589043471428292
(3.26);0.0
(3.27);0.0
(3.28);0.0
(3.29);0.0
(3.30);0.0
(3.31);0.8670799460867049
(4.5);1.4297848993838151
(4.6);1.3931355049599357
(4.7);0.5006144580711477
(4.8);0.5310182085129814
(4.9);0.0
(4.10);0.3821235498598063
(4.11);0.41905857238313604
(4.12);0.8820898132491221
(4.13);0.6886964308968372
(4.14);0.7356162203693755
(4.15);0.4642465528606682
(4.16);0.6060509727003336
(4.17);1.1536534571460857
(4.18);0.6282963668677701
(4.19);0.5258165391455746
(4.20);0.5107498160021099
(4.21);0.4416239273452426
(4.22);0.3863372072077635
(4.23);0.3430997880254473
(4.24);0.3778839626218791
(4.25);0.5396878883684272
(4.26);0.0
(4.27);0.0
(4.28);0.0
(4.29);0.0
(4.30);0.0
(4.31);1.1877192497300002
(5.6);4.523532274718732
(5.7);1.3122302318066668
(5.8);1.397033114629987
(5.9);0.47179929444490615
(5.10);0.8823642498472333
(5.11);0.9581033355979438
(5.12);3.113884812856601
(5.13);0.864974239880822
(5.14);0.9734697895420928
(5.15);0.6823126643161794
(5.16);0.9581214950735473
(5.17);2.0546658149232275
(5.18);1.34864927171034
(5.19);1.0620914308738116
(5.20);1.0196440120982644
(5.21);0.8174667747638189
(5.22);0.6968567095842093
(5.23);0.5976188010783782
(5.24);0.6514383582943551
(5.25);0.945214356861237
(5.26);0.42106339088132017
(5.27);0.5364328282934773
(5.28);0.33833555411363997
(5.29);0.2802451017139634
(5.30);0.34169766356982384
(5.31);2.3574677461438576
(6.8);1.4167603281442318
(6.9);0.5198878796873296
(6.10);0.9246014049079779
(6.11);0.9384644481164177
(6.12);2.4768672071156996
(6.13);0.8517882715143328
(6.14);0.8991819951956365
(6.15);0.6407939602626527
(6.16);0.8418615228118584
(6.17);1.5400033694655382
(6.18);1.192966184230984
(6.19);0.9679095973108821
(6.20);0.972475163556424
(6.21);0.7875285011068974
(6.22);0.6799250715482075
(6.23);0.5932993437713686
(6.24);0.6301667977269235
(6.25);0.8767748510179229
(6.26);0.39180934022726116
(6.27);0.4645901425158658
(6.28);0.3149803724156814
(6.29);0.27090324874205424
(6.30);0.32621830669353497
(6.31);1.7785998632871622
(7.8);4.825101093033314
(7.9);1.7957531226700836
(7.10);2.346479475606848
(7.11);1.7796869893805474
(7.12);2.1457007695878434
(7.13);0.561264123443919
(7.14);0.607135784388022
(7.15);0.48766382068322867
(7.16);0.6563172165819545
(7.17);1.0195094537598255
(7.18);1.5292687287064246
(7.19);1.2504912107380701
(7.20);1.5301124252976332
(7.21);1.1175904509123735
(7.22);0.9375747266151458
(7.23);0.8065856042368508
(7.24);0.8025006761713814
(7.25);1.0822600145161048
(7.26);0.4468182981976868
(7.27);0.40028146436096224
(7.28);0.27072709136619955
(7.29);0.29783980656775716
(7.30);0.3758463972538124
(7.31);1.4386980895049835
(8.9);1.7262575827615159
(8.10);2.5063273833519437
(8.12);2.6829638509486307
(8.13);0.5820295619807901
(8.14);0.6468546618987648
(8.15);0.5232056932923282
(8.16);0.7315210934857732
(8.17);1.1611715752132032
(8.18);2.145046549348642
(8.19);1.6468767491311052
(8.20);2.049794608383556
(8.21);1.3563474777284752
(8.22);1.0907774876872738
(8.23);0.8986866074745351
(8.24);0.9223853867336885
(8.25);1.3232747964934188
(8.26);0.5822744252498091
(8.27);0.4917670411200391
(8.28);0.3163475624474608
(8.29);0.36161573443706824
(8.30);0.4734234714434398
(8.31);1.7492039521563139
(9.10);3.2454029692155477
(9.11);1.2697036737499872
(9.12);0.7998835004377642
(9.13);0.2714624537616952
(9.14);0.29967664833152585
(9.15);0.24829391605491816
(9.16);0.3430864666784438
(9.17);0.5069592340690398
(9.18);0.8844929480999256
(9.19);0.7715570926334898
(9.20);1.092770862526294
(9.21);0.8045648183318874
(9.22);0.6734754152074891
(9.23);0.5868367554803722
(9.24);0.5634703274728264
(9.25);0.7442722573938138
(9.26);0.0
(9.27);0.0
(9.28);0.0
(9.29);0.0
(9.30);0.0
(9.31);0.8016186975242136
(10.11);2.8365750828483627
(10.12);1.3178363492991272
(10.13);0.47923454716263447
(10.14);0.5230151969877866
(10.15);0.4404804483380433
(10.16);0.5914507061518933
(10.17);0.8346810076619395
(10.18);1.5118427024204555
(10.19);1.382680301921106
(10.20);2.0851601988677735
(10.21);1.517468902114328
(10.22);1.2721918290952523
(10.23);1.0936404442424277
(10.24);1.0021728563465044
(10.25);1.2451744411286392
(10.26);0.4843878526336576
(10.27);0.3760774636881513
(10.28);0.2646930521141321
(10.29);0.335697846529692
(10.30);0.42722714049490945
(10.31);1.1890469493105393
(11.12);1.5159446722770737
(11.13);0.5135196095808372
(11.14);0.5806717847752596
(11.15);0.494261208951703
(11.16);0.7010306141520816
(11.17);0.996264866426277
(11.18);2.629217173432369
(11.19);2.474695679929518
(11.21);2.4661877204590836
(11.22);1.7458739789870794
(11.23);1.2900958744158233
(11.24);1.3205863281089818
(11.25);1.92255424452191
(11.26);0.7692730953937671
(11.27);0.5034001084984142
(11.28);0.3330569964073423
(11.29);0.46782174524378306
(11.30);0.6493880332810243
(11.31);1.5244240190387153
(12.13);0.7551602352311693
(12.14);0.8641793869382005
(12.15);0.6575997734475468
(12.16);0.9613782670001026
(12.17);1.8799200476947409
(12.18);2.178681889734229
(12.19);1.5563080436381678
(12.20);1.525543289085321
(12.21);1.118858785049651
(12.22);0.9192236402860683
(12.23);0.7625950776897635
(12.24);0.8305226318173022
(12.25);1.2582001737081483
(12.26);0.6426017429077717
(12.27);0.6915631910348667
(12.28);0.405261439949997
(12.29);0.3889540862216002
(12.30);0.5002566852738958
(12.31);2.898038694270422
(13.15);1.4186007409028196
(13.16);1.085787379469976
(13.17);1.1537646573355091
(13.18);0.6759224058041258
(13.19);0.6119816509650516
(13.20);0.5754189841144314
(13.21);0.5242833600617371
(13.22);0.47596215111254486
(13.23);0.42943722318927036
(13.24);0.47308222785082193
(13.25);0.6203646714504651
(13.26);0.30551185629654776
(13.27);0.4212949381914391
(13.28);0.40455495681087517
(13.29);0.2526356122331083
(13.30);0.27383470213938427
(13.31);1.0484440739868262
(14.15);2.326216398518033
(14.16);1.8176609639104289
(14.17);1.631046821677393
(14.18);0.8067956018811394
(14.19);0.7286991030150571
(14.20);0.6603599216609725
(14.21);0.600123463519207
(14.22);0.5394412260492406
(14.23);0.47795657312478196
(14.24);0.5410944998870039
(14.25);0.7361329605967257
(14.26);0.38141824898356486
(14.27);0.5886602330330251
(14.29);0.312520806587768
(14.30);0.3381514408675474
(14.31);1.3534589989959225
(15.16);1.7634688604475819
(15.17);1.1285846675549602
(15.18);0.6799319584821707
(15.19);0.6362203036164343
(15.20);0.5728658488755511
(15.21);0.538527627488812
(15.22);0.4914845050259122
(15.23);0.43918743171762287
(15.24);0.5048797041074411
(15.25);0.6707221576237706
(15.26);0.33963435935133673
(15.27);0.5005849657880155
(15.28);0.6469200837430867
(15.29);0.30157651293510435
(15.30);0.3118992647027947
(15.31);1.04857273656414
(16.17);2.156292619309487
(16.18);1.0703443954504406
(16.19);0.9887922859199572
(16.20);0.8286108035123505
(16.21);0.7623547728140747
(16.22);0.6758293311623352
(16.23);0.5796185786870736
(16.24);0.6951656751475214
(16.25);1.016184031413285
(16.26);0.5797180442884067
(16.27);1.1714823195848698
(16.29);0.48041263877278023
(16.30);0.5103333728397893
(16.31);1.8981918753213125
(17.18);1.6438200022906853
(17.19);1.3496443260889257
(17.20);1.1316452445116636
(17.21);0.9522750810507145
(17.22);0.8124279071540362
(17.23);0.681390911438959
(17.24);0.7924354178665187
(17.25);1.2218128852948276
(17.26);0.7541667849986641
(17.27);1.602550958466091
(17.28);0.8104108459533484
(17.29);0.5017838196835629
(17.30);0.599042091453431
(18.20);3.4778306859535726
(18.21);2.133864650908196
(18.22);1.542064598376654
(18.23);1.1279197027440029
(18.24);1.3669820367055212
(18.25);2.7948497254830706
(18.26);1.9645048367467912
(18.27);1.065252180869726
(18.28);0.5728908236625722
(18.29);0.7640909534421174
(18.30);1.2045732855578026
(18.31);3.024562218992147
(19.20);4.220454613829992
(19.21);2.8918762702579297
(19.22);1.9228464300179267
(19.23);1.299082837914027
(19.24);1.710561874736251
(19.25);4.701417917844596
(19.26);2.856895129124249
(19.27);0.938143020736563
(19.28);0.5564999179353977
(19.29);0.9445303588624144
(19.30);1.7543062967083258
(19.31);2.2381931042336074
(20.21);4.2782041620136795
(20.22);2.486687197339652
(20.23);1.6159060320963652
(20.24);1.8266534553742215
(20.25);3.0523165537390406
(20.26);1.2877178074409266
(20.27);0.7039954816690006
(20.28);0.46311193294382047
(20.29);0.7363345893013655
(20.30);1.0996927174106033
(20.31);1.7320375448786218
(21.22);5.818834256535171
(21.23);2.4359233363233734
(21.24);3.1470597188720193
(21.26);1.1644812379254543
(21.27);0.6295353483560924
(21.28);0.4540159802661215
(21.29);0.8743602894927753
(21.30);1.2321997907606819
(21.31);1.3718653370393434
(22.23);3.9828713448910458
(22.24);4.612582068441496
(22.25);2.6419633170881145
(22.26);0.8757324290177527
(22.27);0.5290881516765519
(22.28);0.40562799607021693
(22.29);0.7891872520251316
(22.30);0.9760379243050308
(22.31);1.1268468377588587
(23.24);2.9938665311514994
(23.25);1.6547239316398241
(23.26);0.6341287607642834
(23.27);0.43464831561854006
(23.28);0.3503812136316667
(23.29);0.6122822803422999
(23.30);0.6899159531112137
(23.31);0.9091066560555797
(24.25);2.7236275101444
(24.26);0.8966877267175413
(24.27);0.5489492900525489
(24.28);0.44285290104214287
(24.29);1.0155567721361434
(24.30);1.109054059970037
(24.31);1.0748818498822637
(25.26);2.7384353491282396
(25.27);0.9746669858792146
(25.28);0.6732946425485665
(25.29);1.791720553972839
(25.31);1.8053521780235502
(26.27);0.0
(26.28);0.0
(26.29);0.0
(26.30);0.0
(26.31);1.414598981900245
(27.28);0.0
(27.29);0.0
(27.30);0.0
(27.31);2.6341599226407415
(28.29);0.0
(28.30);0.0
(28.31);0.9759363218332204
(29.30);0.0
(29.31);0.7828155585454566
(30.31);1.0151792181893886

****Importance nodes******

0; 0.05238095238095238
1; DISCONNECTED
2; DISCONNECTED
3; DISCONNECTED
4; DISCONNECTED
5; 0.0016897081413210445
6; 0.0018023553507424475
7; 0.0018023553507424475
8; 0.0019225123741252773
9; DISCONNECTED
10; 0.0019225123741252776
11; 0.0020550994344097793
12; 0.002050822432465118
13; 0.0021875439279627922
14; 0.0022629764772028886
15; 0.0022605431691628854
16; 0.002411246047107078
17; 0.0024916209153439802
18; 0.0025746749458554464
19; 0.0025746749458554464
20; 0.0026778166277654837
21; 0.002835580496504659
22; 0.002835580496504659
23; 0.0029270508351015834
24; 0.0030214718297822797
25; 0.0032362592433285617
26; DISCONNECTED
27; DISCONNECTED
28; DISCONNECTED
29; DISCONNECTED
30; DISCONNECTED
31; 0.003247724562700584
