
****Importance edges******

(0.5);22.604534118561215
(0.6);17.480885830007153
(0.7);15.170415634826929
(0.8);18.140097131253192
(0.10);12.794010710960675
(0.11);16.433245444498052
(0.12);26.57240644625604
(0.13);10.45550926343303
(0.14);13.418275742255759
(0.15);10.789093903314448
(0.16);19.738379810293353
(0.17);40.74558928256584
(0.18);31.97627193973601
(0.19);24.254272575764265
(0.20);17.423084988512606
(0.21);13.634214548107689
(0.22);11.154422140570592
(0.23);8.778749119897165
(0.24);10.465978952469094
(0.25);17.741411758462217
(0.31);139.1276157880048
(1.2);0.0
(1.3);0.0
(1.4);0.0
(1.5);0.7836711166283558
(1.6);1.0705374050818715
(1.7);1.3820100618234996
(1.8);0.982811856839448
(1.9);0.0
(1.10);0.6990585666409456
(1.11);0.5920087371148555
(1.12);1.0398454292516672
(1.13);0.3493477535165941
(1.14);0.36680856731830397
(1.15);0.2938217573036627
(1.16);0.3750673447973818
(1.17);0.5958960221288546
(1.18);0.6951902265754413
(1.19);0.5813717134610373
(1.20);0.6545689493314242
(1.21);0.5211019765051714
(1.22);0.4677454354069924
(1.23);0.42105064805458947
(1.24);0.4280998543024778
(1.25);0.5569551351151609
(1.26);0.0
(1.27);0.0
(1.28);0.0
(1.29);0.0
(1.30);0.0
(1.31);0.8651276837302563
(2.3);0.0
(2.4);0.0
(2.5);0.9471321476536262
(2.6);1.662782705446205
(2.7);0.7027787974966324
(2.8);0.6259333855944077
(2.9);0.0
(2.10);0.4720346100577932
(2.11);0.4442216453997654
(2.12);0.8715493872064115
(2.13);0.43453903365311486
(2.14);0.43496820161492494
(2.15);0.32989051045836953
(2.16);0.40330054492126344
(2.17);0.6506162417583953
(2.18);0.5870396998755879
(2.19);0.4962934852103513
(2.20);0.5228218427012558
(2.21);0.4341199154662314
(2.22);0.3948983783259293
(2.23);0.35798729083794995
(2.24);0.37390488325199894
(2.25);0.4886195701534142
(2.26);0.0
(2.27);0.0
(2.28);0.0
(2.29);0.0
(2.30);0.0
(2.31);0.8517207235166946
(3.4);0.0
(3.5);0.7642466038544111
(3.6);0.8303540501558733
(3.7);0.4038358300575825
(3.8);0.4059159442836867
(3.9);0.0
(3.10);0.32289866015808005
(3.11);0.33435855785558544
(3.12);0.6099076133797977
(3.13);0.8231653945703133
(3.14);0.7255130459931425
(3.15);0.46302598280001256
(3.16);0.5137228033619107
(3.17);0.7916372179393557
(3.18);0.49480714407331816
(3.19);0.4284934671925454
(3.20);0.41910594362299236
(3.21);0.3639480592012839
(3.22);0.33466224400038286
(3.23);0.30301697562523233
(3.24);0.33033571664915595
(3.25);0.43789276824978546
(3.26);0.0
(3.27);0.0
(3.28);0.0
(3.29);0.0
(3.30);0.0
(3.31);0.8510540476294829
(4.5);1.4279676032831825
(4.6);1.3464820560502697
(4.7);0.4994578946267315
(4.8);0.5127013583774535
(4.9);0.0
(4.10);0.3808440219849053
(4.11);0.4033134050678039
(4.12);0.8781603000339078
(4.13);0.6635113955130334
(4.14);0.7071912496186616
(4.15);0.46120051988022004
(4.16);0.5826527679776732
(4.17);1.1079594821032974
(4.18);0.6228756302847167
(4.19);0.5212799651654788
(4.20);0.5025448971608105
(4.21);0.42359066646613175
(4.22);0.3825151204495271
(4.23);0.3397054549607043
(4.24);0.37414550496690546
(4.25);0.5149775217862077
(4.26);0.0
(4.27);0.0
(4.28);0.0
(4.29);0.0
(4.30);0.0
(4.31);1.1657671008217407
(5.6);4.442564713355768
(5.7);1.3098584807192801
(5.8);1.3705551231009903
(5.9);0.4711996245096275
(5.10);0.8802671422220499
(5.11);0.9377983490225553
(5.12);3.1044915200948204
(5.13);0.8466487169512892
(5.14);0.9514051564881848
(5.15);0.6793798337724644
(5.16);0.935870162630204
(5.17);2.005115983438031
(5.18);1.3409448487086773
(5.19);1.0560240256398954
(5.20);1.0090996949658553
(5.21);0.7961623857271961
(5.22);0.6922060920207558
(5.23);0.5935923488310896
(5.24);0.6470080968952879
(5.25);0.9163695217413456
(5.26);0.4205282076808979
(5.27);0.5357510073513697
(5.28);0.33790552027885756
(5.29);0.2798889024487553
(5.30);0.34126335640105443
(5.31);2.327781589812619
(6.7);1.4299979723114338
(6.8);1.3685803038158237
(6.9);0.5024778269341017
(6.10);0.9080213084138793
(6.11);0.9049948492689672
(6.12);2.432196048707788
(6.13);0.8218246270489179
(6.14);0.8664908954057573
(6.15);0.6289352054269719
(6.16);0.8112027993376197
(6.17);1.4829627817019717
(6.18);1.170461361914434
(6.19);0.9496503760572581
(6.20);0.950036353182911
(6.21);0.757618735246764
(6.22);0.6669640623966262
(6.23);0.5820948457307497
(6.24);0.6183769690642928
(6.25);0.84048760238042
(6.26);0.37868839329026666
(6.27);0.44903190543079363
(6.28);0.30443228096318115
(6.29);0.2618312160290459
(6.30);0.3152938782725091
(6.31);1.7362015805997983
(7.8);4.733804647738093
(7.9);1.7916044162486218
(7.10);2.3398011089909896
(7.11);1.7421414421530204
(7.12);2.1382945088925185
(7.13);0.5494251525892391
(7.14);0.5934546581421403
(7.15);0.48538376729201893
(7.16);0.6411683893489263
(7.17);0.995089472410354
(7.18);1.5200528548736492
(7.19);1.2429553414622334
(7.20);1.5139984901556884
(7.21);1.0886859558777766
(7.22);0.9310620005838856
(7.23);0.8009368052724932
(7.24);0.796835092422616
(7.25);1.0495382881345359
(7.26);0.4457860193618282
(7.27);0.39935669900172543
(7.28);0.2701016338864183
(7.29);0.29715171091447645
(7.30);0.3749780839305135
(7.31);1.4204111363680614
(8.9);1.6667123526133703
(8.10);2.4589047954238925
(8.11);2.4523592935787843
(8.12);2.6320163005654202
(8.13);0.5613102439025914
(8.14);0.6230917411080639
(8.15);0.5130560660270173
(8.16);0.7046137691784679
(8.17);1.1177662513186166
(8.18);2.1028207670939905
(8.19);1.614457565020544
(8.20);2.0010787165346438
(8.21);1.304437032148161
(8.22);1.0691440202469935
(8.23);0.8810313803002964
(8.24);0.90443638094641
(8.25);1.2682556592685186
(8.26);0.5621895520494757
(8.27);0.47480411395599337
(8.28);0.3054355244058349
(8.29);0.34914222390928235
(8.30);0.4570932841955219
(8.31);1.7064599584580256
(9.10);3.234535846354575
(9.11);1.221997462490795
(9.12);0.7963201979957776
(9.13);0.2615353056066519
(9.14);0.28809683303161543
(9.15);0.2466648001196731
(9.16);0.3298407039513444
(9.17);0.4868795624434134
(9.18);0.8768618307896019
(9.19);0.764900349130733
(9.20);1.0752160911719995
(9.21);0.7717112377970835
(9.22);0.6668126309391386
(9.23);0.581031099306123
(9.24);0.5578958385623268
(9.25);0.7101947086595313
(9.26);0.0
(9.27);0.0
(9.28);0.0
(9.29);0.0
(9.30);0.0
(9.31);0.7868026936413963
(10.11);2.776919090354412
(10.12);1.3126711101265565
(10.13);0.4691562934142198
(10.14);0.5112838783673961
(10.15);0.4382407530377221
(10.16);0.5778673237861157
(10.17);0.8148024830870867
(10.18);1.5022109726735096
(10.19);1.3738714470229025
(10.20);2.0627439999486343
(10.21);1.4784882870620555
(10.22);1.2629700212009651
(10.23);1.0856583640621682
(10.24);0.9948087066093971
(10.25);1.207855175425338
(10.26);0.4827658961749793
(10.27);0.374818180929767
(10.28);0.2638067363175869
(10.29);0.3345737735634051
(10.30);0.4257965847613566
(10.31);1.1737616378118374
(11.12);1.4840628495333608
(11.13);0.4944910063076887
(11.14);0.5585292668648327
(11.15);0.4837191934794519
(11.16);0.6742993037866027
(11.17);0.9577212806398273
(11.18);2.5727520580389047
(11.19);2.4215490709149
(11.20);5.5419735897917395
(11.21);2.368863150333333
(11.22);1.708295269561306
(11.23);1.2626029597935668
(11.24);1.2927240791982437
(11.25);1.8406605379463377
(11.26);0.7403694184464686
(11.27);0.4844860008838415
(11.28);0.3205431415918846
(11.29);0.45024441324762593
(11.30);0.6249887633211297
(11.31);1.4849704896875016
(12.13);0.7392792673049221
(12.14);0.8448316629997648
(12.15);0.6539440175753235
(12.16);0.9393525491921769
(12.17);1.8352962827008577
(12.18);2.163915823673361
(12.19);1.5457601304748445
(12.20);1.508717598535306
(12.21);1.0902544523616713
(12.22);0.9122277435815782
(12.23);0.7567592430766439
(12.24);0.8241323356532685
(12.25);1.220763496672071
(12.26);0.6397390955866619
(12.27);0.6884824313916763
(12.28);0.4034560906987291
(12.29);0.38722138259101446
(12.30);0.49802815340984163
(12.31);2.86021035392783
(13.14);2.550802080969325
(13.15);1.3883576571961531
(13.16);1.0449205406514408
(13.17);1.1097054519085505
(13.18);0.6614152888115119
(13.19);0.5988468749439476
(13.20);0.5608702687077589
(13.21);0.5038485446590225
(13.22);0.46572401797521185
(13.23);0.42028908163501383
(13.24);0.46310217284608174
(13.25);0.5942666314704865
(13.26);0.294339550813593
(13.27);0.4058885451140831
(13.28);0.38976073043640846
(13.29);0.24339694545939763
(13.30);0.2638208029041103
(13.31);1.0214341292003442
(14.15);2.2736211930310244
(14.16);1.7474559670026129
(14.17);1.5671949298965444
(14.18);0.7885076054427027
(14.19);0.7121813548151918
(14.20);0.6429231474400311
(14.21);0.5762021545200211
(14.22);0.5272213778972156
(14.23);0.4672370063679437
(14.24);0.5290800691138438
(14.25);0.7045925860964359
(14.26);0.36667985378382023
(14.27);0.5659137934593163
(14.28);0.5704867263032277
(14.29);0.30044467974300354
(14.30);0.32508491983414045
(14.31);1.3172395008870341
(15.16);1.7227303962425364
(15.17);1.101624908698776
(15.18);0.6747226035529398
(15.19);0.6313458491458434
(15.20);0.5661551021212021
(15.21);0.5247244941604737
(15.22);0.4873485789711768
(15.23);0.4354801491298953
(15.24);0.5006047941315734
(15.25);0.6508317752797452
(15.26);0.337405936860092
(15.27);0.49730050776477114
(15.28);0.6426754859132197
(15.29);0.29959779710217377
(15.30);0.30985281881965776
(15.31);1.0343224376983506
(16.17);2.0719469571802263
(16.18);1.045591268420899
(16.19);0.9659251590743894
(16.20);0.8064490803837908
(16.21);0.7320047887751864
(16.22);0.6602249333226488
(16.23);0.5663666745343806
(16.24);0.6794287048461723
(16.25);0.9727712483496702
(16.26);0.557336492087867
(16.27);1.1262541384955915
(16.28);1.6750674550046711
(16.29);0.4618650350567524
(16.30);0.4906305998513934
(16.31);1.846831089585412
(17.18);1.6045919975375975
(17.19);1.3174365089526112
(17.20);1.100624296062495
(17.21);0.9139359201042228
(17.22);0.7930991898291474
(17.23);0.6653395953207026
(17.24);0.7739536993843207
(17.25);1.1691541787458581
(17.26);0.7242957019291619
(17.27);1.53907702437665
(17.28);0.7783120447578797
(17.29);0.4819091361800639
(17.30);0.5753151965120614
(17.31);4.809852700973402
(18.20);3.4346392174637463
(18.21);2.079435337744301
(18.22);1.527737401783781
(18.23);1.1174289995443885
(18.24);1.3542541723874997
(18.25);2.7128982223438802
(18.26);1.9475557283360145
(18.27);1.0560615317246334
(18.28);0.5679481080753325
(18.29);0.7574986253585528
(18.30);1.1941806192615698
(18.31);2.9818410654891125
(19.20);4.168040437026558
(19.21);2.8181120607622088
(19.22);1.9049814204393576
(19.23);1.287000158224051
(19.24);1.6946349650442298
(19.25);4.563561394919632
(19.26);2.832246767686802
(19.27);0.9300490280591975
(19.28);0.5516986177485806
(19.29);0.9363812583103692
(19.30);1.7391707128948206
(19.31);2.206579209642522
(20.21);4.15497647067806
(20.22);2.4546325507898965
(20.23);1.5951552363242092
(20.24);1.803285555803604
(20.25);2.9536391513151945
(20.26);1.267031319126058
(20.27);0.6926861759957279
(20.28);0.45567229086233285
(20.29);0.7245057733997768
(20.30);1.0820267502109506
(20.31);1.7019177248285746
(21.22);5.671247926126668
(21.23);2.374737828318007
(21.24);3.068784301046674
(21.25);3.5515637527180126
(21.26);1.1169308389274326
(21.27);0.6038289170090145
(21.28);0.43547670259463866
(21.29);0.8386566823591164
(21.30);1.181884173997005
(21.31);1.3322168662612548
(22.23);3.9434682546810964
(22.24);4.566949164035298
(22.25);2.5652828105807264
(22.26);0.8670686884867845
(22.27);0.5238538103272466
(22.28);0.4016150629029587
(22.29);0.781379714750804
(22.30);0.9663818478090989
(22.31);1.1105314020575157
(23.24);2.9642478006457225
(23.25);1.607166938022996
(23.26);0.6278552383224476
(23.27);0.43034828046629026
(23.28);0.3469148444288779
(23.29);0.6062248881151501
(23.30);0.6830905203558737
(23.31);0.8960056018451276
(24.25);2.6461246165785672
(24.26);0.8878166725642787
(24.27);0.5435184597485837
(24.28);0.43847169680568543
(24.29);1.0055097302809912
(24.30);1.0980820366761472
(24.31);1.059464962068196
(25.26);2.6130522475299465
(25.27);0.9300404915002624
(25.28);0.6424669034167562
(25.29);1.7096841165137466
(25.30);4.147926657237182
(25.31);1.7473816609830093
(26.27);0.0
(26.28);0.0
(26.29);0.0
(26.30);0.0
(26.31);1.3884535039152701
(27.28);0.0
(27.29);0.0
(27.30);0.0
(27.31);2.585473778265188
(28.29);0.0
(28.30);0.0
(28.31);0.957898473691303
(29.30);0.0
(29.31);0.7683470857032436
(30.31);0.996416058990504

****Importance nodes******

0; 0.05238095238095238
1; DISCONNECTED
2; DISCONNECTED
3; DISCONNECTED
4; DISCONNECTED
5; 0.0016897081413210445
6; 0.0017442148555572073
7; 0.0018004798508977624
8; 0.0018585598460880129
9; DISCONNECTED
10; 0.0019185133895102068
11; 0.0019804009182040846
12; 0.0020442848187913133
13; 0.0021102294903652266
14; 0.002178301409409266
15; 0.002248569196809565
16; 0.0023211036870292284
17; 0.0023959779995140424
18; 0.0025557098661483117
19; 0.0025557098661483117
20; 0.0026381521198950313
21; 0.0027232538011819677
22; 0.002811100697994289
23; 0.0029017813656715243
24; 0.002995387216177057
25; 0.003092012610247285
26; DISCONNECTED
27; DISCONNECTED
28; DISCONNECTED
29; DISCONNECTED
30; DISCONNECTED
31; 0.0031917549525133262
