
****Importance edges******

(0.5);22.608240455793
(0.6);17.483752071693736
(0.7);15.172903041822098
(0.8);18.143071460077362
(0.10);12.796108472320991
(0.11);16.435939910533516
(0.12);26.576763373005043
(0.13);10.457223593976499
(0.14);13.420475860812019
(0.15);10.79086292983901
(0.16);19.741616200461902
(0.17);40.75227010570499
(0.18);31.981514907655733
(0.19);24.297163847108653
(0.20);17.426842151082152
(0.21);13.6378555740424
(0.22);11.156881275064363
(0.23);8.780699666718787
(0.24);10.468322978484874
(0.25);17.745417661123103
(0.31);139.15929150886168
(1.2);0.0
(1.3);0.0
(1.4);0.0
(1.5);0.7837996107358565
(1.6);1.0707129350273974
(1.7);1.382236662173676
(1.8);0.9829730029244653
(1.9);0.0
(1.10);0.6991731873086022
(1.11);0.5921058054292212
(1.12);1.0400159268080214
(1.13);0.34940503408601026
(1.14);0.36686871083831013
(1.15);0.29386993359045943
(1.16);0.37512884246228195
(1.17);0.5959937278192929
(1.18);0.6953042129733212
(1.19);0.6015176251892842
(1.20);0.6553817454131385
(1.21);0.5222743958131748
(1.22);0.46834098392767687
(1.23);0.42158674327134765
(1.24);0.428644924795177
(1.25);0.5576642682925202
(1.26);0.0
(1.27);0.0
(1.28);0.0
(1.29);0.0
(1.30);0.0
(1.31);0.86622919210051
(2.3);0.0
(2.4);0.0
(2.5);0.9472874435391266
(2.6);1.663055342494031
(2.7);0.702894028149439
(2.8);0.6260360163409419
(2.9);0.0
(2.10);0.4721120068951167
(2.11);0.44429448190304716
(2.12);0.871692290215436
(2.13);0.43461028255347467
(2.14);0.4350395208835209
(2.15);0.3299446007340156
(2.16);0.40336667182383085
(2.17);0.6507229196128373
(2.18);0.587135953445105
(2.19);0.5134912341080913
(2.20);0.5234710448145188
(2.21);0.43509663517528885
(2.22);0.3954011756323916
(2.23);0.35844309176158035
(2.24);0.3743809509658477
(2.25);0.48924169629330727
(2.26);0.0
(2.27);0.0
(2.28);0.0
(2.29);0.0
(2.30);0.0
(2.31);0.8528051617143337
(3.4);0.0
(3.5);0.7643719130347407
(3.6);0.8304901985991685
(3.7);0.40390204472781727
(3.8);0.4059825000184513
(3.9);0.0
(3.10);0.32295160401969475
(3.11);0.3344133807316176
(3.12);0.6100076164713705
(3.13);0.8233003643305309
(3.14);0.7256320042517116
(3.15);0.46310190254382744
(3.16);0.5138070355758076
(3.17);0.7917670182032994
(3.18);0.4948882747938635
(3.19);0.44334178431275906
(3.20);0.41962635888122896
(3.21);0.36476690033211134
(3.22);0.3350883467247631
(3.23);0.3034027865769071
(3.24);0.3307563106998675
(3.25);0.4384503073952454
(3.26);0.0
(3.27);0.0
(3.28);0.0
(3.29);0.0
(3.30);0.0
(3.31);0.852137636993957
(4.5);1.4282017390307309
(4.6);1.3467028310748774
(4.7);0.499539787904463
(4.8);0.5127854231108107
(4.9);0.0
(4.10);0.38090646681879486
(4.11);0.40337953407897664
(4.12);0.8783042869968073
(4.13);0.6636201877126869
(4.14);0.7073072037562124
(4.15);0.4612761403132351
(4.16);0.5827483022468526
(4.17);1.1081411479345102
(4.18);0.6229777596684584
(4.19);0.5393435549837873
(4.20);0.5031689208388586
(4.21);0.42454369658009444
(4.22);0.3830021509940901
(4.23);0.3401379788633572
(4.24);0.37462187904805483
(4.25);0.5156332077172071
(4.26);0.0
(4.27);0.0
(4.28);0.0
(4.29);0.0
(4.30);0.0
(4.31);1.1672513929597346
(5.6);4.4432931354906975
(5.7);1.3100732507839936
(5.8);1.370779845249844
(5.9);0.47127688443910726
(5.10);0.8804114746319118
(5.11);0.9379521144980416
(5.12);3.105000545958673
(5.13);0.8467875371386648
(5.14);0.9515611529947048
(5.15);0.6794912278299231
(5.16);0.9360236119519054
(5.17);2.0054447509315123
(5.18);1.3411647158288078
(5.19);1.0781220998713215
(5.20);1.0099281060980083
(5.21);0.7973177708543385
(5.22);0.6927991653719975
(5.23);0.5941058132879891
(5.24);0.6475730436314885
(5.25);0.9171770743509912
(5.26);0.42059715930560154
(5.27);0.5358388514049166
(5.28);0.3379609247301975
(5.29);0.2799347942443777
(5.30);0.3413193114177356
(5.31);2.329851596192714
(6.7);1.430232440967074
(6.8);1.3688047021647618
(6.9);0.5025602153730027
(6.10);0.9081701915169318
(6.11);0.9051432361406817
(6.12);2.432594842096895
(6.13);0.8219593769710907
(6.14);0.8666329690025765
(6.15);0.6290383283648757
(6.16);0.8113358076589567
(6.17);1.4832059346969568
(6.18);1.170653275824328
(6.19);0.9692725746473553
(6.20);0.9508085137758522
(6.21);0.7587062875338253
(6.22);0.6675299795762769
(6.23);0.5825935771705298
(6.24);0.6189118725131075
(6.25);0.8412214892205697
(6.26);0.37875048467794736
(6.27);0.44910553064512576
(6.28);0.30448219699735257
(6.29);0.26187414700826106
(6.30);0.31534557522117723
(6.31);1.7377316119725355
(7.8);4.73458082283296
(7.9);1.7918981754616072
(7.10);2.340184752905955
(7.11);1.7424270912027295
(7.12);2.138645112913343
(7.13);0.5495152387148119
(7.14);0.5935519635359745
(7.15);0.485463352914929
(7.16);0.6412735180926032
(7.17);0.9952526315863496
(7.18);1.520302089317533
(7.19);1.2683088814775798
(7.20);1.5152165702777711
(7.21);1.0902315336246173
(7.22);0.9318442280476845
(7.23);0.8016163979574266
(7.24);0.7975178105669631
(7.25);1.0504461512634549
(7.26);0.4458591123666344
(7.27);0.39942217925424955
(7.28);0.2701459209191343
(7.29);0.2972004331948771
(7.30);0.3750395669598158
(7.31);1.4216513938538713
(8.9);1.6669856339831506
(8.10);2.459307968094689
(8.11);2.452761393020774
(8.12);2.6324478573477137
(8.13);0.5614022787591669
(8.14);0.6231939059262713
(8.15);0.5131401889197756
(8.16);0.704729300701172
(8.17);1.1179495251101474
(8.18);2.1031655546866026
(8.19);1.6469591229351281
(8.20);2.0026721181433995
(8.21);1.3062681422871862
(8.22);1.0700332650128281
(8.23);0.8817715747682345
(8.24);0.9052037927377431
(8.25);1.269342284542038
(8.26);0.5622817310812201
(8.27);0.47488196489316065
(8.28);0.3054856049361425
(8.29);0.34919947077917474
(8.30);0.45716823118840066
(8.31);1.7079360666617713
(9.10);3.235066194848908
(9.11);1.2221978264827542
(9.12);0.7964507661013963
(9.13);0.26157818806711364
(9.14);0.2881440706350548
(9.15);0.24670524434770535
(9.16);0.32989478606050004
(9.17);0.4869593933233694
(9.18);0.8770056048498652
(9.19);0.79140596431238
(9.20);1.0765512162597286
(9.21);0.7734474990207779
(9.22);0.6676616382107627
(9.23);0.5817708867748393
(9.24);0.5586061694735472
(9.25);0.711098951386715
(9.26);0.0
(9.27);0.0
(9.28);0.0
(9.29);0.0
(9.30);0.0
(9.31);0.7878044761170735
(10.11);2.777374406025164
(10.12);1.3128863413621585
(10.13);0.46923321831029097
(10.14);0.511367710684597
(10.15);0.43831260888801077
(10.16);0.5779620734131572
(10.17);0.8149360816281482
(10.18);1.50245728168518
(10.19);1.4011620351306846
(10.20);2.0643693429162546
(10.21);1.4805400471128038
(10.22);1.264009787096157
(10.23);1.0865613443898363
(10.24);0.995644490575501
(10.25);1.2088800372325046
(10.26);0.4828450525604125
(10.27);0.3748796377406813
(10.28);0.2638499912116573
(10.29);0.33462863172713603
(10.30);0.42586640021196454
(10.31);1.1747673018129503
(11.12);1.484306182900228
(11.13);0.49457208519291795
(11.14);0.558620845740379
(11.15);0.48379850617163644
(11.16);0.6744098648183801
(11.17);0.9578783127653951
(11.18);2.573173897599536
(11.19);2.4689998832416866
(11.20);5.546294060149345
(11.21);2.372112378244957
(11.22);1.7096871113016217
(11.23);1.2636424234979495
(11.24);1.2937992833796503
(11.25);1.8422069604438838
(11.26);0.7404908126201538
(11.27);0.48456543930508644
(11.28);0.320595699232482
(11.29);0.45031823726998665
(11.30);0.6250912391833083
(11.31);1.4862304830796025
(12.13);0.7394004827327088
(12.14);0.8449701852551114
(12.15);0.6540512410662891
(12.16);0.9395065695010486
(12.17);1.8355972058213366
(12.18);2.1642706286758293
(12.19);1.5756325209615936
(12.20);1.5098811085673922
(12.21);1.0917322460674548
(12.22);0.9129631743988584
(12.23);0.7573758162889281
(12.24);0.824810819450471
(12.25);1.2217788487005914
(12.26);0.6398439899771485
(12.27);0.688595317950431
(12.28);0.40352224310525536
(12.29);0.3872848730845461
(12.30);0.49810981226101636
(12.31);2.862613346520893
(13.14);2.5512203215167313
(13.15);1.3885852983255347
(13.16);1.0450918703450218
(13.17);1.109887404016528
(13.18);0.66152373732444
(13.19);0.6102576389662927
(13.20);0.5612980771807282
(13.21);0.5045232994955815
(13.22);0.4660954731258776
(13.23);0.4206279153801784
(13.24);0.46347948755606366
(13.25);0.5947558736264216
(13.26);0.29438781200005426
(13.27);0.40595509635636134
(13.28);0.38982463729240147
(13.29);0.24343685387583863
(13.30);0.2638640601045991
(13.31);1.0222836919681613
(14.15);2.2739939858005855
(14.16);1.7477424874448142
(14.17);1.5674518939590496
(14.18);0.7886368925618387
(14.19);0.7255582047656742
(14.20);0.6434081014502765
(14.21);0.5769644009598313
(14.22);0.5276373248375277
(14.23);0.46760966825760003
(14.24);0.5295066092956928
(14.25);0.7051666562754735
(14.26);0.36673997619939824
(14.27);0.5660065831337983
(14.28);0.5705802657755674
(14.29);0.30049394195282314
(14.30);0.32513822216435234
(14.31);1.3183239452410813
(15.16);1.7230128625731598
(15.17);1.1018055358859218
(15.18);0.6748332339907783
(15.19);0.6430324420675954
(15.20);0.5665773444978642
(15.21);0.5254100472564073
(15.22);0.4877288386189707
(15.23);0.4358237175874562
(15.24);0.5010040697155054
(15.25);0.6513564707275362
(15.26);0.3374612593975728
(15.27);0.49738204730801705
(15.28);0.6427808617669709
(15.29);0.29964692045345087
(15.30);0.3099036236286727
(15.31);1.0351651568508209
(16.17);2.072286682569363
(16.18);1.0457627080899075
(16.19);0.9835414395166205
(16.20);0.8070436727207798
(16.21);0.7329491277469733
(16.22);0.6607343311130176
(16.23);0.5668085890109454
(16.24);0.6799647344966925
(16.25);0.9735471174839058
(16.26);0.557427875390899
(16.27);1.1264388039978337
(16.28);1.6753421063131948
(16.29);0.4619407644465514
(16.30);0.49071104576767477
(16.31);1.8483199902542953
(17.18);1.604855093385143
(17.19);1.341103511915927
(17.20);1.1014263974210876
(17.21);0.9150999103324674
(17.22);0.7937041779301643
(17.23);0.665852939338166
(17.24);0.7745575861582557
(17.25);1.170076573253725
(17.26);0.7244144605867304
(17.27);1.53932937810569
(17.28);0.778439660168766
(17.29);0.4819881520874209
(17.30);0.5754095276812712
(17.31);4.813688974154005
(18.20);3.4370826179050566
(18.21);2.0820138915563393
(18.22);1.5288755533752918
(18.23);1.118271282644903
(18.24);1.3552868294941296
(18.25);2.714990587904548
(18.26);1.9478750580009858
(18.27);1.0562346881433216
(18.28);0.5680412313048421
(18.29);0.7576228281111276
(18.30);1.19437642228354
(18.31);2.98416683286722
(19.20);4.241739261917426
(19.22);1.9376872778535572
(19.23);1.3087562293512391
(19.24);1.722835213999594
(19.25);4.638303300511353
(19.26);2.930390850127192
(19.27);0.9622774375060188
(19.28);0.5708162861806957
(19.29);0.9688290945864108
(19.30);1.7994371119147299
(19.31);2.2421401036651467
(20.21);4.162263498141833
(20.22);2.4577204285403424
(20.23);1.5971623073684407
(20.24);1.8055549520435976
(20.25);2.957356977726747
(20.26);1.268604626403537
(20.27);0.6935463032753401
(20.28);0.4562381115492704
(20.29);0.7254054119396133
(20.30);1.083370332279394
(20.31);1.7040603975786224
(21.22);5.681194201318165
(21.23);2.378884262694522
(21.24);3.0741188312375627
(21.25);3.5577100624077915
(21.26);1.1194438044127015
(21.27);0.6051874623858331
(21.28);0.4364564749181515
(21.29);0.8405435631070617
(21.30);1.1845432769900712
(21.31);1.3345121163865457
(22.23);3.948489205197477
(22.24);4.572763950482794
(22.25);2.568549011097786
(22.26);0.8681726682066737
(22.27);0.524520797834081
(22.28);0.40212641210808414
(22.29);0.7823745925154747
(22.30);0.967612276235147
(22.31);1.1119453663286873
(23.24);2.968021976210003
(23.25);1.6092132346193482
(23.26);0.628654643789786
(23.27);0.4308962137274407
(23.28);0.3473565475578958
(23.29);0.6069967531254519
(23.30);0.6839602531594393
(23.31);0.8971464249730745
(24.25);2.649493747481104
(24.26);0.8889470692842909
(24.27);0.5442104849190408
(24.28);0.43902997306158825
(24.29);1.006789977584488
(24.30);1.0994801500152196
(24.31);1.0608139069068085
(25.26);2.6163792696293364
(25.27);0.9312246489435257
(25.28);0.6432849129256799
(25.29);1.711860941276433
(25.30);4.153207930762547
(25.31);1.7496064834708314
(26.27);0.0
(26.28);0.0
(26.29);0.0
(26.30);0.0
(26.31);1.3902213275383408
(27.28);0.0
(27.29);0.0
(27.30);0.0
(27.31);2.588765686571198
(28.29);0.0
(28.30);0.0
(28.31);0.9591181008127871
(29.30);0.0
(29.31);0.7693253699057707
(30.31);0.997684727939463

****Importance nodes******

0; 0.05238095238095238
1; DISCONNECTED
2; DISCONNECTED
3; DISCONNECTED
4; DISCONNECTED
5; 0.0016897081413210445
6; 0.0017442148555572073
7; 0.0018004798508977624
8; 0.0018585598460880129
9; DISCONNECTED
10; 0.0019185133895102068
11; 0.0019804009182040846
12; 0.0020442848187913133
13; 0.0021102294903652266
14; 0.002178301409409266
15; 0.002248569196809565
16; 0.0023211036870292284
17; 0.0023959779995140424
18; 0.0025557098661483117
19; 0.0026438377925672193
20; 0.0026409949562311253
21; 0.0027289333602276266
22; 0.00281421845031044
23; 0.0029049996906430346
24; 0.0029987093580831326
25; 0.0030954419180212983
26; DISCONNECTED
27; DISCONNECTED
28; DISCONNECTED
29; DISCONNECTED
30; DISCONNECTED
31; 0.0031952948831187595
