
****Importance edges******

(0.5);22.561652013965848
(0.6);17.447723581643608
(0.7);15.141636481644841
(0.8);18.126364508161476
(0.10);12.770209715714408
(0.11);16.443945124667643
(0.12);26.5251839921644
(0.13);10.436967413958698
(0.14);13.394531094679824
(0.15);10.77004433282452
(0.16);19.703609224147996
(0.17);40.74788813073999
(0.18);31.92228861617452
(0.19);24.252334667315633
(0.20);17.42941561761304
(0.21);13.61368772087953
(0.22);11.137638167006969
(0.23);8.765286967226688
(0.24);10.450045548602446
(0.25);17.714604704020687
(0.31);139.07459361585433
(1.2);0.0
(1.3);0.0
(1.4);0.0
(1.5);0.782184447333808
(1.6);1.0685065338974804
(1.7);1.3793883090498251
(1.8);1.0136456529475857
(1.9);0.0
(1.10);0.6984592168285403
(1.11);0.6322943523247455
(1.12);1.041193024781381
(1.13);0.3498004933736067
(1.14);0.36728393564870543
(1.15);0.29420253782693734
(1.16);0.3755534161527701
(1.17);0.6213785649680484
(1.18);0.6969920312224107
(1.19);0.6029777809110538
(1.20);0.6841843090179263
(1.21);0.5242417326301027
(1.22);0.4704613944829033
(1.23);0.4231682464832802
(1.24);0.4302529054448576
(1.25);0.5597562406933626
(1.26);0.0
(1.27);0.0
(1.28);0.0
(1.29);0.0
(1.30);0.0
(1.31);0.8863213271009128
(2.3);0.0
(2.4);0.0
(2.5);0.9453353833580963
(2.6);1.6596283107782894
(2.7);0.7014455855957107
(2.8);0.6455708189997791
(2.9);0.0
(2.10);0.47162990311550307
(2.11);0.47445049364564396
(2.12);0.8726788782106365
(2.13);0.435102177792392
(2.14);0.4355319019376602
(2.15);0.33031803455443515
(2.16);0.4038232053053729
(2.17);0.6784388075027568
(2.18);0.5885611983356596
(2.19);0.5147377099089051
(2.20);0.546476427813141
(2.21);0.4367355851911498
(2.22);0.3971913517116419
(2.23);0.35978772346540766
(2.24);0.37578537054470956
(2.25);0.4910769943107338
(2.26);0.0
(2.27);0.0
(2.28);0.0
(2.29);0.0
(2.30);0.0
(2.31);0.8725859271219912
(3.4);0.0
(3.5);0.7627967839806087
(3.6);0.828778820644696
(3.7);0.4030697302028783
(3.8);0.4186507616101019
(3.9);0.0
(3.10);0.322621817471892
(3.11);0.3571113305081461
(3.12);0.6106980277531344
(3.13);0.8242321819742227
(3.14);0.7264532800991222
(3.15);0.4636260448159718
(3.16);0.5143885663049866
(3.17);0.8254903207796322
(3.18);0.49608959278658155
(3.19);0.4444179756261226
(3.20);0.43806799991946554
(3.21);0.3661409277751046
(3.22);0.3366054568896047
(3.23);0.30454094494914946
(3.24);0.3319970806626036
(3.25);0.44009507108975304
(3.26);0.0
(3.27);0.0
(3.28);0.0
(3.29);0.0
(3.30);0.0
(3.31);0.8719029192051114
(4.5);1.4252586664034572
(4.6);1.3439277019520839
(4.7);0.49851039420199245
(4.8);0.5287863588163095
(4.9);0.0
(4.10);0.3805174988521882
(4.11);0.4307584875926584
(4.12);0.8792983585004911
(4.13);0.6643712781122686
(4.14);0.7081077394543911
(4.15);0.4617982161737351
(4.16);0.5834078612284723
(4.17);1.1553396019871702
(4.18);0.6244900088565496
(4.19);0.5406527860766605
(4.20);0.5252820708431781
(4.21);0.42614289510748193
(4.22);0.38473619057531905
(4.23);0.3414139423860679
(4.24);0.3760272024232098
(4.25);0.5175675085157951
(4.26);0.0
(4.27);0.0
(4.28);0.0
(4.29);0.0
(4.30);0.0
(4.31);1.1943257201477682
(5.6);4.43413691193723
(5.7);1.3073736036552044
(5.8);1.391839302453613
(5.9);0.47030573165266626
(5.10);0.8790838450115417
(5.11);0.971414704748731
(5.12);3.104029115074011
(5.13);0.8465438408662347
(5.14);0.9513110769120319
(5.15);0.6793295612116146
(5.16);0.9358240968192156
(5.17);2.05382682058873
(5.18);1.3420245912447022
(5.19);1.0788524926922376
(5.20);1.036182877154338
(5.21);0.7985443517128232
(5.22);0.6942234568914016
(5.23);0.5950646671872192
(5.24);0.648645855380559
(5.25);0.9187353663078921
(5.26);0.4197304414233635
(5.27);0.5347346567991392
(5.28);0.33726449402333075
(5.29);0.2793579370624776
(5.30);0.34061596013679174
(5.31);2.363539141166871
(6.7);1.4272851837045912
(6.8);1.3894729893561295
(6.9);0.501524597523647
(6.10);0.9067932327856489
(6.11);0.9369354651399439
(6.12);2.431772608496507
(6.13);0.8217022186508559
(6.14);0.8663835614300173
(6.15);0.6288730132503257
(6.16);0.8111427721774598
(6.17);1.518477477356096
(6.18);1.17136373583808
(6.19);0.9698962582731495
(6.20);0.9751947836094454
(6.21);0.7598401954553164
(6.22);0.6688694637433625
(6.23);0.5835087523532559
(6.24);0.6199107620189257
(6.25);0.8426151116174279
(6.26);0.37796999957310573
(6.27);0.44818006601511073
(6.28);0.3038547553726958
(6.29);0.26133450711510864
(6.30);0.3146957476056506
(6.31);1.762540861397695
(7.8);4.804821373358439
(7.9);1.7882056393674826
(7.10);2.3366173100126684
(7.11);1.8026638654886944
(7.12);2.1378683211254295
(7.13);0.5493294988269452
(7.14);0.5933662647895505
(7.15);0.4853236418252895
(7.16);0.6411049874954664
(7.17);1.0185755183928284
(7.18);1.5211723668384074
(7.19);1.2690815618657891
(7.20);1.5535468742179943
(7.21);1.0918127671036202
(7.22);0.9336678814726614
(7.23);0.8028408190708136
(7.24);0.7987706024558777
(7.25);1.052141513210001
(7.26);0.4449403375791752
(7.27);0.3985990963169
(7.28);0.26958923551293507
(7.29);0.2965879969851695
(7.30);0.37426672888414364
(7.31);1.4416864431559175
(8.9);1.719002186617469
(8.10);2.4957933829718835
(8.11);2.575695904218002
(8.12);2.6731253913661552
(8.13);0.5699436849477247
(8.14);0.6325274461349213
(8.15);0.5207039118298651
(8.16);0.7149506320332315
(8.18);2.1337526382347574
(8.19);1.6705208558814655
(8.20);2.0801432536178366
(8.21);1.3257088433118838
(8.22);1.0862312598785215
(8.23);0.8945240121120189
(8.24);0.9181080593044957
(8.25);1.2871772274594626
(8.26);0.5798271475886292
(8.27);0.4897001626138755
(8.28);0.3150179654581817
(8.29);0.36009587701169815
(8.30);0.47143369027548837
(8.31);1.7525819683944173
(9.10);3.2317626617528243
(9.11);1.3051531939438181
(9.12);0.797352195164638
(9.13);0.2618742442592471
(9.14);0.2884701942960849
(9.15);0.246984467228484
(9.16);0.3302681635002914
(9.17);0.5077001902824249
(9.18);0.879134494675068
(9.19);0.7933270650393448
(9.20);1.1238632372263575
(9.21);0.7763609708527929
(9.22);0.6706844716453025
(9.23);0.5839532906116012
(9.24);0.5607016752391523
(9.25);0.7137665050837156
(9.26);0.0
(9.27);0.0
(9.28);0.0
(9.29);0.0
(9.30);0.0
(9.31);0.8060775544575566
(10.11);2.8717306147842177
(10.12);1.3130038281101772
(10.13);0.4692832144720871
(10.14);0.5114309076313225
(10.15);0.43837422924609276
(10.16);0.5780531278528624
(10.17);0.8338417057950612
(10.18);1.5038826807116046
(10.19);1.4025313567602082
(10.20);2.116032456445806
(10.21);1.4831906838156579
(10.22);1.2668894883916841
(10.23);1.0885748489574856
(10.24);0.9975255348376252
(10.25);1.2112073690835379
(10.26);0.482351988581087
(10.27);0.3744968241548893
(10.28);0.2635805571024706
(10.29);0.3342869210191548
(10.30);0.42543152078048624
(10.31);1.1913432052146529
(11.12);1.5347327669978774
(11.13);0.5111124234476074
(11.14);0.5770077596304322
(11.15);0.4994671605269572
(11.16);0.6958963586329127
(11.17);1.0096351978105647
(11.18);2.6529434347078595
(11.19);2.5441955126312057
(11.21);2.4449969493929244
(11.22);1.7621617147626472
(11.23);1.3012291847669286
(11.24);1.3316501119696786
(11.25);1.895206368478004
(11.26);0.7907508328324491
(11.27);0.5174547991169632
(11.28);0.34235578868772404
(11.29);0.4808831049515586
(11.30);0.667518637039489
(12.13);0.7402373418492774
(12.14);0.8459265289677178
(12.15);0.6547915012589339
(12.16);0.9405699102157551
(12.17);1.8787412435702322
(12.18);2.168278110935884
(12.19);1.578567103128592
(12.20);1.548030179339712
(12.21);1.094612580982968
(12.22);0.9157921823332865
(12.23);0.7593975057045946
(12.24);0.8270290986472767
(12.25);1.2250891668649915
(12.26);0.6405681702944444
(12.27);0.6893746753932657
(12.28);0.4039789526635624
(12.29);0.3877232050633841
(12.30);0.4986735767528954
(12.31);2.90436955768148
(13.14);2.5541078121720604
(13.15);1.3901569097772102
(13.16);1.0462747133100656
(13.17);1.1356109177053062
(13.18);0.6627419208019358
(13.19);0.6113880457408688
(13.20);0.5752919679593083
(13.21);0.505844033834725
(13.22);0.4675274910877057
(13.23);0.4217422082619977
(13.24);0.4647166693543444
(13.25);0.5963554338534839
(13.26);0.29472100237527354
(13.27);0.406414559436569
(13.28);0.39026584379577783
(13.29);0.24371237756730546
(13.30);0.2641627034641724
(13.31);1.0370245196493406
(14.15);2.276567709570695
(14.16);1.7497205957476754
(14.17);1.6032660189218058
(14.18);0.7900811047676038
(14.19);0.7268948077988153
(14.20);0.6592328108157164
(14.21);0.5784628776056805
(14.22);0.5292444613309871
(14.23);0.4688389201018624
(14.24);0.5309093346594653
(14.25);0.7070489819777364
(14.26);0.3671550553069455
(14.27);0.566647193709792
(14.28);0.5712260528805255
(14.29);0.3008340432925836
(14.30);0.3255062160887782
(14.31);1.3371116186653749
(15.16);1.7249629816976166
(15.17);1.126618275918263
(15.18);0.6760621363567294
(15.19);0.6442104577851117
(15.20);0.580321346317008
(15.21);0.5267637593107054
(15.22);0.4892014602240712
(15.23);0.43696051489157567
(15.24);0.5023211087300654
(15.25);0.6530819907235229
(15.26);0.33784320062970713
(15.27);0.49794498810996113
(15.28);0.643508366058201
(15.29);0.2999860631278057
(15.30);0.310254374918059
(15.31);1.0497421871771648
(16.17);2.118273179775419
(16.18);1.047656369693061
(16.19);0.9853331967335043
(16.20);0.8263480714574993
(16.21);0.7348223526935918
(16.22);0.6627117003029747
(16.23);0.5682754295745763
(16.24);0.6817383462710839
(16.25);0.976106377206021
(16.26);0.5580587765199144
(16.27);1.1277137160440076
(16.28);1.6772382713114355
(16.29);0.4624635925337244
(16.30);0.4912664362790983
(16.31);1.8740330078737653
(17.18);1.6399406476905865
(17.19);1.3699671317864173
(17.20);1.1491215473917789
(17.21);0.9351574816199186
(17.22);0.8111912048626218
(17.23);0.6800402951500296
(17.24);0.7908249104456527
(17.25);1.1942950625889415
(17.26);0.7552690522574895
(17.27);1.604893198256086
(17.28);0.811595317822781
(17.29);0.5025172116685288
(17.30);0.5999176331733816
(18.20);3.5179513710223755
(18.21);2.0885079233762407
(18.22);1.5342694584459122
(18.23);1.1217733974205824
(18.24);1.3595453781741484
(18.25);2.723549872638352
(18.26);1.952603433017989
(18.27);1.0587986481319231
(18.28);0.5694201246561879
(18.29);0.7594619218651327
(18.30);1.1972757148294486
(18.31);3.0258437117097374
(19.20);4.340047686321722
(19.22);1.9444890461747157
(19.23);1.312840251108694
(19.24);1.728229432325338
(19.25);4.652874378030886
(19.26);2.937504235982657
(19.27);0.9646133206912572
(19.28);0.572201915847131
(19.29);0.9711808816108257
(19.30);1.8038051608045687
(19.31);2.273063373669805
(20.21);4.260194533458529
(20.23);1.6337258364459515
(20.24);1.8463149057585622
(20.25);3.0231798617456036
(20.26);1.3243569657035619
(20.27);0.7240261139395217
(20.28);0.47628875732754483
(20.29);0.7572853592571527
(20.30);1.130982038161356
(20.31);1.7595886655978112
(21.22);5.70478837189479
(21.23);2.387826119753008
(21.24);3.08567358833551
(21.25);3.571082066505256
(21.26);1.1236605974022829
(21.27);0.6074671214796721
(21.28);0.438100547265899
(21.29);0.8437097767127613
(21.30);1.1890052908639057
(21.31);1.3535230449582356
(22.23);3.9648092671150716
(22.24);4.591636136259562
(22.25);2.5791338325404536
(22.26);0.8721033139383078
(22.27);0.5268955621069744
(22.28);0.40394703664881626
(22.29);0.7859167880547125
(22.30);0.9719931341021846
(22.31);1.1280164116221731
(23.24);2.9791559512777184
(23.25);1.6152498947844354
(23.26);0.6310129232049192
(23.27);0.4325126396632556
(23.28);0.3486595901805976
(23.29);0.6092737870455689
(23.30);0.6865260011448062
(23.31);0.9096488413558532
(24.25);2.6594328239310006
(24.26);0.892281786676973
(24.27);0.5462519879871599
(24.28);0.4406769112625949
(24.29);1.010566760438086
(24.30);1.103604642581595
(24.31);1.0754337021265175
(25.26);2.6261941233565786
(25.27);0.9347179627083447
(25.28);0.6456980750381445
(25.29);1.7182826649672756
(25.30);4.168787907569592
(25.31);1.7734491422198173
(26.27);0.0
(26.28);0.0
(26.29);0.0
(26.30);0.0
(26.31);1.4224674292029666
(27.28);0.0
(27.29);0.0
(27.30);0.0
(27.31);2.6488119539255357
(28.29);0.0
(28.30);0.0
(28.31);0.9813647885700205
(29.30);0.0
(29.31);0.7871698264680105
(30.31);1.0208259663373418

****Importance nodes******

0; 0.05238095238095238
1; DISCONNECTED
2; DISCONNECTED
3; DISCONNECTED
4; DISCONNECTED
5; 0.0016897081413210445
6; 0.0017442148555572073
7; 0.0018004798508977624
8; 0.0019205118409576132
9; DISCONNECTED
10; 0.0019205118409576134
11; 0.0021191854796773664
12; 0.0020508246577522903
13; 0.002116980291873332
14; 0.0021852699787079555
15; 0.0022557625586662766
16; 0.0023285290928168017
17; 0.0025031868665234495
18; 0.0025672039278887035
19; 0.0026557282012641763
20; 0.002762753947797815
21; 0.0027448691904115876
22; 0.002832797305207519
23; 0.002921918400297772
24; 0.003016173832565442
25; 0.0031134697626481983
26; DISCONNECTED
27; DISCONNECTED
28; DISCONNECTED
29; DISCONNECTED
30; DISCONNECTED
31; 0.003276160691673846
