
****Importance edges******

(0.5);22.579124878311713
(0.6);17.461235965714483
(0.7);15.170148079949143
(0.8);18.120353018941064
(0.10);12.780099600634749
(0.11);16.43535005982103
(0.12);26.544615120779493
(0.13);10.444599498406417
(0.14);13.404307996115769
(0.15);10.77789074300611
(0.16);19.71793615729014
(0.17);40.70349885090793
(0.18);31.8953933076717
(0.19);24.228182928567882
(0.20);17.4396360723322
(0.21);13.62047859681405
(0.22);11.143224308913977
(0.23);8.769968454931368
(0.24);10.455550243833828
(0.25);17.771591036454133
(0.31);139.00214812680795
(1.2);0.0
(1.3);0.0
(1.4);0.0
(1.5);0.7827902098344105
(1.6);1.0693340384484724
(1.7);1.4264717950908312
(1.8);0.9827297120531567
(1.9);0.0
(1.10);0.6990001383505638
(1.11);0.6116912314052095
(1.12);1.0408415993088984
(1.13);0.34968242803823396
(1.14);0.3671599692682662
(1.15);0.2941032380204647
(1.16);0.37542665864136454
(1.17);0.5964668894498709
(1.18);0.6734092428061219
(1.19);0.5813231216020501
(1.20);0.6821460278965664
(1.21);0.5217458486792108
(1.22);0.4683233803850797
(1.23);0.4215708970813957
(1.24);0.428628813309205
(1.25);0.5845583997136069
(1.26);0.0
(1.27);0.0
(1.28);0.0
(1.29);0.0
(1.30);0.0
(1.31);0.8675031225332177
(2.3);0.0
(2.4);0.0
(2.5);0.9460674980500762
(2.6);1.6609136094045083
(2.7);0.7253884472404285
(2.8);0.6258810692086879
(2.9);0.0
(2.10);0.47199515674646453
(2.11);0.4589906672926572
(2.12);0.8723843299570452
(2.13);0.4349553212684145
(2.14);0.4353849003723627
(2.15);0.330206544976038
(2.16);0.40368690612035496
(2.17);0.6512395309517269
(2.18);0.5686471769571881
(2.19);0.49625200430838934
(2.20);0.5448483978051474
(2.21);0.43465631284403383
(2.22);0.3953863136799316
(2.23);0.3584296189534105
(2.24);0.3743668791010226
(2.25);0.5128360544491104
(2.26);0.0
(2.27);0.0
(2.28);0.0
(2.29);0.0
(2.30);0.0
(2.31);0.8540593499344786
(3.4);0.0
(3.5);0.7633875317113911
(3.6);0.8294206681431365
(3.7);0.4168279503436827
(3.8);0.40588201726269746
(3.9);0.0
(3.10);0.3228716718375303
(3.11);0.3454749654241561
(3.12);0.6104919037801158
(3.13);0.8239539855427332
(3.14);0.7262080861906738
(3.15);0.4634695608615302
(3.16);0.5142149488866492
(3.17);0.7923956049750792
(3.18);0.47930435654551523
(3.19);0.42845765311068923
(3.20);0.43676293383955306
(3.21);0.36439775242579814
(3.22);0.3350757517518954
(3.23);0.3033913825698676
(3.24);0.3307438785553307
(3.25);0.45959518050108034
(3.26);0.0
(3.27);0.0
(3.28);0.0
(3.29);0.0
(3.30);0.0
(3.31);0.8533908435108026
(4.5);1.4263624575318912
(4.6);1.3449685063405354
(4.7);0.5155263476015643
(4.8);0.5126585060825588
(4.9);0.0
(4.10);0.3808121905101641
(4.11);0.41672235208969594
(4.12);0.8790015760271795
(4.13);0.6641470382405467
(4.14);0.7078687375681091
(4.15);0.46164234915153274
(4.16);0.583210948284952
(4.17);1.1090209053010613
(4.18);0.6033603329245003
(4.19);0.521236395858659
(4.20);0.5237171818004506
(4.21);0.4241140539327261
(4.22);0.3829877550840349
(4.23);0.34012519408985814
(4.24);0.3746077981274607
(4.25);0.5405003330503098
(4.26);0.0
(4.27);0.0
(4.28);0.0
(4.29);0.0
(4.30);0.0
(4.31);1.1689680253310195
(5.6);4.437570927881865
(5.7);1.33088462711491
(5.8);1.369761472736677
(5.9);0.4706699597794524
(5.10);0.8797646512203697
(5.11);0.9541372645289438
(5.12);3.1045406224373973
(5.13);0.8466759513604426
(5.14);0.9514512622692443
(5.15);0.6794237821276504
(5.16);0.935945822302229
(5.17);2.005310317129073
(5.18);1.3150533488567517
(5.19);1.0554984356261683
(5.20);1.0345719713032813
(5.21);0.7964267800631973
(5.22);0.6924481708185136
(5.23);0.593810325747153
(5.24);0.6472569144244472
(5.25);0.94537309136863
(5.26);0.4200555015324494
(5.27);0.5351487818868544
(5.28);0.33752568840524466
(5.29);0.27957428572946397
(5.30);0.340879750060589
(5.31);2.331054982480762
(6.7);1.4525749344362275
(6.8);1.367776512480366
(6.9);0.5019130030913429
(6.10);0.9074954985211723
(6.11);0.9205166114235961
(6.12);2.4321946293420695
(6.13);0.8218376254784883
(6.14);0.8665187680843556
(6.15);0.6289656840812909
(6.16);0.8112552751795287
(6.17);1.4830826706376052
(6.18);1.1481314263474738
(6.19);0.9491701886746714
(6.20);0.9737061623184293
(6.21);0.7578568696495595
(6.22);0.6671855517856949
(6.23);0.5822984163465821
(6.24);0.6186040473023239
(6.25);0.8667790055038952
(6.26);0.3782627183210617
(6.27);0.4485271589270639
(6.28);0.304090075592961
(6.29);0.2615368975424093
(6.30);0.31493946362895997
(6.31);1.738594564473888
(7.8);4.808542465768286
(7.9);1.8492435318211342
(7.10);2.3761434655020874
(7.11);1.7991703703658513
(7.12);2.171598927293192
(7.13);0.5578471483981663
(7.14);0.6024056609582135
(7.15);0.4925857705149965
(7.16);0.6505252705901832
(7.17);1.0093692023573866
(7.18);1.5123244367917208
(7.19);1.2594220831605059
(7.20);1.5716676711888224
(7.21);1.1034359438397447
(7.22);0.9434580508448558
(7.23);0.8114138269689485
(7.24);0.8070742330496766
(7.26);0.4601277522006029
(7.27);0.4122047176377898
(7.28);0.27879128610579706
(7.29);0.3067116124488967
(7.30);0.3870417989564486
(7.31);1.4393856131965765
(8.9);1.6665730464694097
(8.10);2.4586992767302327
(8.11);2.4943206700058327
(8.12);2.633232269121072
(8.13);0.5615741904074494
(8.14);0.6233898642217621
(8.15);0.5133057509932248
(8.16);0.7049624415108557
(8.17);1.1183284796162363
(8.18);2.0646025442308824
(8.19);1.61432262640464
(8.20);2.0504704631311994
(8.21);1.3053507741889891
(8.22);1.0699037051082239
(8.23);0.881666212683798
(8.24);0.9050970610797086
(8.25);1.3074742891548843
(8.26);0.5621425634623042
(8.27);0.4747644291656647
(8.28);0.30540999567853727
(8.29);0.34911304211505717
(8.30);0.4570550797010561
(8.31);1.7093686910663595
(9.10);3.2342654993354563
(9.11);1.2626251704457807
(9.12);0.7970830713180009
(9.13);0.26178585596060366
(9.14);0.28837282928122704
(9.15);0.24690110455602474
(9.16);0.3301566907544684
(9.17);0.4873459921914703
(9.18);0.8493888995338698
(9.19);0.7648364176923029
(9.20);1.120515090843526
(9.21);0.7726647620875562
(9.22);0.6676365427984625
(9.23);0.5817490197400537
(9.24);0.5585851731314869
(9.25);0.745392682829375
(9.26);0.0
(9.27);0.0
(9.28);0.0
(9.29);0.0
(9.30);0.0
(9.31);0.788963070293189
(10.11);2.82369968138683
(10.12);1.31326671790774
(10.13);0.46937303952645154
(10.14);0.5115243008327819
(10.15);0.43845043275135903
(10.16);0.5781485499381215
(10.17);0.8152056813989003
(10.18);1.4752728392099261
(10.19);1.3737566169304258
(10.20);2.1129856455984486
(10.21);1.4795089770352898
(10.22);1.263854716112437
(10.23);1.0864297832611043
(10.24);0.9955255219198008
(10.25);1.2447578937452328
(10.26);0.4827255459277838
(10.27);0.3747868531032289
(10.28);0.2637846869824815
(10.29);0.3345458094205869
(10.30);0.4257609960886972
(10.31);1.175737740349326
(11.12);1.5090636993858364
(11.13);0.5026946555443489
(11.14);0.5676524030110752
(11.15);0.49149678131446145
(11.16);0.6849692476227447
(11.17);0.9726324417717281
(11.18);2.564680900097187
(11.19);2.4565841822871697
(11.21);2.4037173895887287
(11.22);1.7330081276902634
(11.23);1.280557981484432
(11.24);1.3107916583270098
(11.25);1.9201615987492584
(11.26);0.7649844552487011
(11.27);0.5005936904301576
(11.28);0.3312002284871585
(11.29);0.46521367389772833
(11.30);0.6457677434178661
(11.31);1.5063905538804143
(12.13);0.739987495517793
(12.14);0.8456410102185017
(12.15);0.6545704947719226
(12.16);0.9402524472504514
(12.17);1.8370544932497945
(12.18);2.127169457934612
(12.19);1.5463464485197216
(12.20);1.5451606281023127
(12.21);1.0914717921793051
(12.22);0.9132482696172465
(12.23);0.757607465244184
(12.24);0.8250578300082444
(12.25);1.2576508843435115
(12.26);0.6403519644934592
(12.27);0.6891419963267991
(12.28);0.40384260091039664
(12.29);0.3875923399814167
(12.30);0.49850526348805985
(12.31);2.866067423576723
(13.14);2.553245744790412
(13.15);1.3896877013430238
(13.16);1.0459215726562958
(13.17);1.1107685477422582
(13.18);0.6503512135000842
(13.19);0.5990789197363252
(13.20);0.5742373863003029
(13.21);0.5044100342300568
(13.22);0.46624402905141654
(13.23);0.42075926679802106
(13.24);0.4636212461609277
(13.25);0.6120029736688981
(13.26);0.29462152757564924
(13.27);0.40627738561272025
(13.28);0.3901341205174946
(13.29);0.24363011929684258
(13.30);0.2640735427603762
(13.31);1.0235119524381395
(14.15);2.275799318058331
(14.16);1.749130026686571
(14.17);1.5686962998300842
(14.18);0.7755180714025978
(14.19);0.7124631575737503
(14.20);0.6580379626598072
(14.21);0.5768430234928507
(14.22);0.527808914188535
(14.23);0.4677587067938318
(14.24);0.5296719607651149
(14.25);0.7253587950697624
(14.26);0.3670311324264472
(14.27);0.5664559378590123
(14.28);0.571033251564391
(14.29);0.30073250520763034
(14.30);0.32539635060460537
(14.31);1.3199010874243513
(15.16);1.7243807688740285
(15.17);1.1026802633865738
(15.18);0.663779538808281
(15.19);0.631600858558681
(15.20);0.5792815469541465
(15.21);0.5253069643819802
(15.22);0.48789062238556735
(15.23);0.43596544885879385
(15.24);0.5011637518569693
(15.25);0.669769333970551
(15.26);0.33772917114278145
(15.27);0.49777692075976565
(15.28);0.643291167876686
(15.29);0.2998848112547487
(15.30);0.31014965726465527
(15.31);1.0363981724866893
(16.17);2.0739318786511025
(16.18);1.0289003492350428
(16.19);0.9663232700147544
(16.20);0.8248846253710903
(16.21);0.7328157499539238
(16.22);0.6609578157541652
(16.23);0.5669966041972714
(16.24);0.6801858612100767
(16.25);1.0007096361080394
(16.26);0.5578704194482245
(16.27);1.127333087941385
(16.28);1.676672166623896
(16.29);0.4623075009324131
(16.30);0.4911006230865631
(16.31);1.8505119245927542
(17.18);1.5793882290699075
(17.19);1.3179903707688692
(17.20);1.125426192675681
(17.21);0.9149464328000382
(17.22);0.7939778352474592
(17.23);0.6660781552807891
(17.24);0.7748145134379495
(17.25);1.202289922879615
(17.26);0.7249895759132619
(17.27);1.5405514574071049
(17.28);0.7790576663015816
(17.29);0.4823708042686702
(17.30);0.5758663474390293
(17.31);4.819372289217779
(18.19);5.872653661373305
(18.20);3.455187316431212
(18.21);2.0492192984788433
(18.22);1.5059322927019225
(18.23);1.101768089794962
(18.24);1.3356223966884508
(18.25);2.748045829748738
(18.26);1.8865369192573913
(18.27);1.022974100108676
(18.28);0.5501537432368877
(18.29);0.7337654590488192
(18.30);1.1567657827298463
(18.31);2.9448452299134065
(19.20);4.257062722515261
(19.21);2.8197943102159098
(19.22);1.9061384982688374
(19.23);1.2877953106016433
(19.24);1.6956996212000874
(19.25);4.687214847122349
(19.26);2.8320100445501826
(19.27);0.9299712932637539
(19.28);0.5516525060083354
(19.29);0.9363029942582859
(19.30);1.7390253505800073
(19.31);2.2098618228633327
(20.21);4.24371973196835
(20.22);2.50626307157888
(20.23);1.6281906470315097
(20.24);1.8400478043296051
(20.25);3.0899196517832173
(20.26);1.3204115203527185
(20.27);0.7218691384872015
(20.28);0.47486982624482227
(20.29);0.7550292998431747
(20.31);1.7369227663414992
(21.22);5.678255304521586
(21.23);2.3776720478704783
(21.24);3.072576082518747
(21.25);3.6472092085798438
(21.26);1.1183109156109543
(21.27);0.6045750063640193
(21.28);0.4360147764148985
(21.29);0.8396929242574195
(21.30);1.1833445068433277
(21.31);1.3349485620833923
(22.23);3.948340793249124
(22.24);4.572592073906215
(22.25);2.6333863015284575
(22.26);0.8681400361819931
(22.27);0.5245010826596149
(22.28);0.40211129737401663
(22.29);0.7823451853849034
(22.30);0.9675759065717888
(22.31);1.112795290917429
(23.24);2.9679104171043926
(23.25);1.6492187592828345
(23.26);0.6286310145342208
(23.27);0.43088001762222333
(23.28);0.34734349145990057
(23.29);0.6069739379254872
(23.30);0.6839345451307498
(23.31);0.8978214595800311
(24.25);2.714346587954532
(24.26);0.8889136564117518
(24.27);0.5441900296678843
(24.28);0.43901347123258444
(24.29);1.00675213534803
(24.30);1.0994388238312642
(24.31);1.0615994098651853
(25.26);2.7425577822678915
(25.27);0.97613424691351
(25.28);0.6743082184754461
(25.29);1.7944178052302198
(25.31);1.7924323819171601
(26.27);0.0
(26.28);0.0
(26.29);0.0
(26.30);0.0
(26.31);1.3922658733392688
(27.28);0.0
(27.29);0.0
(27.30);0.0
(27.31);2.592572886122249
(28.29);0.0
(28.30);0.0
(28.31);0.960528639441973
(29.30);0.0
(29.31);0.7704567875609533
(30.31);0.9991519850450423

****Importance nodes******

0; 0.05238095238095238
1; DISCONNECTED
2; DISCONNECTED
3; DISCONNECTED
4; DISCONNECTED
5; 0.0016897081413210445
6; 0.0017442148555572073
7; 0.001860495845927688
8; 0.0018604958459276877
9; DISCONNECTED
10; 0.0019205118409576132
11; 0.0020485459636881208
12; 0.0020485459636881203
13; 0.0021146280915490274
14; 0.0021828419009538346
15; 0.002253256155823313
16; 0.0023259418382692264
17; 0.0024009722201488786
18; 0.002478422936927875
19; 0.002558372063925548
20; 0.0027523917269630838
21; 0.0027296870249219557
22; 0.0028177414450807287
23; 0.0029086363304059136
24; 0.0030024633088061043
25; 0.0032489079322712985
26; DISCONNECTED
27; DISCONNECTED
28; DISCONNECTED
29; DISCONNECTED
30; DISCONNECTED
31; 0.0032041204456150526
