
****Mix criterion 0.5*C(weight)+0.5*C(distance) ******

(0.5);0.475793438295363
(0.6);0.42647464345618996
(0.7);0.3971958603746676
(0.8);0.4335252282098381
(0.10);0.359059649924463
(0.11);0.4134786357887281
(0.12);0.5051824427653561
(0.13);0.3080746027695275
(0.14);0.3691445924272748
(0.15);0.3158016569345089
(0.16);0.44882298080834326
(0.17);0.5872979191317639
(0.18);0.5391197642186094
(0.19);0.4874663488966825
(0.20);0.42363373224267553
(0.21);0.37100838381942897
(0.22);0.32220415671199293
(0.23);0.2542719470616961
(0.24);0.30462839882178055
(0.25);0.4261467513689047
(0.31);0.9824127216643568
(1.2);0.4395648423229701
(1.3);0.34371603677550117
(1.4);0.3719146514821577
(1.5);0.4078864845808877
(1.6);0.43223826379902575
(1.7);0.4476065084594507
(1.8);0.4203923429628941
(1.9);0.4039579470053061
(1.10);0.3816894607465695
(1.11);0.35500159649780044
(1.12);0.41719461905322097
(1.13);0.23532778874798538
(1.14);0.2398794353935116
(1.15);0.16414497343995235
(1.16);0.22890420979144127
(1.17);0.3252204765178019
(1.18);0.34066005873275984
(1.19);0.30863626876178285
(1.20);0.32502531246209426
(1.21);0.27181479863379915
(1.22);0.23710866838861394
(1.23);0.1981147456565086
(1.24);0.19351007795430022
(1.25);0.2576716544516825
(1.26);0.281273538781861
(1.27);0.28326927738335145
(1.28);0.19297603229189564
(1.29);0.18968553928843404
(1.30);0.2440189965396843
(1.31);0.3407693822851956
(2.3);0.3987161285875143
(2.4);0.41453271954377663
(2.5);0.4248552714891903
(2.6);0.45998206895528687
(2.7);0.3897338011687178
(2.8);0.37160082932860805
(2.9);0.34591486889269296
(2.10);0.32276433658476733
(2.11);0.30543821068774346
(2.12);0.39987547319739153
(2.13);0.2877699987005935
(2.14);0.28109273081946345
(2.15);0.20111132048501823
(2.16);0.24807854205735624
(2.17);0.34031354348340226
(2.18);0.310452973851417
(2.19);0.27514221138348255
(2.20);0.2798176590632385
(2.21);0.22540225912563977
(2.22);0.18803746829872386
(2.23);0.14443845396920466
(2.24);0.1486663716750619
(2.25);0.22323483324245894
(2.26);0.2561580792163952
(2.27);0.28283921220922914
(2.28);0.20238469028543613
(2.29);0.16465662506863035
(2.30);0.21602568071120193
(2.31);0.338163224795796
(3.4);0.45324357736499427
(3.5);0.4054041767720413
(3.6);0.4106000232221831
(3.7);0.305167783536606
(3.8);0.299930511561181
(3.9);0.26198924640457233
(3.10);0.23958619449760246
(3.11);0.24052689025151874
(3.12);0.3546345638468463
(3.13);0.39010473370967585
(3.14);0.3704317005186201
(3.15);0.2878726409522108
(3.16);0.30293757363926965
(3.17);0.36972348109485315
(3.18);0.27439410357447797
(3.19);0.2390174648978441
(3.20);0.2244530855720611
(3.21);0.17190119771203471
(3.22);0.13141221348616255
(3.23);0.07950277148089481
(3.24);0.10199209372561148
(3.25);0.19077269320970192
(3.26);0.23531496865872847
(3.27);0.2983710873345779
(3.28);0.24490572188713802
(3.29);0.15232322744487467
(3.30);0.1946389534422527
(3.31);0.3380315283681002
(4.5);0.4530272422457405
(4.6);0.4479611853637023
(4.7);0.34308943233489514
(4.8);0.34231059094637045
(4.9);0.3007651551487457
(4.10);0.27959274046631044
(4.11);0.2853735671008565
(4.12);0.40067666806175634
(4.13);0.3623733764026198
(4.14);0.36694118315229196
(4.15);0.2870198547612026
(4.16);0.32671785742990456
(4.17);0.4089517877961531
(4.18);0.3216091984222678
(4.19);0.2861022350921733
(4.20);0.2707781069908306
(4.21);0.2184994215182811
(4.22);0.17784721141505383
(4.23);0.12516762560512473
(4.24);0.14889406095163457
(4.25);0.23759227466710195
(4.26);0.2812126077464683
(4.27);0.3383497230655555
(4.28);0.2737018556154199
(4.29);0.19659198957577242
(4.30);0.2403483229550521
(4.31);0.3837657112242712
(5.6);0.48379849541209735
(5.7);0.3929804982659994
(5.8);0.39645521977836945
(5.9);0.3513357453710832
(5.10);0.33129635567218635
(5.11);0.339404912796537
(5.12);0.46073245936784873
(5.13);0.3148608900779962
(5.14);0.33295798180491787
(5.15);0.2593899710132469
(5.16);0.3236750576459426
(5.17);0.4219514812601349
(5.18);0.37208133619718686
(5.19);0.335319814787085
(5.20);0.3239027276952379
(5.21);0.2704719715758383
(5.22);0.22987390568316005
(5.23);0.17782143671952708
(5.24);0.19872323307164988
(5.25);0.2845889031443746
(5.26);0.3246137903350204
(5.27);0.3630711325094844
(5.28);0.28106456949390873
(5.29);0.23522367102129918
(5.30);0.28324272287844415
(5.31);0.4205810702756778
(6.8);0.39469940284627625
(6.9);0.35631902454536446
(6.10);0.33418394373176624
(6.11);0.330858603031061
(6.12);0.4435691654608276
(6.13);0.30635093089815274
(6.14);0.3133562225576675
(6.15);0.23611337177944894
(6.16);0.2928360051435495
(6.17);0.3884780939477657
(6.18);0.35023692750457197
(6.19);0.31368658443696573
(6.20);0.3101435315722028
(6.21);0.2555284120268147
(6.22);0.21606906452059024
(6.23);0.1674740118112488
(6.24);0.18089416115259627
(6.25);0.26187295889724926
(6.26);0.29862809574695287
(6.27);0.3306545815666847
(6.28);0.24889292828809073
(6.29);0.20769551670751046
(6.30);0.2576224188252598
(6.31);0.38721571873224453
(7.8);0.4848791254714003
(7.9);0.4642968203047931
(7.10);0.44176358701720364
(7.11);0.415490358922768
(7.12);0.4323020636999392
(7.13);0.20353851778659734
(7.14);0.22102917059095892
(7.15);0.15198270946752535
(7.16);0.2327815270665037
(7.17);0.3268456866815474
(7.18);0.3853137438658774
(7.19);0.35761927639251634
(7.20);0.3826666220776397
(7.21);0.32970636285133337
(7.22);0.2956867463659664
(7.23);0.25672946796564544
(7.24);0.2505223581297207
(7.25);0.30841363137867284
(7.26);0.3237891945426844
(7.27);0.3029502420236058
(7.28);0.2075040579213422
(7.29);0.2343155697377237
(7.30);0.28995869766326193
(7.31);0.3578273950813817
(8.9);0.45942936364461345
(8.10);0.4445740330750815
(8.11);0.44363156954429905
(8.12);0.44744461425378435
(8.13);0.20559334998866766
(8.14);0.2306324494739853
(8.15);0.16622841260392873
(8.16);0.25385982781307653
(8.18);0.4196601549999139
(8.19);0.39136899492612254
(8.20);0.4132648137765286
(8.21);0.3574968386199629
(8.22);0.3207791317024248
(8.23);0.27667353819131824
(8.24);0.2782814920885068
(8.25);0.3410612402601837
(8.26);0.3565425780838492
(8.27);0.3294320160968844
(8.28);0.23324503930789067
(8.29);0.2669420764810538
(8.30);0.32268915882678856
(8.31);0.38222162770331825
(9.10);0.48675822012240844
(9.11);0.4367446638608985
(9.12);0.3952308954814898
(9.13);0.16263889683169258
(9.14);0.18401798761445745
(9.15);0.11867546093268268
(9.16);0.20613698678726686
(9.17);0.29549321437104686
(9.18);0.38095750676135887
(9.19);0.36276128685459225
(9.20);0.4011672913264337
(9.21);0.3548337740928191
(9.22);0.32565411217816154
(9.23);0.29270254117940225
(9.24);0.2769006169676986
(9.25);0.3201076320245836
(9.26);0.3235878688150091
(9.27);0.2835893079274317
(9.28);0.1880661176706711
(9.29);0.24088272127256294
(9.30);0.29596591674476164
(9.31);0.33281581615615696
(10.11);0.4514628559147819
(10.12);0.3781468757401819
(10.13);0.14164196032672086
(10.14);0.16587747691123328
(10.15);0.10289609177432155
(10.16);0.19446628454489176
(10.17);0.2809837447234708
(10.18);0.38052998519556575
(10.19);0.36849972559401684
(10.20);0.4149919595031791
(10.21);0.3737004793998359
(10.22);0.3475431567018764
(10.23);0.3177557065103123
(10.24);0.2964821245634954
(10.25);0.3305168360221598
(10.26);0.32678032275457214
(10.27);0.27600567632387213
(10.28);0.18078228580220437
(10.29);0.2487558680475541
(10.30);0.30316770319910036
(10.31);0.32174353380219395
(11.12);0.3918142994229018
(11.13);0.15499151382042706
(11.14);0.18988618988059672
(11.15);0.13523473967512617
(11.16);0.23503389218079174
(11.17);0.3120377404392315
(11.18);0.43561952718002284
(11.19);0.430612293733031
(11.21);0.42554304011867145
(11.22);0.38873732007126466
(11.23);0.3425546595423591
(11.24);0.34340573750445547
(11.25);0.39140945012125966
(11.26);0.38508312787526267
(11.27);0.32190417651918085
(11.28);0.22923520946620476
(11.29);0.3080867529978066
(11.30);0.3628997135351379
(12.13);0.2670394255648056
(12.14);0.29347978705575495
(12.15);0.22711515084869868
(12.16);0.30853322648039944
(12.17);0.405318932290505
(12.18);0.4186707906909498
(12.19);0.3809055113178956
(12.20);0.3754410555344875
(12.21);0.32059105451594494
(12.22);0.2801289459851009
(12.23);0.22869520914499797
(12.24);0.2465788186377135
(12.25);0.3280849392752735
(12.26);0.3616229106552465
(12.27);0.3717584245946
(12.28);0.27838275797633305
(12.29);0.2689718487592827
(12.30);0.32108269067613937
(12.31);0.43370062216242056
(13.14);0.43869725218013816
(13.15);0.3733657031374488
(13.16);0.3259530805389624
(13.17);0.3338261543089881
(13.18);0.20660244967852026
(13.19);0.17551410698807637
(13.20);0.14710142758717443
(13.21);0.099597356674626
(13.22);0.05862474502843982
(13.23);0.0015176333007564308
(13.24);0.03942148598955934
(13.25);0.1351463138292033
(13.26);0.18543100732303422
(13.27);0.27257571409717135
(13.28);0.2630466489045048
(13.29);0.1191871603702879
(13.30);0.148809336342341
(13.31);0.28609515714961936
(14.15);0.42655367940287076
(14.16);0.3983365007981372
(14.17);0.3833889015243691
(14.18);0.25111511674934595
(14.19);0.2239096744066252
(14.20);0.18826669097595294
(14.21);0.14541212053412103
(14.22);0.10511319325517873
(14.23);0.045818320948797016
(14.24);0.09190897925990898
(14.25);0.18897271348836786
(14.26);0.2397871998572035
(14.27);0.332579145434831
(14.28);0.33395396829122964
(14.29);0.18189201619493672
(14.30);0.2061740907438284
(14.31);0.3338824565875595
(15.16);0.3949877602829297
(15.17);0.32727970433138664
(15.18);0.20388736882004527
(15.19);0.18326128062712813
(15.20);0.14018791264264674
(15.21);0.10462081446661452
(15.22);0.06646016446173153
(15.23);0.005694724208409724
(15.24);0.06259937919042645
(15.25);0.15834134874155753
(15.26);0.2078223119885255
(15.27);0.3027310251786829
(15.28);0.34828242104173435
(15.29);0.1706612058350121
(15.30);0.18163374514596864
(15.31);0.28324494740457107
(16.17);0.4121652258846734
(16.18);0.3082084421554984
(16.19);0.29185513611506275
(16.20);0.2451352284667081
(16.21);0.2137096761455605
(16.22);0.1764586116487312
(16.23);0.11539363175893298
(16.24);0.17436673810867015
(16.25);0.2702632158106508
(16.26);0.3186602691695201
(16.27);0.41332562030216863
(16.28);0.4450295837963725
(16.29);0.2804171684360555
(16.30);0.2934923429255371
(16.31);0.3815890702166355
(17.18);0.3765113685462205
(17.19);0.3473378557417273
(17.20);0.3123589129049044
(17.21);0.26851144251882497
(17.22);0.22763923606703498
(17.23);0.16859359067637059
(17.24);0.21077284110246225
(17.25);0.3075654276287555
(17.26);0.3570823399087977
(17.27);0.4372373307083876
(17.28);0.36739224980417845
(17.29);0.2829234776638702
(17.30);0.3188109320541493
(18.20);0.44925346646692077
(18.21);0.40107254640976037
(18.22);0.3582292815173502
(18.23);0.2992592455471093
(18.24);0.33302685483148775
(18.25);0.4226915269089936
(18.26);0.44925241828873114
(18.27);0.39726701782480417
(18.28);0.30394134967133474
(18.29);0.35419755239220346
(18.30);0.4100878421440094
(18.31);0.43007707854190613
(19.20);0.46336814289796796
(19.22);0.3888732242021593
(19.23);0.32692733453506256
(19.24);0.36887362585117034
(19.25);0.4651533975029915
(19.26);0.47084234719192053
(19.27);0.38249286931403176
(19.28);0.29811645015944205
(19.29);0.3833345963752371
(19.30);0.44179484652235707
(19.31);0.3989725898889731
(20.21);0.4612258273592089
(20.23);0.360261768914557
(20.24);0.3756568198595307
(20.25);0.42972689720171886
(20.26);0.41309787585317365
(20.27);0.33493256662583076
(20.28);0.24682875810524763
(20.29);0.342416177757331
(20.30);0.39672908356533987
(20.31);0.36270924607685545
(21.22);0.4796103586518313
(21.23);0.40927551704326226
(21.24);0.4329691493572688
(21.25);0.4444236852013941
(21.26);0.3967027374655476
(21.27);0.3036346939112171
(21.28);0.22626760697738582
(21.29);0.36007944015121846
(21.30);0.4028369253307222
(21.31);0.3187119918946039
(22.23);0.45352412966552946
(22.24);0.463212742833304
(22.25);0.4129578350192472
(22.26);0.360405601579044
(22.27);0.2656503093715808
(22.28);0.19330296265150929
(22.29);0.3444431264212413
(22.30);0.3754331696896344
(22.31);0.27742203841815233
(23.24);0.4273052564028311
(23.25);0.3495431579341661
(23.26);0.2987992331642177
(23.27);0.20470342194715896
(23.28);0.13300873839554384
(23.29);0.2914611433324421
(23.30);0.31545168507555027
(23.31);0.2181298945393943
(24.25);0.41327445420251796
(24.26);0.3546755113329154
(24.27);0.25934031088507176
(24.28);0.20083403278349307
(24.29);0.37248667658979673
(24.30);0.3838776850080433
(24.31);0.25901560073444574
(25.26);0.45766916041839556
(25.27);0.3571098737879659
(25.28);0.2905216363723901
(25.29);0.4267676354253416
(25.31);0.3557091838942865
(26.27);0.40521525169829353
(26.28);0.33162903787113257
(26.29);0.40798386883509286
(26.30);0.45888676893018127
(26.31);0.40391942675976095
(27.28);0.40440310991764633
(27.29);0.34667801943741156
(27.30);0.3743733940539378
(27.31);0.45519190999407166
(28.29);0.31917025319449394
(28.30);0.3179214871301564
(28.31);0.35684197795054573
(29.30);0.44453309981890016
(29.31);0.3199537067641194
(30.31);0.36265463932298503
