
****Importance edges******

(0.5);22.901113800605895
(0.6);17.710241389123315
(0.7);15.36945698740974
(0.8);18.378101781613534
(0.9);13.725104047152087
(0.10);12.976645995346853
(0.11);16.66842083873017
(0.12);26.95366510176574
(0.13);10.605922021056623
(0.14);13.61183675014308
(0.15);10.945163926602701
(0.16);20.024726207012645
(0.17);41.338432048212475
(0.18);32.39424397127749
(0.19);24.608144935320016
(0.20);17.678076048119767
(0.21);13.834387910423226
(0.22);11.318721134427866
(0.23);8.908487416205007
(0.24);10.621181856382224
(0.25);18.00542757704698
(0.31);141.20546916522306
(1.3);0.0
(1.4);0.0
(1.5);0.7939531657685055
(1.6);1.0845832439189307
(1.7);1.4001425348295062
(1.8);0.995706704682025
(1.9);0.8909806820412084
(1.10);0.7310766125958371
(1.11);0.619123722689986
(1.12);1.0874720807634914
(1.13);0.3653484621268606
(1.14);0.38360901026470673
(1.15);0.30727928286278744
(1.16);0.39224605349929476
(1.17);0.6231890518281221
(1.18);0.7035784801126174
(1.19);0.6073668318640049
(1.20);0.6838369665857874
(1.21);0.5444022287631104
(1.22);0.4886599341593768
(1.23);0.4398772631037904
(1.24);0.4472416634810421
(1.25);0.5818585047618675
(1.26);0.0
(1.28);0.0
(1.29);0.0
(1.30);0.0
(1.31);0.9038105024012413
(2.3);0.0
(2.4);0.0
(2.5);0.9595588647773714
(2.6);1.6845990173199232
(2.7);0.711999510085358
(2.8);0.6341458585216114
(2.9);0.5553478021112734
(2.10);0.493654580913386
(2.11);0.46456773617855485
(2.12);0.9114677998590458
(2.13);0.4544416446969269
(2.14);0.45489046926575005
(2.15);0.34500004494943853
(2.16);0.4217723811838095
(2.17);0.6804155486000473
(2.18);0.5941229954265069
(2.19);0.5184844649431986
(2.20);0.5461989960611391
(2.21);0.4535309021763498
(2.22);0.4125556359186835
(2.23);0.3739941274222238
(2.24);0.390623449853253
(2.25);0.5104674228886786
(2.26);0.0
(2.27);0.0
(2.28);0.0
(2.29);0.0
(2.30);0.0
(2.31);0.8898040711262125
(3.4);0.0
(3.5);0.7742737963453526
(3.6);0.8412485963070159
(3.7);0.4091343025431704
(3.8);0.41124170862198683
(3.9);0.35952319566530166
(3.10);0.33768795626726356
(3.11);0.3496727363546381
(3.12);0.6378423972810479
(3.13);0.8608677398236915
(3.14);0.7587427511365928
(3.15);0.48423334353208436
(3.16);0.5372521628620076
(3.17);0.8278955202234951
(3.18);0.5007775498958209
(3.19);0.4476528761501241
(3.20);0.43784560428348174
(3.21);0.3802214221331419
(3.22);0.34962613793667735
(3.23);0.31656590134195445
(3.24);0.3451061567448788
(3.25);0.4574724521162233
(3.26);0.0
(3.27);0.0
(3.28);0.0
(3.29);0.0
(3.30);0.0
(3.31);0.8891075858791314
(4.5);1.4467030558932887
(4.6);1.364148388741212
(4.7);0.5060109632635883
(4.8);0.5194281860596308
(4.9);0.42949589650173214
(4.10);0.3982873121174494
(4.11);0.4217858303464677
(4.12);0.9183815034980924
(4.13);0.6939013218609955
(4.14);0.7395817859910129
(4.15);0.48232427137203066
(4.16);0.6093392345930457
(4.17);1.1587058706134914
(4.18);0.6303913267217832
(4.19);0.5445881759053871
(4.20);0.5250153989104246
(4.21);0.4425308544288834
(4.22);0.39961868021478436
(4.23);0.3548948481137809
(4.24);0.3908748305882915
(4.25);0.5380039287195689
(4.26);0.0
(4.27);0.0
(4.28);0.0
(4.29);0.0
(4.30);0.0
(4.31);1.2178925364328703
(5.6);4.500852772876893
(5.7);1.3270442988254034
(5.8);1.3885373031584076
(5.9);1.0194066845059961
(5.10);0.9071128341779776
(5.11);0.966640602406974
(5.12);3.2007702069988784
(5.13);0.8731228779721251
(5.14);0.9813983055478717
(5.15);0.7009704113057603
(5.16);0.9658492789972192
(5.17);2.069852618806455
(5.18);1.3576875114318134
(5.19);1.0899637375596478
(5.20);1.0417730083433039
(5.21);0.8221304531473256
(5.22);0.7149468989339133
(5.23);0.6132324797946815
(5.24);0.6685658842319794
(5.25);0.947113204622003
(5.26);0.4260456902120866
(5.27);0.5427802547838535
(5.28);0.3423389631996367
(5.29);0.283561146311898
(5.30);0.34574085534901183
(5.31);2.40640835064679
(6.7);1.448760064099223
(6.8);1.3865365735283244
(6.9);1.0690122032382927
(6.10);0.9354786173053886
(6.11);0.9325946673013064
(6.12);2.5069989258833854
(6.13);0.8473116336796431
(6.14);0.8935855085892085
(6.15);0.6487624548764972
(6.16);0.8369826886773897
(6.17);1.530467142430441
(6.18);1.185084831639225
(6.19);0.9799423821910322
(6.20);0.9805697116647715
(6.21);0.7821494277847114
(6.22);0.6887181267051274
(6.23);0.6012182060196826
(6.24);0.6388371462906468
(6.25);0.868491970607322
(6.26);0.3836569222892261
(6.27);0.4549233668093863
(6.28);0.3084265428496962
(6.29);0.26526653650023857
(6.30);0.3194306482531791
(6.31);1.794450168690578
(7.8);4.795913880776211
(7.9);3.749214534443174
(7.10);2.409947489117791
(7.11);1.794821390593274
(7.12);2.203506525726267
(7.13);0.5663228785057629
(7.14);0.6118592937654571
(7.15);0.5005614056146294
(7.16);0.6613812912266979
(7.17);1.0267132494767743
(7.18);1.5390563407949485
(7.19);1.2823017476357876
(7.20);1.562292107161065
(7.21);1.1236753943909603
(7.22);0.9612085566384297
(7.23);0.8270605977693994
(7.24);0.8230132396352635
(7.25);1.084264257010075
(7.26);0.45163489353852415
(7.27);0.4045964036641229
(7.28);0.27364546523802336
(7.29);0.3010504490826603
(7.30);0.37989793232564223
(7.31);1.4677380884656126
(8.9);3.431630775535331
(8.10);2.5319844022926934
(8.11);2.525880126846982
(8.12);2.7116048343393127
(8.13);0.5784286403265195
(8.14);0.6422551037835352
(8.15);0.5289673236437668
(8.16);0.7266465887047296
(8.17);1.1530039516411952
(8.18);2.1291270475330437
(8.19);1.6651703468068209
(8.20);2.0644239175564283
(8.21);1.346046044870304
(8.22);1.1035053976085751
(8.23);0.9095580110460242
(8.24);0.9339359721588011
(8.25);1.3099212230311095
(8.26);0.5695656827726816
(8.27);0.4810337160531649
(8.28);0.30944294921000504
(8.29);0.3537230964551297
(8.30);0.4630905137858522
(8.31);1.7629214292540016
(9.10);6.659657101309912
(9.11);2.4773090390034396
(9.12);1.5899260428288569
(9.13);0.5144083529606694
(9.14);0.5583591837634581
(9.15);0.47118189957129825
(9.16);0.621155532895322
(9.17);0.9041499002568768
(9.18);1.554318782206389
(9.19);1.3808286165432548
(9.20);1.9154688987758801
(9.21);1.357015379536012
(9.22);1.1576836967997086
(9.23);0.9961999990901919
(9.24);0.9448558226318048
(9.25);1.1883888698241212
(9.26);0.4850611804890597
(9.27);0.3954077720193345
(9.28);0.27432156251827
(9.29);0.33023779631748257
(9.30);0.4193932876870943
(9.31);1.301123055317043
(10.11);2.904106606952932
(10.12);1.372793631948505
(10.13);0.49064443257649754
(10.14);0.5347015310430848
(10.15);0.4583129089909658
(10.16);0.6043346090920079
(10.17);0.8521217930742307
(10.18);1.5420671423181804
(10.19);1.4359430302815543
(10.20);2.155921465982883
(10.21);1.5452615624588624
(10.22);1.319999248946617
(10.23);1.1346720940022115
(10.24);1.0397126799945768
(10.25);1.2623658075084916
(10.26);0.5048773777972682
(10.27);0.391985477511803
(10.28);0.2758895239546989
(10.29);0.34989780930010866
(10.30);0.4452987770938731
(10.31);1.2267240788896154
(11.12);1.5520353983065338
(11.13);0.5171395174908326
(11.14);0.584110836974988
(11.15);0.5058743377050758
(11.16);0.7051833342902728
(11.17);1.0015865094472634
(11.18);2.641687865992388
(11.19);2.5309753203707355
(11.20);5.792360244119139
(11.21);2.4758685110254333
(11.22);1.7854473657203827
(11.23);1.3196156129347167
(11.24);1.3510861118617583
(11.25);1.92374482466192
(11.26);0.7742795701771331
(11.27);0.5066762661649592
(11.28);0.335224551029909
(11.29);0.47086635681891476
(11.30);0.6536142889926931
(11.31);1.5519873652737584
(12.13);0.7731394882987163
(12.14);0.8835263594113276
(12.15);0.6838957420885677
(12.16);0.9823764595240383
(12.17);1.9193559073510755
(12.18);2.222468239252401
(12.19);1.6156239249752673
(12.20);1.5768943331217165
(12.21);1.139512205086301
(12.22);0.9534345387995931
(12.23);0.7909369188751095
(12.24);0.8613459114892444
(12.25);1.2758767572770635
(12.26);0.6690402110283314
(12.27);0.7200160727478753
(12.28);0.4219350512167936
(12.29);0.4049567664546152
(12.30);0.5208386718179455
(12.31);2.9893153856344123
(13.14);2.6676330621598567
(13.15);1.451946748856285
(13.16);1.092779640713041
(13.17);1.1605318087420413
(13.18);0.6794874338627442
(13.19);0.6259181030233412
(13.20);0.5862199490506972
(13.21);0.5266167211118694
(13.22);0.4867654532710283
(13.23);0.43927421582015136
(13.24);0.48401735303040283
(13.25);0.6211006548430643
(13.26);0.30782079217735436
(13.27);0.4244789160932598
(13.28);0.4076124206581444
(13.29);0.2545449307025309
(13.30);0.2759042348142992
(13.31);1.06754835649082
(14.15);2.377756828178562
(14.16);1.8274923589811645
(14.17);1.6389750663260478
(14.18);0.8102618605346348
(14.19);0.7443820394462493
(14.20);0.6719868695534674
(14.21);0.6022447908388407
(14.22);0.5510457383899118
(14.23);0.4883467985578439
(14.24);0.5529794672798213
(14.25);0.7364142482669602
(14.26);0.3834744014360963
(14.27);0.5918335871792519
(14.28);0.5966159679591905
(14.29);0.31420554617389157
(14.30);0.33997435027557843
(14.31);1.3767192591003148
(15.16);1.801634315923865
(15.17);1.152081163202967
(15.18);0.6935173581795377
(15.19);0.659897049008103
(15.20);0.591753331803022
(15.21);0.5484449760642863
(15.22);0.5093752959889436
(15.23);0.455158858103465
(15.24);0.5232221447038939
(15.25);0.6802308939472331
(15.26);0.35285969038999954
(15.27);0.5200776987911441
(15.28);0.6721110929195501
(15.29);0.3133198748984517
(15.30);0.3240445936803699
(15.31);1.0810357580444794
(16.17);2.166845576633334
(16.18);1.0749958537628073
(16.19);1.009615274630523
(16.20);0.8429189311065349
(16.21);0.7651017734019324
(16.22);0.6900707929263292
(16.23);0.5919647761941789
(16.24);0.7101310911149185
(16.25);1.0167211038215211
(16.26);0.5828634311278298
(16.27);1.1778384527205255
(16.28);1.751788332640993
(16.29);0.4830192224497525
(16.30);0.5131022979930834
(16.31);1.930255421991724
(17.18);1.6501460019857364
(17.19);1.3770373242940523
(17.20);1.1504070377450264
(17.21);0.9552666220507021
(17.22);0.8289585067294933
(17.23);0.6954166662528405
(17.24);0.8089341217283866
(17.25);1.221986540622151
(17.26);0.7574696506881783
(17.27);1.609569313930294
(17.28);0.8139600319301803
(17.29);0.5039813767684843
(17.30);0.6016655901407139
(17.31);5.027162095558517
(18.19);6.135752933950174
(18.20);3.5330377831599296
(18.21);2.1395473522682376
(18.22);1.5722962598847952
(18.23);1.1503092277053089
(18.24);1.3944520881129399
(18.25);2.794121997167508
(18.26);1.971055183021299
(18.27);1.068804104246981
(18.28);0.5748010420556671
(18.29);0.7666386999462965
(18.30);1.2085897542301278
(18.31);3.071881441911101
(19.20);4.354407785420303
(19.21);2.9441194928339
(19.22);1.990159657414407
(19.23);1.3445463386161152
(19.24);1.7704078923232007
(19.25);4.767613838568661
(19.26);2.9588862108653093
(19.27);0.9716347021557822
(19.28);0.5763669505192788
(19.29);0.978250068086456
(19.30);1.8169349858339512
(19.31);2.3052429156537855
(20.21);4.340759684439558
(20.22);2.5643875703688424
(20.23);1.6664800845740553
(20.24);1.883916622730491
(20.25);3.0857064632953204
(20.26);1.323684624401044
(20.27);0.7236585448678067
(20.28);0.47604695801529817
(20.29);0.7569009053387561
(20.30);1.1304078682386285
(20.31);1.7780162892145988
(21.22);5.924828824403597
(21.23);2.4809204815049513
(21.24);3.20600014662672
(21.25);3.7103663193547183
(21.26);1.16687263818181
(21.27);0.6308281738172613
(21.28);0.4549483558993538
(21.29);0.876155891991417
(21.30);1.234730259092448
(21.31);1.391784840373247
(22.23);4.119794212455184
(22.24);4.771153086432339
(22.25);2.679985381851615
(22.26);0.9058382961213506
(22.27);0.5472771064904425
(22.28);0.4195726464434888
(22.29);0.8163178751950092
(22.30);1.0095920865851205
(22.31);1.1601870605945275
(23.24);3.096789461633647
(23.25);1.6790288705524028
(23.26);0.6559287941598169
(23.27);0.449590624471361
(23.28);0.3624265940511446
(23.29);0.6333312769890821
(23.30);0.7136338346339008
(23.31);0.9360690778801504
(24.25);2.764441901586238
(24.26);0.9275139935537079
(24.27);0.5678210296676652
(24.28);0.45807726654859277
(24.29);1.050469510553724
(24.30);1.1471810414929362
(24.31);1.106837265355539
(25.26);2.7298907537642787
(25.27);0.9716257838980902
(25.28);0.671193796792565
(25.29);1.7861299428437996
(25.30);4.333394649719641
(25.31);1.8255130735039446
(26.27);0.0
(26.28);0.0
(26.29);0.0
(26.30);0.0
(26.31);1.4505360105037362
(27.28);0.0
(27.29);0.0
(27.30);0.0
(27.31);2.7010791567822423
(28.29);0.0
(28.30);0.0
(28.31);1.000729391785663
(29.30);0.0
(29.31);0.8027025127131432
(30.31);1.040969230106925

****Importance nodes******

0; 0.05
1; DISCONNECTED
2; DISCONNECTED
3; DISCONNECTED
4; DISCONNECTED
5; 0.0016129032258064516
6; 0.0016649323621227888
7; 0.001718639857675137
8; 0.0017740798530840123
9; 0.001831308235441561
10; 0.0018903826946493534
11; 0.001951362781573526
12; 0.002014309968075898
13; 0.0020792877089815718
14; 0.0021463615060454935
15; 0.002215598973982445
16; 0.00228706990862704
17; 0.0023608463572924285
18; 0.002437002691398636
19; 0.002515615681443753
20; 0.0025967645743935515
21; 0.002680531173567537
22; 0.002766999921101974
23; 0.002856257983073005
24; 0.0029483953373656826
25; 0.0030435048643774787
26; DISCONNECTED
27; DISCONNECTED
28; DISCONNECTED
29; DISCONNECTED
30; DISCONNECTED
31; 0.00314168244064772
