
****Importance edges******

(0.5);22.886791375456507
(0.6);17.699165351124382
(0.7);15.359844882985232
(0.8);18.366608061725202
(0.9);13.71652032598051
(0.10);12.96853036208217
(0.11);16.65799635842324
(0.12);26.93680819889704
(0.13);10.59928904566471
(0.14);13.603323866678236
(0.15);10.938318788307182
(0.16);20.012202683277767
(0.17);41.31257886901959
(0.18);32.373984514091724
(0.19);24.592754927787187
(0.20);17.66702012642142
(0.21);13.825735842796306
(0.22);11.311642372335937
(0.23);8.902916021498017
(0.24);10.6145393374436
(0.25);17.994166928722173
(0.31);141.11715884196056
(1.2);0.0
(1.3);0.0
(1.4);0.0
(1.5);0.7934566250811028
(1.6);1.0839049423103468
(1.7);1.3992668814954294
(1.8);0.9950839867272251
(1.9);0.8904234600545751
(1.10);0.7306193950930754
(1.11);0.6187365208598198
(1.12);1.0867919724676942
(1.13);0.36511997210459285
(1.14);0.3833691000409515
(1.15);0.3070871094791224
(1.16);0.39200074164283655
(1.17);0.6227993075289391
(1.18);0.7031384600242551
(1.19);0.6069869828285678
(1.20);0.6834092928991019
(1.21);0.5440617579790031
(1.22);0.48835432477323776
(1.23);0.4396021625462116
(1.24);0.44696195720541426
(1.25);0.581494608710586
(1.26);0.0
(1.28);0.0
(1.29);0.0
(1.30);0.0
(1.31);0.9032452566065353
(2.3);0.0
(2.4);0.0
(2.5);0.9589587537898943
(2.6);1.6835454640498781
(2.7);0.7115542234596337
(2.8);0.6337492618027116
(2.9);0.5550004859328173
(2.10);0.49334584786021024
(2.11);0.46427719412517826
(2.12);0.9108977651675796
(2.13);0.45415743553148596
(2.14);0.4546059794040798
(2.15);0.3447842808882079
(2.16);0.42150860347359936
(2.17);0.6799900146784155
(2.18);0.5937514291260371
(2.19);0.5181602032061963
(2.20);0.5458574015733831
(2.21);0.45324726259200854
(2.22);0.41229762238856216
(2.23);0.37376023037499045
(2.24);0.39037915277797386
(2.25);0.5101481750337846
(2.26);0.0
(2.28);0.0
(2.29);0.0
(2.30);0.0
(2.31);0.8892475849955688
(3.4);0.0
(3.5);0.773789563194518
(3.6);0.8407224769157258
(3.7);0.4088784287251875
(3.8);0.41098451682593146
(3.9);0.3592983487821231
(3.10);0.3374767652081911
(3.11);0.34945404997821
(3.12);0.6374434887357384
(3.13);0.8603293505612957
(3.14);0.7582682311479402
(3.15);0.4839305025489792
(3.16);0.5369161637505262
(3.17);0.8273777518859741
(3.18);0.5004643621165134
(3.19);0.4473729127008617
(3.20);0.43757177433141303
(3.21);0.37998363051714845
(3.22);0.34940748070303945
(3.23);0.3163679200792833
(3.24);0.3448903263210135
(3.25);0.4571863474747465
(3.26);0.0
(3.27);0.0
(3.28);0.0
(3.29);0.0
(3.30);0.0
(3.31);0.8885515353324469
(4.5);1.4457982834699108
(4.6);1.363295246253885
(4.7);0.505694502491889
(4.8);0.5191033341166164
(4.9);0.4292272884819137
(4.10);0.3980382220397605
(4.11);0.42152204422511097
(4.12);0.9178071449556671
(4.13);0.6934673538963827
(4.14);0.7391192493273407
(4.15);0.4820226243283713
(4.16);0.6089581520110355
(4.17);1.1579812124922089
(4.18);0.6299970780983142
(4.19);0.5442475888293802
(4.20);0.5246870527077621
(4.21);0.4422540943073436
(4.22);0.39936875749550055
(4.23);0.3546728958130208
(4.24);0.390630376298748
(4.25);0.537667459451469
(4.26);0.0
(4.27);0.0
(4.28);0.0
(4.29);0.0
(4.30);0.0
(4.31);1.2171308627935473
(5.6);4.498037926074715
(5.7);1.3262143613470199
(5.8);1.3876689077709703
(5.9);1.0187691445128435
(5.10);0.9065455230950895
(5.11);0.9660360624795767
(5.12);3.1987684357265604
(5.13);0.8725768243096327
(5.14);0.9807845361087374
(5.15);0.7005320223114399
(5.16);0.9652452339658519
(5.17);2.06855812678038
(5.18);1.3568384095965031
(5.19);1.0892820709742288
(5.20);1.0411214803842463
(5.21);0.8216162903000178
(5.22);0.7144997690023769
(5.23);0.6128489623654637
(5.24);0.6681477611259278
(5.25);0.9465208771876561
(5.26);0.42577923996161354
(5.27);0.54244079838713
(5.28);0.34212486338690107
(5.29);0.283383806321857
(5.30);0.3455246279827389
(5.31);2.404903375658189
(6.7);1.4478540052167534
(6.8);1.385669429403189
(6.9);1.0683436398051789
(6.10);0.9348935661767899
(6.11);0.9320114198036763
(6.12);2.505431041247808
(6.13);0.8467817224466243
(6.14);0.8930266575362518
(6.15);0.648356716894467
(6.16);0.8364592371975058
(6.17);1.5295099836965071
(6.18);1.184343676036724
(6.19);0.9793295232907252
(6.20);0.979956460430733
(6.21);0.7816602691903908
(6.22);0.6882874003262862
(6.23);0.6008422023532608
(6.24);0.6384376156263278
(6.25);0.8679488131281631
(6.26);0.38341698210114716
(6.27);0.45463885637349366
(6.28);0.3082336519661998
(6.29);0.2651006380139579
(6.30);0.319230875369211
(6.31);1.7933279141815113
(7.8);4.792914501873578
(7.9);3.7468697644461293
(7.10);2.4084403007413924
(7.11);1.7936989039209175
(7.12);2.202128446146571
(7.13);0.5659686984816642
(7.14);0.611476635130894
(7.15);0.5002483530126027
(7.16);0.6609676613866265
(7.17);1.0260711399360092
(7.18);1.5380938103506367
(7.19);1.2814997922829017
(7.20);1.561315044998887
(7.21);1.1229726444344081
(7.22);0.9606074139287227
(7.23);0.8265433515948817
(7.24);0.8224985246906427
(7.25);1.083586154896859
(7.26);0.4513524397236627
(7.27);0.40434336786168784
(7.28);0.2734743265446189
(7.29);0.30086217123029396
(7.30);0.3796603430211431
(7.31);1.4668201606698734
(8.9);3.4294846233721272
(8.10);2.5304008916653498
(8.11);2.524300433851782
(8.12);2.709908988555885
(8.13);0.5780668893227269
(8.14);0.641853435518365
(8.15);0.5286365058955418
(8.16);0.7261921417521754
(8.17);1.1522828595171126
(8.18);2.1277954851017427
(8.19);1.6641289442854947
(8.20);2.0631328206563717
(8.21);1.3452042236430424
(8.22);1.1028152620284104
(8.23);0.9089891707422006
(8.24);0.9333518858050966
(8.25);1.3091019943756035
(8.26);0.5692094746890837
(8.27);0.48073287612666654
(8.28);0.30924942266292726
(8.29);0.3535018769713658
(8.30);0.46280089559178356
(8.31);1.7618188929129925
(9.10);6.655492131816088
(9.11);2.475759722512025
(9.12);1.5889316983205617
(9.13);0.5140866404363071
(9.14);0.5580099842578987
(9.15);0.47088722100032937
(9.16);0.620767060364969
(9.17);0.9035844422017357
(9.18);1.5533467065855147
(9.19);1.3799650421915106
(9.20);1.9142709587906215
(9.21);1.3561666980540024
(9.22);1.1569596779489906
(9.23);0.9955769726275918
(9.24);0.9442649069709143
(9.25);1.1876456478662454
(9.26);0.48475782177424265
(9.27);0.395160482814646
(9.28);0.2741500009916019
(9.29);0.3300312646107526
(9.30);0.4191309978690813
(9.31);1.3003093290619718
(10.11);2.902290369984456
(10.12);1.3719350827001877
(10.13);0.49033758207910577
(10.14);0.5343671271043808
(10.15);0.4580262787252427
(10.16);0.6039566564177725
(10.17);0.8515888735531223
(10.18);1.5411027289095802
(10.19);1.4350449872104156
(10.20);2.154573146242047
(10.21);1.5442951512503404
(10.22);1.3191737174635243
(10.23);1.133962466676792
(10.24);1.0390624405710385
(10.25);1.2615763201522605
(10.26);0.504561625973314
(10.27);0.3917403286203477
(10.28);0.2757169818202531
(10.29);0.34967898216238646
(10.30);0.4450202859052099
(10.31);1.2259568819771933
(11.12);1.5510647507207882
(11.13);0.5168160968879946
(11.14);0.5837455323083958
(11.15);0.5055579623794099
(11.16);0.7047423105213021
(11.17);1.0009601142449558
(11.18);2.640035746490334
(11.19);2.5293924408262476
(11.20);5.788737684676964
(11.21);2.47432009544453
(11.22);1.7843307415912526
(11.23);1.3187903213787346
(11.24);1.3502411385615072
(11.25);1.9225417088878296
(11.26);0.7737953334153266
(11.27);0.506359389310833
(11.28);0.3350149005918488
(11.29);0.4705718755893281
(11.30);0.6532055166590776
(11.31);1.551016747728015
(12.13);0.7726559645475306
(12.14);0.8829737993803892
(12.15);0.6834680316435067
(12.16);0.9817620783444782
(12.17);1.918155536419014
(12.18);2.221078300960284
(12.19);1.614613508934524
(12.20);1.575908138683696
(12.21);1.1387995507409157
(12.22);0.952838257983922
(12.23);0.7904422645575463
(12.24);0.8608072231768571
(12.25);1.275078820132388
(12.26);0.668621791276881
(12.27);0.7195657725398558
(12.28);0.4216711717722576
(12.29);0.40470350528021193
(12.30);0.520512937752914
(12.31);2.987445858840587
(13.14);2.665964716454426
(13.15);1.4510386970116256
(13.16);1.0920962130533574
(13.17);1.1598060086735855
(13.18);0.6790624803868486
(13.19);0.6255266519673683
(13.20);0.585853325339097
(13.21);0.5262873734375069
(13.22);0.48646102869890995
(13.23);0.43899949241014957
(13.24);0.48371464712840423
(13.25);0.6207122166336094
(13.26);0.3076282801321424
(13.27);0.42421344570801245
(13.28);0.4073574986296497
(13.29);0.25438573754062244
(13.30);0.2757316834796378
(13.31);1.0668807085518455
(14.15);2.3762697719379116
(14.16);1.8263494397873432
(14.17);1.6379500464115775
(14.18);0.8097551203406881
(14.19);0.7439165006896916
(14.20);0.6715666069529516
(14.21);0.6018681451431991
(14.22);0.5507011127349897
(14.23);0.48804138500764765
(14.24);0.5526336322650607
(14.25);0.735953692590866
(14.26);0.3832345753971056
(14.27);0.5914634526815558
(14.28);0.5962428425462335
(14.29);0.31400904108441074
(14.30);0.33976172929884646
(14.31);1.3758582547530214
(15.16);1.8005075684276053
(15.17);1.1513606481935372
(15.18);0.6930836303469611
(15.19);0.6594843474175598
(15.20);0.5913832474972786
(15.21);0.5481019769339107
(15.22);0.5090567311534832
(15.23);0.454874200390612
(15.24);0.5228949200077821
(15.25);0.6798054755091743
(15.26);0.3526390108829743
(15.27);0.5197524406409223
(15.28);0.6716907526293691
(15.29);0.31312392371043873
(15.30);0.323841935221115
(15.31);1.0803596750441846
(16.17);2.165490424920984
(16.18);1.074323548136737
(16.19);1.0089838582144273
(16.20);0.8423917670828595
(16.21);0.7646232764617127
(16.22);0.6896392205859828
(16.23);0.5915945596504798
(16.24);0.7096869730040133
(16.25);1.0160852433985705
(16.26);0.5824989065925897
(16.27);1.1771018290250999
(16.28);1.7506927589719443
(16.29);0.48271714078160805
(16.30);0.5127814022794089
(16.31);1.9290482344705673
(17.18);1.6491139957346526
(17.19);1.376176121027834
(17.20);1.149687569738671
(17.21);0.9546691954446797
(17.22);0.8284400735970283
(17.23);0.6949817505873072
(17.24);0.8084282119062653
(17.25);1.2212223065803482
(17.26);0.7569959269003584
(17.27);1.608562684461429
(17.28);0.8134509788887685
(17.29);0.5036661853062566
(17.30);0.6012893066789233
(17.31);5.024018093329874
(18.19);6.131915615691473
(18.20);3.530828210750489
(18.21);2.1382092729471514
(18.22);1.571312941095546
(18.23);1.1495898208696456
(18.24);1.39357999360128
(18.25);2.7923745449033466
(18.26);1.9698224792074175
(18.27);1.0681356709595993
(18.28);0.574441559762696
(18.29);0.7661592418076134
(18.30);1.2078338985786519
(18.31);3.0699602780584323
(19.20);4.351684525751817
(19.21);2.9422782316867737
(19.22);1.9889150056050304
(19.23);1.3437054553096357
(19.24);1.76930067392577
(19.25);4.76463215859717
(19.26);2.9570357145685064
(19.27);0.971027038903447
(19.28);0.5760064889024654
(19.29);0.9776382675644576
(19.30);1.8157986692529113
(19.31);2.303801209831174
(20.21);4.338044960334295
(20.22);2.5627837947031513
(20.23);1.6654378629388076
(20.24);1.8827384156331561
(20.25);3.0837766532328783
(20.26);1.3228567880731061
(20.27);0.7232059666468159
(20.28);0.4757492368222098
(20.29);0.7564275372459809
(20.30);1.129700907772771
(20.31);1.7769043125029682
(21.22);5.921123418714629
(21.23);2.4793689064065823
(21.24);3.2039951045344974
(21.25);3.7080458451477223
(21.26);1.1661428725396346
(21.27);0.6304336519883105
(21.28);0.45466382983520953
(21.29);0.8756079414728744
(21.30);1.2339580550909524
(21.31);1.3909144139663108
(22.23);4.117217680817792
(22.24);4.768169193004635
(22.25);2.6783093109684595
(22.26);0.9052717821383798
(22.27);0.5469348377491956
(22.28);0.41931024445397247
(22.29);0.815807347551359
(22.30);1.0089606846708978
(22.31);1.1594614761325954
(23.24);3.094852720230856
(23.25);1.6779788008688263
(23.26);0.6555185743277389
(23.27);0.4493094491484958
(23.28);0.36219993137392104
(23.29);0.632935189711912
(23.30);0.7131875258967099
(23.31);0.9354836574757401
(24.25);2.762713011342731
(24.26);0.9269339235246539
(24.27);0.5674659126953435
(24.28);0.4577907836543588
(24.29);1.049812543776142
(24.30);1.1464635910342975
(24.31);1.1061450460153077
(25.26);2.7281834719120845
(25.27);0.9710181262232601
(25.28);0.6707740301821287
(25.29);1.7850128918288928
(25.30);4.330684531729147
(25.31);1.8243713921611884
(26.28);0.0
(26.29);0.0
(26.30);0.0
(26.31);1.449628840939067
(27.28);0.0
(27.29);0.0
(27.30);0.0
(27.31);2.699389893789079
(28.29);0.0
(28.30);0.0
(28.31);1.0001035326273078
(29.30);0.0
(29.31);0.8022005001579608
(30.31);1.0403182048331834

****Importance nodes******

0; 0.05
1; DISCONNECTED
2; DISCONNECTED
3; DISCONNECTED
4; DISCONNECTED
5; 0.0016129032258064516
6; 0.0016649323621227888
7; 0.001718639857675137
8; 0.0017740798530840123
9; 0.001831308235441561
10; 0.0018903826946493534
11; 0.001951362781573526
12; 0.002014309968075898
13; 0.0020792877089815718
14; 0.0021463615060454935
15; 0.002215598973982445
16; 0.00228706990862704
17; 0.0023608463572924285
18; 0.002437002691398636
19; 0.002515615681443753
20; 0.0025967645743935515
21; 0.002680531173567537
22; 0.002766999921101974
23; 0.002856257983073005
24; 0.0029483953373656826
25; 0.0030435048643774787
26; DISCONNECTED
27; DISCONNECTED
28; DISCONNECTED
29; DISCONNECTED
30; DISCONNECTED
31; 0.00314168244064772
