
****Importance edges******

(0.5);22.59765709140233
(0.6);17.475567581642302
(0.7);15.182599245277693
(0.8);18.135225616760245
(0.10);12.790589091719752
(0.11);16.44883966188351
(0.12);26.599731124448702
(0.13);10.467129405032138
(0.14);13.434973400934195
(0.15);10.788144575577366
(0.16);19.764830856711352
(0.17);40.80418629671244
(0.18);31.97747498148183
(0.19);24.294367224339464
(0.20);17.4605515784084
(0.21);13.637363474645511
(0.22);11.156597908713032
(0.23);8.796101195495758
(0.24);10.46893978454883
(0.25);17.795155067533738
(0.31);139.24596798211752
(1.2);0.0
(1.3);0.0
(1.4);0.0
(1.5);0.7834326986399813
(1.6);1.070211713131277
(1.7);1.427642596856482
(1.8);0.9835363047148475
(1.9);0.0
(1.10);0.6995738549841402
(1.11);0.6121932877208177
(1.13);0.3620117871092946
(1.14);0.380924757310837
(1.15);0.29527600862694425
(1.16);0.38948783963290057
(1.17);0.6194514728509702
(1.18);0.7000872639126796
(1.19);0.6056555110074916
(1.20);0.6878783393042582
(1.21);0.5265866639173594
(1.22);0.47218838660857954
(1.23);0.4392183971027203
(1.24);0.43261639907051885
(1.25);0.5900945296752697
(1.26);0.0
(1.27);0.0
(1.28);0.0
(1.29);0.0
(1.30);0.0
(1.31);0.8822608605078599
(2.3);0.0
(2.4);0.0
(2.5);0.9468439995560671
(2.6);1.6622768334045739
(2.7);0.7259838225417381
(2.8);0.6263947720827572
(2.9);0.0
(2.10);0.47238255505661625
(2.11);0.4593673919398132
(2.12);0.9022036998663936
(2.13);0.4502912944423381
(2.14);0.45170743379697625
(2.15);0.3315232816859825
(2.16);0.4188065427263797
(2.17);0.6763347534661878
(2.18);0.5911749066417894
(2.19);0.5170235796394812
(2.20);0.5494269492567062
(2.21);0.43868910181187964
(2.22);0.398649380669675
(2.23);0.3734339438532444
(2.24);0.3778496595167523
(2.25);0.5176929293958181
(2.26);0.0
(2.27);0.0
(2.28);0.0
(2.29);0.0
(2.30);0.0
(2.31);0.8685883859387771
(3.4);0.0
(3.5);0.7640140954283039
(3.6);0.8301014297159002
(3.7);0.4171700692007919
(3.8);0.40621515205308906
(3.9);0.0
(3.10);0.32313667442977717
(3.11);0.3457585200663852
(3.12);0.6313594082507406
(3.13);0.8530055584306826
(3.14);0.7534335497975515
(3.15);0.4653176992282985
(3.16);0.5334742883566139
(3.17);0.8229302133353393
(3.18);0.49829264914319754
(3.19);0.4463915664057596
(3.20);0.4404332053733851
(3.21);0.3677786747602171
(3.22);0.33784108425526116
(3.23);0.31609173609863045
(3.24);0.3338208289138162
(3.25);0.46394783140859336
(3.26);0.0
(3.27);0.0
(3.28);0.0
(3.29);0.0
(3.30);0.0
(3.31);0.867908507057321
(4.5);1.4275331695568212
(4.6);1.3460724128512618
(4.7);0.5159494749007432
(4.8);0.5130792795504696
(4.9);0.0
(4.10);0.3811247488001808
(4.11);0.41706438427518455
(4.12);0.9090471330670973
(4.13);0.6875640207763515
(4.14);0.7344066609534005
(4.15);0.4634832013007139
(4.16);0.6050544548962232
(4.17);1.1517565272480985
(4.18);0.6272632713955331
(4.19);0.543053740610695
(4.20);0.5281181602608778
(4.21);0.4280490306655315
(4.22);0.3861484985338
(4.23);0.3543632722197982
(4.24);0.37809281984207094
(4.25);0.5456192058430958
(4.26);0.0
(4.27);0.0
(4.28);0.0
(4.29);0.0
(4.30);0.0
(4.31);1.188854205991896
(5.6);4.441213142116625
(5.7);1.331976974034538
(5.8);1.370885728509781
(5.9);0.4710562704109315
(5.10);0.8804867335009664
(5.11);0.9549203894374266
(5.12);3.1638444038487217
(5.13);0.8635781431320932
(5.14);0.9718980154930467
(5.15);0.6812110079411641
(5.16);0.9565734747240536
(5.17);2.0513449973747138
(5.18);1.3464688042770185
(5.19);1.082450011251217
(5.20);1.040281824735476
(5.21);0.8012408104423573
(5.22);0.6962336390197317
(5.23);0.6097128827633677
(5.24);0.6513013136142901
(5.25);0.9515285491752967
(5.26);0.4204002694588522
(5.27);0.5355880146434188
(5.28);0.3378027185388213
(5.29);0.2798037512320341
(5.30);0.34115953309914543
(5.31);2.357678964944383
(6.7);1.4537671608117024
(6.8);1.368899139062496
(6.9);0.5023249569990506
(6.10);0.9082403413814695
(6.11);0.9212721415908762
(6.12);2.4780160684516677
(6.13);0.8380217557159527
(6.14);0.8848917244684676
(6.15);0.6306046592222466
(6.16);0.8289043046292357
(6.17);1.5166972098059137
(6.18);1.175217385046809
(6.19);0.9731095626867603
(6.20);0.9790246404710392
(6.21);0.7623895308827335
(6.22);0.6707958783455397
(6.23);0.5977155951537899
(6.24);0.6224308523089828
(6.25);0.8723688833968991
(6.26);0.37857318408702656
(6.27);0.4488952954660558
(6.28);0.30433966286040387
(6.29);0.26175155854200227
(6.30);0.31519795572208015
(6.31);1.758248789210444
(7.8);4.812489161404683
(7.9);1.8507613309109063
(7.10);2.378093726961461
(7.11);1.8006470710293905
(7.12);2.2113468879098703
(7.13);0.568524661091261
(7.14);0.6148254659314402
(7.15);0.49384450883579567
(7.16);0.6642993255690536
(7.17);1.0316452272939258
(7.18);1.547079314704255
(7.19);1.2903777687395304
(7.20);1.5800683915808127
(7.21);1.1098912365655438
(7.22);0.9484557157116495
(7.23);0.8323895934115353
(7.24);0.8119634070751524
(7.26);0.4605054101301571
(7.27);0.41254304189550095
(7.28);0.27902010894768153
(7.29);0.30696335138873176
(7.30);0.3873594703069501
(7.31);1.4553109146362935
(8.9);1.6679409155517904
(8.10);2.4607172973208304
(8.11);2.4963679274802475
(8.12);2.681429756793463
(8.13);0.5723230408110193
(8.14);0.6362423007735787
(8.15);0.5146174365061582
(8.16);0.7198891351635092
(8.17);1.14300915447831
(8.18);2.1120493801194002
(8.19);1.6540015111203037
(8.20);2.0614304321809986
(8.21);1.3129873038890427
(8.22);1.0755711750641843
(8.23);0.9044580655496269
(8.24);0.9105800474771855
(8.25);1.3157387478870062
(8.26);0.5626039518389367
(8.27);0.47515410040476547
(8.28);0.30566066629355987
(8.29);0.34939958277259187
(8.30);0.4574302156807196
(8.31);1.7282810738408345
(9.10);3.2369200795172985
(9.11);1.263661492218143
(9.12);0.8243285342818776
(9.13);0.27101609333904675
(9.14);0.29918389585856486
(9.15);0.24788565120732858
(9.16);0.34252233628711537
(9.17);0.5061256508797298
(9.18);0.8830385935817495
(9.19);0.796850106560319
(9.20);1.129931170649105
(9.21);0.7798336305390494
(9.22);0.6731464521923309
(9.23);0.6061017820140727
(9.24);0.5637817586472007
(9.25);0.7524520130291252
(9.26);0.0
(9.27);0.0
(9.28);0.0
(9.29);0.0
(9.30);0.0
(9.31);0.8023847052828778
(10.11);2.8260172824666503
(10.12);1.3369569849136498
(10.13);0.47822921412852093
(10.14);0.5219222961486153
(10.15);0.43955989930853895
(10.16);0.590223812804703
(10.17);0.8329560990932238
(10.18);1.5087301965538285
(10.19);1.4070852157457825
(10.20);2.124156983516197
(10.21);1.4880683275271018
(10.22);1.270477919195208
(10.23);1.114176999181459
(10.24);1.0014927545860866
(10.25);1.2525464411406773
(10.26);0.48312175139321395
(10.27);0.3750944659918021
(10.28);0.2640011928947144
(10.29);0.3348203937661791
(10.30);0.42611044689990946
(10.31);1.1886050103955859
(11.12);1.535473994738508
(11.13);0.5119005364699554
(11.14);0.578856290972939
(11.15);0.49271546822846535
(11.16);0.6988733089954536
(11.17);0.9932242651918193
(11.18);2.6212591966220034
(11.19);2.5145828517946853
(11.21);2.417303775251621
(11.22);1.7418883970217107
(11.23);1.3124456315991164
(11.24);1.318476724064904
(11.25);1.9319239095787493
(11.26);0.7656123296686392
(11.27);0.5010045614888398
(11.28);0.33147206688847236
(11.29);0.4655955061867921
(11.30);0.6462977686288769
(11.31);1.5225047786918893
(12.13);0.7656862591187089
(12.14);0.8759895254027231
(12.15);0.6665924145042955
(12.16);0.9740276501912517
(12.17);1.9041628276494729
(12.18);2.2062085978353596
(12.19);1.6057940179570698
(12.20);1.5751410601273674
(12.21);1.1132518806232259
(12.22);0.9307533587186014
(12.23);0.7869174895955399
(12.24);0.841058233428955
(12.25);1.2815794494066859
(12.26);0.6622401294291461
(12.27);0.7126978757745049
(12.28);0.41764653054115186
(12.29);0.4008408119713995
(12.30);0.5155449011147921
(12.31);2.934016009132727
(13.15);1.41626816334926
(13.16);1.084002040440984
(13.17);1.1518675445932167
(13.18);0.6748109997641688
(13.19);0.6223657760260314
(13.20);0.5857631951319903
(13.21);0.5148105176075017
(13.22);0.4754900864533217
(13.23);0.43720330872472785
(13.24);0.4729072213466997
(13.25);0.6240213916098226
(13.26);0.3050095091048423
(13.27);0.42060221113447427
(13.28);0.40388975497907725
(13.29);0.2522202084191009
(13.30);0.2733844410749571
(13.31);1.048348881989985
(14.15);2.3223914462256405
(14.16);1.814672219408786
(14.17);1.6283649231732171
(14.18);0.8054690035952389
(14.19);0.74085221198363
(14.20);0.672033283428151
(14.21);0.5894261526869032
(14.22);0.5389009947871455
(14.23);0.4864630502655492
(14.24);0.5408844908492171
(14.25);0.7403959509976625
(14.26);0.3807910903895753
(14.27);0.587692310483251
(14.29);0.31200693471568436
(14.30);0.3375954250429895
(14.31);1.3533073326824332
(15.16);1.7605692229656051
(15.17);1.1267289577791744
(15.18);0.6788139596128804
(15.19);0.6468369345519485
(15.20);0.5829980080711981
(15.21);0.5289241130196615
(15.22);0.4909924515725095
(15.23);0.4470079165649768
(15.24);0.504684042885548
(15.25);0.6746085577685282
(15.26);0.339075905192814
(15.27);0.4997618636838227
(15.28);0.6458563656561176
(15.29);0.30108063655179895
(15.30);0.3113864148199203
(15.31);1.0484559450317135
(16.17);2.1527470693758906
(16.18);1.06858444901913
(16.19);1.0047444314595249
(16.20);0.8427919299708516
(16.21);0.7491142493506456
(16.22);0.6751402354229331
(16.23);0.589621405468152
(16.24);0.6948720357145359
(16.25);1.0218704478297151
(16.26);0.5787648252053261
(16.27);1.1695560740358109
(16.29);0.47962270563279424
(16.30);0.5094942416198514
(16.31);1.8979029633988311
(17.18);1.6411171010945425
(17.19);1.3710374437558202
(17.20);1.1506825488142565
(17.21);0.9359619459350809
(17.22);0.8115918747052202
(17.23);0.6929590426522984
(17.24);0.7920865753220507
(17.25);1.2285258402928156
(17.26);0.7529267232507697
(17.27);1.5999159151544864
(17.28);0.8090783031920716
(17.29);0.500958746327272
(17.30);0.5980570982161707
(18.20);3.5353215690070234
(18.21);2.097817359000295
(18.22);1.5404631661491306
(18.23);1.1467515867848375
(18.24);1.3663558419002264
(18.25);2.8099201944396524
(18.26);1.9612746397266354
(18.27);1.063500607467617
(18.28);0.5719488304453225
(18.29);0.7628345735774467
(18.30);1.2025926291782478
(18.31);3.0239751973038618
(19.20);4.361441836112925
(19.22);1.9523514418454175
(19.23);1.3417014412655996
(19.24);1.736871435298954
(19.25);4.798481168300306
(19.26);2.9505492332447774
(19.27);0.9688970177063232
(19.28);0.5747429751362282
(19.29);0.9754937441376091
(19.30);1.811815577639329
(19.31);2.271831304581411
(20.21);4.281229623115775
(20.22);2.527133277450492
(20.23);1.6698626204123117
(20.24);1.8563741521490524
(20.25);3.1176706355303896
(20.26);1.3315073996973579
(20.27);0.7279352570720599
(20.28);0.47886032330971834
(20.29);0.7613740748497495
(20.31);1.759561757937363
(21.22);5.727981755471366
(21.23);2.4396978103784175
(21.24);3.10112403377625
(21.25);3.6814299653306897
(21.26);1.1286867270045315
(21.27);0.6101843196164763
(21.28);0.4400601693568267
(21.29);0.8474836873529014
(21.30);1.19432370703286
(21.31);1.3529090850098124
(22.23);4.048327807828328
(22.24);4.612806448504672
(22.25);2.656836639589757
(22.26);0.8753046723783621
(22.27);0.5288297154668109
(22.28);0.4054298646973313
(22.29);0.7888017688848592
(22.30);0.9755611728583738
(22.31);1.127165145823781
(23.25);1.690071530081738
(23.26);0.6549463174149508
(23.27);0.4489172094037717
(23.28);0.3618837368026953
(23.29);0.6323826477217314
(23.30);0.712564924939556
(23.31);0.9237109612323722
(24.25);2.7398347685047595
(24.26);0.8971833278133986
(24.27);0.5492526954205649
(24.28);0.44309766672424217
(24.29);1.0161180723906014
(24.30);1.1096670363620504
(24.31);1.0757002744749078
(25.26);2.768531502459823
(25.27);0.9853788425836613
(25.28);0.6806943347873939
(25.29);1.811412052819756
(25.31);1.8161193939098845
(26.27);0.0
(26.28);0.0
(26.29);0.0
(26.30);0.0
(26.31);1.4159507390372486
(27.28);0.0
(27.29);0.0
(27.30);0.0
(27.31);2.6366770632021295
(28.29);0.0
(28.30);0.0
(28.31);0.9768689033670537
(29.30);0.0
(29.31);0.7835635984717967
(30.31);1.0161492993014802

****Importance nodes******

0; 0.05238095238095238
1; DISCONNECTED
2; DISCONNECTED
3; DISCONNECTED
4; DISCONNECTED
5; 0.0016897081413210445
6; 0.0017442148555572073
7; 0.001860495845927688
8; 0.0018604958459276877
9; DISCONNECTED
10; 0.0019205118409576132
11; 0.0020485459636881208
12; 0.0021168308291443913
13; 0.0021873918567825376
14; 0.002262819162188832
15; 0.002260386023304758
16; 0.0024110784248584085
17; 0.002491447705687022
18; 0.002574495962543256
19; 0.002663271685389575
20; 0.0027732448469152547
21; 0.0027527539895252063
22; 0.002838665979376483
23; 0.003027910378001582
24; 0.003027910378001582
25; 0.003276987456900791
26; DISCONNECTED
27; DISCONNECTED
28; DISCONNECTED
29; DISCONNECTED
30; DISCONNECTED
31; 0.0032559557282421463
