
****Mix criterion 0.5*C(weight)+0.5*C(distance) ******

(0.5);0.4759104963042999
(0.6);0.42649779555733425
(0.7);0.39727253654674677
(0.8);0.43354242656721564
(0.10);0.35912252327343036
(0.11);0.41348251591721713
(0.12);0.5053085857273254
(0.13);0.3081240966885578
(0.14);0.3692079265603989
(0.15);0.3158524283389286
(0.16);0.4489155776198845
(0.17);0.5872225069960274
(0.18);0.5392613330569306
(0.19);0.48757330326580645
(0.20);0.42371264699329786
(0.21);0.37106815004309646
(0.22);0.32225272793386406
(0.23);0.25430999787871356
(0.24);0.30467349324542387
(0.25);0.4261035096779251
(0.31);0.9824127216643568
(1.2);0.4395648423229701
(1.3);0.34371603677550117
(1.4);0.3719146514821577
(1.5);0.40789054283663817
(1.6);0.43211577411648705
(1.7);0.44760850007484776
(1.8);0.42027609512015157
(1.9);0.4039579470053061
(1.10);0.38168785276428496
(1.11);0.3549243459552912
(1.12);0.4171880616774615
(1.13);0.23532558572393383
(1.14);0.239877122259713
(1.15);0.16414312056873248
(1.16);0.2289018445769144
(1.17);0.3251277991204236
(1.18);0.3406524330300624
(1.19);0.3086296716572473
(1.20);0.32501983986862754
(1.21);0.27180911471900393
(1.22);0.23710352262924267
(1.23);0.19811015510813662
(1.24);0.1935054105512258
(1.25);0.2575984396964976
(1.26);0.281273538781861
(1.27);0.28326927738335145
(1.28);0.19297603229189564
(1.29);0.18968553928843404
(1.30);0.2440189965396843
(1.31);0.34069585819973164
(2.3);0.3987161285875143
(2.4);0.41453271954377663
(2.5);0.4248601762309922
(2.6);0.45979181523341395
(2.7);0.38973481394359727
(2.8);0.3715267933823896
(2.9);0.34591486889269296
(2.10);0.3227632508055109
(2.11);0.3053802447136791
(2.12);0.39986997711435446
(2.13);0.2877672584512779
(2.14);0.2810899878637691
(2.15);0.20110924016040868
(2.16);0.24807599880126965
(2.17);0.3402123556624754
(2.18);0.3104465344769095
(2.19);0.27513657970253486
(2.20);0.27981328795549876
(2.21);0.2253975239668385
(2.22);0.1880331239441302
(2.23);0.14443455097562719
(2.24);0.14866229513828175
(2.25);0.22317060156570112
(2.26);0.2561580792163952
(2.27);0.28283921220922914
(2.28);0.20238469028543613
(2.29);0.16465662506863035
(2.30);0.21602568071120193
(2.31);0.33809084011958584
(3.4);0.45324357736499427
(3.5);0.4054081344375838
(3.6);0.4105050150482365
(3.7);0.3051683655046244
(3.8);0.29988249946962003
(3.9);0.26198924640457233
(3.10);0.23958545176251558
(3.11);0.24048326018600177
(3.12);0.3546307177046341
(3.13);0.3900995427412371
(3.14);0.370427125356267
(3.15);0.28786972106116715
(3.16);0.3029343340486891
(3.17);0.36960036082839404
(3.18);0.27438867592024885
(3.19);0.23901260257631998
(3.20);0.22444958159214992
(3.21);0.17189722795208048
(3.22);0.13140853180110929
(3.23);0.0794994678068818
(3.24);0.10198849220619029
(3.25);0.19071512984453426
(3.26);0.23531496865872847
(3.27);0.2983710873345779
(3.28);0.24490572188713802
(3.29);0.15232322744487467
(3.30);0.1946389534422527
(3.31);0.3379592003502721
(4.5);0.453034637003075
(4.6);0.44780712240540976
(4.7);0.34309015210391897
(4.8);0.34224994818298926
(4.9);0.3007651551487457
(4.10);0.2795918644446582
(4.11);0.2853209391962506
(4.12);0.40067113028960055
(4.13);0.3623691922292622
(4.14);0.3669367235291334
(4.15);0.2870169463817221
(4.16);0.32671418315964335
(4.17);0.4087794711546774
(4.18);0.32160236595513514
(4.19);0.28609631987761636
(4.20);0.2707739054106552
(4.21);0.218494801207162
(4.22);0.17784300329111138
(4.23);0.12516392193115955
(4.24);0.14888998179145121
(4.25);0.2375245780955002
(4.26);0.2812126077464683
(4.27);0.3383497230655555
(4.28);0.2737018556154199
(4.29);0.19659198957577242
(4.30);0.2403483229550521
(4.31);0.38366663687771657
(5.6);0.483551624924197
(5.7);0.3929847559617531
(5.8);0.39637368721942423
(5.9);0.35133818548728146
(5.10);0.3312974137819755
(5.11);0.33934111628000746
(5.12);0.4607290162428165
(5.13);0.3148598747188161
(5.14);0.3329567553083542
(5.15);0.25938903438200694
(5.16);0.323673684005775
(5.17);0.4217728978897751
(5.18);0.37207524521522495
(5.19);0.33531477754256994
(5.20);0.3238996251343034
(5.21);0.2704681912280252
(5.22);0.2298704952145229
(5.23);0.1778184778928857
(5.24);0.19871993148702408
(5.25);0.28451268565820426
(5.26);0.32461596804832493
(5.27);0.3630739069062438
(5.28);0.2810663193440585
(5.29);0.23522512043129243
(5.30);0.28324449011721203
(5.31);0.42045589148765233
(6.7);0.4012042396619774
(6.8);0.39454008482846004
(6.9);0.3562615315991005
(6.10);0.3341333743525855
(6.11);0.3307473218052667
(6.12);0.4434327656516139
(6.13);0.3063055420641165
(6.14);0.313309102503933
(6.15);0.23607970218708768
(6.16);0.29279326155324736
(6.17);0.3882731364524925
(6.18);0.35017497219324795
(6.19);0.3136361036803043
(6.20);0.3100954857731522
(6.21);0.2554895302753041
(6.22);0.21603531649037713
(6.23);0.16744504385284628
(6.24);0.18086386223174908
(6.25);0.26176763649899
(6.26);0.29858476664807687
(6.27);0.33060320384248293
(6.28);0.24885809548984128
(6.29);0.20766555827506533
(6.30);0.25758634325529595
(6.31);0.38705010784773985
(7.8);0.48459807920651077
(7.9);0.4642994021868208
(7.10);0.4417624430270332
(7.11);0.4153724804795374
(7.12);0.43229633705522597
(7.13);0.2035370127388509
(7.14);0.22102750871802165
(7.15);0.15198132069891368
(7.16);0.23277965369895154
(7.17);0.3267579399667573
(7.18);0.38530486698282707
(7.19);0.3576117418897179
(7.20);0.38265998371328286
(7.21);0.32969983872787484
(7.22);0.2956810264767768
(7.23);0.2567245211866646
(7.24);0.25051736317646256
(7.25);0.3083269937515628
(7.26);0.3237898369651417
(7.27);0.30295081753674613
(7.28);0.20750444716494298
(7.29);0.23431599796320415
(7.30);0.2899592380443678
(7.31);0.3577509545271836
(8.9);0.45923222345535414
(8.10);0.4444280477504013
(8.11);0.4433260580762429
(8.12);0.447287669193593
(8.13);0.20556037682541453
(8.14);0.2305963980208692
(8.15);0.16619918022060565
(8.16);0.2538203006529199
(8.17);0.34442635665468313
(8.18);0.41954207922848247
(8.19);0.391277987747021
(8.20);0.4131571710827621
(8.21);0.3574257960264812
(8.22);0.3207217194063621
(8.23);0.2766269969635669
(8.24);0.278234445679646
(8.25);0.3409007940350327
(8.26);0.35647608181380186
(8.27);0.32937585585259294
(8.28);0.2332089121279406
(8.29);0.2669007796346051
(8.30);0.32263509343487246
(8.31);0.3820556931510832
(9.10);0.486750780007105
(9.11);0.4365852068106827
(9.12);0.395225873801713
(9.13);0.16263724756226752
(9.14);0.18401617084521835
(9.15);0.11867390543824521
(9.16);0.20613490677674248
(9.17);0.29541749188086686
(9.18);0.3809478882607345
(9.19);0.36275260716233054
(9.20);0.4011583018677039
(9.21);0.35482535665991743
(9.22);0.3256467764414877
(9.23);0.2926962064275635
(9.24);0.2768945344504402
(9.25);0.3200142731013063
(9.26);0.3235878688150091
(9.27);0.2835893079274317
(9.28);0.1880661176706711
(9.29);0.24088272127256294
(9.30);0.29596591674476164
(9.31);0.33274894862945714
(10.11);0.45127565851313584
(10.12);0.3781411436620938
(10.13);0.14163989675538297
(10.14);0.1658752118367421
(10.15);0.10289413643036231
(10.16);0.19446368798081382
(10.17);0.2809125378597646
(10.18);0.38051909113051874
(10.19);0.36848946541274397
(10.20);0.4149799770831026
(10.21);0.37368961255500704
(10.22);0.34753372011564265
(10.23);0.3177475871025508
(10.24);0.2964746197186098
(10.25);0.3304177891059665
(10.26);0.32677921229109214
(10.27);0.2760048141629265
(10.28);0.18078167899101746
(10.29);0.24875509845724159
(10.30);0.3031667237770636
(10.31);0.32168021630646426
(11.12);0.39171425592135467
(11.13);0.15495866635407277
(11.14);0.18984963819848524
(11.15);0.1352035590728036
(11.16);0.23499108799594523
(11.17);0.31189964062485936
(11.18);0.43545705843950056
(11.19);0.430458857369674
(11.21);0.4253979345281295
(11.22);0.38863416077716206
(11.23);0.3424796465491803
(11.24);0.34333011466226027
(11.25);0.39116817996266007
(11.26);0.384986517917256
(11.27);0.32184095649545486
(11.28);0.2291933821585433
(11.29);0.3080280011196592
(11.30);0.36281815946675705
(11.31);0.35937765489778295
(12.13);0.2670347635911982
(12.14);0.2934744594575254
(12.15);0.2271110270082429
(12.16);0.3085273028234189
(12.17);0.4051595815233084
(12.18);0.4186515385678577
(12.19);0.3808914340148269
(12.20);0.3754297950076602
(12.21);0.32058131369057036
(12.22);0.28012071367575186
(12.23);0.22868839619211825
(12.24);0.246571370057499
(12.25);0.3279852699918036
(12.26);0.361618876392538
(12.27);0.371754082951237
(12.28);0.27838021373935823
(12.29);0.2689694069001021
(12.30);0.3210795500576889
(12.31);0.4335454054539518
(13.14);0.4386811665511951
(13.15);0.3733569480065508
(13.16);0.32594649115901114
(13.17);0.3337311110349473
(13.18);0.20659658935726832
(13.19);0.17550867697026035
(13.20);0.14709725046907637
(13.21);0.09959287313196996
(13.22);0.0586205591117215
(13.23);0.001513864434188905
(13.24);0.039417316772848786
(13.25);0.1350983624383004
(13.26);0.18542915118655348
(13.27);0.27257315452088055
(13.28);0.26304419103192694
(13.29);0.11918562548328912
(13.30);0.14880767266032718
(13.31);0.28604033570445786
(14.15);0.42653934170605723
(14.16);0.39832548115514366
(14.17);0.3832565259185391
(14.18);0.2511081593149432
(14.19);0.22390324501151024
(14.20);0.1882619131356039
(14.21);0.14540701389177663
(14.22);0.10510847389241364
(14.23);0.04581414774668051
(14.24);0.0919042348297747
(14.25);0.18891653683074477
(14.26);0.23978488753508614
(14.27);0.33257557672232163
(14.28);0.33395037074131984
(14.29);0.18189012155886428
(14.30);0.20617204072378392
(14.31);0.33381254983729874
(15.16);0.3949768965620124
(15.17);0.3271879565042974
(15.18);0.20388144021651886
(15.19);0.18325560612671277
(15.20);0.14018371446009886
(15.21);0.1046161830085359
(15.22);0.06645581991965059
(15.23);0.005690850247178916
(15.24);0.0625949079585721
(15.25);0.15829008713235307
(15.26);0.20782018427083856
(15.27);0.3027278891488432
(15.28);0.34827836826183645
(15.29);0.17065931653947156
(15.30);0.18163179118117156
(15.31);0.2831906799922993
(16.17);0.4119951182108886
(16.18);0.30819929340735375
(16.19);0.2918464929636151
(16.20);0.24512926152642703
(16.21);0.21370324166547033
(16.22);0.1764527503149996
(16.23);0.11538861382206148
(16.24);0.174360694020399
(16.25);0.27018754168225045
(16.26);0.31865675454638454
(16.27);0.4133185180239078
(16.28);0.4450190206430268
(16.29);0.2804142558660717
(16.30);0.2934892489568454
(16.31);0.3814932948851427
(17.18);0.3763815311971034
(17.19);0.3472309967017051
(17.20);0.31227262004284545
(17.21);0.2684396126164616
(17.22);0.22757776874165972
(17.23);0.16854281834539592
(17.24);0.21071465930448402
(17.25);0.30739944944254644
(17.26);0.35696969300716663
(17.27);0.43699796402747837
(17.28);0.36727120195022794
(17.29);0.28284852820481116
(17.30);0.3187214555127647
(17.31);0.4686133974728857
(18.20);0.44922034206515943
(18.21);0.40104980283261615
(18.22);0.35821249783307507
(18.23);0.2992470277960727
(18.24);0.3330120483926624
(18.25);0.42248281566959195
(18.26);0.4492310550986239
(18.27);0.39725543364113286
(18.28);0.30393511971692194
(18.29);0.3541892432142405
(18.30);0.41007474290005935
(18.31);0.42992180399367824
(19.20);0.46332716964962234
(19.22);0.38885195299029535
(19.23);0.32691303475725525
(19.24);0.3688548028219831
(19.25);0.46480152817797044
(19.26);0.47081020832522946
(19.27);0.3824823156002558
(19.28);0.2981101897697996
(19.29);0.383323970806598
(19.30);0.4417751113155479
(19.31);0.39885731471145053
(20.21);0.4611857141284036
(20.23);0.36024630852919926
(20.24);0.37563930598599654
(20.25);0.429506015529628
(20.26);0.4130872827027863
(20.27);0.3349267753492279
(20.28);0.24682494840849303
(20.29);0.3424101204495926
(20.30);0.39672003716536924
(20.31);0.3626236197693166
(21.22);0.47954822963707994
(21.23);0.4092496205996371
(21.24);0.4329356844768525
(21.25);0.44415730533207026
(21.26);0.39669055455316793
(21.27);0.3036281076531142
(21.28);0.226262857019442
(21.29);0.36007029251152434
(21.30);0.4028240339404651
(21.31);0.31864420780511155
(22.23);0.4534809442810769
(22.24);0.46316273320786666
(22.25);0.41276776212004834
(22.26);0.36039606278616315
(22.27);0.2656445463529608
(22.28);0.19329854440534985
(22.29);0.34443453030958454
(22.30);0.3754225383331889
(22.31);0.27736613473481647
(23.24);0.42727293838366104
(23.25);0.34942568680508407
(23.26);0.2987923879073455
(23.27);0.20469873003038502
(23.28);0.13300495612046206
(23.29);0.29145453390270715
(23.30);0.31544423761028545
(23.31);0.21808535659504802
(24.25);0.41308357397731577
(24.26);0.3546658318195369
(24.27);0.25933438511867746
(24.28);0.20082925230032975
(24.29);0.37247571391564654
(24.30);0.3838657130547188
(24.31);0.25896355966951645
(25.26);0.4573256606128886
(25.27);0.3569876149512947
(25.28);0.2904371806342482
(25.29);0.42654288823092323
(25.30);0.48213643523280747
(25.31);0.35552072512492744
(26.27);0.40521525169829353
(26.28);0.33162903787113257
(26.29);0.40798386883509286
(26.30);0.45888676893018127
(26.31);0.4038014270979718
(27.28);0.40440310991764633
(27.29);0.34667801943741156
(27.30);0.3743733940539378
(27.31);0.45497217989109034
(28.29);0.31917025319449394
(28.30);0.3179214871301564
(28.31);0.3567605696098234
(29.30);0.44453309981890016
(29.31);0.31988840771305715
(30.31);0.3625699575114367
