
****Importance edges******

(0.5);22.861812396019886
(0.6);17.67984822273804
(0.7);15.34308092323274
(0.8);18.34656247658537
(0.9);13.701549914726964
(0.10);12.954376318034518
(0.11);16.639815577130385
(0.12);26.907408971759857
(0.13);10.587720826303109
(0.14);13.58847699969889
(0.15);10.926380546917114
(0.16);19.990361072057283
(0.17);41.26748971514415
(0.18);32.33865107306049
(0.19);24.565914034734355
(0.20);17.647738081804302
(0.21);13.810646232127521
(0.22);11.29929668011645
(0.23);8.89319924850967
(0.24);10.60295447369011
(0.25);17.974527831291777
(0.31);140.96314150720005
(1.2);0.0
(1.3);0.0
(1.4);0.0
(1.5);0.7925906348950339
(1.6);1.0827219525753045
(1.7);1.397739701119385
(1.8);0.9939979374844803
(1.9);0.8894516388440911
(1.10);0.7298219863804851
(1.11);0.6180612227554373
(1.12);1.0856058317856383
(1.13);0.3647214748174248
(1.14);0.38295068538817373
(1.15);0.3067519501085015
(1.16);0.3915729062899466
(1.17);0.6221195752396592
(1.18);0.7023710444068402
(1.19);0.6063245083421429
(1.20);0.6826634099837522
(1.21);0.5434679610049379
(1.22);0.48782132770797954
(1.23);0.4391223743051079
(1.24);0.4464741363765864
(1.25);0.5808599569747789
(1.26);0.0
(1.28);0.0
(1.29);0.0
(1.30);0.0
(1.31);0.902259441499434
(2.3);0.0
(2.4);0.0
(2.5);0.9579121321556718
(2.6);1.6817080178636812
(2.7);0.7107776227547005
(2.8);0.6330575785729025
(2.9);0.5543947502707927
(2.10);0.4928074029735208
(2.11);0.46377047519307923
(2.12);0.9099035980005129
(2.13);0.45366176145218734
(2.14);0.45410981577742665
(2.15);0.344407978272385
(2.16);0.42104856280796826
(2.17);0.6792478636134142
(2.18);0.5931034001168458
(2.19);0.5175946755685108
(2.20);0.5452616448075898
(2.21);0.4527525818887915
(2.22);0.41184763472264335
(2.23);0.37335230298335204
(2.24);0.38995308725093003
(2.25);0.5095913918410361
(2.26);0.0
(2.28);0.0
(2.29);0.0
(2.30);0.0
(2.31);0.8882770471523529
(3.4);0.0
(3.5);0.7729450379279472
(3.6);0.8398049000864415
(3.7);0.40843217281732974
(3.8);0.4105359623026629
(3.9);0.35890620529994555
(3.10);0.3371084381220486
(3.11);0.3490726507079824
(3.12);0.636747773572528
(3.13);0.8593903745028414
(3.14);0.7574406460905783
(3.15);0.4834023337081128
(3.16);0.5363301655826966
(3.17);0.8264747396851096
(3.18);0.49991814797906664
(3.19);0.4468846433491849
(3.20);0.43709420208575556
(3.21);0.3795689108154117
(3.22);0.3490261322592011
(3.23);0.31602263149599413
(3.24);0.3445139079656515
(3.25);0.45668736759657436
(3.26);0.0
(3.27);0.0
(3.28);0.0
(3.29);0.0
(3.30);0.0
(3.31);0.8875817571680317
(4.5);1.4442203180399893
(4.6);1.3618073258475873
(4.7);0.5051425801026063
(4.8);0.5185367771320367
(4.9);0.428758823530373
(4.10);0.3976037972923063
(4.11);0.4210619888900467
(4.12);0.9168054367902656
(4.13);0.6927104934658934
(4.14);0.7383125637493021
(4.15);0.4814965377737485
(4.16);0.6082935261616839
(4.17);1.15671737483055
(4.18);0.6293094900567757
(4.19);0.543653589036802
(4.20);0.5241144015709013
(4.21);0.44177141170906065
(4.22);0.39893288058215537
(4.23);0.35428580061798437
(4.24);0.3902040365826728
(4.25);0.5370806413085036
(4.26);0.0
(4.27);0.0
(4.28);0.0
(4.29);0.0
(4.30);0.0
(4.31);1.2158024683369086
(5.6);4.493128701578481
(5.7);1.3247669115618061
(5.8);1.3861543855933784
(5.9);1.0176572449418648
(5.10);0.9055561060287882
(5.11);0.9649817165669563
(5.12);3.195277252988546
(5.13);0.8716244811788837
(5.14);0.9797140934959084
(5.15);0.6997674513983333
(5.16);0.9641917511750583
(5.17);2.066300472133005
(5.18);1.3553575362763368
(5.19);1.088093212562179
(5.20);1.0399851851463986
(5.21);0.8207195662427431
(5.22);0.7137199534858812
(5.23);0.6121800900286845
(5.24);0.6674185348699623
(5.25);0.9454878304341928
(5.26);0.4253145382607475
(5.27);0.541848770552113
(5.28);0.34175146329830397
(5.29);0.2830745170835946
(5.30);0.3451475173412497
(5.31);2.4022786288781734
(6.7);1.4462737961419978
(6.8);1.3841570894855832
(6.9);1.0671776339036896
(6.10);0.9338732096409234
(6.11);0.9309942088845896
(6.12);2.5026965771006706
(6.13);0.8458575324679894
(6.14);0.8920519951578951
(6.15);0.6476490908741472
(6.16);0.8355463133305134
(6.17);1.5278406540904432
(6.18);1.1830510659960989
(6.19);0.9782606687002039
(6.20);0.9788869215918315
(6.21);0.7808071537199771
(6.22);0.6875361933730183
(6.23);0.6001864343702779
(6.24);0.6377408154584634
(6.25);0.8670015210766254
(6.26);0.38299851518918737
(6.27);0.45414265686443445
(6.28);0.3078972412423097
(6.29);0.26481130329346547
(6.30);0.31888246211457133
(6.31);1.7913706498207456
(7.8);4.787683444762087
(7.9);3.742780375887357
(7.10);2.4058116937095186
(7.11);1.7917412346565145
(7.12);2.199725010895613
(7.13);0.5653509919517613
(7.14);0.6108092605721654
(7.15);0.4997023746306567
(7.16);0.6602462715967168
(7.17);1.0249512708602393
(7.18);1.536415112230395
(7.19);1.2801011446335069
(7.20);1.5596110028829206
(7.21);1.1217470156368607
(7.22);0.9595589929226692
(7.23);0.8256412500707202
(7.24);0.8216008377498278
(7.25);1.0824035130910703
(7.26);0.4508598270578865
(7.27);0.4039020615857027
(7.28);0.2731758526577757
(7.29);0.30053380584848344
(7.30);0.3792459761601162
(7.31);1.4652192516551705
(8.9);3.425741633606542
(8.10);2.527639175057617
(8.11);2.5215453753730888
(8.12);2.7069513541811143
(8.13);0.5774359786500814
(8.14);0.641152907274623
(8.15);0.5280595442676059
(8.16);0.7253995650087479
(8.17);1.1510252411213808
(8.18);2.1254731779335696
(8.19);1.662312689573453
(8.20);2.06088108726759
(8.21);1.3437360480438854
(8.22);1.10161163329336
(8.23);0.9079970866430538
(8.24);0.932333211881776
(8.25);1.3076732212784266
(8.26);0.5685882311285452
(8.27);0.48020819722212804
(8.28);0.308911903312016
(8.29);0.3531160598434505
(8.30);0.46229578791353415
(8.31);1.7598960179596987
(9.10);6.648228230189425
(9.11);2.4730576420768897
(9.12);1.5871975149845299
(9.13);0.5135255587447132
(9.14);0.557400963985308
(9.15);0.47037328778805093
(9.16);0.6200895461000198
(9.17);0.9025982569025062
(9.18);1.5516513612308418
(9.19);1.3784589281256865
(9.20);1.9121816954189534
(9.21);1.354686557849655
(9.22);1.155696955205099
(9.23);0.9944903853328124
(9.24);0.9432343224163995
(9.25);1.1863494340051859
(9.26);0.48422874998505233
(9.27);0.3947291988739457
(9.28);0.2738507896637675
(9.29);0.32967106365305104
(9.30);0.41867355215704277
(9.31);1.2988901524085457
(10.11);2.8991227677512876
(10.12);1.3704377326498045
(10.13);0.48980242045776584
(10.14);0.5337839109924946
(10.15);0.45752638213379737
(10.16);0.6032974892739915
(10.17);0.8506594369793371
(10.18);1.5394207468115375
(10.19);1.4334787580855852
(10.20);2.1522216135421686
(10.21);1.5426096848957809
(10.22);1.3177339519402018
(10.23);1.1327248434262303
(10.24);1.0379283925994112
(10.25);1.260199417272261
(10.26);0.5040109400220623
(10.27);0.39131277748604604
(10.28);0.2754160602665835
(10.29);0.3492973373978775
(10.30);0.4445345842448878
(10.31);1.224618854673902
(11.12);1.5493718959261806
(11.13);0.5162520362276382
(11.14);0.5831084238815942
(11.15);0.5050061890120064
(11.16);0.7039731444379557
(11.17);0.9998676517105433
(11.18);2.6371543727957127
(11.19);2.526631824856536
(11.20);5.7824197715533
(11.21);2.471619586239469
(11.22);1.7823832968764755
(11.23);1.3173509742995169
(11.24);1.3487674655996094
(11.25);1.920443418698325
(11.26);0.7729508018510522
(11.27);0.5058067412543344
(11.28);0.334649260420819
(11.29);0.47005828654965154
(11.30);0.6524925985876517
(11.31);1.549323945324577
(12.13);0.7718126765071323
(12.14);0.882010108838715
(12.15);0.6827220846198309
(12.16);0.9806905688277303
(12.17);1.9160620333624065
(12.18);2.2186541835601354
(12.19);1.6128512960941073
(12.20);1.5741881694514688
(12.21);1.137556648225935
(12.22);0.9517983163484975
(12.23);0.7895795642887181
(12.24);0.8598677255612286
(12.25);1.273687180426076
(12.26);0.6678920476574635
(12.27);0.7187804279128739
(12.28);0.42121095367720346
(12.29);0.4042618059449716
(12.30);0.5199448423062728
(12.31);2.9841853166592127
(13.14);2.6630550435020828
(13.15);1.4494550121175838
(13.16);1.0909042832454106
(13.17);1.158540179402638
(13.18);0.6783213416463629
(13.19);0.6248439430144083
(13.20);0.5852139164360992
(13.21);0.5257129756871544
(13.22);0.48593009800472714
(13.23);0.43852036193206256
(13.24);0.4831867138753066
(13.25);0.6200347622259121
(13.26);0.30729253011994173
(13.27);0.4237504529379363
(13.28);0.40691290268718244
(13.29);0.2541080972194977
(13.30);0.2754307458803617
(13.31);1.0657162993149603
(14.15);2.3736762762925254
(14.16);1.8243561352497115
(14.17);1.6361623637322396
(14.18);0.8088713417380929
(14.19);0.7431045793212284
(14.20);0.6708336493185586
(14.21);0.6012112574312234
(14.22);0.5501000694718661
(14.23);0.48750872948943474
(14.24);0.5520304798218075
(14.25);0.7351504619478303
(14.26);0.3828163075664951
(14.27);0.5908179208033787
(14.28);0.5955920943719321
(14.29);0.313666327016218
(14.30);0.33939090836941693
(14.31);1.3743566228951787
(15.16);1.7985424680870015
(15.17);1.150104036312756
(15.18);0.6923271887179757
(15.19);0.6587645765382488
(15.20);0.5907378031562147
(15.21);0.5475037704056821
(15.22);0.508501139178577
(15.23);0.4543777440236443
(15.24);0.5223242248308079
(15.25);0.679063525852926
(15.26);0.35225413549975026
(15.27);0.5191851752119716
(15.28);0.670957659500566
(15.29);0.3127821756723164
(15.30);0.3234884893881933
(15.31);1.0791805546657807
(16.17);2.163126976943199
(16.18);1.073151015675679
(16.19);1.0078826384482853
(16.20);0.8414723683658288
(16.21);0.7637887554147833
(16.22);0.6888865382362771
(16.23);0.5909488846802359
(16.24);0.7089124102435856
(16.25);1.0149762730765917
(16.26);0.5818631587513596
(16.27);1.175817122842408
(16.28);1.7487820272442502
(16.29);0.4821902962215523
(16.30);0.5122217451438632
(16.31);1.9269428429637103
(17.18);1.647314128557453
(17.19);1.374674142246082
(17.20);1.1484327838802288
(17.21);0.9536272554972843
(17.22);0.8275359019626836
(17.23);0.694223237322081
(17.24);0.807545881510977
(17.25);1.2198894466620145
(17.26);0.7561697304544938
(17.27);1.606807075579497
(17.28);0.8125631665720034
(17.29);0.5031164766520686
(17.30);0.6006330507197284
(17.31);5.018534806372618
(18.19);6.125223153145774
(18.20);3.526974613108787
(18.21);2.135875600018345
(18.22);1.569597987129294
(18.23);1.148335141695751
(18.24);1.3920590199780056
(18.25);2.789326906412121
(18.26);1.9676725860924444
(18.27);1.066969892038355
(18.28);0.5738146058278495
(18.29);0.7653230443856011
(18.30);1.2065156509649735
(18.31);3.0666096784309502
(19.20);4.346935033501016
(19.21);2.939066986115455
(19.22);1.9867442746270099
(19.23);1.3422389154881973
(19.24);1.767369633247058
(19.25);4.759431969249514
(19.26);2.9538083624641494
(19.27);0.9699672457660313
(19.28);0.5753778269810269
(19.29);0.9765712588352159
(19.30);1.813816879980827
(19.31);2.301286807436256
(20.21);4.333310354505033
(20.22);2.5599867349205794
(20.23);1.6636201796537695
(20.24);1.8806835673410942
(20.25);3.0804109742110977
(20.26);1.3214130027925572
(20.27);0.7224166490586508
(20.28);0.47522999713462677
(20.29);0.7556019611489126
(20.30);1.128467935650036
(20.31);1.7749649731017076
(21.22);5.9146610178611665
(21.23);2.4766628868552636
(21.24);3.2004982173335668
(21.25);3.7039988295833073
(21.26);1.1648701271226178
(21.27);0.6297455874636321
(21.28);0.45416760306974824
(21.29);0.8746522901364424
(21.30);1.2326112951900943
(21.31);1.389396349595705
(22.23);4.11272408911688
(22.24);4.762965143285804
(22.25);2.675386164944795
(22.26);0.9042837552516212
(22.27);0.5463379050537738
(22.28);0.418852603109585
(22.29);0.8149169634593109
(22.30);1.0078594901967006
(22.31);1.158196022889511
(23.24);3.091474952627271
(23.25);1.6761474302203858
(23.26);0.6548031317512834
(23.27);0.44881906623256657
(23.28);0.36180462106198985
(23.29);0.6322443949723102
(23.30);0.7124091425815663
(23.31);0.9344626569055842
(24.25);2.7596977458838237
(24.26);0.9259222542593999
(24.27);0.5668465720839112
(24.28);0.4572911440856843
(24.29);1.04866676298437
(24.30);1.1452123238734497
(24.31);1.1049377831052274
(25.26);2.7252058924984275
(25.27);0.9699583428132742
(25.28);0.670041937577636
(25.29);1.7830647026053514
(25.30);4.325957959179507
(25.31);1.8223802464937173
(26.27);0.0
(26.28);0.0
(26.29);0.0
(26.30);0.0
(26.31);1.4480466947825996
(27.28);0.0
(27.29);0.0
(27.30);0.0
(27.31);2.696443740108459
(28.29);0.0
(28.30);0.0
(28.31);0.9990120049786229
(29.30);0.0
(29.31);0.8013249667785208
(30.31);1.0391827863020417

****Importance nodes******

0; 0.05
1; DISCONNECTED
2; DISCONNECTED
3; DISCONNECTED
4; DISCONNECTED
5; 0.0016129032258064516
6; 0.0016649323621227888
7; 0.001718639857675137
8; 0.0017740798530840123
9; 0.001831308235441561
10; 0.0018903826946493534
11; 0.001951362781573526
12; 0.002014309968075898
13; 0.0020792877089815718
14; 0.0021463615060454935
15; 0.002215598973982445
16; 0.00228706990862704
17; 0.0023608463572924285
18; 0.002437002691398636
19; 0.002515615681443753
20; 0.0025967645743935515
21; 0.002680531173567537
22; 0.002766999921101974
23; 0.002856257983073005
24; 0.0029483953373656826
25; 0.0030435048643774787
26; DISCONNECTED
27; DISCONNECTED
28; DISCONNECTED
29; DISCONNECTED
30; DISCONNECTED
31; 0.00314168244064772
