
****Importance edges******

(0.5);22.873179988350145
(0.6);17.688639183995864
(0.7);15.350709972321427
(0.8);18.355684948561027
(0.9);13.708362744393543
(0.10);12.960817630137221
(0.11);16.648089402348393
(0.12);26.92078815843833
(0.13);10.592985364913398
(0.14);13.595233606053888
(0.15);10.93181347749808
(0.16);20.000300890968642
(0.17);41.28800917315776
(0.18);32.354730839421144
(0.19);24.57812895851773
(0.20);17.656513076917992
(0.21);13.81751330781972
(0.22);11.304915036004132
(0.23);8.897621219166139
(0.24);10.608226586935787
(0.25);17.98346531626347
(0.31);141.0332326923821
(1.2);0.0
(1.3);0.0
(1.4);0.0
(1.5);0.7929847351993404
(1.6);1.0832603150441542
(1.7);1.3984347000473316
(1.8);0.9944921836594867
(1.9);0.8898939014019636
(1.10);0.7301848761930303
(1.11);0.6183685416982105
(1.12);1.0861456282074322
(1.13);0.3649028254893662
(1.14);0.38314110018113406
(1.15);0.3069044765598144
(1.16);0.39176760831484186
(1.17);0.6224289121194085
(1.18);0.702720284771475
(1.19);0.6066259914315536
(1.20);0.6830028511098125
(1.21);0.5437381898966044
(1.22);0.488063887391671
(1.23);0.43934071937975594
(1.24);0.446696136972183
(1.25);0.5811487783104405
(1.26);0.0
(1.27);0.0
(1.28);0.0
(1.29);0.0
(1.30);0.0
(1.31);0.9027080724885012
(2.3);0.0
(2.4);0.0
(2.5);0.9583884353646184
(2.6);1.6825442145236158
(2.7);0.7111310431271971
(2.8);0.6333723541624376
(2.9);0.5546704122962677
(2.10);0.4930524418863287
(2.11);0.46400107605732765
(2.12);0.9103560298979818
(2.13);0.4538873359547983
(2.14);0.4543356130663515
(2.15);0.3445792284525751
(2.16);0.42125792103076937
(2.17);0.6795856064253577
(2.18);0.5933983092668919
(2.19);0.5178520394713483
(2.20);0.545532765573701
(2.21);0.4529777043195172
(2.22);0.4120524179625988
(2.23);0.37353794516702327
(2.24);0.3901469838522585
(2.25);0.5098447762664313
(2.26);0.0
(2.27);0.0
(2.28);0.0
(2.29);0.0
(2.30);0.0
(2.31);0.8887187256673124
(3.4);0.0
(3.5);0.7733293698405996
(3.6);0.8402224767674049
(3.7);0.4086352577851671
(3.8);0.4107400933389748
(3.9);0.3590846644420284
(3.10);0.33727605874762645
(3.11);0.3492462203059721
(3.12);0.6370643840398781
(3.13);0.8598176896806878
(3.14);0.757817268745422
(3.15);0.4836426961328368
(3.16);0.5365968453441764
(3.17);0.8268856882026312
(3.18);0.5001667225717666
(3.19);0.44710684806140333
(3.20);0.43731153869114636
(3.21);0.3797576440866261
(3.22);0.3491996787267953
(3.23);0.3161797676136279
(3.24);0.34468521081732484
(3.25);0.45691444652309565
(3.26);0.0
(3.27);0.0
(3.28);0.0
(3.29);0.0
(3.30);0.0
(3.31);0.8880230899635462
(4.5);1.4449384285522344
(4.6);1.362484458099591
(4.7);0.5053937524427424
(4.8);0.5187946094765848
(4.9);0.42897201553061637
(4.10);0.39780149806065707
(4.11);0.4212713537887065
(4.12);0.9172613004930671
(4.13);0.6930549303091416
(4.14);0.7386796753365914
(4.15);0.48173595257844687
(4.16);0.608595988306975
(4.17);1.1572925300864252
(4.18);0.629622401982069
(4.19);0.5439239102284033
(4.20);0.5243750072809068
(4.21);0.4419910739661242
(4.22);0.39913124221136664
(4.23);0.3544619623535486
(4.24);0.390398057963684
(4.25);0.5373476942294669
(4.26);0.0
(4.27);0.0
(4.28);0.0
(4.29);0.0
(4.30);0.0
(4.31);1.2164070025083373
(5.6);4.495362822587008
(5.7);1.3254256261869806
(5.8);1.3868436239481197
(5.9);1.0181632552481363
(5.10);0.9060063762202849
(5.11);0.9654615349894887
(5.12);3.196866042563272
(5.13);0.8720578795287381
(5.14);0.9802012373068257
(5.15);0.7001153971768959
(5.16);0.9646711768026376
(5.17);2.0673278999235998
(5.18);1.356031461495705
(5.19);1.088634245785769
(5.20);1.0405022975874192
(5.21);0.8211276531120126
(5.22);0.7140748368752058
(5.23);0.6124844846923971
(5.24);0.6677503957778659
(5.25);0.945957955900338
(5.26);0.42552601765701453
(5.27);0.542118194332765
(5.28);0.34192139257800197
(5.29);0.2832152703910556
(5.30);0.34531913524288294
(5.31);2.4034731152838766
(6.7);1.4469929277063591
(6.8);1.384845334723614
(6.9);1.0677082672618874
(6.10);0.9343375599623879
(6.11);0.9314571276788266
(6.12);2.5039409943814186
(6.13);0.8462781187028872
(6.14);0.8924955506924562
(6.15);0.6479711218098663
(6.16);0.835961772511897
(6.17);1.5286003431912218
(6.18);1.1836393151686126
(6.19);0.9787470898238613
(6.20);0.9793736541075799
(6.21);0.7811953949170568
(6.22);0.6878780573960092
(6.23);0.6004848654215825
(6.24);0.6380579196966105
(6.25);0.8674326207493283
(6.26);0.38318895376458767
(6.27);0.45436847048295215
(6.28);0.30805033716740204
(6.29);0.2649429755724668
(6.30);0.31904102022745395
(6.31);1.7922613740952176
(7.8);4.790064027397603
(7.9);3.744641400759655
(7.10);2.4070079368631117
(7.11);1.7926321431971008
(7.12);2.2008187814475444
(7.13);0.5656321017556865
(7.14);0.6111129736175468
(7.15);0.4999508419342488
(7.16);0.6605745662359639
(7.17);1.0254609079792787
(7.18);1.5371790648140027
(7.19);1.2807376500733043
(7.20);1.560386489172785
(7.21);1.1223047825606096
(7.22);0.9600361150011567
(7.23);0.826051784151714
(7.24);0.8220093628142435
(7.25);1.0829417172220694
(7.26);0.4510840083530222
(7.27);0.4041028940436866
(7.28);0.2733116840465429
(7.29);0.3006832404482942
(7.30);0.3794345488583434
(7.31);1.465947803479442
(8.9);3.4274450171198465
(8.10);2.528895994560915
(8.11);2.52279916485281
(8.12);2.7082973331839666
(8.13);0.5777230974790009
(8.14);0.6414717081091768
(8.15);0.5283221116232186
(8.16);0.7257602558581314
(8.17);1.1515975660742874
(8.18);2.1265300282032302
(8.19);1.663139242282974
(8.20);2.0619058203742826
(8.21);1.344404194703872
(8.22);1.1021593882891862
(8.23);0.908448570564767
(8.24);0.9327967964692552
(8.25);1.308323436397998
(8.26);0.5688709505867968
(8.27);0.48044697142450155
(8.28);0.30906550375812186
(8.29);0.3532916399481262
(8.30);0.46252565551816516
(8.31);1.7607710920845876
(9.10);6.651533932595264
(9.11);2.474287321972665
(9.12);1.587986718131919
(9.13);0.5137808993582158
(9.14);0.5576781207921842
(9.15);0.4706071717726623
(9.16);0.6203978735871944
(9.17);0.9030470563609542
(9.18);1.5524228897434387
(9.19);1.3791443400636163
(9.20);1.9131324906401885
(9.21);1.355360149438028
(9.22);1.156271603077128
(9.23);0.9949848763679501
(9.24);0.9437033273694367
(9.25);1.1869393232271512
(9.26);0.4844695233292243
(9.27);0.39492547030404584
(9.28);0.27398695665185635
(9.29);0.3298349861885778
(9.30);0.4188817294519108
(9.31);1.299536000317653
(10.11);2.900564300258348
(10.12);1.371119156204023
(10.13);0.49004596520136234
(10.14);0.5340493246783173
(10.15);0.45775387824400704
(10.16);0.6035974672369432
(10.17);0.8510824108680195
(10.18);1.5401861938885835
(10.19);1.4341915275657007
(10.20);2.153291763952089
(10.21);1.5433767176103725
(10.22);1.318389169562756
(10.23);1.1332880688617024
(10.24);1.0384444823402723
(10.25);1.2608260269645388
(10.26);0.5042615496761402
(10.27);0.39150735016694416
(10.28);0.2755530055550884
(10.29);0.3494710187169612
(10.30);0.4447556204358452
(10.31);1.2252277726222582
(11.12);1.5501422910189127
(11.13);0.5165087325291319
(11.14);0.5833983632237691
(11.15);0.5052572935343211
(11.16);0.7043231814157246
(11.17);1.0003648164869825
(11.18);2.6384656466047454
(11.19);2.5278881434745055
(11.20);5.78529496751357
(11.21);2.4728485510899003
(11.22);1.783269552364194
(11.23);1.318006001493875
(11.24);1.3494381140342857
(11.25);1.9213983219010518
(11.26);0.7733351366297037
(11.27);0.506058243835708
(11.28);0.3348156582680321
(11.29);0.47029201390601333
(11.30);0.6528170378635401
(11.31);1.5500943165748036
(12.13);0.772196445375054
(12.14);0.8824486712402767
(12.15);0.6830615549207146
(12.16);0.9811781981720473
(12.17);1.917014758006344
(12.18);2.2197573662756462
(12.19);1.6136532550860603
(12.20);1.57497090395438
(12.21);1.1381222761825298
(12.22);0.9522715795812396
(12.23);0.7899721673966283
(12.24);0.8602952780926206
(12.25);1.2743204966467048
(12.26);0.6682241440104068
(12.27);0.7191378275248534
(12.28);0.4214203926457114
(12.29);0.40446281727885336
(12.30);0.5202033747838899
(12.31);2.9856691448671473
(13.14);2.6643791959167378
(13.15);1.4501757254798227
(13.16);1.0914467142193183
(13.17);1.1591162410126952
(13.18);0.6786586237632477
(13.19);0.6251546345331376
(13.20);0.5855049026935666
(13.21);0.5259743762571014
(13.22);0.4861717173111687
(13.23);0.43873840766774663
(13.24);0.4834269690872551
(13.25);0.6203430624728692
(13.26);0.30744532536416946
(13.27);0.42396115462314476
(13.28);0.4071152322274457
(13.29);0.2542344475370916
(13.30);0.27556769847100293
(13.31);1.0662462060529072
(14.15);2.3748565407337474
(14.16);1.8252632609163688
(14.17);1.6369759136999693
(14.18);0.809273537307772
(14.19);0.7434740736452194
(14.20);0.671167208325814
(14.21);0.6015101980558972
(14.22);0.5503735960506991
(14.23);0.48775113373973134
(14.24);0.5523049662597063
(14.25);0.735516001241394
(14.26);0.3830066555426927
(14.27);0.5911116935432108
(14.28);0.5958882409768761
(14.29);0.31382229150719915
(14.30);0.3395596639090089
(14.31);1.3750399950414827
(15.16);1.7994367584088586
(15.17);1.1506759032144576
(15.18);0.6926714349703802
(15.19);0.6590921344333968
(15.20);0.5910315360591022
(15.21);0.547776006025214
(15.22);0.5087539814970041
(15.23);0.45460367453468736
(15.24);0.5225839404101874
(15.25);0.6794011770064973
(15.26);0.3524292870292811
(15.27);0.5194433299598757
(15.28);0.6712912801694766
(15.29);0.3129377005362084
(15.30);0.3236493377587073
(15.31);1.0797171562432795
(16.17);2.1642025498333326
(16.18);1.0736846191819842
(16.19);1.0083837885212612
(16.20);0.8418907741630188
(16.21);0.764168534543734
(16.22);0.6892290736920329
(16.23);0.5912427225393131
(16.24);0.7092649031753759
(16.25);1.0154809503216569
(16.26);0.5821524789096265
(16.27);1.1764017750771427
(16.28);1.7496515751530444
(16.29);0.48243005598416894
(16.30);0.5124764374613675
(16.31);1.9279009778789604
(17.18);1.64813322352372
(17.19);1.3753576722727185
(17.20);1.149003819784107
(17.21);0.9541014281345074
(17.22);0.8279473781225442
(17.23);0.6945684263478402
(17.24);0.807947418021293
(17.25);1.2204960130040625
(17.26);0.7565457211712134
(17.27);1.6076060292001533
(17.28);0.8129671978299007
(17.29);0.5033666415516027
(17.30);0.6009317038423413
(17.31);5.021030175365499
(18.19);6.128268801431689
(18.20);3.5287283327556156
(18.21);2.1369376226904144
(18.22);1.5703784392531681
(18.23);1.148906129048949
(18.24);1.3927511942975503
(18.25);2.7907138450589204
(18.26);1.968650973081659
(18.27);1.0675004221009439
(18.28);0.5740999239994454
(18.29);0.7657035864099528
(18.30);1.207115567446776
(18.31);3.06813449055243
(19.20);4.349096462546579
(19.21);2.9405283801095425
(19.22);1.9877321446430536
(19.23);1.342906317728089
(19.24);1.7682484234820415
(19.25);4.761798504387361
(19.26);2.9552770863214084
(19.27);0.9704495431461592
(19.28);0.5756639224339899
(19.29);0.9770568399326193
(19.30);1.8147187652074313
(19.31);2.302431077619599
(20.21);4.335465008943502
(20.22);2.561259638619961
(20.23);1.664447382487347
(20.24);1.8816187007297083
(20.25);3.0819426487589388
(20.26);1.3220700497517157
(20.27);0.7227758567109943
(20.28);0.4754662960236632
(20.29);0.7559776695533691
(20.30);1.1290290444207685
(20.31);1.7758475399719629
(21.22);5.917601968213573
(21.23);2.477894359389006
(21.24);3.2020896029314434
(21.25);3.705840571084686
(21.26);1.165449336176277
(21.27);0.6300587162298936
(21.28);0.4543934290922822
(21.29);0.8750871940055134
(21.30);1.2332241872243161
(21.31);1.3900871999541005
(22.23);4.114769061317774
(22.24);4.76533343522584
(22.25);2.676716448770168
(22.26);0.9047333927913976
(22.27);0.5466095609693958
(22.28);0.41906086943406273
(22.29);0.8153221650970093
(22.30);1.008360628759658
(22.31);1.158771913374424
(23.24);3.093012128523562
(23.25);1.6769808619860793
(23.26);0.655128719894926
(23.27);0.44904223279900507
(23.28);0.3619845213850349
(23.29);0.6325587662220888
(23.30);0.7127633741956192
(23.31);0.9349273003182562
(24.25);2.7610699520058293
(24.26);0.9263826511226763
(24.27);0.5671284255360189
(24.28);0.4575185232283418
(24.29);1.0491881921714095
(24.30);1.145781758466118
(24.31);1.1054871919644669
(25.26);2.7265609482160285
(25.27);0.9704406357665816
(25.28);0.6703751029216001
(25.29);1.7839512969088385
(25.30);4.328108957782154
(25.31);1.8232863896880542
(26.27);0.0
(26.28);0.0
(26.29);0.0
(26.30);0.0
(26.31);1.4487667078863873
(27.28);0.0
(27.29);0.0
(27.30);0.0
(27.31);2.6977844944042286
(28.29);0.0
(28.30);0.0
(28.31);0.9995087443013377
(29.30);0.0
(29.31);0.8017234100597711
(30.31);1.0396994997658162

****Importance nodes******

0; 0.05
1; DISCONNECTED
2; DISCONNECTED
3; DISCONNECTED
4; DISCONNECTED
5; 0.0016129032258064516
6; 0.0016649323621227888
7; 0.001718639857675137
8; 0.0017740798530840123
9; 0.001831308235441561
10; 0.0018903826946493534
11; 0.001951362781573526
12; 0.002014309968075898
13; 0.0020792877089815718
14; 0.0021463615060454935
15; 0.002215598973982445
16; 0.00228706990862704
17; 0.0023608463572924285
18; 0.002437002691398636
19; 0.002515615681443753
20; 0.0025967645743935515
21; 0.002680531173567537
22; 0.002766999921101974
23; 0.002856257983073005
24; 0.0029483953373656826
25; 0.0030435048643774787
26; DISCONNECTED
27; DISCONNECTED
28; DISCONNECTED
29; DISCONNECTED
30; DISCONNECTED
31; 0.00314168244064772
