
****Mix criterion 0.5*C(weight)+0.5*C(distance) ******

(0.5);0.47580363151846317
(0.6);0.42641515323829055
(0.7);0.39720081716472516
(0.8);0.43353101703593483
(0.10);0.35906372821182336
(0.11);0.41348367079383724
(0.12);0.505190684456223
(0.13);0.3080778000057647
(0.14);0.3691486353445586
(0.15);0.3158048577454749
(0.16);0.44882874255586436
(0.17);0.587309369773298
(0.18);0.5391286018510598
(0.19);0.4874729238699164
(0.20);0.4236383369189782
(0.21);0.37101199612885044
(0.22);0.3222070489081224
(0.23);0.25427417303220673
(0.24);0.304630989580913
(0.25);0.4260318197155181
(0.31);0.9824127216643568
(1.2);0.4395648423229701
(1.3);0.34371603677550117
(1.4);0.3719146514821577
(1.5);0.4078868379672697
(1.6);0.4321107130632521
(1.7);0.44760196650912565
(1.8);0.42038900530360507
(1.9);0.4039579470053061
(1.10);0.3816871609104421
(1.11);0.3549995145245662
(1.12);0.41719119068793303
(1.13);0.23532663695015285
(1.14);0.23987822602746145
(1.15);0.1641440047110574
(1.16);0.22890297319624223
(1.17);0.3252184304872849
(1.18);0.3406577637276753
(1.19);0.3086342833200403
(1.20);0.3250230596293536
(1.21);0.27181307244843694
(1.22);0.23710711928726985
(1.23);0.19811335227863083
(1.24);0.19350866124856847
(1.25);0.2576026688326664
(1.26);0.281273538781861
(1.27);0.28326927738335145
(1.28);0.19297603229189564
(1.29);0.18968553928843404
(1.30);0.2440189965396843
(1.31);0.3407629799261159
(2.3);0.3987161285875143
(2.4);0.41453271954377663
(2.5);0.4248556985862158
(2.6);0.45978395429203034
(2.7);0.3897314914992907
(2.8);0.37159870363958203
(2.9);0.34591486889269296
(2.10);0.32276278363584227
(2.11);0.30543664845138135
(2.12);0.39987259970333006
(2.13);0.28776856602752754
(2.14);0.28109129673143285
(2.15);0.20111023283762075
(2.16);0.24807721237743469
(2.17);0.34031130956903455
(2.18);0.31045103587955764
(2.19);0.2751405164922808
(2.20);0.27981585966507583
(2.21);0.22540082107420778
(2.22);0.1880361604556914
(2.23);0.14443726928614128
(2.24);0.14866513431610015
(2.25);0.223174311808352
(2.26);0.2561580792163952
(2.27);0.28283921220922914
(2.28);0.20238469028543613
(2.29);0.16465662506863035
(2.30);0.21602568071120193
(2.31);0.3381569216546411
(3.4);0.45324357736499427
(3.5);0.4054045213991898
(3.6);0.4105010894814775
(3.7);0.3051664563376729
(3.8);0.2999291330581516
(3.9);0.26198924640457233
(3.10);0.23958513219175348
(3.11);0.24052571438108905
(3.12);0.35463255298443175
(3.13);0.3901020197374011
(3.14);0.3704293085056604
(3.15);0.28787111435781304
(3.16);0.30293587989770276
(3.17);0.3697207629798697
(3.18);0.27439247008645107
(3.19);0.239016001550391
(3.20);0.22445164313334998
(3.21);0.17189999210959844
(3.22);0.13141110513599438
(3.23);0.07950176871043864
(3.24);0.10199100054957211
(3.25);0.1907184549025641
(3.26);0.23531496865872847
(3.27);0.2983710873345779
(3.28);0.24490572188713802
(3.29);0.15232322744487467
(3.30);0.1946389534422527
(3.31);0.33802523016066605
(4.5);0.4530278861693128
(4.6);0.4478007568012439
(4.7);0.34308779087582797
(4.8);0.34230884979679094
(4.9);0.3007651551487457
(4.10);0.279591487525738
(4.11);0.2853721487303803
(4.12);0.4006737727715476
(4.13);0.3623711888087981
(4.14);0.3669388515462052
(4.15);0.28701833418534717
(4.16);0.3267159364265819
(4.17);0.4089479835772494
(4.18);0.3216071421466128
(4.19);0.28610045486967806
(4.20);0.2707763773799177
(4.21);0.21849801834569493
(4.22);0.17784594458347755
(4.23);0.12516650142192237
(4.24);0.14889282279638627
(4.25);0.2375284884823989
(4.26);0.2812126077464683
(4.27);0.3383497230655555
(4.28);0.2737018556154199
(4.29);0.19659198957577242
(4.30);0.2403483229550521
(4.31);0.38375708398956
(5.6);0.4835306223357708
(5.7);0.3929785634985382
(5.8);0.3964530761207807
(5.9);0.3513359578524762
(5.10);0.3312950017409156
(5.11);0.33940332785927185
(5.12);0.4607274891415963
(5.13);0.3148595096917038
(5.14);0.33295640271804705
(5.15);0.2593888235719117
(5.16);0.32367344978817825
(5.17);0.42194781782669244
(5.18);0.37207891195840215
(5.19);0.33531783327683073
(5.20);0.3239007882895928
(5.21);0.27047048153067327
(5.22);0.2298725910380699
(5.23);0.17782029376195094
(5.24);0.19872196937427222
(5.25);0.28451565423917125
(5.26);0.3246139799667916
(5.27);0.36307137409949086
(5.28);0.2810647218680447
(5.29);0.23522379723358963
(5.30);0.283242876766753
(5.31);0.420570169908199
(6.7);0.40119747922947935
(6.8);0.3946180621013011
(6.9);0.3562591560940323
(6.10);0.33413085940579645
(6.11);0.330806416087539
(6.12);0.4434314210336884
(6.13);0.306305137808095
(6.14);0.3133087289219939
(6.15);0.2360794691039939
(6.16);0.29279300983877055
(6.17);0.3884007099306514
(6.18);0.350178062044132
(6.19);0.31363875986569556
(6.20);0.3100965113653398
(6.21);0.25549163940986996
(6.22);0.2160372739955571
(6.23);0.16744677137336456
(6.24);0.1808657539198933
(6.25);0.26177028379038453
(6.26);0.2985829763676917
(6.27);0.3306010810073846
(6.28);0.248856656261307
(6.29);0.2076643204465536
(6.30);0.25758485267767106
(6.31);0.3871343117907336
(7.8);0.4848633045021667
(7.9);0.4642909322302518
(7.10);0.4417558931722717
(7.11);0.4154844232412227
(7.12);0.43229502428134153
(7.13);0.20353670899404822
(7.14);0.22102721679732332
(7.15);0.15198111142884524
(7.16);0.2327794160822455
(7.17);0.326842332789553
(7.18);0.38530873505923413
(7.19);0.35761509765229166
(7.20);0.38266150667055376
(7.21);0.3297027678090092
(7.22);0.2956836720517143
(7.23);0.2567268244293075
(7.24);0.2505197279954984
(7.25);0.3083302044130782
(7.26);0.32378772947523554
(7.27);0.3029489295452535
(7.28);0.20750317023735368
(7.29);0.23431459315416092
(7.30);0.28995746530477395
(7.31);0.3578189908771438
(8.9);0.4594237034382096
(8.10);0.4445658151066583
(8.11);0.44362308847861753
(8.12);0.44743581237931535
(8.13);0.2055914733192134
(8.14);0.23063036673323659
(8.15);0.16622669806764762
(8.16);0.25385747367520667
(8.18);0.41965312913314
(8.19);0.3913634943555474
(8.20);0.4132579644308694
(8.21);0.3574924734215106
(8.22);0.32077555503848504
(8.23);0.2766705927671756
(8.24);0.2782784690085147
(8.25);0.3409615092956533
(8.26);0.3565406688708421
(8.27);0.3294304036475123
(8.28);0.2332440020394571
(8.29);0.2669408907833246
(8.30);0.32268760652393896
(8.31);0.3822115138444438
(9.10);0.4867475788074315
(9.11);0.4367403663466057
(9.12);0.3952282700176968
(9.13);0.1626380345510708
(9.14);0.18401703776060982
(9.15);0.11867464768004464
(9.16);0.20613589930408122
(9.17);0.29549154265248206
(9.18);0.3809546120107091
(9.19);0.36275867464445727
(9.20);0.40116359075063346
(9.21);0.3548312177474153
(9.22);0.32565190379671155
(9.23);0.29270061838012906
(9.24);0.2768987707296673
(9.25);0.320019665833934
(9.26);0.3235878688150091
(9.27);0.2835893079274317
(9.28);0.1880661176706711
(9.29);0.24088272127256294
(9.30);0.29596591674476164
(9.31);0.3328099934395057
(10.11);0.4514534000873592
(10.12);0.37814255237588723
(10.13);0.1416404151048029
(10.14);0.16587579290843152
(10.15);0.10289464832728058
(10.16);0.19446438117324888
(10.17);0.2809809991096492
(10.18);0.38052503331915377
(10.19);0.36849510743993363
(10.20);0.41498499198414157
(10.21);0.37369559565653876
(10.22);0.3475389851795532
(10.23);0.3177521221295715
(10.24);0.29647883998336844
(10.25);0.33042299123016994
(10.26);0.32677873450073747
(10.27);0.27600444320774303
(10.28);0.18078141790315871
(10.29);0.24875476733169358
(10.30);0.3031663023688762
(10.31);0.3217366587588203
(11.12);0.391809245965551
(11.13);0.15498983086630702
(11.14);0.18988428995106693
(11.15);0.1352330950656879
(11.16);0.23503160078345892
(11.17);0.3120344159852798
(11.18);0.43561079175924494
(11.19);0.4306039163895667
(11.21);0.4255349894090807
(11.22);0.38873151775227976
(11.23);0.34255037494876067
(11.24);0.3434013527430223
(11.25);0.3912679471749083
(11.26);0.3850805241479593
(11.27);0.32190247268134375
(11.28);0.22923408218175884
(11.29);0.30808516958060594
(11.30);0.36289751557791977
(12.13);0.26703698816468163
(12.14);0.2934770016498993
(12.15);0.22711299479847522
(12.16);0.3085301294396449
(12.17);0.4053127461068568
(12.18);0.4186636511411898
(12.19);0.3809003135260047
(12.20);0.37543595829237647
(12.21);0.3205874502545956
(12.22);0.2801259305306614
(12.23);0.22869270865566857
(12.24);0.2465760954559533
(12.25);0.3279923122931677
(12.26);0.3616208014385812
(12.27);0.37175615467139533
(12.28);0.2783814277835778
(12.29);0.2689705720922806
(12.30);0.3210810486797565
(12.31);0.43368403759579394
(13.14);0.4386888421981689
(13.15);0.37336112572905206
(13.16);0.325949635441057
(13.17);0.3338224150512729
(13.18);0.20660026744972879
(13.19);0.17551209385362043
(13.20);0.14709953330727968
(13.21);0.09959569106787927
(13.22);0.058623205587641176
(13.23);0.0015162446184344616
(13.24);0.03941995580403175
(13.25);0.1351017698359965
(13.26);0.18543003688697662
(13.27);0.2725743758846258
(13.28);0.2630453638652853
(13.29);0.11918635789175067
(13.30);0.1488084665264458
(13.31);0.2860892662718153
(14.15);0.4265461832849316
(14.16);0.3983307394443716
(14.17);0.3833836224056699
(14.18);0.25111251522727485
(14.19);0.22390728093983497
(14.20);0.18826452030170573
(14.21);0.14541021581328373
(14.22);0.10511145059719229
(14.23);0.04581677718981951
(14.24);0.09190723111994774
(14.25);0.1889205520177057
(14.26);0.23978599091552127
(14.27);0.33257727961982536
(14.28);0.3339520873992868
(14.29);0.18189102563029894
(14.30);0.20617301894043968
(14.31);0.33387490097030836
(15.16);0.39498208044924976
(15.17);0.32727599468399365
(15.18);0.20388514273140884
(15.19);0.18325915941740134
(15.20);0.1401860018023777
(15.21);0.10461907997690474
(15.22);0.06645855365445072
(15.23);0.005693285416345423
(15.24);0.06259772518371338
(15.25);0.15829377292769184
(15.26);0.20782119956280398
(15.27);0.30272938558134416
(15.28);0.34828030214380457
(15.29);0.17066021806254222
(15.30);0.18163272356274238
(15.31);0.2832390471678604
(16.17);0.4121582509875438
(16.18);0.3082049925081745
(16.19);0.2918518916809873
(16.20);0.2451325075273851
(16.21);0.21370725657552225
(16.22);0.1764564295194476
(16.23);0.11539176058258971
(16.24);0.17436449332981915
(16.25);0.27019301609170415
(16.26);0.3186584316338351
(16.27);0.4133219070477894
(16.28);0.4450240611071764
(16.29);0.2804156456692968
(16.30);0.2934907253188521
(16.31);0.38157859356755197
(17.18);0.37650596866794916
(17.19);0.34733334481277517
(17.20);0.3123551291603624
(17.21);0.2685083632997249
(17.22);0.227636565035149
(17.23);0.16859135148873985
(17.24);0.21077023713124146
(17.25);0.30748208482125383
(17.26);0.357079853013342
(17.27);0.43723204623182965
(17.28);0.36738957744165845
(17.29);0.2829218230114436
(17.30);0.31880895668864045
(18.20);0.4492418828104055
(18.21);0.40106566952151995
(18.22);0.35822422958554834
(18.23);0.2992555518525828
(18.24);0.33302237821853414
(18.25);0.42250350721066204
(18.26);0.4492459888969934
(18.27);0.39726353148898963
(18.28);0.30393947472582206
(18.29);0.35419505169076915
(18.30);0.41008389984089827
(18.31);0.4300604467538594
(19.20);0.4633538523020057
(19.22);0.3888668215288893
(19.23);0.32692301170938237
(19.24);0.3688679352619574
(19.25);0.4648368809487813
(19.26);0.47083267478986235
(19.27);0.3824896931048695
(19.28);0.298114566054248
(19.29);0.383331398540884
(19.30);0.44178890708283686
(19.31);0.39896017057622013
(20.21);0.4612117996979484
(20.23);0.3602563894999678
(20.24);0.3756507404469887
(20.25);0.42952480665018705
(20.26);0.4130935151060864
(20.27);0.33493018260486873
(20.28);0.2468271898159835
(20.29);0.34241368422272506
(20.30);0.39672535954926536
(20.31);0.36269969993116224
(21.22);0.479591574336182
(21.23);0.4092676545816555
(21.24);0.43295898907385505
(21.25);0.44418427615023365
(21.26);0.3966990375569851
(21.27);0.30363269368729773
(21.28);0.22626616443150516
(21.29);0.36007666204452476
(21.30);0.40283301025986656
(21.31);0.31870464016832656
(22.23);0.453511074627567
(22.24);0.46319762382504154
(22.25);0.4127873584373119
(22.26);0.36040272998015904
(22.27);0.2656485744478803
(22.28);0.1933016325638448
(22.29);0.3444405386111319
(22.30);0.37542996918075494
(22.31);0.2774159462677807
(23.24);0.42729544685300924
(23.25);0.34943789053101887
(23.26);0.2987971554103808
(23.27);0.2047019978007374
(23.28);0.13300759035439505
(23.29);0.2914591371596647
(23.30);0.31544942453225466
(23.31);0.21812500931316492
(24.25);0.41310366683689753
(24.26);0.3546725732918109
(24.27);0.25933851222592835
(24.28);0.20083258175434687
(24.29);0.37248334906846287
(24.30);0.3838740511382822
(24.31);0.2590098586392508
(25.26);0.4573455023435314
(25.27);0.3569946770423557
(25.28);0.2904420590882694
(25.29);0.4265558704021585
(25.30);0.4821679317493952
(25.31);0.3555961161062294
(26.27);0.40521525169829353
(26.28);0.33162903787113257
(26.29);0.40798386883509286
(26.30);0.45888676893018127
(26.31);0.40390915153904533
(27.28);0.40440310991764633
(27.29);0.34667801943741156
(27.30);0.3743733940539378
(27.31);0.4551727762501968
(28.29);0.31917025319449394
(28.30);0.3179214871301564
(28.31);0.35683488904320204
(29.30);0.44453309981890016
(29.31);0.3199480206278033
(30.31);0.36264726536706804
