
****Importance edges******

(0.5);22.58526756731121
(0.6);17.484748041839488
(0.7);15.158010094252255
(0.8);18.146006089268496
(0.10);12.78404741106539
(0.11);16.461823946529837
(0.12);26.553990341772586
(0.13);10.461857096456605
(0.14);13.409670615741346
(0.15);10.782245292019532
(0.16);19.72598309282533
(0.17);40.79446860769851
(0.18);31.958815406022403
(0.19);24.28016280826644
(0.20);17.44950619520871
(0.21);13.629352999421661
(0.22);11.150488938603454
(0.23);8.790914330403169
(0.24);10.482468056266043
(0.25);17.770639433456164
(0.31);139.26469544722636
(1.2);0.0
(1.3);0.0
(1.4);0.0
(1.5);0.783003169231056
(1.6);1.1052791176628027
(1.7);1.3822704982373373
(1.8);1.0157636341728338
(1.9);0.0
(1.10);0.6999186257487511
(1.11);0.633615511808003
(1.12);1.0433685653876412
(1.13);0.3622157703695078
(1.14);0.3684347509044577
(1.15);0.29512436624345734
(1.16);0.3767301422731084
(1.17);0.6233426980379476
(1.18);0.6991765504991448
(1.19);0.6048676398001608
(1.20);0.6863475926744542
(1.21);0.525885302258328
(1.22);0.4719359332987078
(1.23);0.4386447439643464
(1.24);0.4469496917082525
(1.25);0.581458461147344
(1.26);0.0
(1.27);0.0
(1.28);0.0
(1.29);0.0
(1.30);0.0
(1.31);0.8920702947356802
(2.3);0.0
(2.4);0.0
(2.5);0.9463248773083235
(2.6);1.716744312544593
(2.7);0.7029112344410492
(2.8);0.6469197192493226
(2.9);0.0
(2.10);0.4726153592037916
(2.11);0.4754418432705639
(2.12);0.8745023137221942
(2.13);0.45054502067324187
(2.14);0.4368965593824009
(2.15);0.33135302409936024
(2.16);0.4050885095024416
(2.17);0.6805833039061492
(2.18);0.5904058726299223
(2.19);0.516351005899945
(2.20);0.5482043007113998
(2.21);0.4381048110629326
(2.22);0.3984362446449811
(2.23);0.37294621028998776
(2.24);0.39036844002197035
(2.25);0.5101164625928719
(2.26);0.0
(2.27);0.0
(2.28);0.0
(2.29);0.0
(2.30);0.0
(2.31);0.8782458024969708
(3.4);0.0
(3.5);0.7635952125767332
(3.6);0.8573011905490867
(3.7);0.4039119319314145
(3.8);0.41952551942161875
(3.9);0.0
(3.10);0.3232959257761836
(3.11);0.3578575035826721
(3.12);0.6119740623844833
(3.13);0.8534862026002497
(3.14);0.7287294850626004
(3.15);0.46507872998281957
(3.16);0.5160003063023889
(3.17);0.8280996364679009
(3.18);0.49764444166559785
(3.19);0.445810874814625
(3.20);0.4394531023431589
(3.21);0.36728882972774446
(3.22);0.33766045910150955
(3.23);0.31567889588605474
(3.24);0.3448808618660405
(3.25);0.4571579273102924
(3.26);0.0
(3.27);0.0
(3.28);0.0
(3.29);0.0
(3.30);0.0
(3.31);0.8775583643691864
(4.5);1.426750501843812
(4.6);1.3901788875338017
(4.7);0.4995520162446074
(4.8);0.5298912415501166
(4.9);0.0
(4.10);0.3813125783911808
(4.11);0.43165854412295046
(4.12);0.8811356252112792
(4.13);0.6879514433840052
(4.14);0.7103264621105865
(4.15);0.4632451741827025
(4.16);0.5852358602283244
(4.17);1.1589915475919303
(4.18);0.626447291581981
(4.19);0.5423473053542095
(4.20);0.5269429305032796
(4.21);0.42747891144515276
(4.22);0.3859420460472045
(4.23);0.3539004464261285
(4.24);0.39061965664868703
(4.25);0.5376340363238895
(4.26);0.0
(4.27);0.0
(4.28);0.0
(4.29);0.0
(4.30);0.0
(4.31);1.2020725041870943
(5.6);4.5139320927525866
(5.7);1.3094453176639675
(5.8);1.3940682254021297
(5.9);0.47079800633572566
(5.10);0.880491629769712
(5.11);0.9729950792723554
(5.12);3.109052754026653
(5.13);0.8636463284699241
(5.14);0.9534262574951174
(5.15);0.6808510514344155
(5.16);0.9379352003340491
(5.17);2.0585689291250553
(5.18);1.3451187811811793
(5.19);1.0813581205130192
(5.20);1.038627389700279
(5.21);0.800412453496927
(5.22);0.6958578624657599
(5.23);0.6090820420319942
(5.24);0.6650232683780165
(5.25);0.9421630117695774
(5.26);0.4201697783400028
(5.27);0.535294370015416
(5.28);0.3376175128379625
(5.29);0.27965034438535735
(5.30);0.3409724869714363
(5.31);2.3744951335679385
(6.8);1.413753572333377
(6.9);0.5187845343492438
(6.10);0.9226391459487839
(6.11);0.9525668219738546
(6.12);2.472982348135756
(6.13);0.8504664849724468
(6.14);0.8811281625058485
(6.15);0.6394216394955641
(6.16);0.8245510804141356
(6.17);1.5427663275147856
(6.18);1.1898584540736588
(6.19);0.9849630535680937
(6.20);0.9900732470399993
(6.21);0.7714572190677993
(6.22);0.678939116721826
(6.23);0.60437867665566
(6.24);0.6429700063919976
(6.25);0.8739661209024371
(6.26);0.3909778128425139
(6.27);0.46360415421359225
(6.28);0.31431189727118986
(6.29);0.2703283173996432
(6.30);0.3255259815558436
(6.31);1.7910754862447362
(7.8);4.814860898936092
(7.9);1.7919420397161152
(7.10);2.341499599576882
(7.11);1.8064304758534069
(7.12);2.142335330827518
(7.13);0.5603931659658444
(7.14);0.5949456738988326
(7.15);0.4866194425679809
(7.16);0.6428219551114827
(7.17);1.021338580830195
(7.18);1.5252849154100576
(7.19);1.272523430711502
(7.20);1.5578016118277747
(7.21);1.0947835159054873
(7.22);0.9362151557367039
(7.23);0.8216478666560406
(7.24);0.8188052222819456
(7.25);1.0787930169259845
(7.26);0.4458700266461662
(7.27);0.3994319567942721
(7.28);0.27015253387828103
(7.29);0.2972077084271532
(7.30);0.3750487476327139
(7.31);1.4487895413739127
(8.9);1.722593988493035
(8.10);2.501008266014949
(8.11);2.5810777411066814
(8.12);2.6787108041533405
(8.13);0.5811166738114292
(8.14);0.6342005105547215
(8.15);0.5220854892429386
(8.16);0.716853479257465
(8.18);2.139486275764102
(8.19);1.6750241845298508
(8.20);2.0858055794349806
(8.21);1.3292944694980535
(8.22);1.089177242833865
(8.23);0.9150057078930622
(8.24);0.9406226181389837
(8.25);1.319069037285612
(8.26);0.581038678471153
(8.27);0.49072337595021376
(8.28);0.31567618574898665
(8.29);0.3608482862037884
(8.30);0.4724187363831193
(8.31);1.7611019660547862
(9.10);3.2385153298298266
(9.11);1.3078802711554727
(9.12);0.7990182379029048
(9.13);0.2711688031354072
(9.14);0.2893740614903835
(9.15);0.2477583466858536
(9.16);0.33130299678363156
(9.17);0.5093049941645464
(9.18);0.8818898866514889
(9.19);0.7958135185261855
(9.20);1.127416716809592
(9.21);0.7787949688213093
(9.22);0.6727865575936838
(9.23);0.6053101662900503
(9.24);0.5824607753184787
(9.25);0.7414398330787855
(9.26);0.0
(9.27);0.0
(9.28);0.0
(9.29);0.0
(9.30);0.0
(9.31);0.8113060349532778
(10.11);2.8777310070400293
(10.12);1.3157473089789895
(10.13);0.47848288852356985
(10.14);0.5127836660925918
(10.15);0.43953736230470863
(10.16);0.5795916211984324
(10.17);0.8360895455803024
(10.18);1.5079237855816574
(10.19);1.406312249178833
(10.20);2.1217924757075606
(10.21);1.4872022489355574
(10.22);1.2703254370491763
(10.23);1.1134996789110168
(10.24);1.0219876306828781
(10.25);1.2412169079805886
(10.26);0.4833598481351681
(10.27);0.3752793236804077
(10.28);0.26413130052021244
(10.29);0.3349854031963395
(10.30);0.4263204467784637
(10.31);1.1971347981353677
(11.12);1.5379395436232421
(11.13);0.5207122729619166
(11.14);0.5785191757740947
(11.15);0.5007796023915847
(11.16);0.697730711019234
(11.17);1.0123306250813762
(11.18);2.660004981205218
(11.19);2.550989879958172
(11.21);2.4515484588744187
(11.22);1.7668968784115928
(11.23);1.3299560610107348
(11.24);1.3631501495877285
(11.25);1.9405305420238532
(11.26);0.7924030822283978
(11.27);0.5185360049074262
(11.28);0.3430711305142166
(11.29);0.4818878953187495
(11.30);0.6689133965756661
(12.13);0.754343351448714
(12.14);0.8481495861746382
(12.15);0.6565176805413345
(12.16);0.9430572349733584
(12.17);1.8837732906502869
(12.18);2.1740679553833897
(12.19);1.5827960471653273
(12.20);1.5522175366323312
(12.21);1.0975548654607257
(12.22);0.9182606997204639
(12.23);0.7763711713537131
(12.24);0.8468330033875959
(12.25);1.2547413187654868
(12.26);0.6419066176643218
(12.27);0.6908151024452623
(12.28);0.4048230541842949
(12.29);0.3885333407025292
(12.30);0.49971553976040084
(12.31);2.9182919101525453
(13.15);1.4162909895207065
(13.16);1.065675726068462
(13.17);1.1560239441324123
(13.18);0.6745110662047374
(13.19);0.6220793982391746
(13.20);0.5851800088856021
(13.21);0.5145568855543419
(13.22);0.47546311013806014
(13.23);0.43697510834904263
(13.24);0.48211565416500957
(13.25);0.6186853314528493
(13.26);0.30518137321611905
(13.27);0.42083920841836153
(13.28);0.40411733527320304
(13.29);0.25236232727333985
(13.30);0.27353848536734693
(13.31);1.0555583844136798
(14.15);2.2837009070689733
(14.16);1.755203016728963
(14.17);1.6083131910277442
(14.18);0.7925570586497153
(14.19);0.7291727541321638
(14.20);0.6613088949813395
(14.21);0.5802759700923339
(14.22);0.5309030266015047
(14.23);0.47927749613480464
(14.24);0.5435553022219911
(14.25);0.7240700942259175
(14.26);0.3683054667403438
(14.27);0.5684226763047459
(14.28);0.573015882471022
(14.29);0.30177665028643225
(14.30);0.3265261287039476
(14.31);1.3439906450104921
(15.16);1.7303678293434563
(15.17);1.1301646879150231
(15.18);0.6781807731342155
(15.19);0.6462292829645742
(15.20);0.5821487892659376
(15.21);0.5284148022512821
(15.22);0.49073453375339865
(15.23);0.44657551204487755
(15.24);0.5141471783545399
(15.25);0.6686243838346634
(15.26);0.3389017688696988
(15.27);0.4995052052423283
(15.28);0.6455246787062238
(15.29);0.30092601313501416
(15.30);0.3112264987524134
(15.31);1.0551158808743768
(16.17);2.124940697517274
(16.18);1.0509394973317507
(16.19);0.988421024548224
(16.20);0.8289500717355336
(16.21);0.7371255060065882
(16.22);0.6647885203614343
(16.23);0.5806312918248232
(16.24);0.6975989742334238
(16.25);0.9990665584271001
(16.26);0.5598073489220567
(16.27);1.1312471952479166
(16.28);1.68249358253747
(16.29);0.46391263537459304
(16.30);0.49280572742318424
(16.31);1.8835779811496505
(17.18);1.6451021975078737
(17.19);1.3742786567749214
(17.20);1.1527543899026065
(17.21);0.9381008325069892
(17.22);0.8137438286797432
(17.23);0.6944274718771835
(17.24);0.808729538570238
(17.25);1.2216450148595226
(17.26);0.7576564035532115
(17.27);1.6099661505303782
(17.28);0.8141607124034471
(17.29);0.5041056325270475
(17.30);0.6018139297773563
(18.20);3.529027758937017
(18.21);2.0950547459733815
(18.22);1.5390782049682823
(18.23);1.145256591576316
(18.24);1.3900057408206334
(18.25);2.785281781378822
(18.26);1.9587233018947738
(18.27);1.0621171452644766
(18.28);0.5712048068091389
(18.29);0.761842234887292
(18.30);1.2010282281458828
(18.31);3.0410141355496285
(19.20);4.35371145643671
(19.22);1.9505835129134093
(19.23);1.3399523532017172
(19.24);1.7664303000213997
(19.25);4.7569418328041975
(19.26);2.9467109906391444
(19.27);0.9676366212445628
(19.28);0.5739953167173818
(19.29);0.9742247662781345
(19.30);1.8094586646736717
(19.31);2.284395891423815
(20.21);4.273607898871453
(20.23);1.6669478423240969
(20.24);1.8865016819994729
(20.25);3.089777442445491
(20.26);1.328544375063224
(20.27);0.7263153711448397
(20.28);0.47779470780161176
(20.29);0.7596797769884807
(20.30);1.1345580262784951
(20.31);1.7683257299609174
(21.22);5.722671065284224
(21.23);2.436481374200947
(21.24);3.152975119266356
(21.25);3.6499103815279588
(21.26);1.1271834272637258
(21.27);0.6093716140998998
(21.28);0.4394740524807217
(21.29);0.8463549224112635
(21.30);1.1927329852884967
(21.31);1.3602346025306478
(22.23);4.044551512616627
(22.24);4.690493047427556
(22.25);2.6353424187035155
(22.26);0.8748366948339009
(22.27);0.528546979135689
(22.28);0.40521310351860174
(22.29);0.7883800397126999
(22.30);0.9750395936453836
(22.31);1.133579701063889
(23.25);1.6761557324759808
(23.26);0.654090906956441
(23.27);0.4483308888676938
(23.28);0.3614110887016304
(23.29);0.6315567071579667
(23.30);0.7116342601309252
(23.31);0.92845114018349
(24.25);2.762588473415341
(24.26);0.9269084866720877
(24.27);0.5674503403374968
(24.28);0.4577782209933379
(24.29);1.049783734897515
(24.31);1.0990705586838654
(25.26);2.728013879308629
(25.27);0.9709577646333142
(25.28);0.6707323327247251
(25.29);1.7849019297229185
(25.31);1.8128508786692095
(26.27);0.0
(26.28);0.0
(26.29);0.0
(26.30);0.0
(26.31);1.4316940143724186
(27.28);0.0
(27.29);0.0
(27.30);0.0
(27.31);2.6659930074871285
(28.29);0.0
(28.30);0.0
(28.31);0.9877302389263188
(29.30);0.0
(29.31);0.792275665306654
(30.31);1.0274473746931572

****Importance nodes******

0; 0.05238095238095238
1; DISCONNECTED
2; DISCONNECTED
3; DISCONNECTED
4; DISCONNECTED
5; 0.0016897081413210445
6; 0.0018023553507424475
7; 0.0018023553507424475
8; 0.0019225123741252773
9; DISCONNECTED
10; 0.0019225123741252776
11; 0.0021213929645520304
12; 0.002052960933437449
13; 0.002189824995666612
14; 0.002189824995666612
15; 0.0022604645116558577
16; 0.0023333827217092724
17; 0.002508473611054187
18; 0.0025725573568583637
19; 0.0026612662312327897
20; 0.002768591425147932
21; 0.002750595649591907
22; 0.002838704664781132
23; 0.0030256145344454343
24; 0.0031299460701159666
25; 0.003230799887930814
26; DISCONNECTED
27; DISCONNECTED
28; DISCONNECTED
29; DISCONNECTED
30; DISCONNECTED
31; 0.0032939631017327247
