
****Mix criterion 0.5*C(weight)+0.5*C(distance) ******

(0.5);0.47583308849595507
(0.6);0.42643793336097446
(0.7);0.3972809075086363
(0.8);0.43348263120136865
(0.10);0.3590804012719313
(0.11);0.41342848614931266
(0.12);0.5053409995154757
(0.13);0.30813992410483604
(0.14);0.3692345872924643
(0.15);0.3158221971308055
(0.16);0.44896139236748506
(0.17);0.5873312255918663
(0.18);0.5391855162258334
(0.19);0.4875165433384766
(0.20);0.4236730187175011
(0.21);0.37103677356659814
(0.22);0.32222584805654136
(0.23);0.25434603587574134
(0.24);0.30465259591565114
(0.25);0.4262426753013172
(0.31);0.9824127216643568
(1.2);0.4395648423229701
(1.3);0.34371603677550117
(1.4);0.3719146514821577
(1.5);0.4078878592040854
(1.6);0.4321121081283342
(1.7);0.4477691330713969
(1.8);0.4202764045175862
(1.9);0.4039579470053061
(1.10);0.3816880728337984
(1.11);0.3549245385369293
(1.13);0.23536893710795034
(1.14);0.2399255819294684
(1.15);0.1641465575331295
(1.16);0.22895134676422793
(1.17);0.3252087613221927
(1.18);0.3406657939988721
(1.19);0.30864123042257435
(1.20);0.32503329671448133
(1.21);0.27181917293225766
(1.22);0.23711123885751526
(1.23);0.19816911225032266
(1.24);0.1935152442593476
(1.25);0.25770912983472755
(1.26);0.281273538781861
(1.27);0.28326927738335145
(1.28);0.19297603229189564
(1.29);0.18968553928843404
(1.30);0.2440189965396843
(1.31);0.3407444780111227
(2.3);0.3987161285875143
(2.4);0.41453271954377663
(2.5);0.4248569328363981
(2.6);0.45978612113840156
(2.7);0.38981649892352
(2.8);0.3715269904314813
(2.9);0.34591486889269296
(2.10);0.3227633994059743
(2.11);0.3053803892198777
(2.12);0.3999747551388289
(2.13);0.28782118142152296
(2.14);0.2811474522124305
(2.15);0.20111309903712965
(2.16);0.24812922726649134
(2.17);0.3403007524993116
(2.18);0.3104578168839692
(2.19);0.27514644695234436
(2.20);0.279824036300579
(2.21);0.2254059032685574
(2.22);0.18803963844069385
(2.23);0.14448467774233387
(2.24);0.14867088395570427
(2.25);0.22326771058643213
(2.26);0.2561580792163952
(2.27);0.28283921220922914
(2.28);0.20238469028543613
(2.29);0.16465662506863035
(2.30);0.21602568071120193
(2.31);0.33813870646546057
(3.4);0.45324357736499427
(3.5);0.4054055173230558
(3.6);0.4105021715529078
(3.7);0.30521530391794566
(3.8);0.2998826272553717
(3.9);0.26198924640457233
(3.10);0.23958555341372825
(3.11);0.24048336895351607
(3.12);0.35470404104784325
(3.13);0.3902016912702312
(3.14);0.3705229740515935
(3.15);0.2878751372830031
(3.16);0.30300213627885386
(3.17);0.36970791766681316
(3.18);0.27439818569551044
(3.19);0.23902112183399415
(3.20);0.2244581977113311
(3.21);0.17190425280970487
(3.22);0.13141405260382255
(3.23);0.07954189741718941
(3.24);0.10199608021395783
(3.25);0.1908021573409904
(3.26);0.23531496865872847
(3.27);0.2983710873345779
(3.28);0.24490572188713802
(3.29);0.15232322744487467
(3.30);0.1946389534422527
(3.31);0.3380070292292428
(4.5);0.45302974701764204
(4.6);0.447802511462119
(4.7);0.34314820480590735
(4.8);0.3422501095856869
(4.9);0.3007651551487457
(4.10);0.27959198433755794
(4.11);0.285321070394916
(4.12);0.4007767030807241
(4.13);0.3624515289181823
(4.14);0.3670301517024746
(4.15);0.28702234125030257
(4.16);0.3267910829134056
(4.17);0.4089300055361984
(4.18);0.32161433709850057
(4.19);0.2861066839057373
(4.20);0.27078423689555475
(4.21);0.2185029772752786
(4.22);0.1778493135055222
(4.23);0.1252114888044135
(4.24);0.14889857613609758
(4.25);0.23762692553693288
(4.26);0.2812126077464683
(4.27);0.3383497230655555
(4.28);0.2737018556154199
(4.29);0.19659198957577242
(4.30);0.2403483229550521
(4.31);0.383732152497704
(5.6);0.4835364116401679
(5.7);0.39306112374220536
(5.8);0.39637167819869645
(5.9);0.35133657189374157
(5.10);0.3312961494916663
(5.11);0.33933980236108274
(5.12);0.4609285375325953
(5.13);0.3149169302069483
(5.14);0.3330261163616508
(5.15);0.2593925735704455
(5.16);0.32374381523924217
(5.17);0.4219298185735342
(5.18);0.37208893201924015
(5.19);0.33532597751593607
(5.20);0.32391092184505454
(5.21);0.2704766305567793
(5.22);0.2298767373943214
(5.23);0.17787025911690033
(5.24);0.19872863443543184
(5.25);0.2846293418154231
(5.26);0.32461452797587165
(5.27);0.36307207226054483
(5.28);0.2810651622078125
(5.29);0.23522416196931287
(5.30);0.283243321482267
(5.31);0.4205386693831617
(6.7);0.4012862545397962
(6.8);0.394538038149106
(6.9);0.35625981089531955
(6.10);0.334132043334519
(6.11);0.33074602704903744
(6.12);0.4435867106771184
(6.13);0.30636010168428707
(6.14);0.3133713539445609
(6.15);0.23608290445863842
(6.16);0.29285319830876155
(6.17);0.3883875985703002
(6.18);0.3501867166530281
(6.19);0.3136460065812837
(6.20);0.31010594853340734
(6.21);0.25549743140520886
(6.22);0.21604123174626458
(6.23);0.16749520299261292
(6.24);0.18087206005077772
(6.25);0.2618733943563576
(6.26);0.2985834698534419
(6.27);0.3306016661609057
(6.28);0.2488570529806024
(6.29);0.20766466165049954
(6.30);0.2575852635511988
(6.31);0.38711110121080233
(7.8);0.48486957778015893
(7.9);0.4645076429181747
(7.10);0.4418944865042622
(7.11);0.4154692051233909
(7.12);0.432549409324623
(7.13);0.20360320374592328
(7.14);0.22110164633790455
(7.15);0.1520095604680547
(7.16);0.23285986486711263
(7.17);0.3268847561774599
(7.18);0.3853950301486548
(7.19);0.35768595206968823
(7.20);0.3827498652885951
(7.21);0.3297628524412281
(7.22);0.29573264052173626
(7.23);0.256829374886951
(7.24);0.25056356596601287
(7.26);0.323841651308675
(7.27);0.30299723533428946
(7.28);0.20753584146229473
(7.29);0.23435053632951017
(7.30);0.2900028222807825
(7.31);0.35786153414306454
(8.9);0.45923274815041404
(8.10);0.4444288218343018
(8.11);0.44332684337499484
(8.12);0.4474538036092795
(8.13);0.20559749519553164
(8.14);0.23064090716075472
(8.15);0.1662025389782072
(8.16);0.25387204324165025
(8.17);0.34451203540475017
(8.18);0.41956575651285055
(8.19);0.391296785635967
(8.20);0.4131815669819644
(8.21);0.35744092743609734
(8.22);0.32073247087920326
(8.23);0.27670230563575027
(8.24);0.27824737529493343
(8.25);0.34105837170205694
(8.26);0.3564762587957989
(8.27);0.32937600532491945
(8.28);0.23320900828161134
(8.29);0.2669008895475123
(8.30);0.32263523733168087
(8.31);0.3821165002858274
(9.10);0.4867517982661807
(9.11);0.4365856043289258
(9.12);0.39532160774223296
(9.13);0.16266970209318438
(9.14);0.18405423178116745
(9.15);0.11867679078664076
(9.16);0.2061784398556338
(9.17);0.29548364241704755
(9.18);0.38096474080428844
(9.19);0.36276781482281606
(9.20);0.4011804065172037
(9.21);0.35484025208643666
(9.22);0.3256577766097114
(9.23);0.29277756465203025
(9.24);0.276907349649473
(9.25);0.32015541831303945
(9.26);0.3235878688150091
(9.27);0.2835893079274317
(9.28);0.1880661176706711
(9.29);0.24088272127256294
(9.30);0.29596591674476164
(9.31);0.33279316660939956
(10.11);0.4512765475118369
(10.12);0.3782227529411477
(10.13);0.1416704616711587
(10.14);0.16591120211644597
(10.15);0.1028969661120569
(10.16);0.19450552556114453
(10.17);0.2809741295881739
(10.18);0.3805357853707749
(10.19);0.3685052534887023
(10.20);0.4150048024344784
(10.21);0.3737065474465736
(10.22);0.3475462647762601
(10.23);0.31783923688262167
(10.24);0.29648867158248743
(10.25);0.3305660710082839
(10.26);0.32677936426985466
(10.27);0.2760049321588408
(10.28);0.18078176203959576
(10.29);0.2487552037838781
(10.30);0.303166857821408
(10.31);0.32172155518002354
(11.12);0.3918051167853722
(11.13);0.15499039927000913
(11.14);0.18988837450302556
(11.15);0.13520664130286003
(11.16);0.23503921117826984
(11.17);0.3119710207801737
(11.18);0.4354852824810077
(11.19);0.4304863268438443
(11.21);0.42542473122073676
(11.22);0.38865092390092365
(11.23);0.3425848930397746
(11.24);0.3433481579860001
(11.25);0.3913914056048473
(11.26);0.3849867587609235
(11.27);0.32184111409972965
(11.28);0.2291934864318748
(11.29);0.3080281475850764
(11.30);0.3628183627768643
(11.31);0.35942934004995253
(12.13);0.2671250939883778
(12.14);0.2935812079178633
(12.15);0.2271524718763318
(12.16);0.3086461066747931
(12.17);0.40539571622653997
(12.18);0.4187902567133736
(12.19);0.38099109435544876
(12.20);0.37552645758769837
(12.21);0.32064953630962706
(12.22);0.28017560052705665
(12.23);0.2287881664213306
(12.24);0.24662281145842588
(12.25);0.3281897351337368
(12.26);0.3616957860887624
(12.27);0.371836852591266
(12.28);0.27842871739591074
(12.29);0.26901595881339324
(12.30);0.32113942320637434
(12.31);0.4337776401206732
(13.15);0.3734487341391535
(13.16);0.3260804760604062
(13.17);0.33387576407463626
(13.18);0.2066406722701742
(13.19);0.1755488071202247
(13.20);0.1471345875534985
(13.21);0.09962564941669327
(13.22);0.05864972874567605
(13.23);0.0015698957573438504
(13.24);0.03944730993857199
(13.25);0.13519847317490472
(13.26);0.18546567647337764
(13.27);0.2726235221846483
(13.28);0.26309255735725645
(13.29);0.11921582918245376
(13.30);0.14884041080397664
(13.31);0.28612534089311925
(14.15);0.4267006525369222
(14.16);0.3985562236546614
(14.17);0.3834666527566127
(14.18);0.25116427372092903
(14.19);0.223954182440195
(14.20);0.18830756691406092
(14.21);0.14544702285913144
(14.22);0.10514378321424166
(14.23);0.04587798687749865
(14.24);0.09194070047079858
(14.25);0.1890371647639002
(14.26);0.2398333302002895
(14.27);0.3326503405037174
(14.29);0.1819298137887011
(14.30);0.20621498821536732
(14.31);0.3339271396862174
(15.16);0.3951023017377411
(15.17);0.3272714071505666
(15.18);0.2038920325077634
(15.19);0.18326574003820637
(15.20);0.14019304531703963
(15.21);0.10462450652616592
(15.22);0.06646282011159704
(15.23);0.0057274298808663825
(15.24);0.06260398730420527
(15.25);0.15836818013846812
(15.26);0.2078241310588606
(15.27);0.30273370629511415
(15.28);0.34828588592419135
(15.29);0.1706628210687873
(15.30);0.18163541566805905
(15.31);0.2832297837589604
(16.17);0.4122726659775503
(16.18);0.30827550480853755
(16.19);0.29191723310629286
(16.20);0.2451878972565047
(16.21);0.21375532408369186
(16.22);0.1764981251973666
(16.23);0.11546589457737438
(16.24);0.17440863686597835
(16.25);0.27035302526936217
(16.26);0.31873031300411403
(16.27);0.4134671634447896
(16.29);0.28047521379748347
(16.30);0.29355400342878885
(16.31);0.3816560129813032
(17.18);0.3765029367672285
(17.19);0.3473311263389997
(17.20);0.3123556498177674
(17.21);0.2685071141380156
(17.22);0.22763441445668556
(17.23);0.16863473073159685
(17.24);0.2107712683014805
(17.25);0.3075997151938913
(17.26);0.35706810040138043
(17.27);0.4372070727645036
(17.28);0.36737694834635565
(17.29);0.2829140034274488
(17.30);0.3187996214734207
(18.20);0.44928868922867654
(18.21);0.4010898564921162
(18.22);0.35823968104728177
(18.23);0.29934027921263096
(18.24);0.33304081741270886
(18.25);0.4228015920837196
(18.26);0.449268485474292
(18.27);0.3972757302515384
(18.28);0.30394603519971714
(18.29);0.3542038016978324
(18.30);0.41009769404263474
(18.31);0.43004034885143455
(19.20);0.4634114702556094
(19.22);0.3888864497570574
(19.23);0.32702083660873305
(19.24);0.3688913197667275
(19.25);0.46533913353798867
(19.26);0.4708665187286736
(19.27);0.3825008067277205
(19.28);0.29812115857806143
(19.29);0.38334258783073394
(19.30);0.44180968930699227
(19.31);0.39894568884092224
(20.21);0.4612684816773786
(20.22);0.4159924272340588
(20.23);0.3603789195428238
(20.24);0.37567869144968635
(20.25);0.4298507244066371
(20.26);0.41311333075344747
(20.27);0.33494101582168684
(20.28);0.2468343162707851
(20.29);0.3424250150799028
(20.31);0.36269181763120034
(21.22);0.47964961433086184
(21.23);0.40944334834779733
(21.24);0.4330008148122395
(21.25);0.4445647088558686
(21.26);0.39671211334410356
(21.27);0.3036397626463591
(21.28);0.2262712625096132
(21.29);0.3600864801065406
(21.30);0.4028468464485715
(21.31);0.3186964466248538
(22.23);0.4537934271948799
(22.24);0.4632533248223576
(22.25);0.41305495927365754
(22.26);0.3604103665065672
(22.27);0.265653188180921
(22.28);0.19330516970464404
(22.29);0.3444474204497979
(22.30);0.37543848038707484
(22.31);0.27740789841689184
(23.25);0.3496994106603776
(23.26);0.2988803026290757
(23.27);0.20475898906306483
(23.28);0.13305353248034643
(23.29);0.2915394198590415
(23.30);0.31553988659009496
(23.31);0.21817147818853977
(24.25);0.413380604350291
(24.26);0.3546862254962362
(24.27);0.2593468700607727
(24.28);0.200839324255839
(24.29);0.37249881107183996
(24.30);0.3838909366518164
(24.31);0.25900605734965776
(25.26);0.4578449827202633
(25.27);0.3571724526591692
(25.28);0.29056486551560345
(25.29);0.426882673537234
(25.31);0.3557414880815143
(26.27);0.40521525169829353
(26.28);0.33162903787113257
(26.29);0.40798386883509286
(26.30);0.45888676893018127
(26.31);0.4038794576000065
(27.28);0.40440310991764633
(27.29);0.34667801943741156
(27.30);0.3743733940539378
(27.31);0.45511748242829936
(28.29);0.31917025319449394
(28.30);0.3179214871301564
(28.31);0.3568144031005306
(29.30);0.44453309981890016
(29.31);0.3199315884956079
(30.31);0.36262595567421224
