
****Mix criterion 0.5*C(weight)+0.5*C(distance) ******

(0.5);0.47592165510730006
(0.6);0.42650642505441755
(0.7);0.3972800254725796
(0.8);0.43355138148613726
(0.10);0.35912883907911597
(0.11);0.4134189257459236
(0.12);0.5053179676002257
(0.13);0.3081277426173312
(0.14);0.3692125453981314
(0.15);0.3158560922924897
(0.16);0.44892218680377655
(0.17);0.5872359506071575
(0.18);0.5392715505571872
(0.19);0.48758092690764493
(0.20);0.4235909517815537
(0.21);0.3710690421719669
(0.22);0.3222518183551208
(0.23);0.25431037092907666
(0.24);0.3046737939164951
(0.25);0.42610376811347744
(0.31);0.9824127216643568
(1.2);0.4395648423229701
(1.3);0.34371603677550117
(1.4);0.3719146514821577
(1.5);0.4078909296984758
(1.6);0.43211630259081635
(1.7);0.44760918230868385
(1.8);0.420276580288474
(1.9);0.4039579470053061
(1.10);0.38168819785685754
(1.11);0.3548537333108975
(1.12);0.41718468305384926
(1.13);0.23532445063737606
(1.14);0.2398759304401869
(1.15);0.1641421658949905
(1.16);0.22890062592330332
(1.17);0.3251258629592268
(1.18);0.34065017424616195
(1.19);0.30862771755096946
(1.20);0.32491807476365847
(1.21);0.2718048566637362
(1.22);0.23709847118883587
(1.23);0.19810674396267428
(1.24);0.19350194229655815
(1.25);0.25759392751965937
(1.26);0.281273538781861
(1.27);0.28326927738335145
(1.28);0.19297603229189564
(1.29);0.18968553928843404
(1.30);0.2440189965396843
(1.31);0.34068884936032867
(2.3);0.3987161285875143
(2.4);0.41453271954377663
(2.5);0.42486064378590815
(2.6);0.4597926360715938
(2.7);0.3897351608726741
(2.8);0.37152710237647474
(2.9);0.34591486889269296
(2.10);0.32276348382695674
(2.11);0.3053272595749268
(2.12);0.39986714531141915
(2.13);0.2877658465646664
(2.14);0.28108857458272246
(2.15);0.20110816829353623
(2.16);0.24807468841348934
(2.17);0.34021024170655934
(2.18);0.31044462709131593
(2.19);0.27513491156115016
(2.20);0.27973200542635196
(2.21);0.2253939766638609
(2.22);0.18802885921918824
(2.23);0.1444316507384981
(2.24);0.1486592659446402
(2.25);0.22316664301003272
(2.26);0.2561580792163952
(2.27);0.28283921220922914
(2.28);0.20238469028543613
(2.29);0.16465662506863035
(2.30);0.21602568071120193
(2.31);0.33808393989678687
(3.4);0.45324357736499427
(3.5);0.4054085117104464
(3.6);0.41050542495525855
(3.7);0.305168564859517
(3.8);0.29988269985136795
(3.9);0.26198924640457233
(3.10);0.23958561116250668
(3.11);0.2404433791158998
(3.12);0.3546287360175431
(3.13);0.39009686814560907
(3.14);0.37042476804869107
(3.15);0.28786821661591544
(3.16);0.30293266488138326
(3.17);0.3695977886728394
(3.18);0.27438706821293635
(3.19);0.2390111623243179
(3.20);0.22438442365823094
(3.21);0.17189425404098335
(3.22);0.13140491759933626
(3.23);0.07949701291223624
(3.24);0.10198581598852834
(3.25);0.19071158225248966
(3.26);0.23531496865872847
(3.27);0.2983710873345779
(3.28);0.24490572188713802
(3.29);0.15232322744487467
(3.30);0.1946389534422527
(3.31);0.33795230552855365
(4.5);0.4530353419240033
(4.6);0.4478077871007283
(4.7);0.3430903986629599
(4.8);0.34225020127970984
(4.9);0.3007651551487457
(4.10);0.2795920524495688
(4.11);0.2852728334433017
(4.12);0.4006682770067553
(4.13);0.3623670363749354
(4.14);0.36693442575199553
(4.15);0.2870154478676905
(4.16);0.32671229002789104
(4.17);0.4087758712176461
(4.18);0.3216003421328893
(4.19);0.28609456775168923
(4.20);0.2706957753156309
(4.21);0.2184913399413253
(4.22);0.17783887229978707
(4.23);0.12516116980448175
(4.24);0.1488869506484108
(4.25);0.23752040600065896
(4.26);0.2812126077464683
(4.27);0.3383497230655555
(4.28);0.2737018556154199
(4.29);0.19659198957577242
(4.30);0.2403483229550521
(4.31);0.38365719240547913
(5.6);0.48355381801095526
(5.7);0.3929854025777226
(5.8);0.39637436379849195
(5.9);0.35133841809653393
(5.10);0.3312978483287605
(5.11);0.3392809709843808
(5.12);0.46072418732989157
(5.13);0.31485853290515886
(5.14);0.33295521960485347
(5.15);0.2593879179469974
(5.16);0.3236721188975152
(5.17);0.42176948668079856
(5.18);0.37207288583353715
(5.19);0.3353128482508856
(5.20);0.32380418741926725
(5.21);0.27046432706277984
(5.22);0.22986595446748956
(5.23);0.17781554648802586
(5.24);0.19871669540408246
(5.25);0.2845080449324079
(5.26);0.32461617564346495
(5.27);0.36307417138149983
(5.28);0.28106648615223573
(5.29);0.23522525859937446
(5.30);0.28324465858299613
(5.31);0.42044395855416006
(6.7);0.40120494558520414
(6.8);0.3945407604326517
(6.9);0.356261779648941
(6.10);0.3341338226003064
(6.11);0.3306901362753196
(6.12);0.4434290541721738
(6.13);0.3063042637486378
(6.14);0.31330772924334205
(6.15);0.2360786869960409
(6.16);0.2927919284915932
(6.17);0.38827065641050446
(6.18);0.35017294620581224
(6.19);0.31363439666200943
(6.20);0.31000675748163553
(6.21);0.2554859026078569
(6.22);0.2160309976172436
(6.23);0.16744220632367277
(6.24);0.18086080843016977
(6.25);0.2617634327067874
(6.26);0.2985849535888542
(6.27);0.3306034255085676
(6.28);0.24885824577384325
(6.29);0.20766568752891076
(6.30);0.2575864989011613
(6.31);0.38704131528614577
(7.8);0.4846004160648255
(7.9);0.46430028661826406
(7.10);0.44176359807758625
(7.11);0.41526404767409186
(7.12);0.43229313726200674
(7.13);0.20353617432775373
(7.14);0.22102658562293492
(7.15);0.15198055143705227
(7.16);0.2327786187618026
(7.17);0.3267563047213917
(7.18);0.38530227955237534
(7.19);0.35760954443189386
(7.20);0.38252038626841883
(7.21);0.32969469734912554
(7.22);0.2956750766249291
(7.23);0.25672066831995416
(7.24);0.2505134788561704
(7.25);0.3083218106968208
(7.26);0.32379005702888397
(7.27);0.3029510146805009
(7.28);0.20750458050150755
(7.29);0.23431614465312864
(7.30);0.2899594231535386
(7.31);0.35774385018294036
(8.9);0.45923304623341726
(8.10);0.4444292615968829
(8.11);0.443175748111351
(8.12);0.44728380853145483
(8.13);0.2055595368678199
(8.14);0.2305954471961248
(8.15);0.1661983821823271
(8.16);0.25381918394375863
(8.17);0.34442455242066833
(8.18);0.41953856056555294
(8.19);0.3912751815397658
(8.20);0.4129750585473253
(8.21);0.3574197220031167
(8.22);0.320714978698356
(8.23);0.2766228158212419
(8.24);0.27823009493336875
(8.25);0.34089461168784474
(8.26);0.35647635934053284
(8.27);0.3293760902412135
(8.28);0.233209062907197
(8.29);0.2669009519898183
(8.30);0.3226353190804834
(8.31);0.3820472659450634
(9.10);0.4867523767464192
(9.11);0.436439451407326
(9.12);0.3952232864304093
(9.13);0.16263639779235547
(9.14);0.1840152347726682
(9.15);0.11867310398497673
(9.16);0.2061338350716993
(9.17);0.2954159099315312
(9.18);0.3809450391968229
(9.19);0.36275003617970525
(9.20);0.4009911392204468
(9.21);0.3548190508133664
(9.22);0.3256395751648686
(9.23);0.2926914991990934
(9.24);0.27689001465248486
(9.25);0.3200085194527393
(9.26);0.3235878688150091
(9.27);0.2835893079274317
(9.28);0.1880661176706711
(9.29);0.24088272127256294
(9.30);0.29596591674476164
(9.31);0.33274257434063803
(10.11);0.4511080939208711
(10.12);0.3781392571596457
(10.13);0.14163920859325477
(10.14);0.1658744467397546
(10.15);0.1028934676842941
(10.16);0.1944627891312049
(10.17);0.28091124651770283
(10.18);0.3805166210909773
(10.19);0.36848711847282684
(10.20);0.41479473591493116
(10.21);0.3736828264212982
(10.22);0.3475258662196038
(10.23);0.31774250560273926
(10.24);0.29646989861913303
(10.25);0.3304119787786525
(10.26);0.32677945061007285
(10.27);0.27600499919316074
(10.28);0.180781809220085
(10.29);0.24875526362069103
(10.30);0.3031669339729554
(10.31);0.3216744945878913
(11.12);0.39162470473956434
(11.13);0.15492928294699929
(11.14);0.18981696308595897
(11.15);0.1351757045927054
(11.16);0.23495287696346684
(11.17);0.31184624398845595
(11.18);0.43531837431901166
(11.19);0.43032817098143045
(11.20);0.48498372683528435
(11.21);0.42526776470835165
(11.22);0.38853912032795596
(11.23);0.34241247821496
(11.24);0.34326244064767725
(11.25);0.39107337299988904
(11.26);0.38489820935154206
(11.27);0.321783168771137
(11.28);0.22915514894093847
(11.29);0.30797429760711
(11.30);0.36274361308504394
(11.31);0.359302411473029
(12.13);0.26703236155497406
(12.14);0.2934717144647364
(12.15);0.2271089022398526
(12.16);0.3085242507171984
(12.17);0.4051536183530316
(12.18);0.418644507660291
(12.19);0.3808863153727924
(12.20);0.37529550113338983
(12.21);0.3205747059905464
(12.22);0.2801137619755226
(12.23);0.22868378301918452
(12.24);0.2465663154814968
(12.25);0.32797773759128335
(12.26);0.3616167977782043
(12.27);0.37175184596203276
(12.28);0.2783789028461849
(12.29);0.2689681487560842
(12.30);0.3210779318848035
(12.31);0.4335276520524572
(13.14);0.43867287858848597
(13.15);0.37335243701113663
(13.16);0.3259430960455527
(13.17);0.33372750542498164
(13.18);0.20659444031352642
(13.19);0.17550669447093953
(13.20);0.14704799434968058
(13.21);0.09958983878640958
(13.22);0.05861703730699011
(13.23);0.0015113181118538274
(13.24);0.03941449372122587
(13.25);0.13509471767674402
(13.26);0.18542819483041784
(13.27);0.27257183572427496
(13.28);0.26304292463716294
(13.29);0.11918483464780151
(13.30);0.14880681546446997
(13.31);0.28603403321344534
(14.15);0.426531954348252
(14.16);0.39831980339205947
(14.17);0.3832514338523087
(14.18);0.2511055973279986
(14.19);0.2239008879436813
(14.20);0.18820621952668043
(14.21);0.14540356599991597
(14.22);0.10510451806711689
(14.23);0.04581133457915888
(14.24);0.0919010293970002
(14.25);0.1889122416635866
(14.26);0.23978369613377082
(14.27);0.3325737379781667
(14.28);0.3339485171389769
(14.29);0.18188914536619122
(14.30);0.2061709844710417
(14.31);0.3338044709319066
(15.16);0.39497129913625034
(15.17);0.32718437714930515
(15.18);0.20387924793518938
(15.19);0.18325351715428823
(15.20);0.14013534969183117
(15.21);0.10461306343026842
(15.22);0.06645219205821762
(15.23);0.005688244750907498
(15.24);0.062591893888349
(15.25);0.15828614406659622
(15.26);0.20781908798514734
(15.27);0.3027262733401945
(15.28);0.3482762801067024
(15.29);0.17065834309845523
(15.30);0.18163078441995445
(15.31);0.2831843748056524
(16.17);0.41198838612483435
(16.18);0.30819589611459386
(16.19);0.2918432978045358
(16.20);0.24506133853390616
(16.21);0.21369891814738923
(16.22);0.17644787469147696
(16.23);0.11538524672976402
(16.24);0.1743566289695334
(16.25);0.2701816847650017
(16.26);0.31865494367124947
(16.27);0.4133148586446206
(16.28);0.4450135780817611
(16.29);0.2804127551929243
(16.30);0.29348765481979106
(16.31);0.3814821058548823
(17.18);0.3763763176218369
(17.19);0.3472266399568948
(17.20);0.31218124577615874
(17.21);0.26843425005933574
(17.22);0.22757195903317398
(17.23);0.16853888820238938
(17.24);0.21071005809177684
(17.25);0.307392454343322
(17.26);0.35696733965493566
(17.27);0.43699296332080667
(17.28);0.3672686730902857
(17.29);0.28284696240518303
(17.30);0.3187195862219521
(17.31);0.46858443803427585
(18.20);0.44894362309065367
(18.21);0.4010377664075107
(18.22);0.35820149200450174
(18.23);0.29924051409782715
(18.24);0.33300410230577854
(18.25);0.4224667940483759
(18.26);0.44922472717950745
(18.27);0.39725200232881785
(18.28);0.3039332743629544
(18.29);0.3541867819804168
(18.30);0.41007086281680466
(18.31);0.42990408044487693
(19.20);0.46299113286701926
(19.22);0.3888381278550652
(19.23);0.3269054650718153
(19.24);0.3688447721364797
(19.25);0.46477434568125947
(19.26);0.47080068857897933
(19.27);0.38247918951998333
(19.28);0.2981083354007144
(19.29);0.38332082344243673
(19.30);0.4417692656159213
(19.31);0.3988440892524318
(20.21);0.46085061095665303
(20.22);0.4157486785670532
(20.23);0.3601214416825421
(20.24);0.3755002496730923
(20.25);0.4292816894580913
(20.26);0.4128902987558367
(20.27);0.33481908420151485
(20.28);0.24675410554532567
(20.29);0.34229748234453733
(20.30);0.39655181567254255
(20.31);0.36249633630576406
(21.22);0.47949431727732633
(21.23);0.40923030145843114
(21.24);0.4329107207739708
(21.25);0.44412841631314487
(21.26);0.39668142783045945
(21.27);0.30362317361521607
(21.28);0.22625929862981564
(21.29);0.36006343963691406
(21.30);0.402814376467725
(21.31);0.31863337206199416
(22.23);0.45344376085952026
(22.24);0.46311976865513854
(22.25);0.41274368351991164
(22.26);0.3603866988341564
(22.27);0.26563888896733084
(22.28);0.19329420714323425
(22.29);0.34442609175996897
(22.30);0.3754121018437121
(22.31);0.27735573462473156
(23.24);0.4272489235044982
(23.25);0.3494126663282526
(23.26);0.2987873013327087
(23.27);0.2046952435600734
(23.28);0.1330021455868532
(23.29);0.29144962256653933
(23.30);0.3154387035465341
(23.31);0.21807809759792476
(24.25);0.41306213637587674
(24.26);0.354658639165095
(24.27);0.25932998179918076
(24.28);0.20082570001809047
(24.29);0.3724675677698808
(24.30);0.3838568169336132
(24.31);0.25895497640497434
(25.26);0.45730449094753306
(25.27);0.35698008022021893
(25.28);0.29043197568308043
(25.29);0.4265290372102847
(25.30);0.4821028307691631
(25.31);0.3555065686973067
(26.27);0.40521525169829353
(26.28);0.33162903787113257
(26.29);0.40798386883509286
(26.30);0.45888676893018127
(26.31);0.40379017852991606
(27.28);0.40440310991764633
(27.29);0.34667801943741156
(27.30);0.3743733940539378
(27.31);0.4549512336529418
(28.29);0.31917025319449394
(28.30);0.3179214871301564
(28.31);0.3567528091870642
(29.30);0.44453309981890016
(29.31);0.3198821829425052
(30.31);0.36256188503812753
