
****Mix criterion 0.5*C(weight)+0.5*C(distance) ******

(0.5);0.47578280372358417
(0.6);0.4264664105314512
(0.7);0.39718872302524755
(0.8);0.4335166839230068
(0.10);0.3590536303867527
(0.11);0.4134708845213212
(0.12);0.505169939467998
(0.13);0.30806968304245147
(0.14);0.36913827857026543
(0.15);0.3157965801903401
(0.16);0.4488136929806424
(0.17);0.587278711454585
(0.18);0.5391047167216022
(0.19);0.4874549168367648
(0.20);0.42362551635295675
(0.21);0.3710019665921661
(0.22);0.3221989066379933
(0.23);0.254323358108025
(0.24);0.3046962702902291
(0.25);0.4261462204312018
(0.31);0.9824127216643568
(1.2);0.4395648423229701
(1.3);0.34371603677550117
(1.4);0.3719146514821577
(1.5);0.40788611589349527
(1.6);0.432237743363743
(1.7);0.447605857599115
(1.8);0.42039186467716
(1.9);0.4039579470053061
(1.10);0.38168913118063263
(1.11);0.35500129815156123
(1.12);0.4171941277693402
(1.13);0.23532762369564658
(1.14);0.23987926209166172
(1.15);0.16414483462134608
(1.16);0.2289040325876612
(1.17);0.325220183322145
(1.18);0.3406597298591102
(1.19);0.30863598424848204
(1.20);0.3250249896317309
(1.21);0.27181455127187226
(1.22);0.23710844640278217
(1.23);0.19816529815941653
(1.24);0.19356492434266967
(1.25);0.2576757943356485
(1.26);0.281273538781861
(1.27);0.28326927738335145
(1.28);0.19297603229189564
(1.29);0.18968553928843404
(1.30);0.2440189965396843
(1.31);0.34077606185519205
(2.3);0.3987161285875143
(2.4);0.41453271954377663
(2.5);0.4248548258996127
(2.6);0.45998126060353445
(2.7);0.3897334701936716
(2.8);0.37160052471790694
(2.9);0.34591486889269296
(2.10);0.32276411404757815
(2.11);0.3054379868196669
(2.12);0.3998750614264175
(2.13);0.28776979339890457
(2.14);0.28109252531501044
(2.15);0.20111116462542056
(2.16);0.24807835151455895
(2.17);0.34031322336403697
(2.18);0.3104526961405385
(2.19);0.2751419685060009
(2.20);0.27981740120993576
(2.21);0.22540205305323238
(2.22);0.18803728088514726
(2.23);0.1444814349113899
(2.24);0.14871427482717456
(2.25);0.2232384651836988
(2.26);0.2561580792163952
(2.27);0.28283921220922914
(2.28);0.20238469028543613
(2.29);0.16465662506863035
(2.30);0.21602568071120193
(2.31);0.3381698008519056
(3.4);0.45324357736499427
(3.5);0.40540381722314184
(3.6);0.4105996195505852
(3.7);0.30516759334933374
(3.8);0.2999303140220447
(3.9);0.26198924640457233
(3.10);0.2395860422694423
(3.11);0.24052672174958284
(3.12);0.35463427569076955
(3.13);0.39010434479813355
(3.14);0.37043135774376645
(3.15);0.28787242219161874
(3.16);0.3029373309265304
(3.17);0.36972309158966177
(3.18);0.2743938694960558
(3.19);0.23901725520052322
(3.20);0.2244528788709577
(3.21);0.17190102494950973
(3.22);0.13141205465986308
(3.23);0.07953915253531718
(3.24);0.10203441497572532
(3.25);0.1907759480953037
(3.26);0.23531496865872847
(3.27);0.2983710873345779
(3.28);0.24490572188713802
(3.29);0.15232322744487467
(3.30);0.1946389534422527
(3.31);0.33803809927686757
(4.5);0.4530265704414071
(4.6);0.4479605307795969
(4.7);0.3430891971142249
(4.8);0.34231034144007494
(4.9);0.3007651551487457
(4.10);0.2795925609202425
(4.11);0.2853733638487251
(4.12);0.40067625316739985
(4.13);0.36237306292097704
(4.14);0.366940849033728
(4.15);0.28701963686306614
(4.16);0.3267175821506131
(4.17);0.4089512426525439
(4.18);0.3216089037584852
(4.19);0.28610197998673886
(4.20);0.27077785913802316
(4.21);0.21849922044400352
(4.22);0.17784702987840856
(4.23);0.12520841157963658
(4.24);0.14894199493120933
(4.25);0.23759610252872115
(4.26);0.2812126077464683
(4.27);0.3383497230655555
(4.28);0.2737018556154199
(4.29);0.19659198957577242
(4.30);0.2403483229550521
(4.31);0.38377471200311114
(5.6);0.4837963699675038
(5.7);0.3929798816963626
(5.8);0.39645456336291796
(5.9);0.3513355236896187
(5.10);0.33129594108106364
(5.11);0.3394044546489423
(5.12);0.46073099542926227
(5.13);0.314860490823261
(5.14);0.33295753313524845
(5.15);0.2593896506164291
(5.16);0.32367461627330024
(5.17);0.4219505125743484
(5.18);0.3720807032283624
(5.19);0.33531930593967124
(5.20);0.32390223896845544
(5.21);0.27047159493441864
(5.22);0.22987357824320728
(5.23);0.1778663749157245
(5.24);0.19877611979286425
(5.25);0.28459315529145857
(5.26);0.32461359249252625
(5.27);0.36307088045905445
(5.28);0.28106441052224
(5.29);0.23522353934423795
(5.30);0.28324256232704154
(5.31);0.42059244260994644
(6.8);0.39469873716171894
(6.9);0.35631878026880887
(6.10);0.3341835092949284
(6.11);0.3308581545023813
(6.12);0.4435680010243997
(6.13);0.30635053753057684
(6.14);0.3133558079036402
(6.15);0.23611307087363037
(6.16);0.29283561712071465
(6.17);0.38847736796733784
(6.18);0.3502363675871021
(6.19);0.31368612094207404
(6.20);0.3101430656849764
(6.21);0.25552804900474274
(6.22);0.21606874503678541
(6.23);0.16751755594150644
(6.24);0.18094411934126298
(6.25);0.26187680577067785
(6.26);0.2986279116498815
(6.27);0.3306543632725405
(6.28);0.24889278029017917
(6.29);0.20769538941984886
(6.30);0.2576222655470484
(6.31);0.3872240886054221
(7.8);0.4848768583305004
(7.9);0.4642959765451968
(7.10);0.4417624844911659
(7.11);0.4154895083411
(7.12);0.43230105495303006
(7.13);0.20353825858708136
(7.14);0.22102889061282383
(7.15);0.15198248046898563
(7.16);0.23278122456299208
(7.17);0.3268452060696707
(7.18);0.38531302610514906
(7.19);0.35761867758009636
(7.20);0.3826658890410948
(7.21);0.3297058476826753
(7.22);0.2956863058175097
(7.23);0.25678866585450805
(7.24);0.2505859785558205
(7.25);0.308418379823827
(7.26);0.3237889845988886
(7.27);0.302950053945789
(7.28);0.20750393071645057
(7.29);0.23431542979354553
(7.30);0.2899585210666015
(7.31);0.3578341654184309
(8.9);0.45942855253846376
(8.10);0.4445728554422797
(8.11);0.4436303542097265
(8.12);0.44744335294739346
(8.13);0.2055930810624083
(8.14);0.23063215101776147
(8.15);0.1662281669113122
(8.16);0.25385949046571366
(8.18);0.4196591481949777
(8.19);0.3913682066957468
(8.20);0.41326383226702357
(8.21);0.35749621308812596
(8.22);0.32077861916738454
(8.23);0.2767378509839874
(8.24);0.2783528289709505
(8.25);0.34106689645245036
(8.26);0.35654230449410695
(8.27);0.3294317850332962
(8.28);0.23324489066758583
(8.29);0.2669419065708683
(8.30);0.3226889363821818
(8.31);0.38222964884002825
(9.10);0.48675669522465687
(9.11);0.43674404802818456
(9.12);0.39523051925319064
(9.13);0.16263877326709703
(9.14);0.18401785150064073
(9.15);0.11867534439378483
(9.16);0.20613683095120072
(9.17);0.2954929748141983
(9.18);0.38095709194432104
(9.19);0.36276091252553894
(9.20);0.40116676103485516
(9.21);0.35483340776916766
(9.22);0.3256537957176569
(9.23);0.2927723013768346
(9.24);0.27697209228245045
(9.25);0.32011291094832767
(9.26);0.3235878688150091
(9.27);0.2835893079274317
(9.28);0.1880661176706711
(9.29);0.24088272127256294
(9.30);0.29596591674476164
(9.31);0.3328218909862247
(10.11);0.4514615008970978
(10.12);0.3781462562031692
(10.13);0.14164173889680984
(10.14);0.16587723559405665
(10.15);0.10289588492872473
(10.16);0.19446601179221554
(10.17);0.28098335127770285
(10.18);0.38052927559292515
(10.19);0.3684990638137018
(10.20);0.41499096105945876
(10.21);0.37369977956065353
(10.22);0.3475425589237799
(10.23);0.3178339708024027
(10.24);0.2965596321739472
(10.25);0.3305221583830657
(10.26);0.32678009515819834
(10.27);0.27600549961864196
(10.28);0.18078216143249007
(10.29);0.24875571031524898
(10.30);0.30316750246048263
(10.31);0.3217489862870933
(11.12);0.39181357526373833
(11.13);0.15499127265352625
(11.14);0.1898859176211744
(11.15);0.13523450400300857
(11.16);0.235033563824132
(11.17);0.31203726404581894
(11.18);0.43561827539642917
(11.19);0.430611093261826
(11.21);0.42554188645401814
(11.22);0.388736488600418
(11.23);0.34264450165025706
(11.24);0.34350517929725793
(11.25);0.39141742800027646
(11.26);0.385082754761797
(11.27);0.32190393235964865
(11.28);0.22923504792662808
(11.29);0.3080865260945212
(11.30);0.36289939856842307
(12.13);0.2670390762859827
(12.14);0.29347938790779854
(12.15);0.2271148418872456
(12.16);0.30853278267524065
(12.17);0.40531804581194886
(12.18);0.41866976759527036
(12.19);0.38090476647562893
(12.20);0.3754403251009789
(12.21);0.3205905380262029
(12.22);0.2801285138712405
(12.23);0.22874836672197993
(12.24);0.2466414160232428
(12.25);0.328090172209499
(12.26);0.36162260840503047
(12.27);0.37175809931517745
(12.28);0.2783825673600468
(12.29);0.26897166581322335
(12.30);0.32108245537847196
(12.31);0.4337135560500207
(13.14);0.43869604703184367
(13.15);0.3733650471959804
(13.16);0.32595258685730166
(13.17);0.33382561847430087
(13.18);0.20660213696568497
(13.19);0.17551381850641673
(13.20);0.1471011561373434
(13.21);0.0995971179935994
(13.22);0.05862452442696175
(13.23);0.0015467649131938926
(13.24);0.03945620399575412
(13.25);0.13514882536687675
(13.26);0.185430868259792
(13.27);0.27257552233165117
(13.28);0.26304646475870885
(13.29);0.11918704537531596
(13.30);0.14880921169794267
(13.31);0.2860997126292991
(14.15);0.4265526052110612
(14.16);0.3983356751975961
(14.17);0.38338814502799134
(14.18);0.2511147439518895
(14.19);0.223909331423438
(14.20);0.18826637991888096
(14.21);0.14541184758810557
(14.22);0.10511294353272892
(14.23);0.04585026975647117
(14.24);0.09194811835557752
(14.25);0.18897564853320564
(14.26);0.23978702661616544
(14.27);0.33257887806401143
(14.28);0.33395369875988873
(14.29);0.18189187424727404
(14.30);0.2061739371546732
(14.31);0.3338882489671629
(15.16);0.3949869463641963
(15.17);0.3272791727398511
(15.18);0.2038870498221053
(15.19);0.18326097665830943
(15.20);0.14018763881971824
(15.21);0.1046205659146767
(15.22);0.06645993363345457
(15.23);0.005724092472367464
(15.24);0.06263591240860973
(15.25);0.1583440201242392
(15.26);0.20782215257820025
(15.27);0.3027307902247979
(15.28);0.34828211740419557
(15.29);0.17066106428746636
(15.30);0.18163359875335003
(15.31);0.2832494306373244
(16.17);0.4121642263836744
(16.18);0.3082079478219072
(16.19);0.2918546711884783
(16.20);0.24513483855678958
(16.21);0.21370932942178444
(16.22);0.17645829895015536
(16.23);0.11543129269188195
(16.24);0.17441564070570914
(16.25);0.27026714895439363
(16.26);0.31866000585112003
(16.27);0.4133250881937529
(16.28);0.44502879239640397
(16.29);0.2804169502239632
(16.30);0.29349211112290724
(16.31);0.38159695843326485
(17.18);0.3765105947450265
(17.19);0.3473372093267465
(17.20);0.3123583706952661
(17.21);0.26851100126750477
(17.22);0.22763885330883957
(17.23);0.16863719726580786
(17.24);0.2108277617906984
(17.25);0.30757007277729365
(17.26);0.3570819835373063
(17.27);0.43723657344423
(17.28);0.3673918668553035
(17.29);0.28292324055259493
(17.30);0.31881064898477024
(18.20);0.4492518065318645
(18.21);0.40107156095341046
(18.22);0.35822855757679745
(18.23);0.2993303325425746
(18.24);0.33312018173928065
(18.25);0.42270198615586035
(18.26);0.4492514969585172
(18.27);0.3972665182337615
(18.28);0.3039410809921158
(18.29);0.3541971940423188
(18.30);0.4100872772129681
(18.31);0.43008923644071934
(19.20);0.46336609505917187
(19.22);0.388872306700695
(19.23);0.3270091992336927
(19.24);0.36899039699232633
(19.25);0.4651709580675253
(19.26);0.47084096113914575
(19.27);0.3824924141640601
(19.28);0.2981161801676431
(19.29);0.38333413812638106
(19.30);0.44179399540217223
(19.31);0.3989815707967037
(20.21);0.4612238171988892
(20.23);0.3603617105506642
(20.24);0.37577924317167016
(20.25);0.42973807328999214
(20.26);0.4130972509592162
(20.27);0.3349322249962283
(20.28);0.24682853336979174
(20.29);0.34241582043445107
(20.30);0.3967285499147759
(20.31);0.3627160603129569
(21.22);0.4796076668641377
(21.23);0.4094220546244757
(21.24);0.4331743903210645
(21.25);0.4444369322207978
(21.26);0.396702207269584
(21.27);0.3036344072796341
(21.28);0.22626740026092507
(21.29);0.36007904204923014
(21.30);0.40283636430205627
(21.31);0.3187172510556283
(22.23);0.45376369824936635
(22.24);0.46351352781176425
(22.25);0.41296724291261533
(22.26);0.3604051900796482
(22.27);0.26565006075745223
(22.28);0.19330277205028254
(22.29);0.3444427555887055
(22.30);0.3754327110575194
(22.31);0.27742635061931875
(23.25);0.3496427389460575
(23.26);0.2988746151970152
(23.27);0.2047550907494758
(23.28);0.1330503899492532
(23.29);0.2915339283656938
(23.30);0.3155336988087585
(23.31);0.21818474694775494
(24.25);0.41345125944106687
(24.26);0.3547892547447268
(24.27);0.25940994422932484
(24.28);0.20089020796956314
(24.29);0.3726154983509396
(24.31);0.2590855337302325
(25.26);0.4576885834067478
(25.27);0.3571167868398004
(25.28);0.29052641187092576
(25.29);0.42678034361926015
(25.31);0.3557224277724673
(26.27);0.40521525169829353
(26.28);0.33162903787113257
(26.29);0.40798386883509286
(26.30);0.45888676893018127
(26.31);0.40393014687950823
(27.28);0.40440310991764633
(27.29);0.34667801943741156
(27.30);0.3743733940539378
(27.31);0.4552118721954909
(28.29);0.31917025319449394
(28.30);0.3179214871301564
(28.31);0.35684937379514176
(29.30);0.44453309981890016
(29.31);0.319959639100163
(30.31);0.36266233255825747
