
****Mix criterion 0.5*C(weight)+0.5*C(distance) ******

(0.5);0.47582813487278497
(0.6);0.4264341025489512
(0.7);0.3972775793372644
(0.8);0.4334786557859773
(0.10);0.359077597452127
(0.11);0.4134248804058968
(0.12);0.5053351685992934
(0.13);0.30813762960967944
(0.14);0.36923164221743904
(0.15);0.3158732453495219
(0.16);0.44896031267162273
(0.17);0.5873292102676466
(0.18);0.5391841093873933
(0.19);0.4875156141977818
(0.20);0.4236725584904862
(0.21);0.3710363329599209
(0.22);0.3222255492767132
(0.23);0.2543459069865777
(0.24);0.3046524425144041
(0.25);0.4262427731376933
(0.31);0.9824127216643568
(1.2);0.4395648423229701
(1.3);0.34371603677550117
(1.4);0.3719146514821577
(1.5);0.4078876874681239
(1.6);0.4321118735276622
(1.7);0.447768820118447
(1.8);0.42027618891699503
(1.9);0.4039579470053061
(1.10);0.38168791948049974
(1.11);0.35492440433828903
(1.13);0.23536885775149452
(1.14);0.2399254984271081
(1.15);0.16418183290538965
(1.16);0.228952718129744
(1.17);0.3252109423771636
(1.18);0.3406682589680811
(1.19);0.30864336290271344
(1.20);0.32503578422983803
(1.21);0.2718210286999676
(1.22);0.23711290287209352
(1.23);0.19817066007707265
(1.24);0.19351676882033908
(1.25);0.2577112526003607
(1.26);0.281273538781861
(1.28);0.19297603229189564
(1.29);0.18968553928843404
(1.30);0.2440189965396843
(1.31);0.3407475893797221
(2.3);0.3987161285875143
(2.4);0.41453271954377663
(2.5);0.4248567252791121
(2.6);0.4597857567513767
(2.7);0.38981633978090313
(2.8);0.37152685311973943
(2.9);0.34591486889269296
(2.10);0.3227632958551876
(2.11);0.30538028852213955
(2.12);0.3999745573671248
(2.13);0.28782108271335244
(2.14);0.2811473531938286
(2.15);0.20115270471734983
(2.16);0.24813070186156766
(2.17);0.34030313383722216
(2.18);0.31045989837868726
(2.19);0.2751482673642699
(2.20);0.2798260231460654
(2.21);0.22540744927252143
(2.22);0.18804104330027926
(2.23);0.14448599374150753
(2.24);0.14867221551607226
(2.25);0.22326957289950874
(2.26);0.2561580792163952
(2.27);0.28283921220922914
(2.28);0.20238469028543613
(2.29);0.16465662506863035
(2.30);0.21602568071120193
(2.31);0.3381417696169057
(3.4);0.45324357736499427
(3.5);0.40540534984383836
(3.6);0.41050198958671286
(3.7);0.3052152124702654
(3.8);0.2998825382091143
(3.9);0.26198924640457233
(3.10);0.23958548257907
(3.11);0.24048329315993228
(3.12);0.35470390264780555
(3.13);0.3902015042832316
(3.14);0.37052280889173317
(3.15);0.287930726814763
(3.16);0.3030040146128307
(3.17);0.36971081515937104
(3.18);0.2743999401568477
(3.19);0.2390226935544397
(3.20);0.22445979041210296
(3.21);0.17190554891504856
(3.22);0.1314152431720476
(3.23);0.0795430113396658
(3.24);0.10199725661460976
(3.25);0.19080382631513362
(3.26);0.23531496865872847
(3.27);0.2983710873345779
(3.28);0.24490572188713802
(3.29);0.15232322744487467
(3.30);0.1946389534422527
(3.31);0.3380100899830368
(4.5);0.45302943408867974
(4.6);0.44780221639013584
(4.7);0.34314809170483396
(4.8);0.34224999711378784
(4.9);0.3007651551487457
(4.10);0.2795919007913576
(4.11);0.28532097897040287
(4.12);0.4007765038088738
(4.13);0.36245137819755446
(4.14);0.36702999071349074
(4.15);0.28707771162237655
(4.16);0.32679321327725874
(4.17);0.40893406080833705
(4.18);0.32161654565838965
(4.19);0.28610859596844496
(4.20);0.2707861466838977
(4.21);0.2185044857820901
(4.22);0.1778506743113979
(4.23);0.12521273759762336
(4.24);0.14889990855337423
(4.25);0.2376288883100831
(4.26);0.2812126077464683
(4.27);0.3383497230655555
(4.28);0.2737018556154199
(4.29);0.19659198957577242
(4.30);0.2403483229550521
(4.31);0.3837363450940339
(5.6);0.4835354380836512
(5.7);0.3930608317600776
(5.8);0.3963713776873965
(5.9);0.35133646863368917
(5.10);0.3312959564805295
(5.11);0.3393395930333747
(5.12);0.46092784398755726
(5.13);0.3149167409023367
(5.14);0.33302590331228427
(5.15);0.25943907905289776
(5.16);0.3237457090957441
(5.17);0.4219339406625368
(5.18);0.372091677326399
(5.19);0.3353282172341612
(5.20);0.3239131731120411
(5.21);0.27047831343901724
(5.22);0.22987821848982054
(5.23);0.17787159031919464
(5.24);0.19873005643884933
(5.25);0.284631529298472
(5.26);0.3246144358201005
(5.27);0.36307195485451516
(5.28);0.28106508815821674
(5.29);0.23522410063364696
(5.30);0.2832432466968252
(5.31);0.42054396665884924
(6.7);0.40128593586009137
(6.8);0.3945377380732855
(6.9);0.35625970078087116
(6.10);0.3341318442395252
(6.11);0.330745825097348
(6.12);0.4435861674722294
(6.13);0.30635991798188067
(6.14);0.3133711599678078
(6.15);0.23612536725973754
(6.16);0.29285481549114273
(6.17);0.3883906028093797
(6.18);0.35018907930339627
(6.19);0.3136479925226437
(6.20);0.31010803908087503
(6.21);0.255499011251934
(6.22);0.21604264000733744
(6.23);0.16749649159868954
(6.24);0.18087340194010612
(6.25);0.26187537601185623
(6.26);0.29858338686656904
(6.27);0.3306015677587515
(6.28);0.24885698626642938
(6.29);0.20766460427204742
(6.30);0.2575851944567838
(6.31);0.38711500441053054
(7.8);0.4848685228363778
(7.9);0.4645072372135402
(7.10);0.4418939652033088
(7.11);0.4154688104042828
(7.12);0.432548924576176
(7.13);0.2036030791198648
(7.14);0.2211015115622656
(7.15);0.1520418729049262
(7.16);0.23286112166219214
(7.17);0.3268867389943551
(7.18);0.3853980499490449
(7.19);0.3576885105366176
(7.20);0.38275314590712733
(7.21);0.3297650882867202
(7.22);0.2957345772821173
(7.23);0.2568311223959917
(7.24);0.2505652705925553
(7.26);0.3238415503614724
(7.27);0.30299714490089796
(7.28);0.20753578029841074
(7.29);0.23435046904019946
(7.30);0.2900027373678714
(7.31);0.35786468416615197
(8.9);0.459232382521768
(8.10);0.4444282824214693
(8.11);0.4433262961472023
(8.12);0.44745321581415903
(8.13);0.2055973697368319
(8.14);0.23064076769034014
(8.15);0.16623621059575594
(8.16);0.2538734052076918
(8.17);0.34451423226254874
(8.18);0.4195698790988624
(8.19);0.39130006506953274
(8.20);0.41318584702890077
(8.21);0.3574435724130535
(8.22);0.3207346672112031
(8.23);0.276704204444504
(8.24);0.27824928695610485
(8.25);0.3410612863313005
(8.26);0.3564761354676167
(8.27);0.3293759011665834
(8.28);0.23320894127786168
(8.29);0.26690081295577267
(8.30);0.32263513705859037
(8.31);0.38212024115331444
(9.10);0.48675108870225375
(9.11);0.43658532732220684
(9.12);0.3953214270415121
(9.13);0.16266964268385736
(9.14);0.18405416619718798
(9.15);0.11870640463391859
(9.16);0.206179645858165
(9.17);0.2954854244579582
(9.18);0.38096784993518645
(9.19);0.3627706204887353
(9.20);0.4011844925902465
(9.21);0.3548430003331543
(9.22);0.3256601488101753
(9.23);0.2927797005838528
(9.24);0.2769093364434983
(9.25);0.32015812513235997
(9.26);0.3235878688150091
(9.27);0.2835893079274317
(9.28);0.1880661176706711
(9.29);0.24088272127256294
(9.30);0.29596591674476164
(9.31);0.3327959962878863
(10.11);0.45127592802174404
(10.12);0.37822245986735376
(10.13);0.14167035683872822
(10.14);0.16591108770607285
(10.15);0.1029253124502231
(10.16);0.19450662494764434
(10.17);0.2809757062641782
(10.18);0.38053868658031725
(10.19);0.36850800278809037
(10.20);0.41500915037229796
(10.21);0.37370950243293277
(10.22);0.34754882288254774
(10.23);0.3178415446414605
(10.24);0.29649074594208935
(10.25);0.3305688104441317
(10.26);0.3267792583649331
(10.27);0.2760048499345363
(10.28);0.1807817041680022
(10.29);0.2487551303880365
(10.30);0.30316676441391116
(10.31);0.3217240950685067
(11.12);0.39180478019474574
(11.13);0.15499028705650186
(11.14);0.18988824761217474
(11.15);0.1352374681992977
(11.16);0.23504047117043433
(11.17);0.3119728416627375
(11.18);0.4354901675155032
(11.19);0.4304910915938335
(11.21);0.42542938933390695
(11.22);0.3886543293052604
(11.23);0.342587535648018
(11.24);0.34335081273784346
(11.25);0.3913955191383087
(11.26);0.38498659093135773
(11.27);0.3218410042747246
(11.28);0.22919341377001853
(11.29);0.30802804552207586
(11.30);0.36281822110219475
(11.31);0.35943250685492933
(12.13);0.2671249261426061
(12.14);0.2935810158925577
(12.15);0.2271935245489765
(12.16);0.30864783303712334
(12.17);0.4053991492239257
(12.18);0.41879430136563256
(12.19);0.3809940885949277
(12.20);0.37552953844427145
(12.21);0.3206516480277212
(12.22);0.28017739227130223
(12.23);0.22878972755941526
(12.24);0.24662448000443862
(12.25);0.32819242582382263
(12.26);0.36169564091937445
(12.27);0.3718366963610561
(12.28);0.2784286258437855
(12.29);0.26901587094524276
(12.30);0.3211393101939874
(12.31);0.433783657127998
(13.15);0.3735345675980178
(13.16);0.3260823642136526
(13.17);0.3338778056396145
(13.18);0.206641888880626
(13.19);0.17554994874699642
(13.20);0.14713571513870055
(13.21);0.09962661039644069
(13.22);0.058650629772761094
(13.23);0.0015707500780869305
(13.24);0.039448234026840966
(13.25);0.13519976463055894
(13.26);0.18546560961236788
(13.27);0.27262342998460964
(13.28);0.26309246882074844
(13.29);0.119215773893365
(13.30);0.1488403508754851
(13.31);0.2861274599729847
(14.15);0.4268390463598349
(14.16);0.39855932708565306
(14.17);0.38346948741171716
(14.18);0.25116570049686743
(14.19);0.22395551811573178
(14.20);0.18830883898583586
(14.21);0.14544810463187827
(14.22);0.1051447875561958
(14.23);0.04587892238246462
(14.24);0.09194174063228037
(14.25);0.18903867399191068
(14.26);0.23983324672723028
(14.27);0.33265021167592634
(14.29);0.18192974539378853
(14.30);0.20621491421121227
(14.31);0.3339298337519843
(15.16);0.39520727263948746
(15.17);0.32733751729356775
(15.18);0.2039312184234151
(15.19);0.18330244782274194
(15.20);0.14022548288096107
(15.21);0.10465402119028244
(15.22);0.06648978564713404
(15.23);0.005751157607039505
(15.24);0.06263077654960736
(15.25);0.15840251464766697
(15.26);0.20786463901897473
(15.28);0.34836304364462733
(15.29);0.17069878989532375
(15.30);0.18167261568221055
(15.31);0.2832832906886225
(16.17);0.4122802456829875
(16.18);0.30827926723630883
(16.19);0.29192077075683176
(16.20);0.24519090763133167
(16.21);0.21375796295184366
(16.22);0.17650050346203197
(16.23);0.11546797162065585
(16.24);0.17441108467279112
(16.25);0.2703566681892543
(16.26);0.3187323508036098
(16.27);0.41347128138816513
(16.29);0.2804769025229642
(16.30);0.2935557973303244
(16.31);0.38166270154463344
(17.18);0.37650871505135264
(17.19);0.34733595368732817
(17.20);0.31235975905421376
(17.21);0.2685104111809524
(17.22);0.22763727336853387
(17.23);0.16863717178213347
(17.24);0.2107740585433862
(17.25);0.30760409407724854
(17.26);0.3570707514154541
(17.27);0.4372127059814912
(17.28);0.3673797970670907
(17.29);0.28291576727596934
(17.30);0.3188017271999613
(18.20);0.4493013115647787
(18.21);0.40109724626104115
(18.22);0.358245107440575
(18.23);0.2993443187854703
(18.24);0.3330456305684188
(18.25);0.42281160586310157
(18.26);0.44927539101571023
(18.27);0.39727947477937986
(18.28);0.30394804900046574
(18.29);0.35420648759690865
(18.30);0.4101019283059255
(18.31);0.43005100562827714
(19.20);0.46342703861177426
(19.22);0.38889332700544127
(19.23);0.327025562881206
(19.24);0.36889743806354175
(19.25);0.4653562309316669
(19.26);0.4708769074521721
(19.27);0.3825042181614638
(19.28);0.29812318221684164
(19.29);0.3833460224911925
(19.30);0.44181606861117545
(19.31);0.39895369488367466
(20.21);0.4612837671664575
(20.22);0.4160014480735428
(20.23);0.3603848777931539
(20.24);0.3756853151933223
(20.25);0.4298619666855327
(20.26);0.413118145769294
(20.27);0.33494364819143474
(20.28);0.24683604793224304
(20.29);0.3424277683715754
(20.31);0.3626980954167945
(21.22);0.47966980028702766
(21.23);0.4094519460726771
(21.24);0.43301174346543053
(21.25);0.44457782917652083
(21.26);0.3967160909996845
(21.27);0.3036419130243216
(21.28);0.226272813345418
(21.29);0.36008946676186143
(21.30);0.4028510554183814
(21.31);0.318701216261926
(22.23);0.4538076936967272
(22.24);0.46326958057407597
(22.25);0.41306442642209035
(22.26);0.36041345112231926
(22.27);0.26565505180226556
(22.28);0.1933065984589812
(22.29);0.3444502002251588
(22.30);0.3754419183115551
(22.31);0.27741187212918467
(23.25);0.3497054309272623
(23.26);0.29888261069138955
(23.27);0.2047605710688957
(23.28);0.13305480777603507
(23.29);0.2915416484058984
(23.30);0.3155423977031521
(23.31);0.21817473460496228
(24.25);0.41339036401799323
(24.26);0.35468938721342197
(24.27);0.2593488056536807
(24.28);0.20084088575332165
(24.29);0.37250239192078427
(24.30);0.3838948471718078
(24.31);0.2590098495835778
(25.26);0.45785494204581567
(25.27);0.3571759973935083
(25.28);0.29056731419876847
(25.29);0.42688918978685136
(25.31);0.3557479572304795
(26.27);0.40521525169829353
(26.28);0.33162903787113257
(26.29);0.40798386883509286
(26.30);0.45888676893018127
(26.31);0.40388445107173915
(27.28);0.40440310991764633
(27.29);0.34667801943741156
(27.30);0.3743733940539378
(27.31);0.4551267808961205
(28.29);0.31917025319449394
(28.30);0.3179214871301564
(28.31);0.35681784811250805
(29.30);0.44453309981890016
(29.31);0.3199343517998471
(30.31);0.3626295392118752
