
****Importance edges******

(0.5);22.563283580537504
(0.6);17.467728784992175
(0.7);15.143255631307124
(0.8);18.1283431788481
(0.10);12.771603709508096
(0.11);16.445800380776937
(0.12);26.597143431655983
(0.13);10.45257765546728
(0.14);13.397776527911834
(0.15);10.772710481244474
(0.16);19.710320784856755
(0.17);40.75900309696615
(0.18);31.931027476031204
(0.19);24.259134176671893
(0.20);17.4345165549974
(0.21);13.61759682596404
(0.22);11.140907395926172
(0.23);8.783423640858594
(0.24);10.473577370702383
(0.25);17.755634840578832
(0.31);139.1478327194361
(1.2);0.0
(1.3);0.0
(1.4);0.0
(1.5);0.7822410117199773
(1.6);1.1042032640590527
(1.7);1.380925027511327
(1.8);1.0147749129087482
(1.9);0.0
(1.10);0.6992373408463131
(1.11);0.6329987648516215
(1.13);0.3626430753421606
(1.14);0.3688693923917651
(1.15);0.29547252366663684
(1.16);0.37794807234710676
(1.17);0.6241545748583631
(1.18);0.7000475597584476
(1.19);0.6056211623754566
(1.20);0.6872428633581411
(1.21);0.5265414659981971
(1.22);0.47252388427245806
(1.23);0.4391920034818728
(1.24);0.4475073125985253
(1.25);0.5821838971209599
(1.26);0.0
(1.27);0.0
(1.28);0.0
(1.29);0.0
(1.30);0.0
(1.31);0.8932259695757256
(2.3);0.0
(2.4);0.0
(2.5);0.9454037461539384
(2.6);1.715073272600154
(2.7);0.7022270366012412
(2.8);0.6462900222794178
(2.9);0.0
(2.10);0.4721553261413176
(2.11);0.47497905897265935
(2.12);0.9339028925395413
(2.13);0.4510765274255328
(2.14);0.43741196508151936
(2.15);0.33174392037302824
(2.16);0.406398119281413
(2.17);0.6814697341323191
(2.18);0.5911413792504464
(2.19);0.5169942576034927
(2.20);0.5489193775097105
(2.21);0.43865144830502173
(2.22);0.39893262765268933
(2.23);0.3734115033680765
(2.24);0.39085546932548654
(2.25);0.510752891258762
(2.26);0.0
(2.27);0.0
(2.28);0.0
(2.29);0.0
(2.30);0.0
(2.31);0.8793835677418298
(3.4);0.0
(3.5);0.7628519463301092
(3.6);0.8564667130305917
(3.7);0.40351877322550767
(3.8);0.41911716280407113
(3.9);0.0
(3.10);0.322981236860718
(3.11);0.35750917321190334
(3.12);0.6535424069805268
(3.13);0.8544930579839609
(3.14);0.7295891652812952
(3.15);0.465627382112996
(3.16);0.5176684825928394
(3.17);0.8291782003172231
(3.18);0.4982643893972857
(3.19);0.44636625013375464
(3.20);0.44002632425517874
(3.21);0.367747107628061
(3.22);0.3380811259372345
(3.23);0.31607274143563213
(3.24);0.3453111402101127
(3.25);0.4577282841427308
(3.26);0.0
(3.27);0.0
(3.28);0.0
(3.29);0.0
(3.30);0.0
(3.31);0.8786952390396667
(4.5);1.4253617352919685
(4.6);1.388825718961167
(4.7);0.49906576365162086
(4.8);0.5293754574439057
(4.9);0.0
(4.10);0.38094141738301407
(4.11);0.4312383774945732
(4.12);0.9409867717809862
(4.13);0.6887630178563199
(4.14);0.7111644323324714
(4.15);0.4637916632720201
(4.16);0.5871278679934945
(4.17);1.1605010837997165
(4.18);0.6272276973193351
(4.19);0.5430229423222745
(4.20);0.5276302740048681
(4.21);0.4280122904158988
(4.22);0.38642286343315463
(4.23);0.3543419777341597
(4.24);0.39110699937369486
(4.25);0.5383047963121782
(4.26);0.0
(4.27);0.0
(4.28);0.0
(4.29);0.0
(4.30);0.0
(4.31);1.2036297861156569
(5.6);4.509538333717909
(5.7);1.3081707333156254
(5.8);1.3927112710363008
(5.9);0.47033974224328023
(5.10);0.879634579204093
(5.11);0.9720479879487811
(5.12);3.2235260777715493
(5.13);0.8638552774769154
(5.14);0.9536569276932947
(5.15);0.6810271928939451
(5.16);0.9393104495702326
(5.17);2.0593644960198425
(5.18);1.345611122320505
(5.19);1.0817733155643112
(5.20);1.0390855437723867
(5.21);0.800734630224915
(5.22);0.6961485677827148
(5.23);0.6093571857794792
(5.24);0.6653351400814554
(5.25);0.9426198885777671
(5.26);0.41976079461544835
(5.27);0.5347733266266057
(5.28);0.3372888836147451
(5.29);0.27937813908808085
(5.30);0.34064059209255393
(5.31);2.375744683252018
(6.8);1.4123774566976943
(6.9);0.5182795612597045
(6.10);0.9217410699476479
(6.11);0.9516396150522215
(6.12);2.561305169295757
(6.13);0.850643080639481
(6.14);0.8813111249368786
(6.15);0.6395652194110899
(6.16);0.8257052890278012
(6.17);1.543307733026882
(6.18);1.1902529315971522
(6.19);0.9853074974626403
(6.20);0.9904754701966246
(6.21);0.7717414792018642
(6.22);0.6791998291621432
(6.23);0.6046315995186547
(6.24);0.6432503557474748
(6.25);0.874361402703628
(6.26);0.39059724391452905
(6.27);0.46315289245350494
(6.28);0.3140059532051373
(6.29);0.2700651859518284
(6.30);0.32520912195470353
(6.31);1.791958649597804
(7.8);4.810174222632437
(7.9);1.7901978040110054
(7.10);2.3392204370177354
(7.11);1.8046721374334427
(7.12);2.218849059456463
(7.13);0.5605095291696787
(7.14);0.5950692117806746
(7.15);0.4867287112791747
(7.16);0.6437217788522633
(7.17);1.0216970008498159
(7.18);1.52579059792548
(7.19);1.2729684351457176
(7.20);1.558434478015785
(7.21);1.095186912621872
(7.22);0.9365746621076029
(7.23);0.8219917132191888
(7.24);0.8191622397385083
(7.25);1.0792809388678584
(7.26);0.4454360268832957
(7.27);0.3990431587944703
(7.28);0.2698895735341557
(7.29);0.29691841319026335
(7.30);0.37468368369522104
(7.31);1.4495039265793805
(8.9);1.7209172546068134
(8.10);2.498573841340672
(8.11);2.5785653786228946
(8.12);2.7714108320074806
(8.13);0.5812172870347809
(8.14);0.6343103145932112
(8.15);0.522184756429957
(8.16);0.7178089017665074
(8.18);2.1401209581965133
(8.19);1.6755518502470983
(8.20);2.0865792428952394
(8.21);1.3297384132545507
(8.22);1.0895581761769628
(8.23);0.9153576969164837
(8.24);0.9410012227438977
(8.25);1.3196217847678782
(8.26);0.580473108610869
(8.27);0.4902457169552833
(8.28);0.31536891371549863
(8.29);0.36049704467310584
(8.30);0.4719588947088357
(8.31);1.7619108617556538
(9.10);3.2353630325207403
(9.11);1.3066072101878758
(9.12);0.8532915600797593
(9.13);0.2714887002450495
(9.14);0.28971543529447125
(9.15);0.2480506265428215
(9.16);0.3323740655357996
(9.17);0.5099683418232028
(9.18);0.8829885136812576
(9.19);0.7968049146804469
(9.20);1.128887317341496
(9.21);0.7797666959586498
(9.22);0.6736247338878649
(9.23);0.6060653599954711
(9.24);0.5831874617937298
(9.25);0.742364864122492
(9.26);0.0
(9.27);0.0
(9.28);0.0
(9.29);0.0
(9.30);0.0
(9.31);0.8123570798963787
(10.11);2.874929889001091
(10.12);1.3612803362853525
(10.13);0.478565731966036
(10.14);0.512872448293917
(10.15);0.43962093413048126
(10.16);0.5803641010663114
(10.17);0.8363529303086104
(10.18);1.508371113871147
(10.19);1.406755265326594
(10.20);2.1225794873662176
(10.21);1.487698929067923
(10.22);1.270769725909177
(10.23);1.1139280255991073
(10.24);1.0223989850514423
(10.25);1.2417370320237122
(10.26);0.4828893566310637
(10.27);0.37491403530542394
(10.28);0.26387420110795834
(10.29);0.3346593360088995
(10.30);0.42590547613286894
(10.31);1.1976846568092183
(11.12);1.5885547883691455
(11.13);0.520774887520456
(11.14);0.5785887414914372
(11.15);0.5008483730459928
(11.16);0.6985888098704719
(11.17);1.0125935024055468
(11.18);2.6606509400628595
(11.19);2.551656819588175
(11.21);2.4522363681558543
(11.22);1.7674211027779383
(11.23);1.3303978850086708
(11.24);1.3636277924591198
(11.25);1.9412433048409792
(11.26);0.7916317750553818
(11.27);0.518031273730804
(11.28);0.3427371928633481
(11.29);0.4814188365801039
(11.30);0.6682622914594992
(12.13);0.7795956111245159
(12.14);0.876542086158728
(12.15);0.6781479120465191
(12.17);1.9427113055051797
(12.18);2.2411167794774927
(12.19);1.6307284515910798
(12.20);1.598272887070218
(12.21);1.1302010883013527
(12.22);0.9451015622924235
(12.23);0.7982658114300384
(12.24);0.8702552852230687
(12.25);1.28881326368829
(12.26);0.6855081313912013
(12.27);0.7377387255130559
(12.28);0.43232066437906025
(12.29);0.41492447193846016
(12.30);0.533658723031635
(12.31);2.996729809049551
(13.15);1.4179617842018113
(13.16);1.0680616459982206
(13.17);1.1574634712321505
(13.18);0.6753308572593099
(13.19);0.6228358101742886
(13.20);0.585911089281475
(13.21);0.5151833974953807
(13.22);0.47604176270614645
(13.23);0.4375078237594933
(13.24);0.48270366994948344
(13.25);0.6194402372316536
(13.26);0.3055413948634461
(13.27);0.42133567130362193
(13.28);0.4045940714095709
(13.29);0.25266003843385654
(13.30);0.2738611779847616
(13.31);1.0568770463784394
(14.15);2.286394982902963
(14.16);1.7591327054287664
(14.17);1.6103159267280749
(14.18);0.7935203211067349
(14.19);0.7300593852849501
(14.20);0.6621350851474356
(14.21);0.5809824999912954
(14.22);0.5315491511760454
(14.23);0.4798617822948055
(14.24);0.5442182533099297
(14.25);0.7249535880968759
(14.26);0.3687399557114696
(14.27);0.5690932430111757
(14.28);0.5736918677704448
(14.29);0.30213265539125245
(14.30);0.32691133070206585
(14.31);1.345669632521498
(15.16);1.734213732483763
(15.17);1.131570916824716
(15.18);0.679004670544628
(15.19);0.6470147235746603
(15.20);0.5828755133288586
(15.21);0.529057905101819
(15.22);0.4913315183011924
(15.23);0.4471196961551623
(15.24);0.5147739923770643
(15.25);0.6694398759350901
(15.26);0.33930157037732267
(15.27);0.5000944701930186
(15.28);0.6462862024380588
(15.29);0.3012810147454686
(15.30);0.3115936518181195
(15.31);1.0564330566648166
(16.17);2.129685207727171
(16.18);1.0532419930276171
(16.19);0.990569957125699
(16.20);0.8307624845825318
(16.21);0.7387168561602979
(16.22);0.6662126920293762
(16.23);0.5818576052886824
(16.24);0.6990608118409981
(16.25);1.0011447750189397
(16.26);0.5616171489072227
(16.27);1.1349044018943117
(16.28);1.6879329124544165
(16.29);0.4654124175447198
(16.30);0.49439891800901264
(16.31);1.8875313134726521
(17.18);1.6471976513653548
(17.19);1.3760284883195395
(17.20);1.1542569768356392
(17.21);0.9392958176147111
(17.22);0.8147792311543324
(17.23);0.6953111121725286
(17.24);0.8097582531764416
(17.25);1.2231984396025768
(17.26);0.7586432181478484
(17.27);1.612063061592918
(17.28);0.815221121408917
(17.29);0.5047622082427459
(17.30);0.6025977663111397
(18.20);3.5335313538226476
(18.21);2.097666820277086
(18.22);1.5409955851135093
(18.23);1.1466844565915728
(18.24);1.3917387719544034
(18.25);2.788754454948034
(18.26);1.961163409663183
(18.27);1.0634402929978053
(18.28);0.5719163934253287
(18.29);0.7627913108256097
(18.30);1.2025244263617012
(18.31);3.044887441172629
(19.20);4.359265315743406
(19.22);1.953013544391479
(19.23);1.3416229370397381
(19.24);1.7686326222309743
(19.25);4.762872687209226
(19.26);2.9503818983026004
(19.27);0.9688420685041181
(19.28);0.5747103796514866
(19.29);0.9754384208142663
(19.30);1.811712823870131
(19.31);2.287304550650111
(20.21);4.279061695211764
(20.23);1.669072779050015
(20.24);1.8889055889643234
(20.25);3.09371325971367
(20.26);1.3302773261854628
(20.27);0.7272627757337643
(20.28);0.4784179424414372
(20.29);0.7606707020541276
(20.30);1.1360379419228566
(20.31);1.770623779362219
(21.22);5.729805890108178
(21.23);2.439521299549074
(21.24);3.1569089894288425
(21.25);3.6544642591717267
(21.26);1.1285898497097908
(21.27);0.610131946354026
(21.28);0.44002239816867456
(21.29);0.8474109462414811
(21.30);1.1942211959932476
(21.31);1.3619672170035186
(22.23);4.049594055853239
(22.24);4.696340988957946
(22.25);2.6386281080201095
(22.26);0.8759265908352604
(22.27);0.5292054577323143
(22.28);0.40571792932647105
(22.29);0.7893622255971151
(22.30);0.9762543252182091
(22.31);1.1350221884129337
(23.25);1.6782469285750465
(23.26);0.6549069602184141
(23.27);0.44889023295949004
(23.28);0.361861990395434
(23.29);0.6323446464268297
(23.30);0.7125221053113662
(23.31);0.9296326616681548
(24.25);2.766035118692387
(24.26);0.9280649110865761
(24.27);0.5681582995772831
(24.28);0.4583493517131336
(24.29);1.0510934602462676
(24.31);1.1004687602593004
(25.26);2.7314173888227367
(25.27);0.9721691455631516
(25.28);0.6715691480698242
(25.29);1.7871287991481948
(25.31);1.815156440190873
(26.27);0.0
(26.28);0.0
(26.29);0.0
(26.30);0.0
(26.31);1.4335487703942458
(27.28);0.0
(27.29);0.0
(27.30);0.0
(27.31);2.66944679477348
(28.29);0.0
(28.30);0.0
(28.31);0.9890098409852771
(29.30);0.0
(29.31);0.7933020564533815
(30.31);1.0287784302023595

****Importance nodes******

0; 0.05238095238095238
1; DISCONNECTED
2; DISCONNECTED
3; DISCONNECTED
4; DISCONNECTED
5; 0.0016897081413210445
6; 0.0018023553507424475
7; 0.0018023553507424475
8; 0.0019225123741252773
9; DISCONNECTED
10; 0.0019225123741252776
11; 0.0021213929645520304
12; 0.0021945444460883074
13; 0.0021945444460883074
14; 0.0021945444460883074
15; 0.002265336202413737
16; 0.002343207134371709
17; 0.002514188042671931
18; 0.002578271788476108
19; 0.002667177712216663
20; 0.002774903799669792
21; 0.002756710974747638
22; 0.0028450104709907883
23; 0.003032340946679474
24; 0.003136904427599456
25; 0.0032379824591554384
26; DISCONNECTED
27; DISCONNECTED
28; DISCONNECTED
29; DISCONNECTED
30; DISCONNECTED
31; 0.003301443973330849
