
****Importance edges******

(0.5);22.598484093096445
(0.6);17.47620713130611
(0.7);15.18315487966254
(0.8);18.135889307790144
(0.10);12.791057186213127
(0.11);16.449441636602028
(0.12);26.567374324613603
(0.13);10.45355463932175
(0.14);13.415800774464625
(0.15);10.787131645961596
(0.16);19.762810706179316
(0.17);40.799835503752
(0.18);31.973919834930953
(0.19);24.29154845402936
(0.20);17.45835065881985
(0.21);13.635712913615485
(0.22);11.155195583572437
(0.23);8.779448255206447
(0.24);10.466923363843373
(0.25);17.791325745608148
(0.31);139.2166461649801
(1.2);0.0
(1.3);0.0
(1.4);0.0
(1.5);0.783461369761345
(1.6);1.0702508794437953
(1.7);1.4276948439917236
(1.8);0.983572298985711
(1.9);0.0
(1.10);0.6995994571410759
(1.11);0.6122156920295487
(1.12);1.0417340110470195
(1.13);0.34998224378695425
(1.14);0.36747477016262015
(1.15);0.2943554004839972
(1.16);0.38827349892702245
(1.17);0.6175201541748647
(1.18);0.6979045398948073
(1.19);0.6037672052225178
(1.20);0.6856784105882249
(1.21);0.5249434572392403
(1.22);0.4707149675902425
(1.23);0.4237237333602504
(1.24);0.43081769225185246
(1.25);0.5875926143646321
(1.26);0.0
(1.27);0.0
(1.28);0.0
(1.29);0.0
(1.30);0.0
(1.31);0.878566815616614
(2.3);0.0
(2.4);0.0
(2.5);0.9468786510063716
(2.6);1.6623376673995212
(2.7);0.7260103912186906
(2.8);0.6264176961202185
(2.9);0.0
(2.10);0.47239984274142915
(2.11);0.4593842033114443
(2.12);0.8731323073790886
(2.13);0.43532824951658977
(2.14);0.4357581969392476
(2.15);0.3304896622120677
(2.16);0.4175007925052686
(2.17);0.674226084752145
(2.18);0.5893317483185273
(2.19);0.5154116094705364
(2.20);0.5476698069628306
(2.21);0.43732017830676695
(2.22);0.3974054331356288
(2.23);0.36026001164047966
(2.24);0.3762786586012443
(2.25);0.5154979863805406
(2.26);0.0
(2.27);0.0
(2.28);0.0
(2.29);0.0
(2.30);0.0
(2.31);0.8649515879878561
(3.4);0.0
(3.5);0.7640420558911384
(3.6);0.8301318087629798
(3.7);0.4171853362858959
(3.8);0.4062300182233989
(3.9);0.0
(3.10);0.32314850019455016
(3.11);0.3457711737180754
(3.12);0.611015336107689
(3.13);0.8246604390596355
(3.14);0.7268307329227658
(3.15);0.4638669370584936
(3.16);0.5318110283572738
(3.17);0.8203644909828985
(3.18);0.49673907805388007
(3.19);0.44499981191514937
(3.20);0.4390246399329098
(3.21);0.366631026299202
(3.22);0.33678688323542555
(3.23);0.3049407114718628
(3.24);0.3324328884601713
(3.25);0.4619807598219833
(3.26);0.0
(3.27);0.0
(3.28);0.0
(3.29);0.0
(3.30);0.0
(3.31);0.8642745557736626
(4.5);1.4275854126873748
(4.6);1.3461216747796703
(4.7);0.5159683569949397
(4.8);0.5130980566047318
(4.9);0.0
(4.10);0.3811386967422906
(4.11);0.41707964749255955
(4.12);0.8797552270388171
(4.13);0.6647164741788852
(4.14);0.7084756602457521
(4.15);0.46203815870744425
(4.16);0.6031680230770785
(4.17);1.1481655939968411
(4.18);0.6253075971837893
(4.19);0.5413606139053159
(4.20);0.526429166379501
(4.21);0.4267133093608567
(4.22);0.3849435588152939
(4.23);0.34186211156271623
(4.24);0.37652080792897674
(4.25);0.543305859461749
(4.26);0.0
(4.27);0.0
(4.28);0.0
(4.29);0.0
(4.30);0.0
(4.31);1.1838764482757116
(5.6);4.441375676258002
(5.7);1.3320257201151424
(5.8);1.370935898525873
(5.9);0.4710735095579846
(5.10);0.8805189564883896
(5.11);0.9549553364576693
(5.12);3.1072024381207606
(5.13);0.8474018865631484
(5.14);0.9522670312347266
(5.15);0.6800063162603484
(5.16);0.9548343857265379
(5.17);2.0475643200337017
(5.18);1.343953801773295
(5.19);1.0804005630826534
(5.20);1.0382288892712632
(5.21);0.7997026865393319
(5.22);0.694881269291128
(5.23);0.5959155317926408
(5.24);0.6495718116359624
(5.25);0.9488785676652279
(5.26);0.42041565475891424
(5.27);0.5356076154451155
(5.28);0.33781508103371977
(5.29);0.2798139911509493
(5.30);0.34117201844267897
(5.31);2.3512094862475568
(6.7);1.4538203640221052
(6.8);1.368949236375793
(6.9);0.5023433404796369
(6.10);0.9082735800618315
(6.11);0.9213058571932841
(6.12);2.4342799793492764
(6.13);0.8225422644401646
(6.14);0.8672617164066115
(6.15);0.6295049557242789
(6.16);0.827417488932874
(6.17);1.5139385867556343
(6.18);1.1730505022991677
(6.19);0.9712903588507102
(6.20);0.9771163364744663
(6.21);0.760944066338187
(6.22);0.6695087079072752
(6.23);0.5843444747335137
(6.24);0.6207971532886596
(6.25);0.8699660792391979
(6.26);0.3785870386500603
(6.27);0.4489117235925792
(6.28);0.304350800714906
(6.29);0.2617611378086261
(6.30);0.3152094909552377
(6.31);1.7534774435534874
(7.8);4.812665283056291
(7.9);1.8508290628332857
(7.10);2.3781807575564033
(7.11);1.8007129689307626
(7.12);2.173460844009909
(7.13);0.5583254434083181
(7.14);0.6029221601866327
(7.15);0.49300811078649504
(7.16);0.6631408623681523
(7.17);1.0298199788549947
(7.18);1.544303062413244
(7.19);1.2880286614386964
(7.20);1.5770672779155386
(7.21);1.1078409855847235
(7.22);0.9466816459989017
(7.23);0.8142123892069051
(7.24);0.8098836416125059
(7.26);0.46052226314960004
(7.27);0.4125581396462618
(7.28);0.2790303201878052
(7.29);0.30697458526181004
(7.30);0.38737364641984895
(7.31);1.4514526139823523
(8.9);1.6680019568339581
(8.10);2.4608073516731643
(8.11);2.49645928653118
(8.12);2.635489987670872
(8.13);0.5620556809624755
(8.14);0.6239243551881364
(8.15);0.513745856459547
(8.16);0.7186337295959947
(8.17);1.1409868743187166
(8.18);2.108259282304405
(8.19);1.6509904339617452
(8.20);2.0575150402441715
(8.21);1.3105618828937988
(8.22);1.0735593381233794
(8.23);0.8847070750493262
(8.24);0.9082476850613224
(8.25);1.3121978653708737
(8.26);0.5626245413371934
(8.27);0.47517148951923927
(8.28);0.30567185249254625
(8.29);0.34941236967548667
(8.30);0.45744695615791947
(8.31);1.7236990783852029
(9.10);3.237038540399268
(9.11);1.263707738171457
(9.12);0.7977664858640511
(9.13);0.2620103096823692
(9.14);0.28862007852450927
(9.15);0.24711279617558257
(9.16);0.3414544240872943
(9.17);0.5045476581477062
(9.18);0.8802854660128419
(9.19);0.7943656964647652
(9.20);1.1263174967079161
(9.21);0.7774001700712301
(9.22);0.6710459626146226
(9.23);0.5847198377057984
(9.24);0.5614377002719352
(9.25);0.7492617255120496
(9.26);0.0
(9.27);0.0
(9.28);0.0
(9.29);0.0
(9.30);0.0
(9.31);0.7990251035437074
(10.11);2.8261207056255535
(10.12);1.3143927054116242
(10.13);0.4697754773328469
(10.14);0.5119628788937476
(10.15);0.4388263576884786
(10.16);0.5892090893940529
(10.17);0.8315028450034412
(10.18);1.5060596482734856
(10.19);1.4045578580016584
(10.20);2.1201750323738815
(10.21);1.4853554885277
(10.22);1.2681320668225997
(10.23);1.090141882364393
(10.24);0.9989590844744027
(10.25);1.2492150726310043
(10.26);0.4831394320981318
(10.27);0.3751081932449228
(10.28);0.2640108544907325
(10.29);0.33483264711756633
(10.30);0.4261260411741319
(10.31);1.1854908363525603
(11.12);1.510357562121337
(11.13);0.5031256631170635
(11.14);0.5681391049914304
(11.15);0.49191818789273906
(11.16);0.697707022762101
(11.17);0.991541286596346
(11.18);2.616750556199296
(11.19);2.5101914754135026
(11.21);2.4130167592414162
(11.22);1.7387580462388543
(11.23);1.284848725275861
(11.24);1.3152264630605548
(11.25);1.9269108490467073
(11.26);0.7656403486217153
(11.27);0.5010228966471899
(11.28);0.33148419770184656
(11.29);0.4656125454874077
(11.30);0.6463214210521082
(11.31);1.5186134060157916
(12.13);0.7406219566380071
(12.14);0.8463660580684884
(12.15);0.6551317198357076
(12.16);0.9577375011983067
(12.17);1.8727684761023016
(12.18);2.1703565000892
(12.19);1.5800906401246204
(12.20);1.550313127047329
(12.21);1.0956944182271586
(12.22);0.9162783207064698
(12.23);0.7601459676586304
(12.24);0.8278492502516711
(12.25);1.2620714500973371
(12.26);0.6409009986692861
(12.27);0.6897328628017388
(12.28);0.4041888532869784
(12.29);0.38792465947559807
(12.30);0.49893267909956807
(12.31);2.8893226930937552
(13.14);2.555434883343744
(13.15);1.390879211768649
(13.16);1.0650955626969918
(13.17);1.1320608036879276
(13.18);0.663373079158324
(13.19);0.6119743444050655
(13.20);0.5761329265057616
(13.21);0.5063407477017882
(13.22);0.46777560266289303
(13.23);0.42215529689966746
(13.24);0.4651746939643874
(13.25);0.6141340880240183
(13.26);0.2948741344177338
(13.27);0.40662572556002324
(13.28);0.39046861932002375
(13.29);0.24383900639202086
(13.30);0.264299957931948
(13.31);1.0317244492700826
(14.15);2.277750575604524
(14.16);1.7807329087546913
(14.17);1.5983390720134092
(14.18);0.7908286207487645
(14.19);0.7275873678140411
(14.20);0.6601879010534872
(14.21);0.5790271948430099
(14.22);0.5295252454202755
(14.23);0.4692952559981644
(14.24);0.5314293504641067
(14.25);0.7278607264924433
(14.26);0.36734582285681694
(14.27);0.5669416139968698
(14.28);0.5715228522652966
(14.29);0.3009903515675953
(14.30);0.3256753436070124
(14.31);1.3303719864055739
(15.16);1.7550801404952046
(15.17);1.123216055196099
(15.18);0.6766975612584335
(15.19);0.644820233798384
(15.20);0.5811545359561017
(15.21);0.5272742558499653
(15.22);0.4894609257567357
(15.23);0.4373831231263581
(15.24);0.502810033910027
(15.25);0.6720573086822704
(15.26);0.33801873823621226
(15.27);0.49820371189431173
(15.28);0.6438427221089765
(15.29);0.3001419308066821
(15.30);0.31041557783787316
(15.31);1.044525398522034
(16.17);2.1460352593274257
(16.18);1.0652528287165932
(16.19);1.0016118508293423
(16.20);0.8401280594586985
(16.21);0.746777592061965
(16.22);0.6730343357575304
(16.23);0.5772267245723309
(16.24);0.6923032781209276
(16.25);1.0180238930846979
(16.26);0.5769603588912052
(16.27);1.1659096455623381
(16.29);0.47812734347858094
(16.30);0.5079057463343691
(16.31);1.8908197830231144
(17.18);1.6360004450755765
(17.19);1.3667628389856048
(17.20);1.1470462622059316
(17.21);0.9330424889241004
(17.22);0.8090603719471017
(17.23);0.678572712708402
(17.24);0.7891651188397785
(17.25);1.2239124520921538
(17.26);0.7505792569744194
(17.27);1.5949277157190807
(17.28);0.806555768165728
(17.29);0.4993968629108239
(17.30);0.5961924826751881
(18.20);3.524151877888392
(18.21);2.091273883306127
(18.22);1.5356582141196566
(18.23);1.123244109581668
(18.24);1.3613278609650432
(18.25);2.7993937392389947
(18.26);1.9551598002167005
(18.27);1.0601848375077867
(18.28);0.5701656149612557
(18.29);0.7604562167193242
(18.30);1.1988431997131932
(18.31);3.012741460660348
(19.20);4.347665022319929
(19.22);1.946261787354722
(19.23);1.314561424813147
(19.24);1.7304952414781063
(19.25);4.780550276979569
(19.26);2.941350044787435
(19.27);0.9658762017303648
(19.28);0.572951048099987
(19.29);0.9724523609638697
(19.30);1.8061667198738465
(19.31);2.2634120449339723
(20.21);4.2677032687050875
(20.22);2.519150524351872
(20.23);1.6365620390782298
(20.24);1.8495074215266312
(20.25);3.105940828428695
(20.26);1.327249057492299
(20.27);0.7256072208715515
(20.28);0.47732886270683966
(20.29);0.7589390967508616
(20.31);1.752994783334668
(21.22);5.710107902087649
(21.23);2.3909905016598088
(21.24);3.089762135346566
(21.25);3.6677025367366025
(21.26);1.1251646750909468
(21.27);0.6082802475660782
(21.28);0.43868696745368296
(21.29);0.8448391257829297
(21.30);1.190596835796447
(21.31);1.3479054690040992
(22.23);3.968503786851948
(22.24);4.595942931788627
(22.25);2.6469525517922183
(22.26);0.8725733672728203
(22.27);0.5271795525608002
(22.28);0.40416475930679563
(22.29);0.7863403878747915
(22.30);0.9725170268640925
(22.31);1.123005649541067
(23.24);2.983066646489694
(23.25);1.6577138416561066
(23.26);0.631841244802657
(23.27);0.43308039279089056
(23.28);0.3491172706149985
(23.29);0.6100735719916237
(23.30);0.6874271939623297
(23.31);0.9060050253618577
(24.25);2.728326312030278
(24.26);0.8934530721578133
(24.27);0.546969045123104
(24.28);0.4412553815122519
(24.29);1.011893316904434
(24.30);1.1050533285390411
(24.31);1.071211471630317
(25.26);2.756793330004982
(25.27);0.9812009790566174
(25.28);0.6778082894295324
(25.29);1.8037319281602084
(25.31);1.8084671327406348
(26.27);0.0
(26.28);0.0
(26.29);0.0
(26.30);0.0
(26.31);1.4100221233319281
(27.28);0.0
(27.29);0.0
(27.30);0.0
(27.31);2.6256372405474324
(28.29);0.0
(28.30);0.0
(28.31);0.9727787325984865
(29.30);0.0
(29.31);0.7802828011050917
(30.31);1.0118946606839776

****Importance nodes******

0; 0.05238095238095238
1; DISCONNECTED
2; DISCONNECTED
3; DISCONNECTED
4; DISCONNECTED
5; 0.0016897081413210445
6; 0.0017442148555572073
7; 0.001860495845927688
8; 0.0018604958459276877
9; DISCONNECTED
10; 0.0019205118409576132
11; 0.0020485459636881208
12; 0.0020485459636881203
13; 0.0021146280915490274
14; 0.0021828419009538346
15; 0.002253256155823313
16; 0.0024034732328782004
17; 0.002483589007307474
18; 0.0025663753075510563
19; 0.0026548710078114377
20; 0.002764274468214002
21; 0.0027440636334098915
22; 0.002829704633661873
23; 0.002920985428296127
24; 0.003015210764692776
25; 0.0032629740904910744
26; DISCONNECTED
27; DISCONNECTED
28; DISCONNECTED
29; DISCONNECTED
30; DISCONNECTED
31; 0.0032422043184450813
