
****Importance edges******

(0.5);22.642095613415563
(0.6);17.528742387484645
(0.7);15.196150005321236
(0.8);18.19166426301284
(0.10);12.816214062778112
(0.11);16.483170855050286
(0.12);26.653190178590965
(0.13);10.488180299470345
(0.14);13.46201287520951
(0.15);10.809856480798407
(0.16);19.804667000421503
(0.17);40.88649101257967
(0.18);32.04202700585687
(0.19);24.304148349273405
(0.20);17.465525568384738
(0.21);13.685441608502215
(0.22);11.178511281420358
(0.23);8.813376867393687
(0.24);10.489500935997343
(0.25);17.819296583173365
(0.31);139.51636420248508
(1.2);0.0
(1.3);0.0
(1.4);0.0
(1.5);0.7849733269928935
(1.6);1.1080601718375884
(1.7);1.3857485058087957
(1.8);1.01831945346795
(1.9);0.0
(1.10);0.7016797298762449
(1.11);0.6153594811446809
(1.13);0.3631267675684903
(1.14);0.3820979888904408
(1.15);0.29618544580941075
(1.16);0.3906874451312539
(1.17);0.6213593562742256
(1.18);0.702243502043011
(1.19);0.5872702066897088
(1.20);0.6662253821673543
(1.21);0.5440642132887558
(1.22);0.47309538715830274
(1.23);0.44006206742354703
(1.24);0.43344738797855714
(1.25);0.5851425046335454
(1.26);0.0
(1.27);0.0
(1.28);0.0
(1.29);0.0
(1.30);0.0
(1.31);0.883624218621233
(2.3);0.0
(2.4);0.0
(2.5);0.9487059778906876
(2.6);1.7210639082567936
(2.7);0.7046798684374823
(2.8);0.6485474698846315
(2.9);0.0
(2.10);0.47380453295798397
(2.11);0.46174318737022685
(2.12);0.9049824477729127
(2.13);0.4516781719201633
(2.14);0.4530986729220298
(2.15);0.33254435888294326
(2.16);0.42009644854699385
(2.17);0.678417834903981
(2.18);0.5929956994787737
(2.19);0.5013287899803747
(2.20);0.5321321494318592
(2.21);0.4532493080627807
(2.22);0.3994151242111694
(2.23);0.37415125245711095
(2.24);0.3785754500245534
(2.25);0.5133484926634484
(2.26);0.0
(2.27);0.0
(2.28);0.0
(2.29);0.0
(2.30);0.0
(2.31);0.8699306159709123
(3.4);0.0
(3.5);0.7655165369009215
(3.6);0.8594582936888499
(3.7);0.4049282371764813
(3.8);0.42058111088134315
(3.9);0.0
(3.10);0.32410938861077715
(3.11);0.3475467434501379
(3.12);0.633303967593822
(3.13);0.8556327782149611
(3.14);0.755754092153464
(3.15);0.4667508573751652
(3.16);0.5351173658148111
(3.17);0.825464802373109
(3.18);0.49982736869250277
(3.19);0.4328408851288577
(3.20);0.4265692983818308
(3.21);0.3799853453546648
(3.22);0.33849002450417204
(3.23);0.3166988992278712
(3.24);0.3344620468766478
(3.25);0.46005441914386125
(3.26);0.0
(3.27);0.0
(3.28);0.0
(3.29);0.0
(3.30);0.0
(3.31);0.869249686472308
(4.5);1.430340428022749
(4.6);1.393676793842798
(4.7);0.5008089668176331
(4.8);0.5312245303329639
(4.9);0.0
(4.10);0.38227202014764455
(4.11);0.4192213934049903
(4.12);0.9118469584483404
(4.13);0.6896816878659598
(4.14);0.7366686013244717
(4.15);0.4649107092742589
(4.16);0.6069179961343291
(4.17);1.1553038869401326
(4.18);0.6291952148163865
(4.19);0.5265687782837949
(4.20);0.5114941161037158
(4.21);0.44225609016677486
(4.22);0.38689022982236565
(4.23);0.3550439490255399
(4.24);0.37881907742308896
(4.25);0.5410404140822781
(4.26);0.0
(4.27);0.0
(4.28);0.0
(4.29);0.0
(4.30);0.0
(4.31);1.1906913429430057
(5.6);4.525289847993447
(5.7);1.3127400857538987
(5.8);1.3975759178901492
(5.9);0.47198260734743147
(5.10);0.8827070836615875
(5.11);0.9584755970774239
(5.12);3.172025161887343
(5.13);0.8658188666719676
(5.14);0.9744287963909695
(5.15);0.6829846525622841
(5.16);0.9590808130368448
(5.17);2.0567400044050523
(5.18);1.3500217971006776
(5.19);1.0631723252815073
(5.20);1.0207083158687489
(5.21);0.8183186043657311
(5.22);0.6975828591866644
(5.23);0.6108940189669679
(5.24);0.6525630149539039
(5.25);0.9468966023791118
(5.26);0.42122699085537363
(5.27);0.5366412539098828
(5.28);0.3384670110131783
(5.29);0.28035398814855234
(5.30);0.3418304267834035
(5.31);2.361661576600158
(6.8);1.4173107962161275
(6.9);0.5200898769292402
(6.10);0.9249606495469765
(6.11);0.9388290791023616
(6.12);2.5217897214120497
(6.13);0.8526058834657531
(6.14);0.9000529532090555
(6.15);0.6414144633510128
(6.16);0.8426906457019406
(6.17);1.5415329191884217
(6.18);1.194160953673945
(6.19);0.9688789699768484
(6.20);0.9734742104843547
(6.21);0.7883366341092017
(6.22);0.680622785838725
(6.23);0.6061701919888879
(6.24);0.6312350427244009
(6.25);0.8783080209908338
(6.26);0.3919615738321845
(6.27);0.4647706543744293
(6.28);0.315102754892692
(6.29);0.2710085054929972
(6.30);0.32634505555764093
(6.31);1.7817087508361256
(7.8);4.826975837859677
(7.9);1.7964508446061094
(7.10);2.347391176765486
(7.11);1.7803784689809863
(7.12);2.1846169751965183
(7.13);0.5618028679542365
(7.14);0.6077238630856289
(7.15);0.48813604252922044
(7.16);0.6569636027306
(7.17);1.0205220427147554
(7.18);1.5308003090406246
(7.19);1.251743592160972
(7.20);1.5316843462835548
(7.21);1.1187372814399965
(7.22);0.9385368315772382
(7.23);0.824083417095665
(7.24);0.8038610577971422
(7.25);1.084152505564647
(7.26);0.44699190498368346
(7.27);0.4004369897250801
(7.28);0.270832279672954
(7.29);0.2979555292491439
(7.30);0.3759924286167151
(7.31);1.4412128488218503
(8.9);1.7269283028997788
(8.10);2.5073011918182355
(8.12);2.730184295344873
(8.13);0.5825785171348525
(8.14);0.6474704408851956
(8.15);0.5237036178764306
(8.16);0.732229450814114
(8.17);1.1623057520711166
(8.18);2.1471597077252444
(8.19);1.648499143479011
(8.20);2.0518662113936648
(8.21);1.357717472058274
(8.22);1.0918792400020318
(8.23);0.9177080362613479
(8.24);0.923919702923144
(8.25);1.3255468169261937
(8.26);0.582500662160749
(8.27);0.4919581122910549
(8.28);0.31647047613249996
(8.29);0.3617562366180994
(8.30);0.4736074154037122
(8.31);1.752206195371031
(9.10);3.246663938117274
(9.11);1.2701970044279316
(9.12);0.8268674300869588
(9.13);0.27185081104427267
(9.14);0.3001053691626582
(9.15);0.24864912816319834
(9.16);0.34357729009082366
(9.17);0.5076844957315363
(9.18);0.8857583137997604
(9.19);0.7726608910103792
(9.20);1.094363324116152
(9.21);0.8057165130978838
(9.22);0.6744394619729563
(9.23);0.6072660093967566
(9.24);0.5648646958382011
(9.25);0.746137497262869
(9.26);0.0
(9.27);0.0
(9.28);0.0
(9.29);0.0
(9.30);0.0
(9.31);0.8036246307368575
(10.11);2.83767720575908
(10.12);1.3410304068834007
(10.13);0.4796865487306895
(10.14);0.5235130859060544
(10.15);0.44089964493100064
(10.16);0.5920234284503832
(10.17);0.8354962841489274
(10.18);1.5133320701321706
(10.19);1.3840424273551932
(10.20);2.0872675437338724
(10.21);1.5190016389872008
(10.22);1.2734768210467216
(10.23);1.1167882286374735
(10.24);1.0038398927721033
(10.25);1.2473123657532976
(10.26);0.484576056694706
(10.27);0.3762235848296086
(10.28);0.26479589595521585
(10.29);0.3358282785742996
(10.30);0.4273931353322987
(10.31);1.1910877680104668
(11.12);1.5417829100159253
(11.13);0.5139950471472027
(11.14);0.5812145148580848
(11.15);0.4947230364033614
(11.16);0.7016973805773703
(11.17);0.9972208814924934
(11.18);2.631762384055775
(11.19);2.4770913062010558
(11.21);2.4686371675312135
(11.22);1.7476080018559232
(11.23);1.316688459841386
(11.24);1.3227390494115332
(11.25);1.9257912129044747
(11.26);0.7695719887698524
(11.27);0.5035956995815443
(11.28);0.33318640237601727
(11.29);0.4680035127093025
(11.30);0.6496403465138918
(11.31);1.5269898517452523
(12.13);0.7680445392830347
(12.14);0.8786875347992771
(12.15);0.6686454899645043
(12.16);0.9770276127210675
(12.17);1.9100275658142414
(12.18);2.2130036237518875
(12.19);1.580825248731293
(12.20);1.5491222765841333
(12.21);1.1356295505747056
(12.22);0.9330020405116523
(12.23);0.7888043345593886
(12.24);0.8430748952938028
(12.25);1.2765944590541611
(12.26);0.664279800041821
(12.27);0.7148929540374096
(12.28);0.41893286357500886
(12.29);0.40207538412764077
(12.30);0.5171327568450461
(12.31);2.940323971581735
(13.15);1.4206302073029244
(13.16);1.0873407192792375
(13.17);1.155415246213815
(13.18);0.676889388107254
(13.19);0.6128571588950165
(13.20);0.5762506277151058
(13.21);0.5250336541754964
(13.22);0.47664329346333384
(13.23);0.4382556557672751
(13.24);0.47404550759900427
(13.25);0.6216502818227919
(13.26);0.3059489250427496
(13.27);0.4218976475351897
(13.28);0.40513371774633117
(13.29);0.2529970356214612
(13.30);0.27422645318754807
(13.31);1.0506154091109918
(14.15);2.3295443102299362
(14.16);1.8202613304171391
(14.17);1.633380215863755
(14.18);0.8079498128712789
(14.19);0.7297415882631717
(14.20);0.6613141810792795
(14.21);0.6009822870703401
(14.22);0.5402132085787461
(14.23);0.4876386325060161
(14.24);0.5421915874544766
(14.25);0.737652003043684
(14.26);0.38196391028091214
(14.27);0.5895023770764986
(14.29);0.31296790241819866
(14.30);0.33863520417571463
(14.31);1.35625015780546
(15.16);1.7659916991129783
(15.17);1.1301992336526903
(15.18);0.6809046768970919
(15.19);0.6371304876393415
(15.20);0.573693678225779
(15.21);0.5392983027074243
(15.22);0.49218785785132185
(15.23);0.4480880154506477
(15.24);0.5059035037768124
(15.25);0.6721064099539724
(15.26);0.3401202441396007
(15.27);0.5013011083496062
(15.28);0.6478455749934818
(15.29);0.30200795173420797
(15.30);0.3123454713483156
(15.31);1.0507354389636727
(16.17);2.1593774361247506
(16.18);1.0718756423506255
(16.19);0.9902068634420866
(16.20);0.8298078466754846
(16.21);0.763445751986152
(16.22);0.6767964868101649
(16.23);0.5910569410409728
(16.24);0.6965638222008739
(16.25);1.0182640855227156
(16.26);0.5805473955346699
(16.27);1.1731582555528721
(16.29);0.4810999225732628
(16.30);0.5110634615836956
(16.31);1.9020749911036627
(17.18);1.6461716699349207
(17.19);1.3515751426555003
(17.20);1.1332798161221755
(17.21);0.953637841997628
(17.22);0.8135905386731039
(17.23);0.6946526827971772
(17.24);0.7940224900581515
(17.25);1.2243032800048417
(17.26);0.7552457046031018
(17.27);1.6048435861455277
(17.28);0.8115702289528923
(17.29);0.5025016773392103
(17.30);0.5998990879019734
(18.20);3.4828533765570606
(18.21);2.1369183205217346
(18.22);1.5442713718025936
(18.23);1.149565136984723
(18.24);1.3697081902173291
(18.25);2.8005221332164156
(18.26);1.9673152797728424
(18.27);1.0667761427896514
(18.28);0.5737104078091387
(18.29);0.7651840706751226
(18.30);1.2062965618391526
(18.31);3.030697323352168
(19.20);4.22654980351733
(19.21);2.89601469332466
(19.22);1.9255981217488651
(19.23);1.3240129921376902
(19.24);1.713973224802866
(19.25);4.710959883236048
(19.26);2.8609822358809325
(19.27);0.9394851388422296
(19.28);0.5572960530652808
(19.29);0.9458816147668562
(19.30);1.7568160273055313
(19.31);2.242733116069412
(20.21);4.284381848643257
(20.22);2.4902779502979486
(20.23);1.6464086747368063
(20.24);1.8303005710138776
(20.25);3.0585164718012376
(20.26);1.2895943592572738
(20.27);0.7050213927748288
(20.28);0.4637868118139551
(20.29);0.7374076272006697
(20.30);1.1012952660080964
(20.31);1.7355536997961858
(21.22);5.827163630135355
(21.23);2.480712424126645
(21.24);3.153258115255361
(21.26);1.1661481352546221
(21.27);0.630436497087918
(21.28);0.454665881698843
(21.29);0.8756118930255917
(21.30);1.2339636238507532
(21.31);1.3746134285852631
(22.23);4.056104016755304
(22.24);4.621666933224786
(22.25);2.6472584638581336
(22.26);0.8769859967004712
(22.27);0.5298455152116613
(22.28);0.4062086324954887
(22.29);0.7903169345651075
(22.30);0.9774350743459269
(22.31);1.1291041134438575
(23.25);1.684258966216543
(23.26);0.656204367563539
(23.27);0.44977950963659585
(23.28);0.3625788592528118
(23.29);0.6335973565654592
(23.30);0.7139336514837973
(23.31);0.9253055248576183
(24.25);2.730411815518121
(24.26);0.8989066776343755
(24.27);0.5503077245377811
(24.28);0.4439487885194783
(24.29);1.0180698773828023
(24.30);1.1117985343838865
(24.31);1.0775572108991074
(25.26);2.7452982124706278
(25.27);0.9771096239099265
(25.28);0.6749820035894045
(25.29);1.796210830989449
(25.31);1.8098732063046734
(26.27);0.0
(26.28);0.0
(26.29);0.0
(26.30);0.0
(26.31);1.4181388083652835
(27.28);0.0
(27.29);0.0
(27.30);0.0
(27.31);2.6407515214801403
(28.29);0.0
(28.30);0.0
(28.31);0.9783784593325541
(29.30);0.0
(29.31);0.7847744396607681
(30.31);1.017719555280878

****Importance nodes******

0; 0.05238095238095238
1; DISCONNECTED
2; DISCONNECTED
3; DISCONNECTED
4; DISCONNECTED
5; 0.0016897081413210445
6; 0.0018023553507424475
7; 0.0018023553507424475
8; 0.0019225123741252773
9; DISCONNECTED
10; 0.0019225123741252776
11; 0.0020550994344097793
12; 0.0021191831802139555
13; 0.0021898226195544205
14; 0.0022653337443666417
15; 0.002262897901630764
16; 0.0024137577617394813
17; 0.002494216353797464
18; 0.0025773568989240466
19; 0.0025773568989240466
20; 0.0026806773777053234
21; 0.002838536604775827
22; 0.002838536604775827
23; 0.003027772378427549
24; 0.003027772378427549
25; 0.0032431096381001978
26; DISCONNECTED
27; DISCONNECTED
28; DISCONNECTED
29; DISCONNECTED
30; DISCONNECTED
31; 0.003254586979799476
