
****Mix criterion 0.5*C(weight)+0.5*C(distance) ******

(0.5);0.47585512952414477
(0.6);0.4265224027129012
(0.7);0.39723726419093025
(0.8);0.4335747936803286
(0.10);0.35909456930681
(0.11);0.41345164322516886
(0.12);0.5052512255043375
(0.13);0.308101621280074
(0.14);0.3691792068822837
(0.15);0.31582943912998557
(0.16);0.4489742773120271
(0.17);0.5873574063910063
(0.18);0.539205694545737
(0.19);0.48739115481208845
(0.20);0.42357493386196854
(0.21);0.3711183251627087
(0.22);0.3222301333706124
(0.23);0.25429357245976
(0.24);0.30465409563413165
(0.25);0.4262053914283802
(0.31);0.9824127216643568
(1.2);0.4395648423229701
(1.3);0.34371603677550117
(1.4);0.3719146514821577
(1.5);0.4078886233391515
(1.6);0.4322412828479129
(1.7);0.44761028410502546
(1.8);0.42039511750194075
(1.9);0.4039579470053061
(1.10);0.38169137256098307
(1.11);0.3549321699288127
(1.12);0.4171935631944661
(1.13);0.23532743402037523
(1.14);0.239879062936196
(1.15);0.16414467509342304
(1.16);0.22894886370650194
(1.17);0.3252048122033524
(1.18);0.3406613308118027
(1.19);0.3085650056752675
(1.20);0.32494377375458444
(1.21);0.27187246939845605
(1.22);0.23710626848236885
(1.23);0.1981137628563857
(1.24);0.193509078700193
(1.25);0.25767893108036943
(1.26);0.281273538781861
(1.27);0.28326927738335145
(1.28);0.19297603229189564
(1.29);0.18968553928843404
(1.30);0.2440189965396843
(1.31);0.34073063405072174
(2.3);0.3987161285875143
(2.4);0.41453271954377663
(2.5);0.42485785635759327
(2.6);0.4599867582097236
(2.7);0.3897357211573851
(2.8);0.3716025963775166
(2.9);0.34591486889269296
(2.10);0.32276562752463167
(2.11);0.3053861155364785
(2.12);0.39987458822639016
(2.13);0.28776955746978156
(2.14);0.2810922891528745
(2.15);0.20111098551428716
(2.16);0.248126557296557
(2.17);0.3402964407389328
(2.18);0.31045404803352
(2.19);0.2750813769728041
(2.20);0.27975253190229493
(2.21);0.22545030351734527
(2.22);0.1880354421558423
(2.23);0.14443761836912886
(2.24);0.14866549892075806
(2.25);0.22324121706578154
(2.26);0.2561580792163952
(2.27);0.28283921220922914
(2.28);0.20238469028543613
(2.29);0.16465662506863035
(2.30);0.21602568071120193
(2.31);0.33812507704613814
(3.4);0.45324357736499427
(3.5);0.4054062625178407
(3.6);0.4106023649240789
(3.7);0.30516888681436555
(3.8);0.29993165748715783
(3.9);0.26198924640457233
(3.10);0.23958707757427455
(3.11);0.24048767906082466
(3.12);0.354633944546828
(3.13);0.3901038978677669
(3.14);0.3704309638328783
(3.15);0.2878721707957588
(3.16);0.30299873528062354
(3.17);0.3697026713329967
(3.18);0.27439500898680136
(3.19);0.23896494124332707
(3.20);0.22440087815069226
(3.21);0.17194147612934238
(3.22);0.13141049640257696
(3.23);0.07950206419040076
(3.24);0.10199132266876969
(3.25);0.1907784142864608
(3.26);0.23531496865872847
(3.27);0.2983710873345779
(3.28);0.24490572188713802
(3.29);0.15232322744487467
(3.30);0.1946389534422527
(3.31);0.3379934104782122
(4.5);0.45303113938759904
(4.6);0.44796498261089196
(4.7);0.3430907968517259
(4.8);0.342312038334218
(4.9);0.3007651551487457
(4.10);0.27959378201436563
(4.11);0.28532626937670963
(4.12);0.4006757763780359
(4.13);0.3623727026733364
(4.14);0.36694046507049705
(4.15);0.28701938645832514
(4.16);0.3267872255782439
(4.17);0.40892266287321277
(4.18);0.3216103381779855
(4.19);0.2860383379014498
(4.20);0.2707155056996725
(4.21);0.21854630062973732
(4.22);0.17784524880813793
(4.23);0.12516683267780251
(4.24);0.14889318763568085
(4.25);0.23759900285752864
(4.26);0.2812126077464683
(4.27);0.3383497230655555
(4.28);0.2737018556154199
(4.29);0.19659198957577242
(4.30);0.2403483229550521
(4.31);0.3837134976402951
(5.6);0.48381082513175244
(5.7);0.3929840749909786
(5.8);0.39645902764921154
(5.9);0.3513370313468828
(5.10);0.33129876071832587
(5.11);0.33934674653592617
(5.12);0.46073456758725784
(5.13);0.3148614401291549
(5.14);0.3329585720350402
(5.15);0.25939037265668863
(5.16);0.3237406141346753
(5.17);0.4219228344690376
(5.18);0.3720842698713466
(5.19);0.3352430370783195
(5.20);0.32382717816723255
(5.21);0.2705271777148689
(5.22);0.22987239668185105
(5.23);0.17782115724581954
(5.24);0.19872290436161807
(5.25);0.2845975286113679
(5.26);0.3246149380207782
(5.27);0.36307259465587466
(5.28);0.2810654916897235
(5.29);0.23522443488089584
(5.30);0.28324365423830694
(5.31);0.42051509928128933
(6.8);0.3947032644872691
(6.9);0.3563204415954526
(6.10);0.3341864639030446
(6.11);0.3308033675232283
(6.12);0.4435709907392285
(6.13);0.30635152282017175
(6.14);0.31335682055134034
(6.15);0.23611378695059926
(6.16);0.29289212831390676
(6.17);0.388457296129606
(6.18);0.35023953942518077
(6.19);0.3136184836832819
(6.20);0.3100733553257462
(6.21);0.2555803567223904
(6.22);0.21606767295657808
(6.23);0.1674737794839916
(6.24);0.1808938907121261
(6.25);0.2618808343792749
(6.26);0.2986291636954121
(6.27);0.33065584789261404
(6.28);0.24889378682505983
(6.29);0.2076962551041677
(6.30);0.25762330799328687
(6.31);0.3871671650366364
(7.8);0.4848922771723656
(7.9);0.4643017149603913
(7.10);0.44176998277882384
(7.11);0.4153856113057016
(7.12);0.43230364493177037
(7.13);0.2035389078184917
(7.14);0.22102957436167445
(7.15);0.15198302542548056
(7.16);0.2328252808216719
(7.17);0.3268319181582754
(7.18);0.38531709209867876
(7.19);0.35753129359519426
(7.20);0.3825562053280012
(7.21);0.32978007814629645
(7.22);0.2956848274850443
(7.23);0.25672915211863995
(7.24);0.25052201373096633
(7.25);0.30842335259647635
(7.26);0.32379041242818163
(7.27);0.3029513330643985
(7.28);0.2075047958378501
(7.29);0.2343163815549263
(7.30);0.28995972210178256
(7.31);0.35778812030657053
(8.9);0.4594340688773288
(8.10);0.4445808645315902
(8.12);0.4474467527687911
(8.13);0.20559378900547073
(8.14);0.2306329179253466
(8.15);0.1662287828163526
(8.16);0.25390729824667474
(8.17);0.34456684348139277
(8.18);0.4196648821710727
(8.19);0.3912563388325376
(8.20);0.41312090489958375
(8.21);0.3575841362425501
(8.22);0.32077703072678576
(8.23);0.2766732556900518
(8.24);0.2782811669636057
(8.25);0.34107293351370094
(8.26);0.3565441651799479
(8.27);0.3294333564984521
(8.28);0.2332459015713878
(8.29);0.2669430621312841
(8.30);0.32269044922958146
(8.31);0.38217509703051294
(9.10);0.48676706606543435
(9.11);0.4366013567003558
(9.12);0.3952300868981859
(9.13);0.1626386312688172
(9.14);0.18401769508101465
(9.15);0.11867521046931437
(9.16);0.20617625621176383
(9.17);0.29548041577148937
(9.18);0.3809591112683209
(9.19);0.36266752728821916
(9.20);0.4010333532127217
(9.21);0.35491917998108025
(9.22);0.3256506908988156
(9.23);0.29270118495910324
(9.24);0.2768993147488296
(9.25);0.3201169107310081
(9.26);0.3235878688150091
(9.27);0.2835893079274317
(9.28);0.1880661176706711
(9.29);0.24088272127256294
(9.30);0.29596591674476164
(9.31);0.3327805760224389
(10.11);0.45130117962841293
(10.12);0.3781479261504618
(10.13);0.14164232180667405
(10.14);0.16587785567820434
(10.15);0.10289640345161506
(10.16);0.19450466542238531
(10.17);0.2809728410928166
(10.18);0.3805333169364185
(10.19);0.36840514209736264
(10.20);0.414845567732393
(10.21);0.3737981471654194
(10.22);0.3475407062992313
(10.23);0.3177553627254957
(10.24);0.2964817713148908
(10.25);0.3305278391338732
(10.26);0.32678164304280366
(10.27);0.27600670139220684
(10.28);0.1807830072718279
(10.29);0.2487567830538114
(10.30);0.303168867685292
(10.31);0.3217119038973562
(11.12);0.3917278951156664
(11.13);0.15496317985793717
(11.14);0.1898547011385357
(11.15);0.1352079135430243
(11.16);0.23504080421035994
(11.17);0.3119731325940524
(11.18);0.4354904555397787
(11.19);0.43032107443026674
(11.21);0.42557785918055524
(11.22);0.38864937560566065
(11.23);0.3424928453724975
(11.24);0.34334358251478814
(11.25);0.39133983218907137
(11.26);0.38499630262204654
(11.27);0.32184735945102766
(11.28);0.22919761844915032
(11.29);0.3080339515392166
(11.30);0.3628264193035279
(11.31);0.3594220054441794
(12.13);0.26703867490084654
(12.14);0.29347892921392316
(12.15);0.2271144868341281
(12.16);0.3085922433239226
(12.17);0.4052920414914021
(12.18);0.4186720141257218
(12.19);0.3807995431985765
(12.20);0.375334499308508
(12.21);0.3206595013294885
(12.22);0.28012584616956937
(12.23);0.2286938552293395
(12.24);0.2465773358416146
(12.25);0.3280940472771807
(12.26);0.36162226106434964
(12.27);0.3717577255097338
(12.28);0.2783823483071326
(12.29);0.2689714555748003
(12.30);0.32108218497849317
(12.31);0.43362139811012707
(13.14);0.4386946620964262
(13.15);0.3733642933994762
(13.16);0.3260177371710374
(13.17);0.33381011633548624
(13.18);0.20660280885251173
(13.19);0.17547362523048932
(13.20);0.14706235721563313
(13.21);0.09962855003790463
(13.22);0.058623177333992804
(13.23);0.001516885641293637
(13.24);0.03942065745487142
(13.25);0.1351506837443981
(13.26);0.18543070845073753
(13.27);0.2725753019580574
(13.28);0.2630462531415693
(13.29);0.11918691322509828
(13.30);0.14880906845877231
(13.31);0.2860672037652807
(14.15);0.42655137076855404
(14.16);0.39844296555594827
(14.17);0.3833665650834935
(14.18);0.2511155272694591
(14.19);0.2238622131607083
(14.20);0.18822252852508634
(14.21);0.14544728978100574
(14.22);0.10511143546072177
(14.23);0.04581749455314569
(14.24);0.09190803807029085
(14.25);0.18897781851937132
(14.26);0.2397868275305836
(14.27);0.33257857080612513
(14.28);0.333953389019169
(14.29);0.18189171112349384
(14.30);0.2061737606526927
(14.31);0.33384684796153535
(15.16);0.3950910777801065
(15.17);0.3272642240430109
(15.18);0.20388770494198233
(15.19);0.18321981243178923
(15.20);0.14014957433104447
(15.21);0.10465238152987313
(15.22);0.06645855529935445
(15.23);0.0056939584562406475
(15.24);0.06259849377762895
(15.25);0.1583459935171758
(15.26);0.20782196938663258
(15.27);0.3027305202198879
(15.28);0.3482817684692276
(15.29);0.1706609016234936
(15.30);0.181633430521504
(15.31);0.2832173343858492
(16.17);0.41225894181289413
(16.18);0.3082686923830854
(16.19);0.29184782122093345
(16.20);0.245126725313653
(16.21);0.21379351193669055
(16.22);0.17649230564296856
(16.23);0.11542286350035291
(16.24);0.1744011599526496
(16.25);0.2703201356124911
(16.26);0.318726623270252
(16.27);0.4134597073063686
(16.29);0.2804721561131514
(16.30);0.2935507553078355
(16.31);0.38163375477870376
(17.18);0.3764924743391821
(17.19);0.3472377499136852
(17.20);0.31227329340180576
(17.21);0.26855400432783766
(17.22);0.22762744618838257
(17.23);0.16858483006393896
(17.24);0.21076279592234273
(17.25);0.30756061596798495
(17.26);0.3570633003528884
(17.27);0.43719687300171306
(17.28);0.3673717903210536
(17.29);0.28291080972187216
(17.30);0.31879580874771485
(18.20);0.4490392393485038
(18.21);0.4011931068840489
(18.22);0.35822650699139047
(18.23);0.2992588162418862
(18.24);0.3330262900103807
(18.25);0.4227131781835087
(18.26);0.44925598198213795
(18.27);0.39726895023652575
(18.28);0.30394238891909475
(18.29);0.354198938484944
(18.30);0.41009002729000416
(18.31);0.4300053379824433
(19.20);0.46285301967762094
(19.21);0.4318056040943535
(19.22);0.3887569066628834
(19.23);0.3268518604959432
(19.24);0.3687758558173838
(19.25);0.464932904513536
(19.26);0.4704951774866096
(19.27);0.38237886623679995
(19.28);0.298048824326577
(19.29);0.3832198171091028
(19.30);0.44158166333833165
(19.31);0.398797433791325
(20.21);0.46120471216034153
(20.22);0.4158164434796775
(20.23);0.3601651934807497
(20.24);0.37554938771227575
(20.25);0.4295783259001702
(20.26);0.4129400435938807
(20.27);0.334846279710513
(20.28);0.24677199566687824
(20.29);0.34232592712077586
(20.30);0.3965942970576796
(20.31);0.3625715764231609
(21.22);0.4799044181558538
(21.23);0.4093998940183159
(21.24);0.43312712891276134
(21.26);0.3968263490779652
(21.27);0.3037015201312967
(21.28);0.2263158015257875
(21.29);0.3601722549443625
(21.30);0.4029677253797018
(21.31);0.31874767430985945
(22.23);0.4535094982824691
(22.24);0.4631958994743547
(22.25);0.41296912240164446
(22.26);0.3604011528267892
(22.27);0.26564762158472977
(22.28);0.19330090204669173
(22.29);0.3444391173216002
(22.30);0.37542821138185384
(22.31);0.27739292325706194
(23.24);0.4272983373703674
(23.25);0.34955217381610243
(23.26);0.29879776764882604
(23.27);0.20470241744486242
(23.28);0.1330079286403438
(23.29);0.2914597283057766
(23.30);0.3154500906321016
(23.31);0.21810787811369725
(24.25);0.4132889751921339
(24.26);0.3546734390256076
(24.27);0.2593390422253238
(24.28);0.2008330093198326
(24.29);0.3724843295679098
(24.30);0.3838751219074625
(24.31);0.25898992426682593
(25.26);0.457703299992207
(25.27);0.35712202478342997
(25.28);0.2905300302138417
(25.29);0.42678997247855016
(25.31);0.3556806645845948
(26.27);0.40521525169829353
(26.28);0.33162903787113257
(26.29);0.40798386883509286
(26.30);0.45888676893018127
(26.31);0.403857239266588
(27.28);0.40440310991764633
(27.29);0.34667801943741156
(27.30);0.3743733940539378
(27.31);0.45507610911742624
(28.29);0.31917025319449394
(28.30);0.3179214871301564
(28.31);0.35679907460187393
(29.30);0.44453309981890016
(29.31);0.31991929323927903
(30.31);0.36261001080882077
