
****Mix criterion 0.5*C(weight)+0.5*C(distance) ******

(0.5);0.47585314902499903
(0.6);0.42645344687769055
(0.7);0.39729438549761065
(0.8);0.4334987303137117
(0.10);0.35909175581116193
(0.11);0.41344308821290016
(0.12);0.5052449063269853
(0.13);0.308099086162947
(0.14);0.36917588904051124
(0.15);0.31582671811127483
(0.16);0.4489690848475654
(0.17);0.5873464593201463
(0.18);0.5391969320037069
(0.19);0.48752479318908737
(0.20);0.4236783192627943
(0.21);0.3710411593076689
(0.22);0.3222292491701881
(0.23);0.2542928788161037
(0.24);0.30465327142256754
(0.25);0.4262423804562023
(0.31);0.9824127216643568
(1.2);0.4395648423229701
(1.3);0.34371603677550117
(1.4);0.3719146514821577
(1.5);0.40788855467770646
(1.6);0.43211305818315926
(1.7);0.4477704004269312
(1.8);0.4202772776283926
(1.9);0.4039579470053061
(1.10);0.38168869386373877
(1.11);0.3549250819968632
(1.12);0.4171893141111202
(1.13);0.23532600649309124
(1.14);0.2398775640594104
(1.15);0.16414347446003993
(1.16);0.22894727999469022
(1.17);0.32520229342737406
(1.18);0.3406584841594653
(1.19);0.308634906575892
(1.20);0.32502591585051843
(1.21);0.27181366956622666
(1.22);0.2371063041472766
(1.23);0.198113794960884
(1.24);0.193509111342183
(1.25);0.2577005904258003
(1.26);0.281273538781861
(1.27);0.28326927738335145
(1.28);0.19297603229189564
(1.29);0.18968553928843404
(1.30);0.2440189965396843
(1.31);0.3407318780013901
(2.3);0.3987161285875143
(2.4);0.41453271954377663
(2.5);0.4248577733744891
(2.6);0.45978759678486175
(2.7);0.3898171433982768
(2.8);0.3715275464984429
(2.9);0.34591486889269296
(2.10);0.32276381875227766
(2.11);0.3053807970122816
(2.12);0.3998710268451674
(2.13);0.2877677818284034
(2.14);0.2810905117578026
(2.15);0.20110963749444255
(2.16);0.24812485437081444
(2.17);0.3402936906676116
(2.18);0.3104516442339988
(2.19);0.27514104854055843
(2.20);0.27981814100581787
(2.21);0.22540131852141787
(2.22);0.18803547226626813
(2.23);0.14443764566513806
(2.24);0.1486655274304605
(2.25);0.22326021891958803
(2.26);0.2561580792163952
(2.27);0.28283921220922914
(2.28);0.20238469028543613
(2.29);0.16465662506863035
(2.30);0.21602568071120193
(2.31);0.33812630171919295
(3.4);0.45324357736499427
(3.5);0.4054061955582768
(3.6);0.4105029084555776
(3.7);0.3052156742506866
(3.8);0.2998829878631472
(3.9);0.26198924640457233
(3.10);0.23958584027057436
(3.11);0.24048367589236402
(3.12);0.3546314523030679
(3.13);0.3901005341963302
(3.14);0.37042799919475594
(3.15);0.2878702787491748
(3.16);0.302996566099854
(3.17);0.3696993251841149
(3.18);0.27439298285947766
(3.19);0.2390164609140901
(3.20);0.2244534719082525
(3.21);0.17190040914862437
(3.22);0.13141052192008532
(3.23);0.07950208729500353
(3.24);0.10199134785638665
(3.25);0.1907954434332111
(3.26);0.23531496865872847
(3.27);0.2983710873345779
(3.28);0.24490572188713802
(3.29);0.15232322744487467
(3.30);0.1946389534422527
(3.31);0.33799463419266645
(4.5);0.453031014276035
(4.6);0.4478037064056755
(4.7);0.3431486628277007
(4.8);0.34225056505953305
(4.9);0.3007651551487457
(4.10);0.2795923226719287
(4.11);0.2853214406338377
(4.12);0.4006721879828755
(4.13);0.3623699913903503
(4.14);0.36693757530007864
(4.15);0.2870175018710653
(4.16);0.3267847653425461
(4.17);0.408917979670733
(4.18);0.3216077876381461
(4.19);0.28610101370455276
(4.20);0.27077857024191193
(4.21);0.2184985037277006
(4.22);0.17784527797435837
(4.23);0.12516685857984838
(4.24);0.14889321616373033
(4.25);0.23761902974179677
(4.26);0.2812126077464683
(4.27);0.3383497230655555
(4.28);0.2737018556154199
(4.29);0.19659198957577242
(4.30);0.2403483229550521
(4.31);0.38371517387467236
(5.6);0.4835403542208022
(5.7);0.3930623061728735
(5.8);0.39637289516967983
(5.9);0.3513369900626675
(5.10);0.3312969311226831
(5.11);0.33934065006879555
(5.12);0.46072749930002443
(5.13);0.3148594858982474
(5.14);0.3329563462346983
(5.15);0.25938876208228867
(5.16);0.32373829270328425
(5.17);0.42191779158529275
(5.18);0.37208091764396745
(5.19);0.33531943551628934
(5.20);0.32390433542941527
(5.21);0.2704717123156908
(5.22);0.22987240687826554
(5.23);0.17782116671081827
(5.24);0.19872291545788007
(5.25);0.28462054397124453
(5.26);0.32461490117614555
(5.27);0.3630725477159817
(5.28);0.2810654620840881
(5.29);0.23522441035839387
(5.30);0.28324362433847433
(5.31);0.42051721717552826
(6.7);0.4012875450867867
(6.8);0.39453925335654216
(6.9);0.35626025682227336
(6.10);0.3341328496031368
(6.11);0.33074684488632383
(6.12);0.44343150553346156
(6.13);0.30630514049724594
(6.14);0.3133087045709107
(6.15);0.2360794317651522
(6.16);0.29284848526391893
(6.17);0.3883788379675228
(6.18);0.3501798230430419
(6.19);0.3136402088169593
(6.20);0.31009983523717166
(6.21);0.2554928165697311
(6.22);0.21603711615679164
(6.23);0.16744763233060705
(6.24);0.18086666331752246
(6.25);0.2618654243882151
(6.26);0.2985838059227222
(6.27);0.33060206465695663
(6.28);0.24885732315085154
(6.29);0.2076648940141787
(6.30);0.25758554336063744
(6.31);0.3870952945479169
(7.8);0.48487384995219013
(7.9);0.46450928588723484
(7.10);0.4418965976000314
(7.11);0.41547080360471667
(7.12);0.4324150130831799
(7.13);0.20356700297366542
(7.14);0.22105936030830084
(7.15);0.15200693001251475
(7.16);0.2328562066195766
(7.17);0.3268789809736044
(7.18);0.3853862292076419
(7.19);0.3576784910901411
(7.20);0.38274028170167623
(7.21);0.32975632831172513
(7.22);0.2957269862123194
(7.23);0.2567647205382094
(7.24);0.2505567105153442
(7.26);0.3238420601113273
(7.27);0.3029976015594977
(7.28);0.20753608915571609
(7.29);0.234350808828876
(7.30);0.290003166149878
(7.31);0.35784877759549044
(8.9);0.45923422882502757
(8.10);0.44443100627716736
(8.11);0.44332905946585377
(8.12);0.4472908377340579
(8.13);0.20556105256168256
(8.14);0.230597148139282
(8.15);0.1661997978759724
(8.16);0.25386807886512064
(8.17);0.34450563677981483
(8.18);0.4195537416007292
(8.19);0.39128722217963324
(8.20);0.41316906379043844
(8.21);0.35743320947336
(8.22);0.32072605875882393
(8.23);0.2766320534994248
(8.24);0.2782396872186717
(8.25);0.341046649612786
(8.26);0.3564767582339871
(8.27);0.3293764271315958
(8.28);0.23320927962454963
(8.29);0.26690119971862647
(8.30);0.3226356434044029
(8.31);0.38210135101461795
(9.10);0.4867546717644821
(9.11);0.4365867261141606
(9.12);0.3952268329233199
(9.13);0.16263756256641188
(9.14);0.18401651784118572
(9.15);0.11867420253172603
(9.16);0.20617486346823105
(9.17);0.29547835779408943
(9.18);0.3809555207103919
(9.19);0.3627594946510168
(9.20);0.4011682824717418
(9.21);0.3548321020321223
(9.22);0.3256507417423069
(9.23);0.2927012292618778
(9.24);0.2768993572875742
(9.25);0.320144529387428
(9.26);0.3235878688150091
(9.27);0.2835893079274317
(9.28);0.1880661176706711
(9.29);0.24088272127256294
(9.30);0.29596591674476164
(9.31);0.3327817073510913
(10.11);0.45127905624101816
(10.12);0.37814272390200876
(10.13);0.1416404615469839
(10.14);0.16587582734850875
(10.15);0.10289466401311843
(10.16);0.19450232753618552
(10.17);0.2809695401449873
(10.18);0.3805273350653396
(10.19);0.36849724058273253
(10.20);0.4149921076332581
(10.21);0.373697929626664
(10.22);0.34753880043685426
(10.23);0.3177537568093994
(10.24);0.2964803292608681
(10.25);0.33055505360213694
(10.26);0.32677979314962247
(10.27);0.27600526513997237
(10.28);0.18078199640033396
(10.29);0.24875550101266633
(10.30);0.3031672360907552
(10.31);0.32171126947500844
(11.12);0.39171607176170103
(11.13);0.1549592712412209
(11.14);0.18985032124860204
(11.15);0.13520415048566842
(11.16);0.2350355509820024
(11.17);0.3119657274846466
(11.18);0.4354710720146508
(11.19);0.4304724568561521
(11.21);0.42541116247489913
(11.22);0.38864099853822104
(11.23);0.3424867706603082
(11.24);0.3433374817417163
(11.25);0.3913748621654314
(11.26);0.38498743841493865
(11.27);0.3218415588545339
(11.28);0.22919378068826596
(11.29);0.3080285609063396
(11.30);0.36281893651223457
(11.31);0.35941651554129855
(12.13);0.26703565401030427
(12.14);0.29347547700838533
(12.15);0.22711181464597777
(12.16);0.30858833685027104
(12.17);0.4052844027378833
(12.18);0.4186631615534131
(12.19);0.38089999448581285
(12.20);0.3754384787169096
(12.21);0.3205873201915134
(12.22);0.2801243169903327
(12.23);0.22869261097961854
(12.24);0.24657600715337225
(12.25);0.32812064091853327
(12.26);0.36161964692126614
(12.27);0.3717549121884931
(12.28);0.2783806996788773
(12.29);0.2689698732858546
(12.30);0.321080149903786
(12.31);0.4336193419401787
(13.14);0.4386842388447236
(13.15);0.3733586202030247
(13.16);0.32601339279927904
(13.17);0.33380549882213206
(13.18);0.2066001030490409
(13.19);0.1755119567262709
(13.20);0.1471004432130283
(13.21);0.09959561937520367
(13.22);0.05862238159523632
(13.23);0.0015161811052371858
(13.24);0.03941989603074002
(13.25);0.13516343462127844
(13.26);0.18542950570151326
(13.27);0.2725736433901502
(13.28);0.263044660476177
(13.29);0.11918591864082806
(13.30);0.1488079904172208
(13.31);0.2860664266886314
(14.15);0.4265420801512427
(14.16);0.3984357022022842
(14.17);0.38336004568808163
(14.18);0.251112301593148
(14.19);0.22390710172442646
(14.20);0.188265532183236
(14.21);0.1454101205227284
(14.22);0.10511051754462536
(14.23);0.04581669622928846
(14.24);0.09190715116648648
(14.25);0.18899270414999086
(14.26);0.23978532917975556
(14.27);0.3325762583327446
(14.28);0.33395105785957585
(14.29);0.18189048342709865
(14.30);0.2061724322697619
(14.31);0.3338457903172219
(15.16);0.3950839190603982
(15.17);0.32725964260611495
(15.18);0.2038849447898636
(15.19);0.1832589862028523
(15.20);0.1401868653559896
(15.21);0.10461898104251546
(15.22);0.06645769093065468
(15.23);0.005693200265743616
(15.24);0.06259763844137615
(15.25);0.1583595274630031
(15.26);0.20782059065676872
(15.27);0.3027284881185332
(15.28);0.3482791423272769
(15.29);0.17065967738768478
(15.30);0.18163216438096513
(15.31);0.2832164600391767
(16.17);0.41225018844343186
(16.18);0.30826434736986164
(16.19);0.2919067422420572
(16.20);0.24517896729345684
(16.21);0.2137474984676772
(16.22);0.17649107240737333
(16.23);0.11542182470033802
(16.24);0.17439993663330064
(16.25);0.2703399831017748
(16.26);0.3187242699318506
(16.27);0.4134549517284521
(16.29);0.2804702059004187
(16.30);0.29354868363327635
(16.31);0.3816320089260578
(17.18);0.376485801328441
(17.19);0.34731681088998195
(17.20);0.3123434602523707
(17.21);0.26849733669313264
(17.22);0.2276259362994527
(17.23);0.16858358595113807
(17.24);0.2107613748642611
(17.25);0.30758407521608616
(17.26);0.3570602388479488
(17.27);0.43719036752073337
(17.28);0.36736850049596803
(17.29);0.2829087727538259
(17.30);0.318793376964244
(18.20);0.44925124672954736
(18.21);0.40106794199229145
(18.22);0.3582235889776772
(18.23);0.29925671880578913
(18.24);0.3330237926540743
(18.25);0.4227659111699664
(18.26);0.44924800716624674
(18.27);0.39726462589490985
(18.28);0.3039400632954775
(18.29);0.3541958366933048
(18.30);0.41008513738085245
(18.31);0.4300022896062135
(19.20);0.4633652889961089
(19.22);0.388866055153121
(19.23);0.32692437728625784
(19.24);0.3688697330848592
(19.25);0.4652783633346496
(19.26);0.47083571108201505
(19.27);0.382490690158021
(19.28);0.298115157499246
(19.29);0.3833324023824627
(19.30);0.44179077154974983
(19.31);0.3989171690216347
(20.21);0.46122313928537656
(20.22);0.415965668220515
(20.23);0.3602605825847371
(20.24);0.37565543337130697
(20.25);0.42981095437291184
(20.26);0.41309904381574175
(20.27);0.3349332051511085
(20.28);0.24682917814867594
(20.29);0.3424168456142426
(20.31);0.3626695629158877
(21.22);0.47958975195061904
(21.23);0.4092702599673028
(21.24);0.43296235361754254
(21.25);0.4445181906798456
(21.26);0.3967003174202439
(21.27);0.3036333855998303
(21.28);0.2262666634334239
(21.29);0.36007762304035107
(21.30);0.40283436455153593
(21.31);0.3186794992038431
(22.23);0.4535097989661763
(22.24);0.4631962476975726
(22.25);0.4130214696629678
(22.26);0.36040121893951305
(22.27);0.2656476615278193
(22.28);0.19330093266925497
(22.29);0.34443917690066467
(22.30);0.37542828506706133
(22.31);0.27739381194518925
(23.24);0.4272985633899421
(23.25);0.34958447540905446
(23.26);0.29879781552187296
(23.27);0.20470245025829162
(23.28);0.13300795509209512
(23.29);0.2914597745295408
(23.30);0.31545014271675825
(23.31);0.21810858547681697
(24.25);0.4133413435501202
(24.26);0.354673506720335
(24.27);0.2593390836678142
(24.28);0.20083304275266045
(24.29);0.3724844062365613
(24.30);0.3838752056346174
(24.31);0.25899074924310567
(25.26);0.45780491859250316
(25.27);0.3571581929898079
(25.28);0.29055501501371456
(25.29);0.4268564601299291
(25.31);0.35571537830672295
(26.27);0.40521525169829353
(26.28);0.33162903787113257
(26.29);0.40798386883509286
(26.30);0.45888676893018127
(26.31);0.4038592356975156
(27.28);0.40440310991764633
(27.29);0.34667801943741156
(27.30);0.3743733940539378
(27.31);0.4550798267210759
(28.29);0.31917025319449394
(28.30);0.3179214871301564
(28.31);0.3568004519458995
(29.30);0.44453309981890016
(29.31);0.3199203980309633
(30.31);0.36261144353655084
