
****Importance edges******

(0.5);22.892500103168366
(0.6);17.703580112200292
(0.7);15.363676139656162
(0.8);18.37118930523351
(0.9);13.719941682797666
(0.10);12.971765145300386
(0.11);16.662151417289962
(0.12);26.94352713563708
(0.13);10.601932861222268
(0.14);13.606716988529927
(0.15);10.94104716916947
(0.16);20.017194392869524
(0.17);41.32288360156026
(0.18);32.38205966361824
(0.19);24.598889179603624
(0.20);17.671426869408116
(0.21);13.82918444159934
(0.22);11.314463872528702
(0.23);8.905136705148012
(0.24);10.617186956931638
(0.25);17.99865527301267
(0.31);141.15235815942208
(1.2);0.0
(1.3);0.0
(1.4);0.0
(1.5);0.7936545395790091
(1.6);1.084175304288122
(1.7);1.3996159052398085
(1.8);0.9953321938016667
(1.9);0.8906455613093258
(1.10);0.7308016358938574
(1.11);0.618890854346984
(1.12);1.0870630545669049
(1.13);0.3652110451811423
(1.14);0.38346472505755486
(1.15);0.3071637072277137
(1.16);0.39209851967821846
(1.17);0.6229546544103559
(1.18);0.7033138461649406
(1.19);0.6071383855897835
(1.20);0.6835797579286865
(1.21);0.5441974650942465
(1.22);0.488476136600038
(1.23);0.43971181396070447
(1.24);0.44707344439771607
(1.25);0.5816396528250094
(1.26);0.0
(1.28);0.0
(1.29);0.0
(1.30);0.0
(1.31);0.9034705560442069
(2.3);0.0
(2.4);0.0
(2.5);0.9591979500285668
(2.6);1.6839653963368961
(2.7);0.7117317087718962
(2.8);0.6339073399672683
(2.9);0.5551389215309824
(2.10);0.49346890473904526
(2.11);0.4643930003140236
(2.12);0.9111249733956522
(2.13);0.4542707175156328
(2.14);0.45471937327000134
(2.15);0.3448702815663559
(2.16);0.4216137417520921
(2.17);0.680159626826178
(2.18);0.5938995304995239
(2.19);0.5182894496113695
(2.20);0.5459935565819191
(2.21);0.45336031754872297
(2.22);0.412400463141722
(2.23);0.3738534586196024
(2.24);0.3904765263351072
(2.25);0.5102754229723968
(2.26);0.0
(2.27);0.0
(2.28);0.0
(2.29);0.0
(2.30);0.0
(2.31);0.8894693929479328
(3.4);0.0
(3.5);0.7739825720724376
(3.6);0.8409321810906457
(3.7);0.40898041661761647
(3.8);0.4110870300468483
(3.9);0.35938796975200343
(3.10);0.3375609431486481
(3.11);0.3495412154522341
(3.12);0.6376024883634798
(3.13);0.8605439453432512
(3.14);0.7584573684889142
(3.15);0.48405121092723963
(3.16);0.537050088516679
(3.17);0.8275841274422016
(3.18);0.5005891945897922
(3.19);0.4474845023991455
(3.20);0.4376809192994898
(3.21);0.3800784110849441
(3.22);0.34949463456113594
(3.23);0.3164468327710133
(3.24);0.3449763534504229
(3.25);0.45730038497036996
(3.26);0.0
(3.27);0.0
(3.28);0.0
(3.29);0.0
(3.30);0.0
(3.31);0.8887731696668523
(4.5);1.4461589136950572
(4.6);1.363635297474874
(4.7);0.5058206395362983
(4.8);0.5192328157700371
(4.9);0.42933435205741666
(4.10);0.3981375060237521
(4.11);0.42162718585617465
(4.12);0.9180360766130846
(4.13);0.6936403277412312
(4.14);0.7393036102747443
(4.15);0.4821428568182868
(4.16);0.6091100464474691
(4.17);1.158270051557901
(4.18);0.630154220343338
(4.19);0.5443833422970242
(4.20);0.5248179271264916
(4.21);0.4423644072019053
(4.22);0.3994683733593307
(4.23);0.35476136304094097
(4.24);0.39072781251939115
(4.25);0.5378015716157817
(4.26);0.0
(4.27);0.0
(4.28);0.0
(4.29);0.0
(4.30);0.0
(4.31);1.2174344557512233
(5.6);4.4991598864813245
(5.7);1.326545163360823
(5.8);1.388015038594585
(5.9);1.0190232594541588
(5.10);0.9067716457290952
(5.11);0.966277024034653
(5.12);3.1995663150672375
(5.13);0.8727944740192817
(5.14);0.9810291764241402
(5.15);0.7007067583197868
(5.16);0.9654859982619688
(5.17);2.0690740940432533
(5.18);1.35717685026747
(5.19);1.089553774186907
(5.20);1.0413811707422778
(5.21);0.8218212287559161
(5.22);0.7146779890317603
(5.23);0.6130018272995319
(5.24);0.6683144194214042
(5.25);0.9467569710058246
(5.26);0.42588544347902363
(5.27);0.5425761011810863
(5.28);0.3422102007177874
(5.29);0.2834544916775149
(5.30);0.34561081332809973
(5.31);2.4055032386236768
(6.7);1.4482151482073422
(6.8);1.3860150614903324
(6.9);1.068610120276045
(6.10);0.935126759756498
(6.11);0.932243894480127
(6.12);2.506055979159842
(6.13);0.8469929379991029
(6.14);0.8932494081151195
(6.15);0.6485184386446323
(6.16);0.8366678779785091
(6.17);1.5298914944066044
(6.18);1.1846390907784783
(6.19);0.979573800677491
(6.20);0.9802008941964936
(6.21);0.7818552412844159
(6.22);0.6884590821182645
(6.23);0.6009920724016552
(6.24);0.638596863222412
(6.25);0.8681653084577484
(6.26);0.38351261906113043
(6.27);0.45475225844002587
(6.28);0.30831053570065786
(6.29);0.26516676293875996
(6.30);0.31931050217730333
(6.31);1.793775229866449
(7.8);4.794110014315168
(7.9);3.7478043585054768
(7.10);2.409041045933746
(7.11);1.7941463121430474
(7.12);2.202677730293893
(7.13);0.5661098699171907
(7.14);0.6116291577608627
(7.15);0.5003731316060196
(7.16);0.6611325287261894
(7.17);1.0263270762380798
(7.18);1.5384774621528727
(7.19);1.281819440994551
(7.20);1.5617044889501215
(7.21);1.1232527511977275
(7.22);0.9608470213981207
(7.23);0.8267495190238977
(7.24);0.8227036832051692
(7.25);1.0838564373584398
(7.26);0.4514650220484717
(7.27);0.4044442245589571
(7.28);0.2735425401461158
(7.29);0.3009372162720465
(7.30);0.3797550429502744
(7.31);1.46718603445105
(8.9);3.430340051010964
(8.10);2.5310320578893695
(8.11);2.5249300784185276
(8.12);2.7105849300754197
(8.13);0.5782110784498199
(8.14);0.6420135351336491
(8.15);0.5287683654393808
(8.16);0.7263732782485828
(8.17);1.152570277223864
(8.18);2.1283262281339
(8.19);1.6645440334460724
(8.20);2.063647434667279
(8.21);1.3455397623607088
(8.22);1.1030903408694819
(8.23);0.909215902903283
(8.24);0.9335846948383947
(8.25);1.3094285279953821
(8.26);0.5693514544820876
(8.27);0.48085278691044253
(8.28);0.3093265597644139
(8.29);0.3535900521082015
(8.30);0.4629163335426259
(8.31);1.7622583491990338
(9.10);6.6571522331271735
(9.11);2.476377259409354
(9.12);1.5893280307845428
(9.13);0.5142148707593093
(9.14);0.5581491705251379
(9.15);0.4710046759499371
(9.16);0.620921900336286
(9.17);0.9038098262435867
(9.18);1.553734162967868
(9.19);1.380309251414574
(9.20);1.9147484416972984
(9.21);1.3565049711777477
(9.22);1.1572482622099587
(9.23);0.9958253026691295
(9.24);0.9445004380750054
(9.25);1.1879418862297022
(9.26);0.48487873651346086
(9.27);0.39525904899466957
(9.28);0.2742183831288003
(9.29);0.3301135853954863
(9.30);0.41923554309358146
(9.31);1.3006336694982974
(10.11);2.9030142978252442
(10.12);1.372277288984022
(10.13);0.4904598885963043
(10.14);0.5345004160559322
(10.15);0.4581405257276829
(10.16);0.6041073033146964
(10.17);0.8518012881691256
(10.18);1.5414871312362772
(10.19);1.435402935205478
(10.20);2.15511056851437
(10.21);1.5446803498734507
(10.22);1.319502763306347
(10.23);1.1342453146676499
(10.24);1.0393216173359914
(10.25);1.2618909992866718
(10.26);0.5046874804406041
(10.27);0.3918380417000522
(10.28);0.27578575481463785
(10.29);0.34976620374198575
(10.30);0.4451312887800477
(10.31);1.226262676437888
(11.12);1.5514516379073786
(11.13);0.5169450080283042
(11.14);0.5838911378781017
(11.15);0.5056840653661695
(11.16);0.7049180967156967
(11.17);1.0012097870212275
(11.18);2.6406942592970903
(11.19);2.530023355509055
(11.20);5.790181588573106
(11.21);2.4749372732509403
(11.22);1.7847758130818143
(11.23);1.31911927158981
(11.24);1.3505779336534427
(11.25);1.923021254794929
(11.26);0.7739883437325314
(11.27);0.5064856922001503
(11.28);0.3350984644613105
(11.29);0.47068925188129196
(11.30);0.6533684478613295
(11.31);1.551403622941061
(12.13);0.7728486906682082
(12.14);0.8831940424417551
(12.15);0.6836385113244898
(12.16);0.9820069624914587
(12.17);1.9186339882686763
(12.18);2.221632311832271
(12.19);1.6150162472970662
(12.20);1.5763012226383255
(12.21);1.1390836052615743
(12.22);0.9530759275671781
(12.23);0.7906394271735845
(12.24);0.8610219371561522
(12.25);1.275396867239817
(12.26);0.6687885678112585
(12.27);0.7197452561991777
(12.28);0.4217763506006963
(12.29);0.404804451807743
(12.30);0.52064277100841
(12.31);2.9881910272952767
(13.14);2.6666296968095136
(13.15);1.451400634370372
(13.16);1.092368618206758
(13.17);1.1600953029041958
(13.18);0.6792318611766794
(13.19);0.6256826791392865
(13.20);0.585999456662557
(13.21);0.526418647029504
(13.22);0.48658236827463797
(13.23);0.4391089934986465
(13.24);0.4838353016651366
(13.25);0.6208670429250742
(13.26);0.30770501286671115
(13.27);0.42431925866420755
(13.28);0.40745910715147843
(13.29);0.254449189812528
(13.30);0.27580046014110576
(13.31);1.0671468241189535
(14.15);2.3768624927293662
(14.16);1.8268049921401142
(14.17);1.6383586056834825
(14.18);0.8099571002259188
(14.19);0.7441020582312942
(14.20);0.6717341180223968
(14.21);0.6020182710958807
(14.22);0.5508384759263452
(14.23);0.48816311877685203
(14.24);0.5527714774911243
(14.25);0.7361372639430322
(14.26);0.3833301668587841
(14.27);0.5916109833575464
(14.28);0.5963915653611709
(14.29);0.3140873653931881
(14.30);0.3398464771854182
(14.31);1.3762014396065751
(15.16);1.8009566749573358
(15.17);1.1516478358700826
(15.18);0.6932565084783815
(15.19);0.6596488447692366
(15.20);0.5915307581674258
(15.21);0.5482386918142677
(15.22);0.5091837068496553
(15.23);0.45498766115977707
(15.24);0.5230253474089531
(15.25);0.6799750416267244
(15.26);0.3527269707922812
(15.27);0.5198820842031202
(15.28);0.6718582946648791
(15.29);0.31320202724147583
(15.30);0.32392271218104496
(15.31);1.080629152714275
(16.17);2.166030570326065
(16.18);1.0745915201958232
(16.19);1.0092355323795699
(16.20);0.8426018876343208
(16.21);0.7648139989625589
(16.22);0.6898112395669384
(16.23);0.5917421230289133
(16.24);0.709863992561848
(16.25);1.016338688885596
(16.26);0.5826442012123398
(16.27);1.1773954374091151
(16.28);1.7511294400297712
(16.29);0.48283754650704863
(16.30);0.512909307032561
(16.31);1.929529403321761
(17.18);1.649525339667187
(17.19);1.3765193851678192
(17.20);1.1499743400937499
(17.21);0.9549073217246936
(17.22);0.828646714131657
(17.23);0.6951551021731075
(17.24);0.8086298608163572
(17.25);1.2215269200803165
(17.26);0.7571847468862957
(17.27);1.608963913546905
(17.28);0.8136538806441628
(17.29);0.5037918164208335
(17.30);0.6014392882500212
(17.31);5.025271250701032
(18.19);6.133445119588627
(18.20);3.5317089168539297
(18.21);2.138742613524692
(18.22);1.571704878854915
(18.23);1.149876566842902
(18.24);1.3939275988464914
(18.25);2.793071056078062
(18.26);1.9703138185126972
(18.27);1.0684020995561117
(18.28);0.5745848446119028
(18.29);0.7663503474293519
(18.30);1.20813517256394
(18.31);3.07072602835633
(19.20);4.352769980748015
(19.21);2.9430121338315387
(19.22);1.9894111072220186
(19.23);1.3440406201845831
(19.24);1.7697419964170775
(19.25);4.7658206164807755
(19.26);2.9577732977208058
(19.27);0.971269245374202
(19.28);0.5761501640970991
(19.29);0.9778821230957405
(19.30);1.8162515898922562
(19.31);2.3043758545506297
(20.21);4.339127013168793
(20.22);2.563423038301274
(20.23);1.6658532785872737
(20.24);1.883208033273794
(20.25);3.0845458497947162
(20.26);1.323186752596355
(20.27);0.7233863582917368
(20.28);0.4758679045204289
(20.29);0.7566162154566156
(20.30);1.1299826927889631
(20.31);1.777347531594876
(21.22);5.922600344020202
(21.23);2.4799873435545305
(21.24);3.204794287580381
(21.25);3.7089707552290787
(21.26);1.1664337473950586
(21.27);0.6305909031293969
(21.28);0.4547772381309545
(21.29);0.8758263472440553
(21.30);1.2342658453105952
(21.31);1.391261354327219
(22.23);4.118244651977037
(22.24);4.769358533142377
(22.25);2.678977370476393
(22.26);0.9054975870589858
(22.27);0.5470712615061837
(22.28);0.4194148343885383
(22.29);0.8160108370635455
(22.30);1.009212353055787
(22.31);1.15975068442532
(23.24);3.0956246795325457
(23.25);1.6783973446447227
(23.26);0.6556820824835793
(23.27);0.4494215218834405
(23.28);0.3622902760950988
(23.29);0.6330930648197874
(23.30);0.7133654186089756
(23.31);0.9357169982438633
(24.25);2.7634021239434903
(24.26);0.9271651317044936
(24.27);0.56760745758594
(24.28);0.4579049719164882
(24.29);1.0500744019747248
(24.30);1.146749557221755
(24.31);1.1064209554153601
(25.26);2.7288639716961587
(25.27);0.9712603304708959
(25.28);0.670941343556541
(25.29);1.7854581334704336
(25.30);4.331764748627708
(25.31);1.8248264511230283
(26.28);0.0
(26.29);0.0
(26.30);0.0
(26.31);1.4499904266327723
(27.28);0.0
(27.29);0.0
(27.30);0.0
(27.31);2.7000632114961785
(28.29);0.0
(28.30);0.0
(28.31);1.0003529917436065
(29.30);0.0
(29.31);0.8024005956694109
(30.31);1.04057769482755

****Importance nodes******

0; 0.05
1; DISCONNECTED
2; DISCONNECTED
3; DISCONNECTED
4; DISCONNECTED
5; 0.0016129032258064516
6; 0.0016649323621227888
7; 0.001718639857675137
8; 0.0017740798530840123
9; 0.001831308235441561
10; 0.0018903826946493534
11; 0.001951362781573526
12; 0.002014309968075898
13; 0.0020792877089815718
14; 0.0021463615060454935
15; 0.002215598973982445
16; 0.00228706990862704
17; 0.0023608463572924285
18; 0.002437002691398636
19; 0.002515615681443753
20; 0.0025967645743935515
21; 0.002680531173567537
22; 0.002766999921101974
23; 0.002856257983073005
24; 0.0029483953373656826
25; 0.0030435048643774787
26; DISCONNECTED
27; DISCONNECTED
28; DISCONNECTED
29; DISCONNECTED
30; DISCONNECTED
31; 0.00314168244064772
