
****Mix criterion 0.5*C(weight)+0.5*C(distance) ******

(0.5);0.4758400286402227
(0.6);0.42651071212080177
(0.7);0.39722712929435483
(0.8);0.4335626609601477
(0.10);0.3590860216809989
(0.11);0.4134406499649159
(0.12);0.5052334717641481
(0.13);0.3081432434983211
(0.14);0.3692388523092029
(0.15);0.3158256217801333
(0.16);0.44896767963622575
(0.17);0.5873442198245331
(0.18);0.5391957110788008
(0.19);0.4873835822680227
(0.20);0.42356989340799445
(0.21);0.3711145329180159
(0.22);0.32222703579792944
(0.23);0.25434686108002486
(0.24);0.304653578056916
(0.25);0.42620536583448043
(0.31);0.9824127216643568
(1.2);0.4395648423229701
(1.3);0.34371603677550117
(1.4);0.3719146514821577
(1.5);0.4078880998102655
(1.6);0.4322405438399907
(1.7);0.4476093598960791
(1.8);0.42039443834555323
(1.9);0.4039579470053061
(1.10);0.3816909045837988
(1.11);0.35493175952192046
(1.12);0.4171928663076451
(1.13);0.2353691386672437
(1.14);0.23992579401904018
(1.15);0.16414672193557653
(1.16);0.22895156362151414
(1.17);0.32520910621759547
(1.18);0.3406661837903077
(1.19);0.308569064110385
(1.20);0.3249485068327102
(1.21);0.2718762325673679
(1.22);0.2371095407759875
(1.23);0.19816753273530724
(1.24);0.19351368848640466
(1.25);0.2576852198375233
(1.26);0.281273538781861
(1.27);0.28326927738335145
(1.28);0.19297603229189564
(1.29);0.18968553928843404
(1.30);0.2440189965396843
(1.31);0.3407401189094696
(2.3);0.3987161285875143
(2.4);0.41453271954377663
(2.5);0.42485722362910855
(2.6);0.45998561036604585
(2.7);0.3897352511792931
(2.8);0.3716021638362789
(2.9);0.34591486889269296
(2.10);0.3227653115261757
(2.11);0.3053858075821975
(2.12);0.39987400412873036
(2.13);0.2878214321326831
(2.14);0.28114770371206227
(2.15);0.20111328362117017
(2.16);0.2481294604477131
(2.17);0.34030112906593135
(2.18);0.31045814603567273
(2.19);0.27508484149449014
(2.20);0.279756312339222
(2.21);0.22545343854013075
(2.22);0.18803820481977357
(2.23);0.14448333480104208
(2.24);0.14866952513463777
(2.25);0.22324673422438837
(2.26);0.2561580792163952
(2.27);0.28283921220922914
(2.28);0.20238469028543613
(2.29);0.16465662506863035
(2.30);0.21602568071120193
(2.31);0.3381344149171912
(3.4);0.45324357736499427
(3.5);0.40540575196543593
(3.6);0.41060179171830546
(3.7);0.30516861675215884
(3.8);0.2999313769854479
(3.9);0.26198924640457233
(3.10);0.23958686141326457
(3.11);0.24048744726854182
(3.12);0.35463353579706025
(3.13);0.39020216620282655
(3.14);0.3705233935449341
(3.15);0.28787539636049725
(3.16);0.3030024333042669
(3.17);0.36970837585419325
(3.18);0.27439846313264876
(3.19);0.23896793246717676
(3.20);0.22440390863537407
(3.21);0.1719441044018949
(3.22);0.13141283766139544
(3.23);0.07954076068965997
(3.24);0.10199487972915297
(3.25);0.19078335867265162
(3.26);0.23531496865872847
(3.27);0.2983710873345779
(3.28);0.24490572188713802
(3.29);0.15232322744487467
(3.30);0.1946389534422527
(3.31);0.33800274104014005
(4.5);0.4530301854385856
(4.6);0.4479640531142655
(4.7);0.3430904628429749
(4.8);0.3423116840401586
(4.9);0.3007651551487457
(4.10);0.27959352706246093
(4.11);0.2853259897818476
(4.12);0.4006751878498542
(4.13);0.36245191173698293
(4.14);0.3670305606021096
(4.15);0.2870225993063932
(4.16);0.32679141979290155
(4.17);0.40893064680601343
(4.18);0.3216146863433214
(4.19);0.28604197684856
(4.20);0.2707191395174123
(4.21);0.21854935961492497
(4.22);0.17784792484021208
(4.23);0.12521021444497618
(4.24);0.1488972164405791
(4.25);0.2376048176321308
(4.26);0.2812126077464683
(4.27);0.3383497230655555
(4.28);0.2737018556154199
(4.29);0.19659198957577242
(4.30);0.2403483229550521
(4.31);0.38372627857019953
(5.6);0.4838078070420016
(5.7);0.39298319947415394
(5.8);0.39645809555210937
(5.9);0.35133671656353904
(5.10);0.3312981720070407
(5.11);0.3393461072917069
(5.12);0.460732490010871
(5.13);0.3149173170643315
(5.14);0.33302655376113566
(5.15);0.25939288010242073
(5.16);0.3237442494330584
(5.17);0.42193075374622263
(5.18);0.3720895484968204
(5.19);0.3352471941138069
(5.20);0.32383136280910557
(5.21);0.2705305221192252
(5.22);0.22987524764862696
(5.23);0.17786891887865525
(5.24);0.19872720277972264
(5.25);0.2846040029986121
(5.26);0.3246146570883061
(5.27);0.36307223674919403
(5.28);0.28106526595306325
(5.29);0.23522424790204438
(5.30);0.28324342625845544
(5.31);0.42053124777351675
(6.8);0.39470231922821797
(6.9);0.3563200947275215
(6.10);0.3341858470112321
(6.11);0.33080274138202703
(6.12);0.4435693381794416
(6.13);0.30640497837300534
(6.14);0.31341785783666376
(6.15);0.2361160646738966
(6.16);0.2928952220892283
(6.17);0.38846304908010604
(6.18);0.35024406805267155
(6.19);0.31362215797184845
(6.20);0.31007722972245455
(6.21);0.255583487627185
(6.22);0.21607037607229196
(6.23);0.1675200570912242
(6.24);0.18089794185461122
(6.25);0.2618866926356564
(6.26);0.2986289022811716
(6.27);0.33065553791919894
(6.28);0.2488935766709201
(6.29);0.20769607435817788
(6.30);0.25762309034122466
(6.31);0.38717905009284037
(7.8);0.4848890578766314
(7.9);0.4643005168382678
(7.10);0.44176841721341487
(7.11);0.41538442390286323
(7.12);0.4323022133254265
(7.13);0.20357413098956334
(7.14);0.22107078728664376
(7.15);0.15198475884263882
(7.16);0.23282769273616463
(7.17);0.3268357267132034
(7.18);0.3853228973666714
(7.19);0.3575360405938509
(7.20);0.3825623013834751
(7.21);0.3297845212480969
(7.22);0.29568855491484874
(7.23);0.25679206614708816
(7.24);0.2505271727533003
(7.25);0.30843058382194904
(7.26);0.3237901143120979
(7.27);0.3029510659975773
(7.28);0.20750461520939203
(7.29);0.23431618283693048
(7.30);0.28995947133797884
(7.31);0.35779773405275783
(8.9);0.4594329171224608
(8.10);0.44457919231604526
(8.12);0.4474449627018238
(8.13);0.20562923615392056
(8.14);0.2306755540718545
(8.15);0.16623057912018763
(8.16);0.2539098984625639
(8.17);0.34457104207286404
(8.18);0.41967276919713487
(8.19);0.39126239416026254
(8.20);0.41312882237488
(8.21);0.35758936952290105
(8.22);0.3207812393418253
(8.23);0.2767416019725219
(8.24);0.2782869376158039
(8.25);0.3410815486024401
(8.26);0.35654377668786513
(8.27);0.32943302839267624
(8.28);0.2332456905050622
(8.29);0.26694282086214405
(8.30);0.3226901333625907
(8.31);0.382186486887754
(9.10);0.486764900740453
(9.11);0.43660050955714746
(9.12);0.39522955321785647
(9.13);0.16266985298830494
(9.14);0.18405439835943033
(9.15);0.11867692880329787
(9.16);0.20617863056367844
(9.17);0.2954839242154093
(9.18);0.3809652324585419
(9.19);0.3626728668986033
(9.20);0.4010411279196747
(9.21);0.35492475293967557
(9.22);0.3256553558437876
(9.23);0.29277538499181593
(9.24);0.2769053221803162
(9.25);0.32012492976481016
(9.26);0.3235878688150091
(9.27);0.2835893079274317
(9.28);0.1880661176706711
(9.29);0.24088272127256294
(9.30);0.29596591674476164
(9.31);0.3327892021623162
(10.11);0.4512992870724047
(10.12);0.37814704689324913
(10.13);0.1416715084652997
(10.14);0.16591232919115573
(10.15);0.10289791573775559
(10.16);0.19450676775345607
(10.17);0.2809758591520206
(10.18);0.38053887576347495
(10.19);0.36841022601294493
(10.20);0.4148536218097604
(10.21);0.3738040021106448
(10.22);0.3475456148765768
(10.23);0.3178385355001885
(10.24);0.29648804113559657
(10.25);0.33053594575566825
(10.26);0.3267813198604045
(10.27);0.27600645047423616
(10.28);0.18078283066926618
(10.29);0.24875655907702326
(10.30);0.3031685826403811
(10.31);0.3217196463192669
(11.12);0.3917268836810617
(11.13);0.1549934664933204
(11.14);0.18989178787282246
(11.15);0.1352095482076194
(11.16);0.23504320818984145
(11.17);0.3119766104811615
(11.18);0.43549979570452735
(11.19);0.43032986566500636
(11.21);0.4255870720538262
(11.22);0.38865589762163777
(11.23);0.3425883248944926
(11.24);0.343351605611149
(11.25);0.39135200307014445
(11.26);0.3849957893649051
(11.27);0.3218470235836975
(11.28);0.22919739623433097
(11.29);0.30803363940968403
(11.30);0.36282598603340876
(11.31);0.3594316580411106
(12.13);0.26708325859952875
(12.14);0.2935341784963817
(12.15);0.22711666429932914
(12.16);0.30859554386439964
(12.17);0.4052986115136726
(12.18);0.4186797622866544
(12.19);0.38080507797868346
(12.20);0.37534020431610765
(12.21);0.32066368533295553
(12.22);0.2801292836318741
(12.23);0.22875034354107607
(12.24);0.24658238632457044
(12.25);0.3281020195349939
(12.26);0.361621832322027
(12.27);0.3717572641004518
(12.28);0.2783820779176838
(12.29);0.2689711960655783
(12.30);0.32108185120844734
(12.31);0.4336397647579318
(13.15);0.3734495226825667
(13.16);0.32608107960618304
(13.17);0.333876405406263
(13.18);0.20664104798840524
(13.19);0.1755082470292559
(13.20);0.14709436633528888
(13.21);0.09965686013703923
(13.22);0.05864887819865638
(13.23);0.0015690850231553023
(13.24);0.03944643299632406
(13.25);0.13518344903795432
(13.26);0.18546584629519924
(13.27);0.2726237563656542
(13.28);0.2630927822331763
(13.29);0.11921596961248612
(13.30);0.14884056301773518
(13.31);0.2861224771863425
(14.15);0.4267019455875782
(14.16);0.3985572340196917
(14.17);0.38346755939030513
(14.18);0.25116472218633534
(14.19);0.2239066460898381
(14.20);0.1882621187279644
(14.21);0.14548222474069292
(14.22);0.10514283792809927
(14.23);0.04587710151969272
(14.24);0.09193971606652405
(14.25);0.18901958707915667
(14.26);0.23983354221543882
(14.27);0.33265066771639673
(14.29);0.18192998750651784
(14.30);0.20621517618022853
(14.31);0.3339235037672623
(15.16);0.39510328197954847
(15.17);0.3272720344856441
(15.18);0.20389241045474438
(15.19);0.183224215435238
(15.20);0.14015359918289083
(15.21);0.10465611027581738
(15.22);0.06646195832040895
(15.23);0.005726615842178551
(15.24);0.06260306823248235
(15.25);0.1583521571048457
(15.26);0.20782431984801686
(15.27);0.3027339845502751
(15.28);0.34828624552119153
(15.29);0.17066298870310892
(15.30);0.18163558904038551
(15.31);0.28322696538161274
(16.17);0.41227386457437376
(16.18);0.3082760997701772
(16.19);0.2918546642214166
(16.20);0.24513254440057958
(16.21);0.21379879037930047
(16.22);0.17649698499497873
(16.23);0.1154648596723979
(16.24);0.17440741722483047
(16.25);0.2703294122894838
(16.26);0.31873063524618833
(16.27);0.4134678146249562
(16.29);0.2804754808396547
(16.30);0.2935542871026994
(16.31);0.38165107494785855
(17.18);0.37650385050102114
(17.19);0.3472470902138747
(17.20);0.31228123881226244
(17.21);0.2685605977058468
(17.22);0.2276330712902083
(17.23);0.16863353777695952
(17.24);0.21076990469512713
(17.25);0.30757173195528115
(17.26);0.35706851961253233
(17.27);0.4372079635584854
(17.28);0.3673773988213315
(17.29);0.28291428234900473
(17.30);0.31879995445695997
(18.20);0.4490636520652998
(18.21);0.4012078812649897
(18.22);0.3582371838868543
(18.23);0.2993383437665378
(18.24);0.33303851132645046
(18.25);0.422738518596908
(18.26);0.44926957746395796
(18.27);0.3972763223826197
(18.28);0.3039463536468125
(18.29);0.35420422642543264
(18.30);0.4100983636167458
(18.31);0.4300327486759461
(19.20);0.4628826452610784
(19.21);0.4318256267708771
(19.22);0.38877022000290035
(19.23);0.32694345641555106
(19.24);0.3687911488620374
(19.25);0.46497553144711123
(19.26);0.4705149488127286
(19.27);0.3823853587157923
(19.28);0.2980526756199796
(19.29);0.38322635379207864
(19.30);0.44159380412766314
(19.31);0.39881771785914644
(20.21);0.461234736527881
(20.22);0.4158338950101658
(20.23);0.3602773870215733
(20.24);0.37556581848292375
(20.25);0.42960615473684344
(20.26);0.41294920528452816
(20.27);0.3348512884079023
(20.28);0.24677529055667496
(20.29);0.34233116590032925
(20.30);0.39660212101136416
(20.31);0.36258736070815223
(21.22);0.47994472332660665
(21.23);0.4095646408632306
(21.24);0.4331549909291042
(21.26);0.39683441506043937
(21.27);0.30370588071772897
(21.28);0.22631894634669192
(21.29);0.3601783113534668
(21.30);0.40297626042654777
(21.31);0.3187599849801071
(22.23);0.4537788686185497
(22.24);0.4632367362707469
(22.25);0.4129928405063742
(22.26);0.36040721874025733
(22.27);0.26565128640612806
(22.28);0.19330371169978083
(22.29);0.3444445837647994
(22.30);0.3754349720788364
(22.31);0.2774030352115408
(23.25);0.34966089919744064
(23.26);0.29887794731438605
(23.27);0.20475737466922883
(23.28);0.13305223107585176
(23.29);0.2915371456877086
(23.30);0.31553732406765544
(23.31);0.21816751277889784
(24.25);0.41331817205481564
(24.26);0.35468299905001444
(24.27);0.2593448948409609
(24.28);0.20083773079021347
(24.29);0.37249515691308116
(24.30);0.3838869460727386
(24.31);0.25900143946330667
(25.26);0.457732804794262
(25.27);0.3571325261657237
(25.28);0.29053728451150457
(25.29);0.42680927706439686
(25.31);0.35570010390040147
(26.27);0.40521525169829353
(26.28);0.33162903787113257
(26.29);0.40798386883509286
(26.30);0.45888676893018127
(26.31);0.4038724616269519
(27.28);0.40440310991764633
(27.29);0.34667801943741156
(27.30);0.3743733940539378
(27.31);0.45510445505299646
(28.29);0.31917025319449394
(28.30);0.3179214871301564
(28.31);0.3568095765565433
(29.30);0.44453309981890016
(29.31);0.31992771704042916
(30.31);0.362620935052434
