
****Importance edges******

(0.5);22.571095927844645
(0.6);17.455026894308126
(0.7);15.16475370048721
(0.8);18.113909570950103
(0.10);12.775555102687608
(0.11);16.409558941169433
(0.12);26.53413684879553
(0.13);10.440463898556665
(0.14);13.398983727415887
(0.15);10.773595831024297
(0.16);19.710052573900047
(0.17);40.687169339819704
(0.18);31.88255266207352
(0.19);24.218393977788025
(0.20);17.397311555817147
(0.21);13.61404587469292
(0.22);11.137921747644409
(0.23);8.765762986859237
(0.24);10.450496952335282
(0.25);17.762778105349206
(0.31);138.93383089444364
(1.2);0.0
(1.3);0.0
(1.4);0.0
(1.5);0.782511856095958
(1.6);1.0689537920893364
(1.7);1.4259645534927985
(1.8);0.982380261477764
(1.9);0.0
(1.10);0.6987515796700332
(1.11);0.5917487603723718
(1.12);1.0393887879718429
(1.13);0.3491943397487571
(1.14);0.3666474857489487
(1.15);0.2936927274117951
(1.16);0.3749026364402254
(1.17);0.595634338310729
(1.18);0.6724692951876983
(1.19);0.5805117082014746
(1.20);0.6536006656565608
(1.21);0.520331126410152
(1.22);0.4670535139989284
(1.23);0.42042780080646036
(1.24);0.427466579380782
(1.25);0.5829461656089955
(1.26);0.0
(1.27);0.0
(1.28);0.0
(1.29);0.0
(1.30);0.0
(1.31);0.8651495537925953
(2.3);0.0
(2.4);0.0
(2.5);0.9457310842554191
(2.6);1.6603230022320932
(2.7);0.7251305050950325
(2.8);0.6256585110657114
(2.9);0.0
(2.10);0.4718273191639791
(2.11);0.44402656838641835
(2.12);0.8711666520263468
(2.13);0.434348208695021
(2.14);0.4347771881905439
(2.15);0.3297456412108256
(2.16);0.40312343813999957
(2.17);0.650330527915786
(2.18);0.5678534566965678
(2.19);0.49555933355197984
(2.20);0.5220484484611735
(2.21);0.4334777352535765
(2.22);0.394314217324474
(2.23);0.3574577312707249
(2.24);0.37335177728084895
(2.25);0.5114216332767137
(2.26);0.0
(2.27);0.0
(2.28);0.0
(2.29);0.0
(2.30);0.0
(2.31);0.8517422546567437
(3.4);0.0
(3.5);0.7631160774051536
(3.6);0.8291257329985384
(3.7);0.41667972976451345
(3.8);0.40573768896699786
(3.9);0.0
(3.10);0.32275686133560105
(3.11);0.33421172649441927
(3.12);0.6096397764635468
(3.13);0.8228039069023297
(3.14);0.7251944417116485
(3.15);0.462822647985597
(3.16);0.5134972053722451
(3.17);0.791289575662737
(3.18);0.47863534139128644
(3.19);0.42785961001143125
(3.20);0.4184859731161988
(3.21);0.3634096820531123
(3.22);0.3341671884561355
(3.23);0.3025687319512786
(3.24);0.32984706120348856
(3.25);0.45832759966624514
(3.26);0.0
(3.27);0.0
(3.28);0.0
(3.29);0.0
(3.30);0.0
(3.31);0.8510755619162473
(4.5);1.425855254813392
(4.6);1.344490246639357
(4.7);0.5153430306868625
(4.8);0.5124762089486334
(4.9);0.0
(4.10);0.3806767768379629
(4.11);0.4031362926390913
(4.12);0.8777746617149635
(4.13);0.6632200188484813
(4.14);0.7068806912335189
(4.15);0.4609979867058372
(4.16);0.5823968998474897
(4.17);1.1074729289852387
(4.18);0.602518159886274
(4.19);0.5205088517773192
(4.20);0.5018014979813906
(4.21);0.42296406184704227
(4.22);0.38194927761983294
(4.23);0.3392029391499003
(4.24);0.3735920430514679
(4.25);0.5390096127545712
(4.26);0.0
(4.27);0.0
(4.28);0.0
(4.29);0.0
(4.30);0.0
(4.31);1.1657965709215274
(5.6);4.435992964282033
(5.7);1.3304113755249534
(5.8);1.369274396861258
(5.9);0.47050259342607187
(5.10);0.8794518141708652
(5.11);0.9369374365697325
(5.12);3.101666986683997
(5.13);0.8458853332803992
(5.14);0.950555062850508
(5.15);0.6787783062449003
(5.16);0.935049089814057
(5.17);2.0033729242388585
(5.18);1.3137723353383084
(5.19);1.0544618818423093
(5.20);1.0076069648845662
(5.21);0.7949846472453642
(5.22);0.6911821328805777
(5.23);0.5927142659622278
(5.24);0.6460509977564303
(5.25);0.9435427923800479
(5.26);0.41990613326271353
(5.27);0.5349584873964595
(5.28);0.3374056670559597
(5.29);0.27947487142071264
(5.30);0.34075853603465966
(5.31);2.3266281349313114
(6.7);1.4520584107772663
(6.8);1.3672901424404327
(6.9);0.5017345269696015
(6.10);0.9071728006112231
(6.11);0.9041566177237975
(6.12);2.4299632575451446
(6.13);0.8210769132600697
(6.14);0.8657096209677477
(6.15);0.6283732431409801
(6.16);0.810484554859374
(6.17);1.4816617247006556
(6.18);1.1470221807392318
(6.19);0.9482455875213779
(6.20);0.9486309936829637
(6.21);0.7564980131992866
(6.22);0.6659774430129866
(6.23);0.581233770763905
(6.24);0.6174622230705089
(6.25);0.8651158238782656
(6.26);0.3781282112201308
(6.27);0.44836766637092773
(6.28);0.3039819436716566
(6.29);0.2614438971800393
(6.30);0.31482747375480713
(6.31);1.735322402605586
(7.8);4.806832587751113
(7.9);1.8485859560825457
(7.10);2.3752985284954504
(7.11);1.7681265434627156
(7.12);2.169642927816176
(7.13);0.5573400938826658
(7.14);0.6018531571278288
(7.15);0.4921299536947911
(7.16);0.6499179901212928
(7.17);1.0084187172291292
(7.18);1.5108880778603253
(7.19);1.2582157595539105
(7.20);1.5321997971192503
(7.21);1.1014976357472563
(7.22);0.9417838046339492
(7.23);0.8099594150195922
(7.24);0.8056132878674855
(7.26);0.45996413456923535
(7.27);0.41205814104201643
(7.28);0.27869215022525
(7.29);0.30660254833072126
(7.30);0.3869041700868952
(7.31);1.4367270308860254
(8.9);1.6659804268478804
(8.10);2.4578249835584347
(8.11);2.4512823561274035
(8.12);2.630860467921262
(8.13);0.5610637482014575
(8.14);0.6228181144688505
(8.15);0.5128307608306663
(8.16);0.704304342676905
(8.17);1.1172753916223694
(8.18);2.0626416486505144
(8.19);1.612776365211565
(8.20);1.9989788459746123
(8.21);1.3030577802156897
(8.22);1.0680050703753832
(8.23);0.8800858774313645
(8.24);0.9034586774755098
(8.25);1.3050120130559248
(8.26);0.5619426702059537
(8.27);0.4745956068527611
(8.28);0.3053013944045434
(8.29);0.3489889003984204
(8.30);0.45689255468667145
(8.31);1.706211443055393
(9.10);3.2331154212154467
(9.11);1.2214608303438272
(9.12);0.7959704992192734
(9.13);0.26142045409765646
(9.14);0.28797031720258154
(9.15);0.2465564788953395
(9.16);0.3296958565760004
(9.17);0.48666575248641386
(9.18);0.8482033187273078
(9.19);0.7637688556162348
(9.20);1.0736255571433146
(9.21);0.7705696691448726
(9.22);0.6658262355633873
(9.23);0.5801715979065827
(9.24);0.5570705604410444
(9.25);0.7433368617083816
(9.26);0.0
(9.27);0.0
(9.28);0.0
(9.29);0.0
(9.30);0.0
(9.31);0.7868225836810773
(10.11);2.7756996246033334
(10.12);1.3120946592437093
(10.13);0.46895026651422533
(10.14);0.5110593514155979
(10.15);0.43804830249391163
(10.16);0.5776135571522687
(10.17);0.8144446679366669
(10.18);1.473883630097427
(10.19);1.3724518654245403
(10.20);2.0605959813857297
(10.21);1.4769368068520572
(10.22);1.2616346145853417
(10.23);1.084501821603019
(10.24);0.9937411004977773
(10.25);1.242435803640442
(10.26);0.4825538927074605
(10.27);0.37465358199128407
(10.28);0.26369088732473706
(10.29);0.33442684769167674
(10.30);0.42560959899218315
(10.31);1.1735866585917807
(11.12);1.4834111330956221
(11.13);0.4942738538351866
(11.14);0.5582839924114711
(11.15);0.48350677137769293
(11.16);0.6740031896830988
(11.17);0.9573007036396273
(11.18);2.5248839007489963
(11.19);2.4190665830977927
(11.20);5.5362472288984215
(11.21);2.366396357546626
(11.22);1.7065026369603238
(11.23);1.2612679412918524
(11.24);1.291346951424859
(11.25);1.8927054280872873
(11.26);0.7400442900867417
(11.27);0.4842732420436553
(11.28);0.32040237717988845
(11.29);0.4500466913753981
(11.30);0.6247143036170907
(11.31);1.4847439627678274
(12.13);0.7389546176778974
(12.14);0.8444606607325276
(12.15);0.6536568423618555
(12.16);0.9389400386995569
(12.17);1.8344903244114676
(12.18);2.1242003453372895
(12.19);1.544188051264158
(12.20);1.5071709137694242
(12.21);1.0891279239943636
(12.22);0.9112778040220114
(12.23);0.7559651231639998
(12.24);0.8232609358934119
(12.25);1.2548447422299085
(12.26);0.6394581583712409
(12.27);0.6881800888609855
(12.28);0.4032789156105603
(12.29);0.38705133686811416
(12.30);0.49780944762245816
(12.31);2.8597640377633367
(13.14);2.549681913015449
(13.15);1.3877479690640502
(13.16);1.0444616706698313
(13.17);1.1092181320593377
(13.18);0.6494434503815961
(13.19);0.5982427227136833
(13.20);0.5602998487105394
(13.21);0.5033320166692301
(13.22);0.46524279882820535
(13.23);0.41985141765482004
(13.24);0.46261620764590716
(13.25);0.610643737388175
(13.26);0.29421029353611167
(13.27);0.40571030182955925
(13.28);0.3895895695756065
(13.29);0.24329005929194109
(13.30);0.2637049477340115
(13.31);1.02127114482746
(14.15);2.2726227472407023
(14.16);1.746688583210021
(14.17);1.566506706552583
(14.18);0.7744355998267372
(14.19);0.7114686983272669
(14.20);0.6422745284529975
(14.21);0.5756161415866978
(14.22);0.5266808888923595
(14.23);0.46675422389382554
(14.24);0.528529116688459
(14.25);0.7237553162733508
(14.26);0.3665188287381669
(14.27);0.5656652761396782
(14.28);0.5702362008102133
(14.29);0.3003127414383144
(14.30);0.3249421609301065
(14.31);1.3170246482518
(15.16);1.7219738705216907
(15.17);1.1011411373669573
(15.18);0.662853032373559
(15.19);0.6307192672690771
(15.20);0.565588569307656
(15.21);0.5241951209823119
(15.22);0.48685293249003564
(15.23);0.4350337100394008
(15.24);0.5000875336882175
(15.25);0.6682957252411661
(15.26);0.3372577672624827
(15.27);0.4970821215181859
(15.28);0.642393259201303
(15.29);0.2994662307004252
(15.30);0.3097167489925828
(15.31);1.0341500435029365
(16.17);2.0710370753039014
(16.18);1.0274642055479903
(16.19);0.9649744716934053
(16.20);0.8056487165594511
(16.21);0.7312722956280606
(16.22);0.6595588592682751
(16.23);0.5657906645460861
(16.24);0.678732178187831
(16.25);0.9985183962208164
(16.26);0.5570917414337019
(16.27);1.1257595513995264
(16.28);1.6743318601509285
(16.29);0.4616622100649012
(16.30);0.49041514265099156
(16.31);1.846516650842151
(17.18);1.5771837119499845
(17.19);1.3161507139430328
(17.20);1.0995410344664582
(17.21);0.9130288805080368
(17.22);0.7923055615217248
(17.23);0.664668361292081
(17.24);0.773166567864463
(17.25);1.1996699608932377
(17.26);0.7239776322363055
(17.27);1.5384011488259295
(17.28);0.7779702541434066
(17.29);0.4816975089530608
(17.30);0.5750625506281182
(17.31);4.809016452658175
(18.19);5.864456585253836
(18.20);3.376822195489517
(18.21);2.044945859870858
(18.22);1.502776147362755
(18.23);1.0994475491619324
(18.24);1.33279547253382
(18.25);2.7420865544976394
(18.26);1.883903682628599
(18.27);1.0215462283065317
(18.28);0.5493858361933676
(18.29);0.7327412659551211
(18.30);1.1551511639015983
(18.31);2.9385475879353637
(19.20);4.161874783254766
(19.21);2.813943314436618
(19.22);1.9021634401300058
(19.23);1.2850963385515357
(19.24);1.6921281437640874
(19.25);4.677100251179276
(19.26);2.8280571123248475
(19.27);0.9286732351933552
(19.28);0.5508825069850679
(19.29);0.9349960983714569
(19.30);1.7365980112553425
(19.31);2.205158737271381
(20.21);4.1488301420290945
(20.22);2.451001488502042
(20.23);1.59279557234109
(20.24);1.8006180110528411
(20.25);3.0260039227255446
(20.26);1.2651570387418394
(20.27);0.6916615066821205
(20.28);0.45499822888493496
(20.29);0.7234340343363156
(20.30);1.0804261413842335
(20.31);1.7008020165108084
(21.22);5.662858623840668
(21.23);2.3712249518309867
(21.24);3.064244743001009
(21.25);3.637227537275674
(21.26);1.1152785975579185
(21.27);0.6029356915003079
(21.28);0.4348325153285969
(21.29);0.8374160833738258
(21.30);1.1801358491605924
(21.31);1.3313277306781204
(22.23);3.9376348036179976
(22.24);4.5601934168768326
(22.25);2.626180224033169
(22.26);0.8657860604964034
(22.27);0.5230788895292575
(22.28);0.401020966116997
(22.29);0.7802238438185893
(22.30);0.9649523089226708
(22.31);1.1097770275901926
(23.24);2.9598628802235942
(23.25);1.6447063939881654
(23.26);0.6269264714170423
(23.27);0.4297116795170601
(23.28);0.34640166399040573
(23.29);0.6053281183202227
(23.30);0.6820800455999446
(23.31);0.8953862861212706
(24.25);2.70692096655351
(24.26);0.8865033527204434
(24.27);0.5427144496407121
(24.28);0.4378230791370041
(24.29);1.0040223107238282
(24.30);1.096457677758939
(24.31);1.0587200320261547
(25.26);2.734993704508328
(25.27);0.9734420318596776
(25.28);0.6724484509870675
(25.29);1.7894687332727703
(25.31);1.7875288355851942
(26.27);0.0
(26.28);0.0
(26.29);0.0
(26.30);0.0
(26.31);1.3884886034332447
(27.28);0.0
(27.29);0.0
(27.30);0.0
(27.31);2.5855391379499726
(28.29);0.0
(28.30);0.0
(28.31);0.9579226889600176
(29.30);0.0
(29.31);0.768366509192953
(30.31);0.9964412479675019

****Importance nodes******

0; 0.05238095238095238
1; DISCONNECTED
2; DISCONNECTED
3; DISCONNECTED
4; DISCONNECTED
5; 0.0016897081413210445
6; 0.0017442148555572073
7; 0.001860495845927688
8; 0.0018604958459276877
9; DISCONNECTED
10; 0.0019205118409576132
11; 0.0019824638358272137
12; 0.0020464142821442206
13; 0.0021124276460843566
14; 0.0021805704733774004
15; 0.0022509114563895745
16; 0.0023235215033698834
17; 0.0023984738099302023
18; 0.0024758439328311766
19; 0.0025557098661483113
20; 0.002638152119895031
21; 0.0027232538011819673
22; 0.0028111006979942886
23; 0.002901781365671524
24; 0.0029953872161770567
25; 0.003241099830059935
26; DISCONNECTED
27; DISCONNECTED
28; DISCONNECTED
29; DISCONNECTED
30; DISCONNECTED
31; 0.0031965642176685727
