
****Importance edges******

(0.5);22.588461136611837
(0.6);17.468456024511887
(0.7);15.176420795197801
(0.8);18.127845616514534
(0.10);12.78538405304891
(0.11);16.442145924330326
(0.12);26.555591072441956
(0.13);10.448918243233065
(0.14);13.409850552900439
(0.15);10.78234730066499
(0.16);19.726089340644318
(0.17);40.779818808868164
(0.18);31.958185360177183
(0.19);24.27955577080505
(0.20);17.449673961474886
(0.21);13.628958545916388
(0.22);11.14965282394866
(0.23);8.775071637629805
(0.24);10.461687973517458
(0.25);17.782327474132703
(0.31);139.14644721189313
(1.2);0.0
(1.3);0.0
(1.4);0.0
(1.5);0.7831138863113869
(1.6);1.0697761981356115
(1.7);1.4270616279213146
(1.8);0.9831360616561808
(1.9);0.0
(1.10);0.6992891684116772
(1.11);0.6119441600446983
(1.12);1.0412719776372452
(1.13);0.3498270184724857
(1.14);0.3673117865033907
(1.15);0.29422484697616424
(1.16);0.375581894075719
(1.17);0.6166039737309622
(1.18);0.6968690975908767
(1.19);0.602871429267102
(1.20);0.6846428823706687
(1.21);0.5241641591914239
(1.22);0.47001618646319104
(1.23);0.4230947111953685
(1.24);0.4301781390332951
(1.25);0.5867083007079459
(1.26);0.0
(1.27);0.0
(1.28);0.0
(1.29);0.0
(1.30);0.0
(1.31);0.8772619516442718
(2.3);0.0
(2.4);0.0
(2.5);0.946458688168327
(2.6);1.6616003817464466
(2.7);0.7256883886220303
(2.8);0.6261398652142365
(2.9);0.0
(2.10);0.4721903223573348
(2.11);0.4591804556679945
(2.12);0.8727450527700574
(2.13);0.435135171251541
(2.14);0.4355649279824565
(2.15);0.3303430823136409
(2.16);0.40385382690440796
(2.17);0.6732257728603911
(2.18);0.5884573894508368
(2.19);0.5146469218178912
(2.20);0.5468427026960841
(2.21);0.4366709602690424
(2.22);0.39681548075343764
(2.23);0.35972520201193847
(2.24);0.37572006912938444
(2.25);0.5147221735159704
(2.26);0.0
(2.27);0.0
(2.28);0.0
(2.29);0.0
(2.30);0.0
(2.31);0.8636669456078756
(3.4);0.0
(3.5);0.7637031853612807
(3.6);0.8297636258812676
(3.7);0.4170003048273969
(3.8);0.4060498457048077
(3.9);0.0
(3.10);0.3230051762732564
(3.11);0.34561781611171866
(3.12);0.6107443365087775
(3.13);0.8242946828584132
(3.14);0.7265083664853644
(3.15);0.46366120121773396
(3.16);0.5144275719892036
(3.17);0.819147361633469
(3.18);0.4960020938016928
(3.19);0.4443395903459252
(3.20);0.4383616142406426
(3.21);0.3660867489315661
(3.22);0.3362869197032519
(3.23);0.3044880239035515
(3.24);0.33193938847724885
(3.25);0.46128548917859946
(3.26);0.0
(3.27);0.0
(3.28);0.0
(3.29);0.0
(3.30);0.0
(3.31);0.862990918934671
(4.5);1.42695224515231
(4.6);1.345524638318564
(4.7);0.5157395129553001
(4.8);0.5128704856104784
(4.9);0.0
(4.10);0.3809696528118963
(4.11);0.4168946629095135
(4.12);0.879365035009945
(4.13);0.6644216568686687
(4.14);0.7081614347125794
(4.15);0.46183323397267545
(4.16);0.5834521005920497
(4.17);1.1464621243101116
(4.18);0.6243798629420965
(4.19);0.5405574271522912
(4.20);0.5256341402449275
(4.21);0.4260798376138022
(4.22);0.3843721062114874
(4.23);0.3413546138027938
(4.24);0.3759618589839924
(4.25);0.5424881963742046
(4.26);0.0
(4.27);0.0
(4.28);0.0
(4.29);0.0
(4.30);0.0
(4.31);1.1821181326899182
(5.6);4.43940582222038
(5.7);1.3314349355397659
(5.8);1.3703278563758994
(5.9);0.4708645774336924
(5.10);0.8801284257276359
(5.11);0.9545317914206382
(5.12);3.105824321133007
(5.13);0.8470260439978238
(5.14);0.9518446785239663
(5.15);0.6797047175473967
(5.16);0.936332827201623
(5.17);2.045388753356079
(5.18);1.342514822409545
(5.19);1.079234684238672
(5.20);1.0370810755141682
(5.21);0.7988327640979462
(5.22);0.6941201600840383
(5.23);0.5952582288853654
(5.24);0.6488503622497798
(5.25);0.9477941504616626
(5.26);0.4202291905785852
(5.27);0.5353700609348078
(5.28);0.33766525214063575
(5.29);0.27968988709841475
(5.30);0.34102070066930396
(5.31);2.348556554058647
(6.7);1.4531755606722432
(6.8);1.3683420753569693
(6.9);0.502120539453638
(6.10);0.9078707394760833
(6.11);0.9208972364876816
(6.12);2.4332003192179217
(6.13);0.8221774476989498
(6.14);0.8668770655420447
(6.15);0.6292257555464228
(6.16);0.8115907216964878
(6.17);1.5123420868236963
(6.18);1.171803813139232
(6.19);0.9702498719112194
(6.20);0.9760439062974364
(6.21);0.7601222596900306
(6.22);0.6687805897000895
(6.23);0.5837044373926231
(6.24);0.6201124056156843
(6.25);0.8689784691161465
(6.26);0.378419126439737
(6.27);0.44871262073893364
(6.28);0.304215814013185
(6.29);0.26164504061897353
(6.30);0.31506968817030906
(6.31);1.7515120741660226
(7.8);4.810530753390126
(7.9);1.8500081768357644
(7.10);2.377125978742598
(7.11);1.79991431059357
(7.12);2.1724968632680692
(7.13);0.5580778130097268
(7.14);0.602654750100617
(7.15);0.49278945015330317
(7.16);0.6507942567439744
(7.17);1.0287508415689113
(7.18);1.542686934727575
(7.19);1.2866696923734997
(7.20);1.5753623074773409
(7.21);1.1066623422681163
(7.22);0.9456672062211343
(7.23);0.8133334815348976
(7.24);0.8090030670055262
(7.26);0.46031801074998213
(7.27);0.41237516045774575
(7.28);0.27890656371168016
(7.29);0.30683843485024764
(7.30);0.3872018371433791
(7.31);1.4498481692845333
(8.9);1.6672621589359788
(8.10);2.459715926031461
(8.11);2.495352048422136
(8.12);2.6343210861926476
(8.13);0.5618063961162438
(8.14);0.6236476301372005
(8.15);0.5135179981508998
(8.16);0.7052539369289157
(8.17);1.1398023259167505
(8.18);2.106052969128171
(8.19);1.6492485123773426
(8.20);2.05529065681495
(8.21);1.3091675627482433
(8.22);1.0724089394640322
(8.23);0.8837520713598127
(8.24);0.907260160672361
(8.25);1.3107288210852683
(8.26);0.5623750041880746
(8.27);0.47496073984494436
(8.28);0.3055362798734501
(8.29);0.3492573971135212
(8.30);0.4572440677289124
(8.31);1.7217936907615845
(9.10);3.235602838062077
(9.11);1.2631472542196671
(9.12);0.7974126577603714
(9.13);0.2618941019791602
(9.14);0.288492068766168
(9.15);0.24700319586820557
(9.16);0.33029320747781404
(9.17);0.5037990887378067
(9.18);0.8789794352322106
(9.19);0.7931871400865034
(9.20);1.1246165046221839
(9.21);0.776246090662193
(9.22);0.6700497881006492
(9.23);0.5838518151967774
(9.24);0.5606042403312547
(9.25);0.7481341034825946
(9.26);0.0
(9.27);0.0
(9.28);0.0
(9.29);0.0
(9.30);0.0
(9.31);0.797838376419397
(10.11);2.8248672549632854
(10.12);1.3138097414908694
(10.13);0.4695671209162197
(10.14);0.5117358113773713
(10.15);0.4386317279306023
(10.16);0.5783876089905495
(10.17);0.8306463344865868
(10.18);1.5044956897432546
(10.19);1.403087208829142
(10.20);2.117900224504613
(10.21);1.4837870599467804
(10.22);1.2667832316803957
(10.23);1.0889737142758338
(10.24);0.9978807505961607
(10.25);1.2478263170583908
(10.26);0.4829251484548587
(10.27);0.3749418239839393
(10.28);0.26389375949908955
(10.29);0.3346841410037111
(10.30);0.4259370443038086
(10.31);1.1841895089864503
(11.12);1.5096876832011852
(11.13);0.5029025151126691
(11.14);0.5678871220042939
(11.15);0.491700010665854
(11.16);0.6852524760409369
(11.17);0.9905363545354543
(11.18);2.614076397368166
(11.19);2.50760440719189
(11.21);2.4105082648304528
(11.22);1.7369369339629608
(11.23);1.283492704455438
(11.24);1.3138278798051055
(11.25);1.9247997330488977
(11.26);0.7653007692116325
(11.27);0.5008006812689282
(11.28);0.3313371767036586
(11.29);0.46540603542846376
(11.30);0.6460347623783852
(11.31);1.5169704473850671
(12.13);0.7402934734701827
(12.14);0.8459906749173387
(12.15);0.6548411535883191
(12.16);0.9406412328992383
(12.17);1.870870415870515
(12.18);2.168138528648375
(12.19);1.5784621578664448
(12.20);1.5486757018863875
(12.21);1.0945553696425518
(12.22);0.9153186439408707
(12.23);0.7593437146474953
(12.24);0.8269689333389898
(12.25);1.2606887295475016
(12.26);0.6406167440797241
(12.27);0.6894269501378014
(12.28);0.4040095860727984
(12.29);0.38775260581194465
(12.30);0.4987113907816985
(12.31);2.8861967904533854
(13.14);2.554301488177524
(13.15);1.390262324292592
(13.16);1.0463540515064116
(13.17);1.1309227274968532
(13.18);0.6627005692923015
(13.19);0.611348605866232
(13.20);0.5755292015826449
(13.21);0.5058184769328349
(13.22);0.46728944658527255
(13.23);0.42171314671368815
(13.24);0.46468375167854425
(13.25);0.6134661661301924
(13.26);0.2947433508392632
(13.27);0.40644537753596893
(13.28);0.39029543735065236
(13.29);0.24373085808701733
(13.30);0.26418273471616394
(13.31);1.0306163710647755
(14.15);2.2767403399264126
(14.16);1.7498532756972238
(14.17);1.5967453658545236
(14.18);0.7900333772239146
(14.19);0.7268493557484587
(14.20);0.6595015972238438
(14.21);0.5784346641686652
(14.22);0.5289792065295755
(14.23);0.4688075205549237
(14.24);0.5308727505875489
(14.25);0.7270749893910163
(14.26);0.3671828963887348
(14.27);0.5666901621250099
(14.28);0.5712693685070668
(14.29);0.3008568553037033
(14.30);0.32553089897153875
(14.31);1.328953705628133
(15.16);1.725093784296581
(15.17);1.1221053378846189
(15.18);0.676022642727832
(15.19);0.6441714551819205
(15.20);0.580555253011863
(15.21);0.5267389926540073
(15.22);0.48896018526766394
(15.23);0.43693209987972664
(15.24);0.5022874667806546
(15.25);0.671337268273452
(15.26);0.3378688190163935
(15.27);0.4979827468904549
(15.28);0.6435571627962346
(15.29);0.3000088108372502
(15.30);0.3102779012655864
(15.31);1.0434201846800175
(16.17);2.1099181401384914
(16.18);1.0475972590138893
(16.19);0.9852755031850469
(16.20);0.8266772778900882
(16.21);0.7347890985422038
(16.22);0.6623901663749258
(16.23);0.5682395846816247
(16.24);0.6816940136540005
(16.25);1.003027154721726
(16.26);0.558101093682148
(16.27);1.1277992296964807
(16.28);1.6773654549827937
(16.29);0.4624986607876356
(16.30);0.49130368863021007
(16.31);1.862895144675219
(17.18);1.6335732018449538
(17.19);1.3647350486761463
(17.20);1.1453283937818513
(17.21);0.9316577483467038
(17.22);0.8078596409626976
(17.23);0.6775656345460549
(17.24);0.7879939037401454
(17.25);1.2220817756233033
(17.26);0.7494656641107862
(17.27);1.5925614098216927
(17.28);0.8053591260533787
(17.29);0.49865593545047815
(17.30);0.5953079449159979
(18.20);3.518874714722023
(18.21);2.088170211621202
(18.22);1.533379146108343
(18.23);1.1215770970220031
(18.24);1.359307497740658
(18.25);2.7952070060785283
(18.26);1.9522590379313682
(18.27);1.0586118999955778
(18.28);0.5693196918238786
(18.29);0.7593279699576726
(18.30);1.1970645424702562
(18.31);3.0082689757843206
(19.20);4.34115568622289
(19.22);1.9433733574603802
(19.23);1.3126104868202582
(19.24);1.7279270050852893
(19.25);4.773401408141193
(19.26);2.936986126668347
(19.27);0.964443184716631
(19.28);0.5721009923697671
(19.29);0.9710095872669815
(19.30);1.8034870103680298
(19.31);2.260051986876125
(20.21);4.2613126909788805
(20.22);2.5153788097780803
(20.23);1.6341120847262978
(20.24);1.8467390622052036
(20.25);3.10125898340212
(20.26);1.3252446136750018
(20.27);0.7245113911932767
(20.28);0.47660798904543505
(20.29);0.7577929284627019
(20.31);1.750371029160231
(21.22);5.701631113257371
(21.23);2.3874410208093924
(21.24);3.0851753124617787
(21.25);3.6622169735222747
(21.26);1.1234943263654256
(21.27);0.6073772329596165
(21.28);0.4380357203667356
(21.29);0.8435849307408504
(21.30);1.1888293505995609
(21.31);1.345903955634067
(22.23);3.9626125028694545
(22.24);4.5891202080537505
(22.25);2.6429941095637757
(22.26);0.8712780232897311
(22.27);0.5263969491866546
(22.28);0.4035647726365847
(22.29);0.7851730576212025
(22.30);0.9710733155081782
(22.31);1.1213381113227843
(23.24);2.9786382539021905
(23.25);1.6552350459914833
(23.26);0.6309032700885299
(23.27);0.4324374805705132
(23.28);0.3485990024981328
(23.29);0.6091679116077974
(23.30);0.6864067013448505
(23.31);0.9046597139613758
(24.25);2.7242470613245917
(24.26);0.8921267320417848
(24.27);0.5461570640472312
(24.28);0.4406003334384906
(24.29);1.0103911510479664
(24.30);1.1034128657037048
(24.31);1.0696208540110332
(25.26);2.752644418104479
(25.27);0.9797242936720132
(25.28);0.6767882032128161
(25.29);1.8010173522140864
(25.31);1.805763239821625
(26.27);0.0
(26.28);0.0
(26.29);0.0
(26.30);0.0
(26.31);1.4079279319326663
(27.28);0.0
(27.29);0.0
(27.30);0.0
(27.31);2.621737594693832
(28.29);0.0
(28.30);0.0
(28.31);0.9713339433136355
(29.30);0.0
(29.31);0.7791239104011609
(30.31);1.0103917756864318

****Importance nodes******

0; 0.05238095238095238
1; DISCONNECTED
2; DISCONNECTED
3; DISCONNECTED
4; DISCONNECTED
5; 0.0016897081413210445
6; 0.0017442148555572073
7; 0.001860495845927688
8; 0.0018604958459276877
9; DISCONNECTED
10; 0.0019205118409576132
11; 0.0020485459636881208
12; 0.0020485459636881203
13; 0.0021146280915490274
14; 0.0021828419009538346
15; 0.002253256155823313
16; 0.0023259418382692264
17; 0.002481004627487175
18; 0.002563704781736747
19; 0.0026521083949000834
20; 0.0027613245056914183
21; 0.0027412057579843524
22; 0.002826757641690807
23; 0.0029179433720679295
24; 0.003012070577618508
25; 0.003259509056478089
26; DISCONNECTED
27; DISCONNECTED
28; DISCONNECTED
29; DISCONNECTED
30; DISCONNECTED
31; 0.003238825430426106
