
****Importance edges******

(0.5);22.595132227521237
(0.6);17.473615015090378
(0.7);15.180902874884053
(0.8);18.133199345808794
(0.10);12.789159983547833
(0.11);16.44700181289854
(0.12);26.563433782980127
(0.13);10.45200414107639
(0.14);13.41381090821543
(0.15);10.785531670712352
(0.16);19.73191508213607
(0.17);40.73235537761866
(0.18);31.96607149354818
(0.19);24.24653545110195
(0.20);17.452930649176135
(0.21);13.630838593419393
(0.22);11.151717685177001
(0.23);8.77666720704028
(0.24);10.463553998890744
(0.25);17.785294308422078
(0.31);139.10905767471317
(1.2);0.0
(1.3);0.0
(1.4);0.0
(1.5);0.783345164745823
(1.6);1.070092137066879
(1.7);1.4274830846020334
(1.8);0.9834264129999024
(1.9);0.0
(1.10);0.6994956907412073
(1.11);0.6121248866155987
(1.12);1.0415794983657367
(1.13);0.3499303335158913
(1.14);0.36742026535482897
(1.15);0.294311740930122
(1.16);0.37569281535292115
(1.17);0.5968897514448686
(1.18);0.6963495410912293
(1.19);0.5823412217203868
(1.20);0.6833589537061591
(1.21);0.5226600621674545
(1.22);0.46914398595825624
(1.23);0.4223095820203145
(1.24);0.42937986526978894
(1.25);0.5855947172041011
(1.26);0.0
(1.27);0.0
(1.28);0.0
(1.29);0.0
(1.30);0.0
(1.31);0.8690237633782324
(2.3);0.0
(2.4);0.0
(2.5);0.9467382075172803
(2.6);1.6620911051797376
(2.7);0.7259027074808103
(2.8);0.6263247842283111
(2.9);0.0
(2.10);0.4723297751756536
(2.11);0.4593160662589531
(2.12);0.8730028021383099
(2.13);0.4352636805053472
(2.14);0.435693564157092
(2.15);0.33044064313109006
(2.16);0.4039730977824503
(2.17);0.6517012237164898
(2.18);0.5880186601937761
(2.19);0.4971211151445777
(2.20);0.5458171943047045
(2.21);0.43541792630959036
(2.22);0.39607911746926344
(2.23);0.35905766648471854
(2.24);0.37502285221761217
(2.25);0.513745221049474
(2.26);0.0
(2.27);0.0
(2.28);0.0
(2.29);0.0
(2.30);0.0
(2.31);0.8555564252738558
(3.4);0.0
(3.5);0.7639287311984464
(3.6);0.8300086814673072
(3.7);0.4171234582784411
(3.8);0.40616976513703734
(3.9);0.0
(3.10);0.32310056997369907
(3.11);0.34571988804381026
(3.12);0.610924708733632
(3.13);0.8245381232916603
(3.14);0.7267229275096835
(3.15);0.46379813511534557
(3.16);0.5145794988105257
(3.17);0.7929573695797435
(3.18);0.49563229535236525
(3.19);0.42920803232514765
(3.20);0.43753954326548633
(3.21);0.36503625743967927
(3.22);0.3356628781710331
(3.23);0.30392299100501724
(3.24);0.3313234145798046
(3.25);0.4604099605544221
(3.26);0.0
(3.27);0.0
(3.28);0.0
(3.29);0.0
(3.30);0.0
(3.31);0.8548867470294143
(4.5);1.4273736695288184
(4.6);1.3459220145332949
(4.7);0.5158918272345104
(4.8);0.5130219525746759
(4.9);0.0
(4.10);0.3810821652655894
(4.11);0.4170177851611398
(4.12);0.8796247394694751
(4.13);0.6646178817132182
(4.14);0.7083705773044952
(4.15);0.46196962801342845
(4.16);0.5836244125517175
(4.17);1.1098071397103881
(4.18);0.6239143513888336
(4.19);0.5221492631033724
(4.20);0.5246484048241946
(4.21);0.4248571950418323
(4.22);0.38365883387156385
(4.23);0.34072116824262916
(4.24);0.3752641933871763
(4.25);0.5414585434686912
(4.26);0.0
(4.27);0.0
(4.28);0.0
(4.29);0.0
(4.30);0.0
(4.31);1.171017102135082
(5.6);4.4407169199372465
(5.7);1.3318281506171994
(5.8);1.3707325577696896
(5.9);0.4710036387173753
(5.10);0.8803883556407215
(5.11);0.9548136950137146
(5.12);3.1067415698233716
(5.13);0.8472761977248954
(5.14);0.9521257885271516
(5.15);0.6799054559657813
(5.16);0.9366093560618204
(5.17);2.006731971098956
(5.18);1.3420690337592005
(5.19);1.0569093464819574
(5.20);1.0359907948035587
(5.21);0.797504612196231
(5.22);0.6933906808678245
(5.23);0.5946231676989029
(5.24);0.6481478789659666
(5.25);0.9467049559228177
(5.26);0.4203532976222736
(5.27);0.5355281727391077
(5.28);0.33776497542768713
(5.29);0.2797724884164943
(5.30);0.3411214149270125
(5.31);2.334300850822667
(6.7);1.4536047296277526
(6.8);1.368746190286475
(6.9);0.5022688316168763
(6.10);0.9081388625766522
(6.11);0.9211692067270738
(6.12);2.433918920650401
(6.13);0.8224202628453243
(6.14);0.8671330819070607
(6.15);0.6294115859220468
(6.16);0.8118304102460051
(6.17);1.4841340941247174
(6.18);1.1714240118400236
(6.19);0.9504314192369772
(6.20);0.9750336946685817
(6.21);0.7588765540144721
(6.22);0.6680884772578309
(6.23);0.5830909985675095
(6.24);0.6194508283355383
(6.25);0.8679935224925966
(6.26);0.3785308856418831
(6.27);0.44884513984535
(6.28);0.3043056586174316
(6.29);0.2617223127200435
(6.30);0.3151627382687584
(6.31);1.7410023739688636
(7.8);4.811951456101314
(7.9);1.8505545430825028
(7.10);2.377828019639115
(7.11);1.8004458825285719
(7.12);2.1731384706793753
(7.13);0.5582426311353438
(7.14);0.6028327332133483
(7.15);0.4929349865491331
(7.16);0.6509864569839021
(7.17);1.0100847892275844
(7.18);1.5422120403552808
(7.19);1.2610750258327723
(7.20);1.573784525123126
(7.21);1.1049028062699782
(7.22);0.9447197543558519
(7.23);0.8125053616993996
(7.24);0.8081662677059773
(7.26);0.46045395729713184
(7.27);0.4124969479565733
(7.28);0.27898893368945316
(7.29);0.30692905399782944
(7.30);0.38731619015929497
(7.31);1.4413567038318278
(8.9);1.6677545544721244
(8.10);2.460442358365856
(8.11);2.4960890052367373
(8.12);2.6350990849834575
(8.13);0.5619723154110249
(8.14);0.6238318131150011
(8.15);0.513669656346142
(8.16);0.7054622208442745
(8.17);1.1191213125803416
(8.18);2.1054046504834236
(8.19);1.616441362284904
(8.20);2.053232208853034
(8.21);1.3070860539028901
(8.22);1.0713345066790558
(8.23);0.882852252728746
(8.24);0.9063217283005666
(8.25);1.30928570324074
(8.26);0.5625410914109016
(8.27);0.4751010108556493
(8.28);0.3056265144532574
(8.29);0.34936054392962496
(8.30);0.4573791064429335
(8.31);1.7117094957737722
(9.10);3.2365584144755783
(9.11);1.26352030177319
(9.12);0.7976481590767317
(9.13);0.2619714476359702
(9.14);0.2885772696484123
(9.15);0.24707614376689524
(9.16);0.3303907535656381
(9.17);0.48769149351293045
(9.18);0.8783241048692917
(9.19);0.7661759137804935
(9.20);1.1225074819418261
(9.21);0.7740186407033213
(9.22);0.6688063888724003
(9.23);0.5827683719820795
(9.24);0.5595639372192175
(9.25);0.746714130737541
(9.26);0.0
(9.27);0.0
(9.28);0.0
(9.29);0.0
(9.30);0.0
(9.31);0.7903460387675763
(10.11);2.8257015280972926
(10.12);1.3141977512880014
(10.13);0.4697057990197325
(10.14);0.5118869432361841
(10.15);0.4387612698287898
(10.16);0.5785584252447916
(10.17);0.8157836170846308
(10.18);1.5040446973390953
(10.19);1.3755485097028979
(10.20);2.115814279661989
(10.21);1.481463928880165
(10.22);1.2655348326708005
(10.23);1.0878826854550745
(10.24);0.9968647284333069
(10.25);1.2464726424917256
(10.26);0.4830677716087023
(10.27);0.3750525562280885
(10.28);0.2639716957183563
(10.29);0.33478298387384137
(10.30);0.42606283705821746
(10.31);1.1773386982940466
(11.12);1.5101335419836197
(11.13);0.5030510382181871
(11.14);0.5680548371308028
(11.15);0.49184522531555797
(11.16);0.685454852888829
(11.17);0.9733219843129852
(11.18);2.613335976982954
(11.19);2.4597478358934266
(11.21);2.406854101777214
(11.22);1.7352836289977875
(11.23);1.2822497118433214
(11.24);1.3125338277190854
(11.25);1.922775737411044
(11.26);0.7655267868661141
(11.27);0.5009485836360718
(11.28);0.3314350311087943
(11.29);0.46554348463110534
(11.30);0.6462255569882701
(11.31);1.5084177826083347
(12.13);0.7405121056749747
(12.14);0.8462405228669952
(12.15);0.6550345490055803
(12.16);0.9409190341686497
(12.17);1.8383568631577898
(12.18);2.1675244173063377
(12.19);1.5483378740746265
(12.20);1.5472031700607998
(12.21);1.0928960997492154
(12.22);0.9144473970756837
(12.23);0.7586083317161492
(12.24);0.8261544119776223
(12.25);1.2593630703396967
(12.26);0.6408059385765069
(12.27);0.6896305598406467
(12.28);0.40412890295147647
(12.29);0.3878671214873633
(12.30);0.4988586761149196
(12.31);2.869924440737555
(13.14);2.5550558546363367
(13.15);1.3906729129686943
(13.16);1.0466630731329314
(13.17);1.1115560211332993
(13.18);0.6625182794980476
(13.19);0.5998455251670337
(13.20);0.5749916895010689
(13.21);0.5050641592490509
(13.22);0.4668524505468338
(13.23);0.421311738679978
(13.24);0.46423373083440383
(13.25);0.6128312444858577
(13.26);0.2948303979239007
(13.27);0.4065654137813267
(13.28);0.39041070400508904
(13.29);0.2438028395602966
(13.30);0.26426075627900203
(13.31);1.0248812481572211
(14.15);2.277412733751423
(14.16);1.7503700630166297
(14.17);1.5698084186394006
(14.18);0.7898225380724407
(14.19);0.7133690041102316
(14.20);0.658896844839232
(14.21);0.5775863717515056
(14.22);0.5284933831574083
(14.23);0.4683691048561104
(14.24);0.5303674388878207
(14.25);0.7263346087263703
(14.26);0.3672913371748235
(14.27);0.566857523751202
(14.28);0.5714380825185269
(14.29);0.3009457079006248
(14.30);0.3256270385982147
(14.31);1.321656393417703
(15.16);1.725603259350799
(15.17);1.103462002631899
(15.18);0.6758477858102948
(15.19);0.6323986953732751
(15.20);0.5800327760783076
(15.21);0.5259795975137852
(15.22);0.4885193422101884
(15.23);0.43653081411357264
(15.24);0.5018177415712699
(15.25);0.670664909681726
(15.26);0.3379686024232169
(15.27);0.4981298170319634
(15.28);0.6437472256921727
(15.29);0.300097412979672
(15.30);0.3103695361969791
(15.31);1.0377681512573758
(16.17);2.075402181508155
(16.18);1.0473349194227737
(16.19);0.9675359571196902
(16.20);0.8259474188439823
(16.21);0.733748067866353
(16.22);0.661804144007446
(16.23);0.5677272638762967
(16.24);0.6810679344425465
(16.25);1.0020395291853352
(16.26);0.5582659186832877
(16.27);1.1281323046741587
(16.28);1.6778608343435568
(16.29);0.46263525135008826
(16.30);0.49144878623341354
(16.31);1.8529431442247708
(17.18);1.6072678504531748
(17.19);1.3196334950581001
(17.20);1.1268667133333996
(17.21);0.9161029277915892
(17.22);0.7949879660448931
(17.23);0.6669310399101418
(17.24);0.775812977484298
(17.25);1.2038778068235674
(17.26);0.7255035533759605
(17.27);1.5416436230816768
(17.28);0.7796099750463207
(17.29);0.4827127784573964
(17.30);0.5762746047905055
(17.31);4.825665003561811
(18.20);3.5141896643448955
(18.21);2.0843215672133177
(18.22);1.5313432680588845
(18.23);1.1200781208903958
(18.24);1.357478883448808
(18.25);2.7913198759187
(18.26);1.9508035151141578
(18.27);1.0578226431679354
(18.28);0.568895230835026
(18.29);0.7587618467309155
(18.30);1.1961720611338218
(18.31);2.991509574821811
(19.20);4.264577353538274
(19.21);2.824734022959516
(19.22);1.9094776828537232
(19.23);1.2900512868352256
(19.24);1.698670181053219
(19.25);4.695480103786862
(19.26);2.8369698847050717
(19.27);0.9315999982791545
(19.28);0.552618642500722
(19.29);0.9379427882968
(19.30);1.7420709922368138
(19.31);2.213733961090774
(20.21);4.251210809744151
(20.22);2.5106866499143567
(20.23);1.6310640847697462
(20.24);1.8432947509456292
(20.25);3.0954050116073586
(20.26);1.3227593478659239
(20.27);0.723152696073719
(20.28);0.47571419364548745
(20.29);0.756371819607751
(20.31);1.7399876402685068
(21.22);5.688204856783911
(21.23);2.381838252282618
(21.24);3.077959911648206
(21.25);3.6536407524507206
(21.26);1.1202704423147887
(21.27);0.6056343547553331
(21.28);0.43677877020743394
(21.29);0.841164250956582
(21.30);1.1854179867035581
(21.31);1.337288171329282
(22.23);3.955259154781868
(22.24);4.580604260990755
(22.25);2.638029626849194
(22.26);0.8696612084783728
(22.27);0.5254201239238236
(22.28);0.40281588481398395
(22.29);0.7837160262315568
(22.30);0.969271312384651
(22.31);1.1147455520148097
(23.24);2.9731108489661584
(23.25);1.6521264800061406
(23.26);0.6297325143431224
(23.27);0.4316350141879306
(23.28);0.3479521136573749
(23.29);0.6080374897725569
(23.30);0.6851329488896241
(23.31);0.8993949573767683
(24.25);2.7191317818236556
(24.26);0.8904712286600652
(24.27);0.545143570297962
(24.28);0.4397827193980226
(24.29);1.0085161865307717
(24.30);1.1013652824792624
(24.31);1.0634599348340792
(25.26);2.7474198466909625
(25.27);0.9778647583451178
(25.28);0.6755036463422466
(25.29);1.7975989870552096
(25.31);1.795592308686583
(26.27);0.0
(26.28);0.0
(26.29);0.0
(26.30);0.0
(26.31);1.3947063675566698
(27.28);0.0
(27.29);0.0
(27.30);0.0
(27.31);2.597117391060517
(28.29);0.0
(28.30);0.0
(28.31);0.9622123441388237
(29.30);0.0
(29.31);0.7718073164870772
(30.31);1.0009033923649377

****Importance nodes******

0; 0.05238095238095238
1; DISCONNECTED
2; DISCONNECTED
3; DISCONNECTED
4; DISCONNECTED
5; 0.0016897081413210445
6; 0.0017442148555572073
7; 0.001860495845927688
8; 0.0018604958459276877
9; DISCONNECTED
10; 0.0019205118409576132
11; 0.0020485459636881208
12; 0.0020485459636881203
13; 0.0021146280915490274
14; 0.0021828419009538346
15; 0.002253256155823313
16; 0.0023259418382692264
17; 0.0024009722201488786
18; 0.0025610370348254706
19; 0.0025610370348254706
20; 0.002755332384507825
21; 0.002732532822545899
22; 0.002820679042628025
23; 0.0029116686891644127
24; 0.003005593485589071
25; 0.003252361920445607
26; DISCONNECTED
27; DISCONNECTED
28; DISCONNECTED
29; DISCONNECTED
30; DISCONNECTED
31; 0.003207463014815996
