
****Mix criterion 0.5*C(weight)+0.5*C(distance) ******

(0.5);0.4759038737804037
(0.6);0.42649267412534503
(0.7);0.39732846574008923
(0.8);0.4335394382897597
(0.10);0.3591204667301981
(0.11);0.4134800107737287
(0.12);0.5053045396881792
(0.13);0.3081225503032851
(0.14);0.3692060022644797
(0.15);0.31585093100148487
(0.16);0.4489129322889803
(0.17);0.5872172460720619
(0.18);0.5392575374478726
(0.19);0.48743047809160917
(0.20);0.4237073326063481
(0.21);0.3710615157877439
(0.22);0.3222477346173826
(0.23);0.2543072697809887
(0.24);0.30467023514083397
(0.25);0.4262701210575713
(0.31);0.9824127216643568
(1.2);0.4395648423229701
(1.3);0.34371603677550117
(1.4);0.3719146514821577
(1.5);0.4078903132419618
(1.6);0.43211546047766086
(1.7);0.4477736050432876
(1.8);0.420279485363393
(1.9);0.4039579470053061
(1.10);0.3816902641908102
(1.11);0.35492645618156976
(1.12);0.4171916523964091
(1.13);0.2353267920663022
(1.14);0.23987838889649937
(1.15);0.16414413517275103
(1.16);0.2289031397323132
(1.17);0.3251298568254221
(1.18);0.34065483361061843
(1.19);0.30855957221426533
(1.20);0.32501948364744987
(1.21);0.2718069205027117
(1.22);0.23710196508116696
(1.23);0.1981098890615227
(1.24);0.19350514005047442
(1.25);0.25769504155019995
(1.26);0.281273538781861
(1.27);0.28326927738335145
(1.28);0.19297603229189564
(1.29);0.18968553928843404
(1.30);0.2440189965396843
(1.31);0.3407000178041649
(2.3);0.3987161285875143
(2.4);0.41453271954377663
(2.5);0.42485989874660574
(2.6);0.4597913280825555
(2.7);0.38981877300756224
(2.8);0.3715289525610923
(2.9);0.34591486889269296
(2.10);0.3227648791051039
(2.11);0.3053818281500895
(2.12);0.39987298668559496
(2.13);0.28776875897000664
(2.14);0.2810914898644696
(2.15);0.20111037931443412
(2.16);0.24807739144951094
(2.17);0.34021460232337436
(2.18);0.3104485615998973
(2.19);0.27507673864721116
(2.20);0.2798130034320537
(2.21);0.22539569600794704
(2.22);0.18803180896986704
(2.23);0.1444343247764585
(2.24);0.14866205888136447
(2.25);0.22325535086282772
(2.26);0.2561580792163952
(2.27);0.28283921220922914
(2.28);0.20238469028543613
(2.29);0.16465662506863035
(2.30);0.21602568071120193
(2.31);0.3380949352622614
(3.4);0.45324357736499427
(3.5);0.40540791053377
(3.6);0.4105047717767092
(3.7);0.3052166106685478
(3.8);0.2998838996906055
(3.9);0.26198924640457233
(3.10);0.23958656561252933
(3.11);0.2404844520133702
(3.12);0.3546328237934451
(3.13);0.3901023852363774
(3.14);0.3704296306453876
(3.15);0.2878713199489662
(3.16);0.3029361079990782
(3.17);0.36960309445271755
(3.18);0.2743903845524529
(3.19);0.23896093657215062
(3.20);0.2244493535116506
(3.21);0.17189569546746705
(3.22);0.13140741740747827
(3.23);0.07949927634145905
(3.24);0.10198828347904716
(3.25);0.19079108076134738
(3.26);0.23531496865872847
(3.27);0.2983710873345779
(3.28);0.24490572188713802
(3.29);0.15232322744487467
(3.30);0.1946389534422527
(3.31);0.3379632922875157
(4.5);0.45303421864676086
(4.6);0.4478067279221815
(4.7);0.34314982097479574
(4.8);0.34225171676392674
(4.9);0.3007651551487457
(4.10);0.279593178179187
(4.11);0.2853223768144689
(4.12);0.4006741626891666
(4.13);0.3623714834187725
(4.14);0.36693916555075334
(4.15);0.28701853896596474
(4.16);0.3267161951339955
(4.17);0.40878329708014066
(4.18);0.32160451682416313
(4.19);0.28603346605389274
(4.20);0.2707736319220712
(4.21);0.21849301758402584
(4.22);0.17784172955192618
(4.23);0.12516370728361906
(4.24);0.14888974538249383
(4.25);0.23761389908400188
(4.26);0.2812126077464683
(4.27);0.3383497230655555
(4.28);0.2737018556154199
(4.29);0.19659198957577242
(4.30);0.2403483229550521
(4.31);0.38367224198097705
(5.6);0.48355032337156073
(5.7);0.3930652960494762
(5.8);0.39637597238440986
(5.9);0.35133804743839464
(5.10);0.331298907543248
(5.11);0.33934279356991115
(5.12);0.4607344737538425
(5.13);0.31486138798394697
(5.14);0.3329584837016204
(5.15);0.2593902884304244
(5.16);0.3236754387053319
(5.17);0.4217767153518756
(5.18);0.3720778763520653
(5.19);0.3352380020390515
(5.20);0.3238991749557219
(5.21);0.2704660331262338
(5.22);0.22986897944197962
(5.23);0.17781817685308793
(5.24);0.1987196017453071
(5.25);0.28461536707733737
(5.26);0.32461584484480793
(5.27);0.3630737499455283
(5.28);0.28106622034677897
(5.29);0.23522503843133016
(5.30);0.2832443901361763
(5.31);0.4204629734423389
(6.7);0.40129080834471426
(6.8);0.39454232611199297
(6.9);0.35626138438653693
(6.10);0.3341348883219729
(6.11);0.3307489128575234
(6.12);0.4434369695396325
(6.13);0.30630698678281987
(6.14);0.31331065123415835
(6.15);0.23608084475749158
(6.16);0.29279475893002566
(6.17);0.38827591691739016
(6.18);0.35017723535637724
(6.19);0.3135679334606992
(6.20);0.31009506375346807
(6.21);0.2554874989988482
(6.22);0.21603387112961395
(6.23);0.16744475010662907
(6.24);0.1808635486224546
(6.25);0.2618607509495442
(6.26);0.29858465570250636
(6.27);0.33060307228814484
(6.28);0.24885800629932556
(6.29);0.2076654815655222
(6.30);0.2575862508826227
(6.31);0.3870553260552182
(7.8);0.48488465250285334
(7.9);0.46451344027436636
(7.10);0.4419019356853976
(7.11);0.4154748455008247
(7.12);0.4324198916524344
(7.13);0.20356825619584776
(7.14);0.2210607136326644
(7.15);0.15200803662284001
(7.16);0.23281436203579667
(7.17);0.3268109072936433
(7.18);0.385383003091507
(7.19);0.3575851893662093
(7.20);0.3827328631550519
(7.21);0.3297488448847435
(7.22);0.29572256420199916
(7.23);0.2567608466234653
(7.24);0.2505527873884445
(7.26);0.3238430938036343
(7.27);0.3029985275911128
(7.28);0.20753671546961766
(7.29);0.2343514978667198
(7.30);0.29000403565215893
(7.31);0.35781652157900723
(8.9);0.459237972836835
(8.10);0.4444365298269107
(8.11);0.4433346630402425
(8.12);0.4472967533779766
(8.13);0.20556231415678883
(8.14);0.23059854860535653
(8.15);0.16620095103442328
(8.16);0.25382273264833377
(8.17);0.34443021468962726
(8.18);0.41954933735557
(8.19);0.39116762837066354
(8.20);0.4131593852107925
(8.21);0.3574243566738309
(8.22);0.3207210440947152
(8.23);0.2766278441802992
(8.24);0.2782352876102072
(8.25);0.3410398273466363
(8.26);0.3564780211059624
(8.27);0.3293774937056847
(8.28);0.23320996573826805
(8.29);0.26690198401269305
(8.30);0.3226366701938489
(8.31);0.3820630447927345
(9.10);0.48676193764955306
(9.11);0.4365895626436224
(9.12);0.39522862359696415
(9.13);0.16263815067704873
(9.14);0.18401716568034288
(9.15);0.11867475720327354
(9.16);0.20613604575877967
(9.17);0.29541917313812
(9.18);0.38095091617652055
(9.19);0.36266037858090955
(9.20);0.40115771672729567
(9.21);0.35482210719734153
(9.22);0.3256445560184722
(9.23);0.2926958392951121
(9.24);0.2768941819363199
(9.25);0.32013745380477876
(9.26);0.3235878688150091
(9.27);0.2835893079274317
(9.28);0.1880661176706711
(9.29);0.24088272127256294
(9.30);0.29596591674476164
(9.31);0.33275273164095265
(10.11);0.45128539977631665
(10.12);0.3781456741993921
(10.13);0.14164151600913652
(10.14);0.16587697650487257
(10.15);0.10289564900660593
(10.16);0.19446568249078938
(10.17);0.28091535017480695
(10.18);0.3805242761421298
(10.19);0.36839687369208696
(10.20);0.41498232303305743
(10.21);0.3736880680940592
(10.22);0.34753298771437924
(10.23);0.3177486646871694
(10.24);0.29647557634580884
(10.25);0.3305486664551893
(10.26);0.326780877608625
(10.27);0.2760061071111097
(10.28);0.18078258900141123
(10.29);0.24875625258095987
(10.30);0.30316819257700095
(10.31);0.32168526119427393
(11.12);0.39171946192351886
(11.13);0.15496040056149274
(11.14);0.18985159649861516
(11.15);0.1352052546495432
(11.16);0.23499345101838556
(11.17);0.3119029960343089
(11.18);0.4354660675982098
(11.19);0.43029811979028765
(11.21);0.42539571471815507
(11.22);0.3886333402241198
(11.23);0.3424809979768399
(11.24);0.34333145693381
(11.25);0.39136535175271375
(11.26);0.38498915697797376
(11.27);0.32184268345491773
(11.28);0.22919452474060062
(11.29);0.30802960602433893
(11.30);0.3628203872509594
(11.31);0.3593840876794395
(12.13);0.2670373164168375
(12.14);0.29347737676905516
(12.15);0.22711328516037643
(12.16);0.3085305465276291
(12.17);0.4051659190355496
(12.18);0.4186590108453045
(12.19);0.3807902545043424
(12.20);0.37543160693496763
(12.21);0.32058030572682983
(12.22);0.28012028126655886
(12.23);0.22868919572771013
(12.24);0.24657221492986683
(12.25);0.3281144118704299
(12.26);0.3616210854932634
(12.27);0.3717564603689204
(12.28);0.2783816069247189
(12.29);0.26897074402494425
(12.30);0.32108126981244917
(12.31);0.4335576445017215
(13.14);0.4386899747962536
(13.15);0.3733617421826904
(13.16);0.32595009940296604
(13.17);0.33373494298946704
(13.18);0.20659887330865473
(13.19);0.17547006198031984
(13.20);0.14709794160109868
(13.21);0.09959243740578148
(13.22);0.05862036285947074
(13.23);0.0015143217333308224
(13.24);0.03941780605219787
(13.25);0.1351604577033958
(13.26);0.18543016757857908
(13.27);0.2725745561058167
(13.28);0.2630455369254612
(13.29);0.11918646596399834
(13.30);0.14880858366722216
(13.31);0.28604469600218324
(14.15);0.4265471928101424
(14.16);0.39833151534356664
(14.17);0.3832619376426003
(14.18);0.25111088213231547
(14.19);0.22385801766526675
(14.20);0.1882627255573844
(14.21);0.14540655014733211
(14.22);0.10510827959525791
(14.23);0.04581467093529599
(14.24);0.09190481049988411
(14.25);0.18898924061836958
(14.26);0.23978615372740825
(14.27);0.332577530894859
(14.28);0.33395234070477775
(14.29);0.18189115903267908
(14.30);0.20617316328349175
(14.31);0.33381815924915026
(15.16);0.39498284536988465
(15.17);0.3271917605556704
(15.18);0.20388377011976103
(15.19);0.18321613057251332
(15.20);0.1401844476993911
(15.21);0.1046157922719986
(15.22);0.06645566618262021
(15.23);0.0056913517395549285
(15.24);0.06259546851076633
(15.25);0.15835638955049589
(15.26);0.2078213493765903
(15.27);0.3027296063909502
(15.28);0.34828058750229235
(15.29);0.17066035108889252
(15.30);0.18163286114249103
(15.31);0.28319507385435544
(16.17);0.4120022729081045
(16.18);0.3082029039674172
(16.19);0.29178704538262185
(16.20);0.24513033142957
(16.21);0.2137027407622102
(16.22);0.17645257720809285
(16.23);0.11538928414439846
(16.24);0.1743614764402549
(16.25);0.2702853582569126
(16.26);0.3186586791004058
(16.27);0.4133224071231539
(16.28);0.4450248048646813
(16.29);0.28041585074497005
(16.30);0.2934909431669093
(16.31);0.3815011210150422
(17.18);0.37638707205801086
(17.19);0.3471512102739793
(17.20);0.31227411503334557
(17.21);0.2684390425257315
(17.22);0.22757760316634618
(17.23);0.16854362714868526
(17.24);0.21071557531609947
(17.25);0.3075154643375463
(17.26);0.35697219409264286
(17.27);0.4370032786568241
(17.28);0.3672738895610282
(17.29);0.28285019229854824
(17.30);0.31872344214954634
(17.31);0.4686337291408191
(18.20);0.4492252286475682
(18.21);0.4010487622505378
(18.22);0.35821234539346825
(18.23);0.29924845934869326
(18.24);0.3330137396598829
(18.25);0.42274466721068255
(18.26);0.44923778025705474
(18.27);0.39725908035635144
(18.28);0.30393708091420724
(18.29);0.3541918589536479
(18.30);0.4100788665581107
(18.31);0.4299343443581835
(19.20);0.4630787234183262
(19.21);0.43160998399248235
(19.22);0.3887392481432359
(19.23);0.32683993193208505
(19.24);0.36876015103816967
(19.25);0.46498587447296563
(19.26);0.4704687074984684
(19.27);0.3823701740610248
(19.28);0.2980436681883351
(19.29);0.38321106575272884
(19.30);0.4415654091656123
(19.31);0.3987448981088831
(20.21);0.4611757149088134
(20.22);0.4159422440048183
(20.23);0.3602453671943866
(20.24);0.37563824057834966
(20.25);0.4297817129121042
(20.26);0.41308659317513746
(20.27);0.33492639838437854
(20.28);0.2468247004283219
(20.29);0.34240972616828724
(20.31);0.36262768064957596
(21.22);0.47952688689470896
(21.23);0.4092440055307122
(21.24);0.43292851536767857
(21.25);0.4444778362457421
(21.26);0.3966858514663355
(21.27);0.30362556509655686
(21.28);0.22626102334749523
(21.29);0.36006676116019776
(21.30);0.4028190573531041
(21.31);0.3186450815375149
(22.23);0.45347321716726813
(22.24);0.4631538821439145
(22.25);0.412996750479885
(22.26);0.3603931755294097
(22.27);0.2656428019693015
(22.28);0.19329720706516212
(22.29);0.344431928389012
(22.30);0.37541932037300474
(22.31);0.2773672420588329
(23.24);0.4272710653831232
(23.25);0.3495689974155848
(23.26);0.29879199118842115
(23.27);0.20469845810893483
(23.28);0.13300473691757017
(23.29);0.2914541508512155
(23.30);0.3154438059901922
(23.31);0.218087343527314
(24.25);0.41331587416955057
(24.26);0.3546652708404228
(24.27);0.25933404168910074
(24.28);0.20082897524598775
(24.29);0.37247507857056333
(24.30);0.38386501921655697
(24.31);0.25896586340774824
(25.26);0.4577788850739221
(25.27);0.35714892711062796
(25.28);0.29054861419487
(25.29);0.4268394267570767
(25.31);0.3556741257218648
(26.27);0.40521525169829353
(26.28);0.33162903787113257
(26.29);0.40798386883509286
(26.30);0.45888676893018127
(26.31);0.4038081028956129
(27.28);0.40440310991764633
(27.29);0.34667801943741156
(27.30);0.3743733940539378
(27.31);0.4549846110597982
(28.29);0.31917025319449394
(28.30);0.3179214871301564
(28.31);0.356765175263778
(29.30);0.44453309981890016
(29.31);0.31989210198848506
(30.31);0.3625747483610816
