
****Importance edges******

(0.5);22.932939530504076
(0.6);17.734853351833483
(0.7);15.390815956716725
(0.8);18.403641871429052
(0.9);13.744177855440725
(0.10);12.994679669779808
(0.11);16.691584981053616
(0.12);26.99112267141775
(0.13);10.620661094994345
(0.14);13.630753150611632
(0.15);10.960374445787586
(0.16);20.052554614534575
(0.17);41.39588016118355
(0.18);32.43926232574977
(0.19);24.642342930265833
(0.20);17.702643310582438
(0.21);13.853613590745036
(0.22);11.334450786913482
(0.23);8.92086756141445
(0.24);10.63594213694778
(0.25);18.030449760673402
(0.31);141.4017027266527
(1.2);0.0
(1.3);0.0
(1.4);0.0
(1.5);0.7950565242874648
(1.6);1.0860904917180374
(1.7);1.4020883160923923
(1.8);0.9970904405525562
(1.9);0.8922188799200552
(1.10);0.732092591425947
(1.11);0.619984120334548
(1.12);1.0889833431857268
(1.13);0.3658561877150395
(1.14);0.38414211257813524
(1.15);0.3077063095805639
(1.16);0.39279115873133663
(1.17);0.6240550990698269
(1.18);0.7045562447255177
(1.19);0.608210890930665
(1.20);0.6847872963724712
(1.21);0.5451587857777357
(1.22);0.4893390259805007
(1.23);0.4404885615360754
(1.24);0.44786319623726917
(1.25);0.5826671148483786
(1.26);0.0
(1.27);0.0
(1.28);0.0
(1.29);0.0
(1.30);0.0
(1.31);0.9050665299106019
(2.3);0.0
(2.4);0.0
(2.5);0.9608923659126306
(2.6);1.6869401084030364
(2.7);0.7129889774227507
(2.8);0.6350271324624809
(2.9);0.5561195702140578
(2.10);0.4943406138064557
(2.11);0.4652133470173883
(2.12);0.9127344687320869
(2.13);0.4550731832834137
(2.14);0.4555226315847603
(2.15);0.34547949229601826
(2.16);0.42235851922054174
(2.17);0.68136112363438
(2.18);0.5949486495035693
(2.19);0.5192050039825375
(2.20);0.5469580500473621
(2.21);0.4541611751018859
(2.22);0.413128965423573
(2.23);0.37451386791111346
(2.24);0.39116630014931997
(2.25);0.5111768206264535
(2.26);0.0
(2.27);0.0
(2.28);0.0
(2.29);0.0
(2.30);0.0
(2.31);0.8910406338661965
(3.4);0.0
(3.5);0.7753498063998975
(3.6);0.8424176813932871
(3.7);0.409702877413292
(3.8);0.4118132121591258
(3.9);0.36002282586743933
(3.10);0.3381572419875828
(3.11);0.35015867735108364
(3.12);0.6387288083102327
(3.13);0.8620640896782981
(3.14);0.7597971776623121
(3.15);0.4849062837101527
(3.16);0.5379987834137995
(3.17);0.8290460485095843
(3.18);0.5014734815950744
(3.19);0.448274980369532
(3.20);0.4384540793148866
(3.21);0.3807498167076447
(3.22);0.3501120141751956
(3.23);0.31700583369453794
(3.24);0.3455857515552618
(3.25);0.45810820262266916
(3.26);0.0
(3.27);0.0
(3.28);0.0
(3.29);0.0
(3.30);0.0
(3.31);0.8903431807119846
(4.5);1.4487135424181192
(4.6);1.366044148857472
(4.7);0.5067141678492936
(4.8);0.5201500365903503
(4.9);0.4300927679252556
(4.10);0.3988408129003234
(4.11);0.42237198707353185
(4.12);0.9196577803607943
(4.13);0.6948656381050794
(4.14);0.7406095844799205
(4.15);0.4829945585081793
(4.16);0.6101860347122613
(4.17);1.1603161267953808
(4.18);0.6312673829812772
(4.19);0.5453449913311786
(4.20);0.5257450140035413
(4.21);0.44314584056306394
(4.22);0.40017403120292916
(4.23);0.35538804629080695
(4.24);0.3914180302287374
(4.25);0.5387515940020817
(4.26);0.0
(4.27);0.0
(4.28);0.0
(4.29);0.0
(4.30);0.0
(4.31);1.219585044458768
(5.6);4.507107618204864
(5.7);1.3288884953035773
(5.8);1.390466956604464
(5.9);1.0208233562923539
(5.10);0.9083734509453139
(5.11);0.9679839450491124
(5.12);3.205218324630231
(5.13);0.87433625882007
(5.14);0.9827621570036061
(5.15);0.7019445514795122
(5.16);0.9671915219354166
(5.17);2.072729097695156
(5.18);1.3595742928521921
(5.19);1.0914784626429956
(5.20);1.0432207626607324
(5.21);0.8232729697065962
(5.22);0.7159404622642875
(5.23);0.6140846903656023
(5.24);0.6694949917608081
(5.25);0.9484294099950578
(5.26);0.4266377668760877
(5.27);0.5435345577375534
(5.28);0.34281471243486056
(5.29);0.28395521188140327
(5.30);0.34622133220148754
(5.31);2.4097525418009504
(6.7);1.4507734092530329
(6.8);1.3884634465558663
(6.9);1.0704978119267758
(6.10);0.9367786540660065
(6.11);0.9338906962300491
(6.12);2.5104829079885733
(6.13);0.8484891445827312
(6.14);0.8948273264014293
(6.15);0.6496640415345414
(6.16);0.8381458454221326
(6.17);1.5325940360967105
(6.18);1.186731746723206
(6.19);0.9813042103467686
(6.20);0.9819324116217034
(6.21);0.7832363826221672
(6.22);0.6896752398511228
(6.23);0.6020537203270323
(6.24);0.639724939724791
(6.25);0.8696989158727768
(6.26);0.3841900911861039
(6.27);0.45555557484618764
(6.28);0.3088551639172839
(6.29);0.26563517800890873
(6.30);0.31987456175105605
(6.31);1.79694392016842
(7.8);4.8025787731964416
(7.9);3.754424826402876
(7.10);2.413296598620728
(7.11);1.7973156579590377
(7.12);2.2065687437531816
(7.13);0.5671098986971567
(7.14);0.6127095960166321
(7.15);0.5012570369376842
(7.16);0.6623004143102981
(7.17);1.0281400752130785
(7.18);1.541195170889707
(7.19);1.2840837652888826
(7.20);1.5644632280531523
(7.21);1.1252369686404262
(7.22);0.9625443503542177
(7.23);0.8282099657618567
(7.24);0.8241569830049228
(7.25);1.0857710615123493
(7.26);0.452262531576547
(7.27);0.40515867220585855
(7.28);0.27402575096300397
(7.29);0.30146881957597566
(7.30);0.38042587734562433
(7.31);1.4697778074230172
(8.9);3.436399720623477
(8.10);2.5355031067712344
(8.11);2.5293903482000624
(8.12);2.7153731577405087
(8.13);0.5792324839226296
(8.14);0.6431476471609757
(8.15);0.5297024307356675
(8.16);0.7276564111205694
(8.17);1.1546062838533295
(8.18);2.132085900230064
(8.19);1.6674844378223648
(8.20);2.067292852166663
(8.21);1.3479166481181435
(8.22);1.1050389415676705
(8.23);0.9108220258812115
(8.24);0.9352338651019527
(8.25);1.3117416235319348
(8.26);0.5703572094965353
(8.27);0.4817022097016538
(8.28);0.3098729827798218
(8.29);0.35421466624621256
(8.30);0.46373407172536896
(8.31);1.7653713651709904
(9.10);6.668912041919619
(9.11);2.4807517610053513
(9.12);1.5921355666641481
(9.13);0.5151232274179223
(9.14);0.5591351367901686
(9.15);0.47183670212803114
(9.16);0.6220187541511442
(9.17);0.905406399428209
(9.18);1.5564788225506652
(9.19);1.3827475572100016
(9.20);1.9181308302579723
(9.21);1.3589012268931675
(9.22);1.159292532464326
(9.23);0.9975844204930834
(9.24);0.9461688909159772
(9.25);1.190040376537477
(9.26);0.48573527111402864
(9.27);0.3959572710987896
(9.28);0.2747027878171776
(9.29);0.33069672853358695
(9.30);0.4199761194921869
(9.31);1.3029312289841997
(10.11);2.908142450505046
(10.12);1.3747014063788987
(10.13);0.491326282259582
(10.14);0.5354446069760409
(10.15);0.4589498274822406
(10.16);0.6051744542717902
(10.17);0.853305988666762
(10.18);1.5442101565306587
(10.19);1.4379385635743371
(10.20);2.1589175549441215
(10.21);1.5474090159642704
(10.22);1.3218336549029623
(10.23);1.1362489503901203
(10.24);1.0411575710690164
(10.25);1.2641201201402814
(10.26);0.5055790070366745
(10.27);0.3925302206208028
(10.28);0.2762729282531784
(10.29);0.35038406308093806
(10.30);0.44591760981647216
(10.31);1.2284288601301376
(11.12);1.5541922654270148
(11.13);0.5178581874536404
(11.14);0.5849225771326948
(11.15);0.5065773524219319
(11.16);0.7061633291726713
(11.17);1.0029784164958404
(11.18);2.645359025623766
(11.19);2.5344926225258364
(11.20);5.800409900315223
(11.21);2.47930923112234
(11.22);1.7879286059824753
(11.23);1.3214494857512245
(11.24);1.3529637193021506
(11.25);1.9264182572170252
(11.26);0.7753555882555848
(11.27);0.5073803953236186
(11.28);0.3356904133503711
(11.29);0.47152072086516744
(11.30);0.6545226182556358
(11.31);1.5541441656426245
(12.13);0.7742139220027904
(12.14);0.8847541980010734
(12.15);0.6848461535557012
(12.16);0.9837416703225765
(12.17);1.9220232406178186
(12.18);2.225556808415699
(12.19);1.6178691612157832
(12.20);1.5790857467604091
(12.21);1.141095787787584
(12.22);0.9547595289451215
(12.23);0.7920360857089057
(12.24);0.8625429258601015
(12.25);1.2776498461064543
(12.26);0.6699699777301871
(12.27);0.72101668072062
(12.28);0.4225214153164403
(12.29);0.4055195357933399
(12.30);0.5215624825039291
(12.31);2.9934696440199215
(13.14);2.6713402778893163
(13.15);1.4539645225531441
(13.16);1.0942982790634008
(13.17);1.162144602434298
(13.18);0.6804317190939172
(13.19);0.6267879428336945
(13.20);0.5870346202462493
(13.21);0.527348561566089
(13.22);0.4874419123277559
(13.23);0.43988467619625565
(13.24);0.4846899930459801
(13.25);0.6219637998347325
(13.26);0.30824857143185597
(13.27);0.425068815407707
(13.28);0.40817888056555146
(13.29);0.25489867237125596
(13.30);0.2762876595564937
(13.31);1.069031930868151
(14.15);2.3810612022468294
(14.16);1.830032029265951
(14.17);1.6412527537007713
(14.18);0.8113878832837769
(14.19);0.7454165088582936
(14.20);0.6729207312333725
(14.21);0.6030817317934469
(14.22);0.5518115279049648
(14.23);0.4890254552137106
(14.24);0.5537479441023075
(14.25);0.7374376448214934
(14.26);0.3840073166833297
(14.27);0.5926560596604699
(14.28);0.5974450865258476
(14.29);0.3146421983355334
(14.30);0.3404468134028475
(14.31);1.3786324889836836
(15.16);1.804138051227445
(15.17);1.1536822130139117
(15.18);0.6944811408284208
(15.19);0.6608141094369185
(15.20);0.5925756927531612
(15.21);0.5492071512940244
(15.22);0.5100831759954837
(15.23);0.455791393403053
(15.24);0.5239492677075643
(15.25);0.6811762123665752
(15.26);0.35335006030371136
(15.27);0.5208004519511827
(15.28);0.6730451272329494
(15.29);0.31375529624070914
(15.30);0.3244949191886936
(15.31);1.0825380758944037
(16.17);2.1698568468559714
(16.18);1.076489777944024
(16.19);1.0110183392723229
(16.20);0.8440903374608735
(16.21);0.7661650370753466
(16.22);0.6910297858756467
(16.23);0.5927874309890689
(16.24);0.7111179619062213
(16.25);1.018134043450298
(16.26);0.5836734377627958
(16.27);1.1794752974952534
(16.28);1.7542227968683153
(16.29);0.4836904753609933
(16.30);0.5138153574227794
(16.31);1.9329379023387356
(17.18);1.6524392136351354
(17.19);1.3789509961933437
(17.20);1.1520057610200167
(17.21);0.9565941582464887
(17.22);0.8301105122503457
(17.23);0.6963830883744698
(17.24);0.8100582993158918
(17.25);1.2236847380949754
(17.26);0.758522307983311
(17.27);1.61180613606408
(17.28);0.8150911940365158
(17.29);0.5046817608332245
(17.30);0.6025017261787935
(17.31);5.03414835414841
(18.19);6.144279803747777
(18.20);3.537947653797048
(18.21);2.142520686086432
(18.22);1.57448128357066
(18.23);1.1519078150534652
(18.24);1.3963899613490907
(18.25);2.7980049948574313
(18.26);1.9737943628889427
(18.27);1.0702894237398226
(18.28);0.5755998443702153
(18.29);0.7677040994900224
(18.30);1.210269334158455
(18.31);3.0761504425326733
(19.20);4.360459115816367
(19.21);2.948210942384464
(19.22);1.992925386813535
(19.23);1.3464148577187645
(19.24);1.7728682321949318
(19.25);4.774239402355915
(19.26);2.962998181757483
(19.27);0.9729849851096921
(19.28);0.5771679289803779
(19.29);0.979609544429435
(19.30);1.8194599845132808
(19.31);2.308446516973008
(20.21);4.346792048038669
(20.22);2.5679513056037044
(20.23);1.6687959957351512
(20.24);1.886534705942851
(20.25);3.0899946765805315
(20.26);1.3255241519320344
(20.27);0.7246642147923351
(20.28);0.476708521554808
(20.29);0.7579527722471839
(20.30);1.131978798622302
(20.31);1.7804872024927823
(21.22);5.933062572486777
(21.23);2.484368222336716
(21.24);3.2104555323170603
(21.25);3.7155226238616175
(21.26);1.1684942437391503
(21.27);0.6317048371641566
(21.28);0.4555805986635503
(21.29);0.8773734878258378
(21.30);1.2364461665397946
(21.31);1.3937190069291516
(22.23);4.1255194998356695
(22.24);4.777783568720394
(22.25);2.683709763627825
(22.26);0.9070971416602529
(22.27);0.5480376587291795
(22.28);0.4201557275038528
(22.29);0.8174523140014888
(22.30);1.0109951190024409
(22.31);1.1617993751895002
(23.24);3.1010930769868392
(23.25);1.6813622207898935
(23.26);0.6568403398958507
(23.27);0.450215421584015
(23.28);0.36293025911261784
(23.29);0.6342114189041443
(23.30);0.7146255731958333
(23.31);0.937369935205171
(24.25);2.768283652779875
(24.26);0.9288029618585961
(24.27);0.5686101318431337
(24.28);0.4587138575670299
(24.29);1.0519293504200398
(24.30);1.1487752815936032
(24.31);1.1083754396188148
(25.26);2.7336844891492595
(25.27);0.9729760544582771
(25.28);0.6721265563374518
(25.29);1.788612131684872
(25.30);4.339416778113263
(25.31);1.8280499931712053
(26.28);0.0
(26.29);0.0
(26.30);0.0
(26.31);1.4525518236943005
(27.28);0.0
(27.29);0.0
(27.30);0.0
(27.31);2.7048328526254153
(28.29);0.0
(28.30);0.0
(28.31);1.0021201076958777
(29.31);0.8038180302194368
(30.31);1.0424158674119115

****Importance nodes******

0; 0.05
1; DISCONNECTED
2; DISCONNECTED
3; DISCONNECTED
4; DISCONNECTED
5; 0.0016129032258064516
6; 0.0016649323621227888
7; 0.001718639857675137
8; 0.0017740798530840123
9; 0.001831308235441561
10; 0.0018903826946493534
11; 0.001951362781573526
12; 0.002014309968075898
13; 0.0020792877089815718
14; 0.0021463615060454935
15; 0.002215598973982445
16; 0.00228706990862704
17; 0.0023608463572924285
18; 0.002437002691398636
19; 0.002515615681443753
20; 0.0025967645743935515
21; 0.002680531173567537
22; 0.002766999921101974
23; 0.002856257983073005
24; 0.0029483953373656826
25; 0.0030435048643774787
26; DISCONNECTED
27; DISCONNECTED
28; DISCONNECTED
29; DISCONNECTED
30; DISCONNECTED
31; 0.00314168244064772
