
****Mix criterion 0.5*C(weight)+0.5*C(distance) ******

(0.5);0.4758088875979403
(0.6);0.4264192179504749
(0.7);0.39720434463889737
(0.8);0.43346088576690206
(0.10);0.35906501344506264
(0.11);0.41348510942280137
(0.12);0.5051931248497394
(0.13);0.30807871462176684
(0.14);0.3691497488580139
(0.15);0.31580570317423284
(0.16);0.4488301952525026
(0.17);0.5872601176431229
(0.18);0.5391291078104812
(0.19);0.48747313545325194
(0.20);0.4236383184400173
(0.21);0.3710120169881516
(0.22);0.32220698808397896
(0.23);0.2542740625511278
(0.24);0.3046307795905416
(0.25);0.42603132725100423
(0.31);0.9824127216643568
(1.2);0.4395648423229701
(1.3);0.34371603677550117
(1.4);0.3719146514821577
(1.5);0.4078870201890156
(1.6);0.4321109619880764
(1.7);0.4476022878585808
(1.8);0.42027167732322446
(1.9);0.4039579470053061
(1.10);0.3816847104550361
(1.11);0.3549972962001795
(1.12);0.4171875377945146
(1.13);0.23532540971957255
(1.14);0.23987693745844563
(1.15);0.16414297253883905
(1.16);0.22890165561480488
(1.17);0.3251989337115688
(1.18);0.3406546870997299
(1.19);0.3086316216851749
(1.20);0.32502002314494094
(1.21);0.2718107579449763
(1.22);0.2371050425875061
(1.23);0.19811148403029197
(1.24);0.19350676172212108
(1.25);0.25760019756107283
(1.26);0.281273538781861
(1.27);0.28326927738335145
(1.28);0.19297603229189564
(1.29);0.18968553928843404
(1.30);0.2440189965396843
(1.31);0.3407596785848391
(2.3);0.3987161285875143
(2.4);0.41453271954377663
(2.5);0.4248559188164501
(2.6);0.45978434092764986
(2.7);0.3897316549116926
(2.8);0.37152397977511753
(2.9);0.34591486889269296
(2.10);0.3227611289822593
(2.11);0.30543498390211493
(2.12);0.399869538020381
(2.13);0.2877670395268271
(2.14);0.2810897687230999
(2.15);0.2011090739587715
(2.16);0.24807579561503448
(2.17);0.3402900224342464
(2.18);0.310448437881662
(2.19);0.2751382443623971
(2.20);0.2798134343432246
(2.21);0.22539889290641724
(2.22);0.1880344071828492
(2.23);0.14443568085689998
(2.24);0.1486634752587391
(2.25);0.2231721437492254
(2.26);0.2561580792163952
(2.27);0.28283921220922914
(2.28);0.20238469028543613
(2.29);0.16465662506863035
(2.30);0.21602568071120193
(2.31);0.338153671474542
(3.4);0.45324357736499427
(3.5);0.4054046991042851
(3.6);0.4105012825580903
(3.7);0.30516655023888795
(3.8);0.29988067485364817
(3.9);0.26198924640457233
(3.10);0.23958400031410385
(3.11);0.2405244615013657
(3.12);0.35463041042800547
(3.13);0.3900991280235295
(3.14);0.37042675983664086
(3.15);0.2878694877847498
(3.16);0.30293407523078353
(3.17);0.369694861861699
(3.18);0.27439028027216883
(3.19);0.23901403982241995
(3.20);0.22444969893989816
(3.21);0.171898375614017
(3.22);0.1314096193000023
(3.23);0.07950042419057154
(3.24);0.10198953481342671
(3.25);0.19071651192387337
(3.26);0.23531496865872847
(3.27);0.2983710873345779
(3.28);0.24490572188713802
(3.29);0.15232322744487467
(3.30);0.1946389534422527
(3.31);0.3380219825246129
(4.5);0.4530282182049643
(4.6);0.4478010698896121
(4.7);0.34308790701139513
(4.8);0.3422476435603193
(4.9);0.3007651551487457
(4.10);0.27959015252844727
(4.11);0.285370637468965
(4.12);0.40067068786499316
(4.13);0.36236885794659346
(4.14);0.36693636724018375
(4.15);0.28701671402498846
(4.16);0.326713889614237
(4.17);0.4089117328947094
(4.18);0.32160438555352877
(4.19);0.2860980683467396
(4.20);0.27077404612092904
(4.21);0.21849613694415046
(4.22);0.1778442462899184
(4.23);0.12516499411121076
(4.24);0.14889116267136004
(4.25);0.23752620347012288
(4.26);0.2812126077464683
(4.27);0.3383497230655555
(4.28);0.2737018556154199
(4.29);0.19659198957577242
(4.30);0.2403483229550521
(4.31);0.38375263540339
(5.6);0.483531655335305
(5.7);0.3929788680710741
(5.8);0.3963675264937786
(5.9);0.35133606741733886
(5.10);0.33129345692955364
(5.11);0.3394015320691383
(5.12);0.46072184508235037
(5.13);0.3148579455560106
(5.14);0.332954617164867
(5.15);0.2593875287102007
(5.16);0.3236716388716192
(5.17);0.4219095382156019
(5.18);0.3720754635484768
(5.19);0.3353150205621258
(5.20);0.3238980264088822
(5.21);0.2704683702141105
(5.22);0.22987073197591096
(5.23);0.17781867999523898
(5.24);0.1987201881746862
(5.25);0.28451310030770977
(5.26);0.3246140777493723
(5.27);0.36307149867405014
(5.28);0.28106480043893056
(5.29);0.23522386231426365
(5.30);0.2832429561184138
(5.31);0.4205645491936089
(6.7);0.40119781173723884
(6.8);0.3945339329797428
(6.9);0.35625927293180387
(6.10);0.3341292927435591
(6.11);0.33080471155300695
(6.12);0.4434270709829328
(6.13);0.30630364370612856
(6.14);0.3133071281289965
(6.15);0.23607828874749867
(6.16);0.2927914637295214
(6.17);0.3883727759951749
(6.18);0.35017509365932703
(6.19);0.31363626533882527
(6.20);0.3100939462280043
(6.21);0.2554896569679603
(6.22);0.2160355060152095
(6.23);0.16744520901816645
(6.24);0.18086407277260408
(6.25);0.26176796994581814
(6.26);0.2985830644215433
(6.27);0.3306011854177374
(6.28);0.2488567270488869
(6.29);0.20766438132839588
(6.30);0.2575849259908247
(6.31);0.38713017027102525
(7.8);0.48457680047703583
(7.9);0.46429134881991274
(7.10);0.4417519254838458
(7.11);0.41548119682109813
(7.12);0.432291263124854
(7.13);0.20353572633177416
(7.14);0.2210261378788503
(7.15);0.15198021470974543
(7.16);0.23277821276707666
(7.17);0.3268238431327706
(7.18);0.38530493443853886
(7.19);0.3576118785802144
(7.20);0.38265747509323556
(7.21);0.3296999576522037
(7.22);0.29568123675728364
(7.23);0.25672470264861225
(7.24);0.25051758927281803
(7.25);0.3083273510913403
(7.26);0.32378783313084447
(7.27);0.3029490224049664
(7.28);0.20750323304226032
(7.29);0.23431466224883904
(7.30);0.2899575524958924
(7.31);0.35781564455066284
(8.9);0.45922473148559556
(8.10);0.4444169948291593
(8.11);0.44347661266783245
(8.12);0.44728134059569075
(8.13);0.20555904489986226
(8.14);0.2305949391331182
(8.15);0.1661979950966155
(8.16);0.25381869512910754
(8.17);0.3444993053385609
(8.18);0.41954204695095637
(8.19);0.3912780674725984
(8.20);0.4131537820409077
(8.21);0.35742586238528334
(8.22);0.32072189809535095
(8.23);0.27662714581783104
(8.24);0.27823465059067787
(8.25);0.34090115389365977
(8.26);0.3564735547387994
(8.27);0.32937372158025885
(8.28);0.2332075391773481
(8.29);0.2668992102198355
(8.30);0.3226330387737567
(8.31);0.3821324287563159
(9.10);0.4867362405788072
(9.11);0.43673578738247637
(9.12);0.3952254726088431
(9.13);0.16263711579856233
(9.14);0.1840160256995903
(9.15);0.11867378116642678
(9.16);0.20613474060019824
(9.17);0.2954756127229689
(9.18);0.38095073137845953
(9.19);0.3627551727791435
(9.20);0.401158602923294
(9.21);0.3548277901489585
(9.22);0.32564894327688965
(9.23);0.292698040280817
(9.24);0.27689629528406834
(9.25);0.32001651462138786
(9.26);0.3235878688150091
(9.27);0.2835893079274317
(9.28);0.1880661176706711
(9.29);0.24088272127256294
(9.30);0.29596591674476164
(9.31);0.33280699098766175
(10.11);0.4514433249854208
(10.12);0.3781379458688055
(10.13);0.14163876868427883
(10.14);0.16587399861808189
(10.15);0.10289311034700344
(10.16);0.1944623531473056
(10.17);0.28096492441893667
(10.18);0.3805189778988374
(10.19);0.3684894495964959
(10.20);0.41497640757251936
(10.21);0.37368960095759546
(10.22);0.34753385655919217
(10.23);0.3177477075507001
(10.24);0.2964747877960714
(10.25);0.33041806276020635
(10.26);0.32677704223008014
(10.27);0.27600312933322446
(10.28);0.18078049316426847
(10.29);0.2487535945285105
(10.30);0.30316480979644705
(10.31);0.32173231655613616
(11.12);0.39180386155066327
(11.13);0.1549880376933187
(11.14);0.1898822655926652
(11.15);0.1352313427486247
(11.16);0.2350291593195153
(11.17);0.3120156366881846
(11.18);0.4356001678933398
(11.19);0.43059370869135766
(11.21);0.42552516058864764
(11.22);0.38872442233612303
(11.23);0.34254512602844767
(11.24);0.34339597179589837
(11.25);0.39126027582025913
(11.26);0.3850777498991465
(11.27);0.3219006572569363
(11.28);0.22923288106997888
(11.29);0.30808348246334016
(11.30);0.3628951736736063
(12.13);0.267034391136033
(12.14);0.29347403382416803
(12.15);0.22711069754570032
(12.16);0.30852682956963734
(12.17);0.40527737574978956
(12.18);0.4186549522195964
(12.19);0.38089396852473584
(12.20);0.3754297011622293
(12.21);0.3205830419595139
(12.22);0.28012223641349715
(12.23);0.228689639899773
(12.24);0.24657274764641146
(12.25);0.3279873446698855
(12.26);0.3616185540865556
(12.27);0.3717537360879486
(12.28);0.27838001047475774
(12.29);0.2689692118146853
(12.30);0.3210792991468811
(12.31);0.43367346145459007
(13.14);0.4386798814354717
(13.15);0.3733562485401875
(13.16);0.32594596471918014
(13.17);0.33380128441545603
(13.18);0.2065976133064451
(13.19);0.17550964072975683
(13.20);0.14709721214196816
(13.21);0.09959365747140853
(13.22);0.05862132296116355
(13.23);0.0015145432905951418
(13.24);0.03941807786526037
(13.25);0.13509935579226448
(13.26);0.18542900289579128
(13.27);0.2725729500307889
(13.28);0.26304399466716516
(13.29);0.11918550285784359
(13.30);0.14880753974516903
(13.31);0.2860854916830204
(14.15);0.42653819623641615
(14.16);0.39832460077200615
(14.17);0.3833541425734103
(14.18);0.2511093567528905
(14.19);0.22390436952655537
(14.20);0.18826186524444963
(14.21);0.14540789437529178
(14.22);0.10510932318426038
(14.23);0.04581488916707638
(14.24);0.0919050894068028
(14.25);0.18891769480430218
(14.26);0.23978470279866573
(14.27);0.3325752916101526
(14.28);0.3339500833252685
(14.29);0.18188997019228637
(14.30);0.20617187694324407
(14.31);0.3338700363144867
(15.16);0.39497602863582715
(15.17);0.32725552744952796
(15.18);0.2038824449007097
(15.19);0.1832565837720395
(15.20);0.1401836687923185
(15.21);0.10461696976145136
(15.22);0.06645659066841776
(15.23);0.00569152885397631
(15.24);0.06259570232759591
(15.25);0.1582911383643249
(15.26);0.2078200142828658
(15.27);0.3027276386046294
(15.28);0.3482780444764757
(15.29);0.1706591655995603
(15.30);0.18163163507469338
(15.31);0.2832352297508422
(16.17);0.41212023602574327
(16.18);0.3082008193356717
(16.19);0.2918479592236363
(16.20);0.2451291914847268
(16.21);0.21370431812208737
(16.22);0.17645377501185833
(16.23);0.11538948016907147
(16.24);0.1743617527711558
(16.25);0.2701890852938099
(16.26);0.3186564737555327
(16.27);0.4133179506075203
(16.28);0.4450181767298356
(16.29);0.28041402317454966
(16.30);0.2934890017729878
(16.31);0.38157178171188316
(17.18);0.37647690040996
(17.19);0.3473093748011659
(17.20);0.3123353143348486
(17.21);0.26849220846945887
(17.22);0.22762272395627658
(17.23);0.16857988922681214
(17.24);0.21075707557324153
(17.25);0.30746246135832955
(17.26);0.3570561552031063
(17.27);0.43718169006491514
(17.28);0.36736411230208676
(17.29);0.28290605570641936
(17.30);0.3187901332849997
(18.20);0.4492263103548242
(18.21);0.4010564496651115
(18.22);0.3582174570678661
(18.23);0.29925059972424395
(18.24);0.33301637642502335
(18.25);0.4224914839223948
(18.26);0.4492373698109505
(18.27);0.3972588577920699
(18.28);0.30393696121951247
(18.29);0.35419169931130484
(18.30);0.4100786148853212
(18.31);0.4300482597474869
(19.20);0.4633346416606413
(19.22);0.38885823823491816
(19.23);0.3269172161146377
(19.24);0.36886030590189045
(19.25);0.4648163405614284
(19.26);0.47081970820313346
(19.27);0.38248543515619005
(19.28);0.2981120402686926
(19.29);0.3833271116020001
(19.30);0.44178094481480906
(19.31);0.39895100238611814
(20.21);0.4611929416515619
(20.23);0.3602491583305165
(20.24);0.3756425686589918
(20.25);0.42951142661426905
(20.26);0.4130876374657633
(20.27);0.3349269692981905
(20.28);0.24682507599465134
(20.29);0.34241032330789706
(20.30);0.39672034012791274
(20.31);0.36269257163415564
(21.22);0.47956639020807773
(21.23);0.4092571124966579
(21.24);0.4329453660423549
(21.25);0.4441685100758538
(21.26);0.3966940766464368
(21.27);0.3036300117475219
(21.28);0.226264230237469
(21.29);0.36007293710414623
(21.30);0.4028277608554618
(21.31);0.31869917273313747
(22.23);0.4534935717890975
(22.24);0.46317735380305464
(22.25);0.41277597269888533
(22.26);0.3603988803619602
(22.27);0.2656462486377242
(22.28);0.19329984947021497
(22.29);0.3444370694354945
(22.30);0.37542567863123133
(22.31);0.27741138405602933
(23.24);0.42728229415735347
(23.25);0.3494307593533895
(23.26);0.29879436954718014
(23.27);0.2047000882977742
(23.28);0.13300605105482427
(23.29);0.2914564472727225
(23.30);0.3154463935839927
(23.31);0.21812132513038615
(24.25);0.41309192568902803
(24.26);0.35466863395094683
(24.27);0.25933610057435086
(24.28);0.20083063620688607
(24.29);0.3724788875104722
(24.30);0.3838691788267196
(24.31);0.25900549713210064
(25.26);0.4573339079414247
(25.27);0.35699055034973254
(25.28);0.29043920839149306
(25.29);0.42654828434445874
(25.30);0.4821495269396106
(25.31);0.3555889140383123
(26.27);0.40521525169829353
(26.28);0.33162903787113257
(26.29);0.40798386883509286
(26.30);0.45888676893018127
(26.31);0.40390385317794836
(27.28);0.40440310991764633
(27.29);0.34667801943741156
(27.30);0.3743733940539378
(27.31);0.45516291004031256
(28.29);0.31917025319449394
(28.30);0.3179214871301564
(28.31);0.35683123368708564
(29.30);0.44453309981890016
(29.31);0.3199450886028587
(30.31);0.3626434630272212
