
****Mix criterion 0.5*C(weight)+0.5*C(distance) ******

(0.5);0.4758600549580624
(0.6);0.4265262158167659
(0.7);0.3972405698757896
(0.8);0.4335787509924833
(0.10);0.3590973572738126
(0.11);0.41345522888129294
(0.12);0.505257016216626
(0.13);0.3081038997741798
(0.14);0.36918213104204184
(0.15);0.3158317903380993
(0.16);0.4488780151686529
(0.17);0.5873593886471549
(0.18);0.5392070759133671
(0.19);0.4873922025911132
(0.20);0.4235754898249062
(0.21);0.37111868359146943
(0.22);0.3222304261415773
(0.23);0.25429375145284816
(0.24);0.3046542459550088
(0.25);0.4262054043943991
(0.31);0.9824127216643568
(1.2);0.4395648423229701
(1.3);0.34371603677550117
(1.4);0.3719146514821577
(1.5);0.40788879409782663
(1.6);0.43224152388908005
(1.7);0.44761058555294836
(1.8);0.42039533902141757
(1.9);0.4039579470053061
(1.10);0.38169152520043836
(1.11);0.35493230379064744
(1.12);0.4171937904970533
(1.13);0.2353275103852329
(1.14);0.23987914311785957
(1.15);0.16414473932070503
(1.16);0.22890391093513715
(1.17);0.32520263633808205
(1.18);0.3406588717078527
(1.19);0.30856294918278193
(1.20);0.3249413774567262
(1.21);0.2718705625761282
(1.22);0.23710461038976613
(1.23);0.19811227029031864
(1.24);0.19350756114566886
(1.25);0.2576768824863238
(1.26);0.281273538781861
(1.27);0.28326927738335145
(1.28);0.19297603229189564
(1.29);0.18968553928843404
(1.30);0.2440189965396843
(1.31);0.3407275403877798
(2.3);0.3987161285875143
(2.4);0.41453271954377663
(2.5);0.4248580627337468
(2.6);0.45998713260027
(2.7);0.3897358744494736
(2.8);0.3716027374588794
(2.9);0.34591486889269296
(2.10);0.32276573059340047
(2.11);0.3053862159814901
(2.12);0.39987477874069643
(2.13);0.28776965245682845
(2.14);0.2810923842337344
(2.15);0.20111105762593415
(2.16);0.24807822070463928
(2.17);0.34029406506728505
(2.18);0.3104519714916044
(2.19);0.2750796214284607
(2.20);0.27975061791468037
(2.21);0.22544871498077254
(2.22);0.1880340422959391
(2.23);0.14443634935390418
(2.24);0.1486641734798791
(2.25);0.22323941982381554
(2.26);0.2561580792163952
(2.27);0.28283921220922914
(2.28);0.20238469028543613
(2.29);0.16465662506863035
(2.30);0.21602568071120193
(2.31);0.33812203132596436
(3.4);0.45324357736499427
(3.5);0.4054064290439953
(3.6);0.4106025518857941
(3.7);0.305168974900173
(3.8);0.2999317489780032
(3.9);0.26198924640457233
(3.10);0.23958714807920495
(3.11);0.2404877546641852
(3.12);0.35463407786816076
(3.13);0.3901040778056871
(3.14);0.37043112242471105
(3.15);0.28787227200984394
(3.16);0.3029371643013188
(3.17);0.36969978073486337
(3.18);0.2743932587001086
(3.19);0.23896342552872485
(3.20);0.2243993438544564
(3.21);0.17194014436643076
(3.22);0.13140931007140366
(3.23);0.07950099003730861
(3.24);0.10199015167453494
(3.25);0.19077680362796948
(3.26);0.23531496865872847
(3.27);0.2983710873345779
(3.28);0.24490572188713802
(3.29);0.15232322744487467
(3.30);0.1946389534422527
(3.31);0.33799036714204544
(4.5);0.4530314505357974
(4.6);0.44796528578348993
(4.7);0.34309090579488705
(4.8);0.34231215389380953
(4.9);0.3007651551487457
(4.10);0.27959386517166723
(4.11);0.28532636057176974
(4.12);0.4006759683374393
(4.13);0.3623728477120629
(4.14);0.36694061965731944
(4.15);0.28701948727337745
(4.16);0.326717393168072
(4.17);0.40891861725037165
(4.18);0.32160813487324347
(4.19);0.286036493972159
(4.20);0.2707136659435063
(4.21);0.21854475062191325
(4.22);0.17784389284516397
(4.23);0.12516562846914683
(4.24);0.14889186134183133
(4.25);0.23759710866566602
(4.26);0.2812126077464683
(4.27);0.3383497230655555
(4.28);0.2737018556154199
(4.29);0.19659198957577242
(4.30);0.2403483229550521
(4.31);0.3837093289024931
(5.6);0.48381180953781117
(5.7);0.39298436055706104
(5.8);0.39645933167000297
(5.9);0.35133713401932015
(5.10);0.3312989527374518
(5.11);0.33934695503730766
(5.12);0.46073524522740494
(5.13);0.3148616249380168
(5.14);0.33295877971562027
(5.15);0.25939052096102305
(5.16);0.32367578803234676
(5.17);0.42191872158659544
(5.18);0.37208153070922584
(5.19);0.33524087992695534
(5.20);0.32382501212918197
(5.21);0.27052544631625575
(5.22);0.22987092073594378
(5.23);0.17781987500694146
(5.24);0.1987214888373517
(5.25);0.2845954196368628
(5.26);0.3246150296521247
(5.27);0.36307271139378966
(5.28);0.2810655653179302
(5.29);0.23522449586752295
(5.30);0.28324372859817215
(5.31);0.42050983215045473
(6.8);0.39470357280107476
(6.9);0.35632055473287433
(6.10);0.33418666511377315
(6.11);0.3308035717508169
(6.12);0.44357152975231323
(6.13);0.30635170490699143
(6.14);0.313357012489919
(6.15);0.2361139262353011
(6.16);0.29283669599017875
(6.17);0.388454303123328
(6.18);0.35023718550054467
(6.19);0.3136165738334666
(6.20);0.31007134675232856
(6.21);0.2555787334082181
(6.22);0.21606627144285098
(6.23);0.1674725399083537
(6.24);0.18089255658802442
(6.25);0.2618789261095505
(6.26);0.2986292489605246
(6.27);0.33065594899620376
(6.28);0.24889385537073788
(6.29);0.20769631405783118
(6.30);0.2576233789845517
(6.31);0.3871632885046902
(7.8);0.48489332720549494
(7.9);0.4643021057501871
(7.10);0.44177049341707564
(7.11);0.41538599859920333
(7.12);0.4323041118767836
(7.13);0.2035390277999503
(7.14);0.22102970396033206
(7.15);0.15198313142540265
(7.16);0.23278206565215528
(7.17);0.326829936735211
(7.18);0.3853140745920778
(7.19);0.35752882616392334
(7.20);0.3825530449972714
(7.21);0.329777774483108
(7.22);0.2956828948840791
(7.23);0.2567274669257008
(7.24);0.2505203147593646
(7.25);0.3084209970954977
(7.26);0.32379050966428236
(7.27);0.3029514201732052
(7.28);0.2075048547531784
(7.29);0.23431644637049348
(7.30);0.2899598038930572
(7.31);0.357784984604595
(8.9);0.45943444454358257
(8.10);0.4445814099557657
(8.12);0.44744733663239805
(8.13);0.2055939134914483
(8.14);0.23063305607960688
(8.15);0.16622889654560216
(8.16);0.25386047116472593
(8.17);0.34456465504643297
(8.18);0.41966077518866196
(8.19);0.39125318566374345
(8.20);0.4131167934367948
(8.21);0.35758141849202035
(8.22);0.32077484510610693
(8.23);0.276671429438384
(8.24);0.27827926652263446
(8.25);0.3410701272416058
(8.26);0.3565442918938602
(8.27);0.32943346351624825
(8.28);0.23324597041459222
(8.29);0.2669431408256977
(8.30);0.32269055225547033
(8.31);0.382171382016911
(9.10);0.48676777232641627
(9.11);0.43660163301185606
(9.12);0.39523026096794295
(9.13);0.16263868843851756
(9.14);0.18401775805687015
(9.15);0.11867526438843125
(9.16);0.20613672396786897
(9.17);0.2954786379708473
(9.18);0.3809560095354292
(9.19);0.3626648215978943
(9.20);0.4010294169764871
(9.21);0.3549163561264697
(9.22);0.32564832714065345
(9.23);0.29269912528455644
(9.24);0.2768973370855688
(9.25);0.3201142984907042
(9.26);0.3235878688150091
(9.27);0.2835893079274317
(9.28);0.1880661176706711
(9.29);0.24088272127256294
(9.30);0.29596591674476164
(9.31);0.3327777624466145
(10.11);0.4513017969207252
(10.12);0.3781482129365413
(10.13);0.14164242430658983
(10.14);0.1658779673830152
(10.15);0.10289649919887373
(10.16);0.19446680470868574
(10.17);0.2809712679875698
(10.18);0.3805304223086126
(10.19);0.36840249476848236
(10.20);0.4148413853335655
(10.21);0.37379510657148585
(10.22);0.34753815717367587
(10.23);0.3177531403014954
(10.24);0.2964797064834398
(10.25);0.3305251984893926
(10.26);0.32678174845474905
(10.27);0.27600678323376593
(10.28);0.18078306487403525
(10.29);0.24875685610800313
(10.30);0.30316896065798676
(10.31);0.32170937856256915
(11.12);0.3917282250138587
(11.13);0.1549632897507907
(11.14);0.1898548252295933
(11.15);0.13520802098438828
(11.16);0.2349972656124893
(11.17);0.31197131603137696
(11.18);0.4354855820957759
(11.19);0.4303164874030169
(11.21);0.4255730661291397
(11.22);0.3886459824885524
(11.23);0.34249030096452465
(11.24);0.3433409402067526
(11.25);0.3913358676698349
(11.26);0.3849964700304013
(11.27);0.321847469000399
(11.28);0.22919769092864317
(11.29);0.3080340533460641
(11.30);0.3628265606226289
(11.31);0.35941885707031185
(12.13);0.2670388365018744
(12.14);0.2934791138879308
(12.15);0.22711462978149596
(12.16);0.3085324779976669
(12.17);0.4052886100828457
(12.18);0.41866797160893315
(12.19);0.3807966554886156
(12.20);0.37533153142348685
(12.21);0.3206573247039339
(12.22);0.2801240579138104
(12.23);0.22869234975664998
(12.24);0.2465756725286968
(12.25);0.3280914504090635
(12.26);0.3616224009066257
(12.27);0.37175787600694565
(12.28);0.2783824364996761
(12.29);0.26897154021855557
(12.30);0.3210822938437962
(12.31);0.43361540748662997
(13.14);0.4386952196830599
(13.15);0.3733645968842813
(13.16);0.32595224793891014
(13.17);0.3338080754590653
(13.18);0.2066015927370079
(13.19);0.1754725241568048
(13.20);0.1470612709209095
(13.21);0.09962755936193204
(13.22);0.058622277964867464
(13.23);0.0015160617413673813
(13.24);0.03941973617418665
(13.25);0.13514943726253756
(13.26);0.1854307727912054
(13.27);0.27257539068231756
(13.28);0.26304633834040747
(13.29);0.11918696642988609
(13.30);0.14880912612806563
(13.31);0.28606509378849454
(14.15);0.42655186776547777
(14.16);0.3983351084129052
(14.17);0.383363730821262
(14.18);0.2511141008003723
(14.19);0.2238609247715034
(14.20);0.1882213028953058
(14.21);0.1454461743253512
(14.22);0.10511043279576619
(14.23);0.045816592262257684
(14.24);0.09190700090551791
(14.25);0.18897636170533705
(14.26);0.23978690768411134
(14.27);0.3325786945107314
(14.28);0.33395351372338483
(14.29);0.18189177679849813
(14.30);0.2061738317138728
(14.31);0.33384416508170084
(15.16);0.39498638759920673
(15.17);0.32726226554586163
(15.18);0.20388650432858751
(15.19);0.18321868900376226
(15.20);0.1401485123461481
(15.21);0.10465138170618038
(15.22);0.06645764281533754
(15.23);0.005693130263942903
(15.24);0.0625975270495272
(15.25);0.15834466743599435
(15.26);0.2078220431410967
(15.27);0.30273062892613295
(15.28);0.3482819089533771
(15.29);0.17066096711337556
(15.30);0.1816334982530585
(15.31);0.2832152578656661
(16.17);0.4121329058092336
(16.18);0.30820711002070084
(16.19);0.2917909309666065
(16.20);0.24507991691036124
(16.21);0.2137516967150642
(16.22);0.17645523634889196
(16.23);0.11539158126589877
(16.24);0.1743642512636857
(16.25);0.2702680992721541
(16.26);0.31865982507987467
(16.27);0.41332472289493233
(16.28);0.4450282490908171
(16.29);0.28041680041874
(16.30);0.2934919519876168
(16.31);0.38153673629145984
(17.18);0.37648670980416793
(17.19);0.3472330169916113
(17.20);0.31226926910551694
(17.21);0.2685506633768602
(17.22);0.22762459587562678
(17.23);0.1685824394637416
(17.24);0.2107600157135257
(17.25);0.30755632925377147
(17.26);0.3570606556467572
(17.27);0.43719125318865615
(17.28);0.3673689483786932
(17.29);0.2829090500703324
(17.30);0.31879370803163504
(18.20);0.44902687438716543
(18.21);0.40118562051006507
(18.22);0.35822109686742326
(18.23);0.29925485906220844
(18.24);0.33302149407496473
(18.25);0.42270337255821067
(18.26);0.44924909287207654
(18.27);0.3972652146185828
(18.28);0.30394037991007444
(18.29);0.3541962589768172
(18.30);0.4100858031019105
(18.31);0.42999472628217644
(19.20);0.46283801441634087
(19.21);0.4317954583396708
(19.22);0.3887501606176352
(19.23);0.3268473028096173
(19.24);0.3687698544625335
(19.25);0.4649164097653385
(19.26);0.47048515894931187
(19.27);0.38237557636425684
(19.28);0.2980468727970556
(19.29);0.38321650483749276
(19.30);0.44157551135085193
(19.31);0.39878958107326473
(20.21);0.4611895048130736
(20.22);0.4158076042765155
(20.23);0.36015945074694516
(20.24);0.37554289734191
(20.25);0.4295674853735019
(20.26);0.4129354051452659
(20.27);0.3348437438700921
(20.28);0.24677032750566197
(20.29);0.34232327479265234
(20.30);0.3965903358884449
(20.31);0.3625654250316834
(21.22);0.47988399526192527
(21.23);0.4093913444357496
(21.24);0.4331160833898969
(21.26);0.39682226199183157
(21.27);0.3036993105935995
(21.28);0.22631420802444377
(21.29);0.3601691861222135
(21.30);0.40296340061557967
(21.31);0.31874285929264173
(22.23);0.45349551923521986
(22.24);0.46317971027387794
(22.25);0.41295984966174343
(22.26);0.36039807918871686
(22.27);0.2656457645957309
(22.28);0.1932994783770746
(22.29);0.3444363474390383
(22.30);0.37542478569242543
(22.31);0.2773889682136776
(23.24);0.4272878295236225
(23.25);0.34954636608042083
(23.26);0.2987955419892099
(23.27);0.20470089191997984
(23.28);0.13300669887540378
(23.29);0.29145757932274763
(23.30);0.3154476691710823
(23.31);0.21810468730237859
(24.25);0.4132794158279575
(24.26);0.35467029183881343
(24.27);0.25933711552787403
(24.28);0.20083145499856736
(24.29);0.37248076517557255
(24.30);0.3838712293591566
(24.31);0.25898615161313754
(25.26);0.45769368865560595
(25.27);0.3571186039057094
(25.28);0.2905276670901538
(25.29);0.42678368391331356
(25.31);0.3556743281058461
(26.27);0.40521525169829353
(26.28);0.33162903787113257
(26.29);0.40798386883509286
(26.30);0.45888676893018127
(26.31);0.4038522742108714
(27.28);0.40440310991764633
(27.29);0.34667801943741156
(27.30);0.3743733940539378
(27.31);0.4550668635637749
(28.29);0.31917025319449394
(28.30);0.3179214871301564
(28.31);0.35679564919419604
(29.30);0.44453309981890016
(29.31);0.31991654565999067
(30.31);0.36260644766375627
