
****Importance edges******

(0.5);22.948458608269654
(0.6);17.74685480363002
(0.7);15.401231161858236
(0.8);18.416095902844987
(0.9);13.753478754903652
(0.10);13.003473372133834
(0.11);16.70288043687633
(0.12);27.009387984992614
(0.13);10.627848261961573
(0.14);13.639977293808208
(0.15);10.967791502076329
(0.16);20.066124490914685
(0.17);41.42389339876007
(0.18);32.46121448037965
(0.19);24.659018787966165
(0.20);17.71462296534182
(0.21);13.862988547076434
(0.22);11.34212098649511
(0.23);8.92690445159322
(0.24);10.64313964483437
(0.25);18.042651247168934
(0.31);141.49739146371505
(1.3);0.0
(1.4);0.0
(1.5);0.7955945514344877
(1.6);1.0868254660888115
(1.7);1.4030371311181637
(1.8);0.9977651872009601
(1.9);0.8928226583481532
(1.10);0.7325880098978281
(1.11);0.6204036732559736
(1.12);1.0897202751941961
(1.13);0.36610376830193364
(1.14);0.3844020675355102
(1.15);0.3079145392382137
(1.16);0.39305696663310496
(1.17);0.6244774068860399
(1.18);0.705033028922222
(1.19);0.6086224767241771
(1.20);0.6852507026135747
(1.21);0.5455277032285414
(1.22);0.48967016932947366
(1.23);0.4407866470140507
(1.24);0.4481662722455368
(1.25);0.5830614147703207
(1.26);0.0
(1.28);0.0
(1.29);0.0
(1.30);0.0
(1.31);0.9056790025437776
(2.3);0.0
(2.4);0.0
(2.5);0.9615426167595016
(2.6);1.6880816870782587
(2.7);0.71347146818116
(2.8);0.6354568652247736
(2.9);0.5564959049985992
(2.10);0.4946751418078985
(2.11);0.4655281641432236
(2.12);0.9133521303790267
(2.13);0.4553811384023383
(2.14);0.45583089085235845
(2.15);0.34571328365539566
(2.16);0.42264433581618666
(2.17);0.6818222113309687
(2.18);0.5953512605315142
(2.19);0.5195563581045143
(2.20);0.5473281850883543
(2.21);0.45446851305065333
(2.22);0.4134085362362503
(2.23);0.3747673072851924
(2.24);0.3914310084839501
(2.25);0.5115227419515724
(2.26);0.0
(2.27);0.0
(2.28);0.0
(2.29);0.0
(2.30);0.0
(2.31);0.8916436149568181
(3.5);0.775874497703646
(3.6);0.8429877585738096
(3.7);0.4099801297387909
(3.8);0.412091892581053
(3.9);0.36026645892741366
(3.10);0.33838607826600314
(3.11);0.3503956351879487
(3.12);0.6391610460542907
(3.13);0.8626474618896467
(3.14);0.7603113442596874
(3.15);0.4852344273533132
(3.16);0.5383628555793623
(3.17);0.8296070768976352
(3.18);0.5018128365193701
(3.19);0.4485783350385427
(3.20);0.43875078802701983
(3.21);0.3810074760455092
(3.22);0.35034894043436193
(3.23);0.31722035648515995
(3.24);0.3458196148219368
(3.25);0.4584182115865046
(3.26);0.0
(3.27);0.0
(3.28);0.0
(3.29);0.0
(3.30);0.0
(3.31);0.8909456898251816
(4.5);1.4496939094615564
(4.6);1.3669685722332514
(4.7);0.5070570692276937
(4.8);0.5205020302306282
(4.9);0.4303838184075964
(4.10);0.39911071469739806
(4.11);0.42265781278308284
(4.12);0.920280127120666
(4.13);0.6953358645171815
(4.14);0.7411107665338037
(4.15);0.48332140845708665
(4.16);0.6105989571163681
(4.17);1.161101330810786
(4.18);0.6316945714624717
(4.19);0.5457140347901858
(4.20);0.5261007938522754
(4.21);0.44344572426319084
(4.22);0.4004448352096176
(4.23);0.3556285429231732
(4.24);0.39168290891303736
(4.25);0.5391161756063078
(4.26);0.0
(4.27);0.0
(4.28);0.0
(4.29);0.0
(4.30);0.0
(4.31);1.2204103566749154
(5.6);4.510157648207852
(5.7);1.329787774869242
(5.8);1.3914079072750623
(5.9);1.0215141633748976
(5.10);0.9089881614235175
(5.11);0.9686389948781616
(5.12);3.207387345848354
(5.13);0.8749279357996325
(5.14);0.9834272074791164
(5.15);0.7024195683026737
(5.16);0.9678460355193887
(5.17);2.0741317457949044
(5.18);1.3604943379755308
(5.19);1.0922170831377074
(5.20);1.0439267264174006
(5.21);0.8238300913622035
(5.22);0.7164249503385105
(5.23);0.6145002510507801
(5.24);0.6699480494609333
(5.25);0.9490712269653288
(5.26);0.426926479305346
(5.27);0.5439023760479184
(5.28);0.343046700496155
(5.29);0.2841473688008975
(5.30);0.34645562557549625
(5.31);2.411383258920414
(6.7);1.4517551702404756
(6.8);1.3894030414199747
(6.9);1.071222234488004
(6.10);0.9374125867880743
(6.11);0.9345226746260183
(6.12);2.5121817909174893
(6.13);0.8490633304170643
(6.14);0.8954328700059339
(6.15);0.6501036793214316
(6.16);0.8387130317846443
(6.17);1.5336311663781392
(6.18);1.187534826600506
(6.19);0.981968274207043
(6.20);0.9825969005955758
(6.21);0.783766410895018
(6.22);0.6901419538397944
(6.23);0.6024611394671903
(6.24);0.6401578515665096
(6.25);0.8702874546900585
(6.26);0.38445007861135105
(6.27);0.4558638564070045
(6.28);0.30906417102257705
(6.29);0.2658149374758236
(6.30);0.32009102585468496
(6.31);1.7981599401383146
(7.8);4.805828753137192
(7.9);3.7569655042243335
(7.10);2.4149297140587027
(7.11);1.798531929489692
(7.12);2.2080619632283325
(7.13);0.567493670808351
(7.14);0.6131242261540226
(7.15);0.5015962453905052
(7.16);0.66274860332768
(7.17);1.0288358336334031
(7.18);1.542238121693164
(7.19);1.2849527247951218
(7.20);1.5655219247137027
(7.21);1.125998434042531
(7.22);0.9631957191247192
(7.23);0.8287704283596755
(7.24);0.8247147028861133
(7.25);1.0865058197197224
(7.26);0.45256858468363603
(7.27);0.40543284939683744
(7.28);0.27421118846146814
(7.29);0.3016728282268804
(7.30);0.3806833174686715
(7.31);1.4707724289830306
(8.9);3.4387251858969994
(8.10);2.537218921258798
(8.11);2.5311020260885866
(8.12);2.717210693096214
(8.13);0.5796244595762692
(8.14);0.6435828752021855
(8.15);0.5300608886300107
(8.16);0.7281488275600662
(8.17);1.1553876239289842
(8.18);2.133528716003618
(8.19);1.6686128505419398
(8.20);2.0686918214742978
(8.21);1.348828804331517
(8.22);1.1057867386499143
(8.23);0.9114383933482538
(8.24);0.9358667524412412
(8.25);1.3126292995421063
(8.26);0.5707431791135817
(8.27);0.48202818509797263
(8.28);0.3100826786590097
(8.29);0.35445436883400655
(8.30);0.46404788780254835
(8.31);1.7665660195006185
(9.10);6.673424998684395
(9.11);2.4824305244035165
(9.12);1.5932129896277218
(9.13);0.515471819338052
(9.14);0.5595135122556327
(9.15);0.4721560013815455
(9.16);0.6224396839409987
(9.17);0.9060191020563866
(9.18);1.5575321160395141
(9.19);1.383683284042664
(9.20);1.9194288592995494
(9.21);1.3598208165422767
(9.22);1.160077043797487
(9.23);0.9982595014254152
(9.24);0.9468091781577401
(9.25);1.1908456954161624
(9.26);0.48606397574589144
(9.27);0.3962252215581651
(9.28);0.2748886834770378
(9.29);0.3309205161662238
(9.30);0.42026032388078766
(9.31);1.3038129428630032
(10.11);2.9101104358469487
(10.12);1.3756316882558328
(10.13);0.49165877041586564
(10.14);0.5358069506905817
(10.15);0.4592604059867416
(10.16);0.6055839852612691
(10.17);0.853883434134594
(10.18);1.5452551476219107
(10.19);1.43891163902158
(10.20);2.1603785281167975
(10.21);1.5484561717735799
(10.22);1.3227281603481242
(10.23);1.137017867771981
(10.24);1.041862138631764
(10.25);1.2649755699365626
(10.26);0.5059211402340524
(10.27);0.3927958519416831
(10.28);0.2764598864515542
(10.29);0.3506211734398409
(10.30);0.446219369216072
(10.31);1.2292601570942485
(11.12);1.5552440115670045
(11.13);0.5182086301638714
(11.14);0.5853184033611334
(11.15);0.5069201612151989
(11.16);0.7066412009084798
(11.17);1.003657147629374
(11.18);2.6471491813245613
(11.19);2.5362077532029548
(11.20);5.804335128138526
(11.21);2.4809870183380407
(11.22);1.789138525148688
(11.23);1.3223437312231312
(11.24);1.3538792909472916
(11.25);1.9277218944896486
(11.26);0.7758802834720053
(11.27);0.5077237475485388
(11.28);0.3359175802873883
(11.29);0.47183980628923433
(11.30);0.6549655439171513
(11.31);1.55519587923274
(12.13);0.7747378446358562
(12.14);0.8853529249625229
(12.15);0.6853095996263785
(12.16);0.9844073836500231
(12.17);1.9233239037141798
(12.18);2.2270628774102814
(12.19);1.6189639985040447
(12.20);1.5801543387073727
(12.21);1.1418679850998867
(12.22);0.9554056296055895
(12.23);0.792572068878046
(12.24);0.8631266221073606
(12.25);1.278514451679261
(12.26);0.6704233568607241
(12.27);0.7215046039510241
(12.28);0.4228073421464133
(12.29);0.4057939571863352
(12.30);0.5219154319683805
(12.31);2.995495371604153
(13.14);2.6731480155086365
(13.15);1.454948443016715
(13.16);1.0950388077718527
(13.17);1.162931043807679
(13.18);0.6808921778479614
(13.19);0.6272121000078948
(13.20);0.5874318757271949
(13.21);0.5277054265604622
(13.22);0.48777177187033904
(13.23);0.44018235301560527
(13.24);0.48501799032187554
(13.25);0.6223846924361442
(13.26);0.3084571680465559
(13.27);0.4253564661030425
(13.28);0.4084551015786204
(13.29);0.2550711662773953
(13.30);0.27647462772377224
(13.31);1.0697553614448096
(14.15);2.382672503489443
(14.16);1.8312704404752036
(14.17);1.6423634150306798
(14.18);0.8119369621160819
(14.19);0.7459209438328565
(14.20);0.6733761071848153
(14.21);0.6034898466049936
(14.22);0.5521849473701018
(14.23);0.4893563863644562
(14.24);0.5541226739704792
(14.25);0.737936680374351
(14.26);0.3842671804222209
(14.27);0.5930571192571203
(14.28);0.5978493869316516
(14.29);0.3148551216172526
(14.30);0.3406771990699451
(14.31);1.3795654310855123
(15.16);1.805358939578003
(15.17);1.1544629277564205
(15.18);0.6949511070452205
(15.19);0.6612612926486173
(15.20);0.5929766979642723
(15.21);0.5495788083368996
(15.22);0.5104283572342281
(15.23);0.4560998345459643
(15.24);0.5243038323467794
(15.25);0.6816371749308257
(15.26);0.35358917779918253
(15.27);0.521152885737677
(15.28);0.6735005873651048
(15.29);0.3139676193419516
(15.30);0.32471450996024415
(15.31);1.0832706462899984
(16.17);2.1713252228180564
(16.18);1.0772182553620864
(16.19);1.011702511146963
(16.20);0.844661546553838
(16.21);0.7666835129024784
(16.22);0.691497416506734
(16.23);0.5931885794867459
(16.24);0.7115991865192566
(16.25);1.018823030632908
(16.26);0.5840684186791452
(16.27);1.1802734668202135
(16.28);1.7554099067879374
(16.29);0.4840177962476862
(16.30);0.5141630642868902
(16.31);1.9342459515568717
(17.18);1.653557445016908
(17.19);1.3798841538339675
(17.20);1.1527853412813214
(17.21);0.9572415004292116
(17.22);0.8306722609776079
(17.23);0.6968543416688302
(17.24);0.8106064783979942
(17.25);1.2245128246377317
(17.26);0.7590356118564958
(17.27);1.6128968704086828
(17.28);0.8156427789569516
(17.29);0.5050232868501061
(17.30);0.6029094484914969
(17.31);5.0375550408353735
(18.19);6.148437733696575
(18.20);3.5403418381403506
(18.21);2.1439705632422807
(18.22);1.5755467596055872
(18.23);1.1526873290332067
(18.24);1.3973349202093548
(18.25);2.7998984484657625
(18.26);1.9751300603109934
(18.27);1.0710137052815152
(18.28);0.5759893617600274
(18.29);0.7682236168246883
(18.30);1.2110883422881857
(18.31);3.078232121502471
(19.20);4.3634099064911505
(19.21);2.9502060426995955
(19.22);1.994274030497779
(19.23);1.347325997647158
(19.24);1.774067959771371
(19.25);4.777470204602532
(19.26);2.9650032888280706
(19.27);0.9736434192205297
(19.28);0.5775585075174962
(19.29);0.9802724614828587
(19.30);1.820691241455003
(19.31);2.3100086787258416
(20.21);4.349733589995582
(20.22);2.5696890782933712
(20.23);1.6699252960064161
(20.24);1.8878113533944372
(20.25);3.092085724159378
(20.26);1.3264211547940807
(20.27);0.7251546063659202
(20.28);0.477031117644493
(20.29);0.7584656907066556
(20.30);1.1327448263258786
(20.31);1.781692085945222
(21.22);5.937077568441744
(21.23);2.4860494330506544
(21.24);3.2126280976352874
(21.25);3.7180369759560272
(21.26);1.16928498201381
(21.27);0.6321323216774178
(21.28);0.45588889715837455
(21.29);0.8779672201456269
(21.30);1.237282888940164
(21.31);1.3946621583129128
(22.23);4.128311303208988
(22.24);4.781016769359652
(22.25);2.6855258718710173
(22.26);0.9077109884400623
(22.27);0.5484085243582008
(22.28);0.4204400534359957
(22.29);0.8180054967286211
(22.30);1.0116792751635626
(22.31);1.1625855829422214
(23.24);3.103191635026294
(23.25);1.682500024821594
(23.26);0.6572848339957394
(23.27);0.4505200893798522
(23.28);0.36317585967800375
(23.29);0.6346405996603531
(23.30);0.7151091714641209
(23.31);0.9380042680564054
(24.25);2.770156993492588
(24.26);0.929431497305385
(24.27);0.5689949191854905
(24.28);0.45902427638700993
(24.29);1.0526412074138347
(24.30);1.149552675739108
(24.31);1.1091254945613147
(25.26);2.735534416068451
(25.27);0.9736344825256037
(25.28);0.6725813948583591
(25.29);1.7898225134035854
(25.30);4.342353329110018
(25.31);1.8292870631057274
(26.27);0.0
(26.29);0.0
(26.30);0.0
(26.31);1.453534788162526
(27.28);0.0
(27.29);0.0
(27.30);0.0
(27.31);2.7066632551922973
(28.30);0.0
(28.31);1.002798257998463
(29.30);0.0
(29.31);0.8043619864141391
(30.31);1.0431212864834145

****Importance nodes******

0; 0.05
1; DISCONNECTED
2; DISCONNECTED
3; DISCONNECTED
4; DISCONNECTED
5; 0.0016129032258064516
6; 0.0016649323621227888
7; 0.001718639857675137
8; 0.0017740798530840123
9; 0.001831308235441561
10; 0.0018903826946493534
11; 0.001951362781573526
12; 0.002014309968075898
13; 0.0020792877089815718
14; 0.0021463615060454935
15; 0.002215598973982445
16; 0.00228706990862704
17; 0.0023608463572924285
18; 0.002437002691398636
19; 0.002515615681443753
20; 0.0025967645743935515
21; 0.002680531173567537
22; 0.002766999921101974
23; 0.002856257983073005
24; 0.0029483953373656826
25; 0.0030435048643774787
26; DISCONNECTED
27; DISCONNECTED
28; DISCONNECTED
29; DISCONNECTED
30; DISCONNECTED
31; 0.00314168244064772
