
****Importance edges******

(0.1);3.673751915363529
(0.2);3.174039508307984
(0.3);2.2555427774728187
(0.4);4.859621834517542
(0.5);5.906573119987042
(0.6);13.28979499670502
(0.7);3.5191030948132807
(0.8);3.6132067920395254
(0.9);5.576562599625306
(0.12);15.087359518890354
(1.2);4.9655636525315145
(1.3);1.9660384336508485
(1.4);3.0338004677413277
(1.5);3.132390097077524
(1.6);2.681764860550055
(1.7);4.223283767009399
(1.8);2.6664963148212384
(1.9);2.5414746937011663
(1.10);3.4382144838036126
(1.11);3.4988455793257724
(1.12);2.1503482743513387
(1.13);1.9768362370838166
(1.14);1.3101931550329156
(1.15);1.2246798682620843
(1.16);1.8983802282879223
(1.17);1.6935136885861903
(1.18);1.3035497349826974
(1.19);1.9745357478487684
(2.3);3.2267330876140563
(2.4);3.6389992968163405
(2.5);3.2826939537867705
(2.6);2.299870315209222
(2.7);2.5355838105681228
(2.8);1.8779326951122584
(2.9);1.8604704947099013
(2.10);2.591579600660158
(2.11);2.714754510007826
(2.12);1.7787781914628484
(2.13);1.6616248497048451
(2.14);1.1718444164242534
(2.15);1.1184528294264615
(2.16);1.6548508678534377
(2.17);1.6498400060030936
(2.18);1.3380793363824337
(2.19);2.4512611529079025
(3.4);2.164066951468505
(3.5);1.961794190287754
(3.6);1.5019226090516886
(3.7);1.5760052577461963
(3.8);1.2953915159398128
(3.9);1.2785406484514341
(3.10);1.7332433550852662
(3.11);1.761318848392943
(3.12);1.2759945314071959
(3.13);1.2488535375192948
(3.14);1.0191953914234546
(3.15);0.9979841753714274
(3.16);1.385588305279696
(3.17);1.5636298928504353
(3.18);1.3973180512825314
(3.19);3.5915405956184974
(4.5);15.704652331673547
(4.6);4.18493221577482
(4.7);2.077096048941728
(4.8);1.7676999474415458
(4.9);2.0594070074183644
(4.10);3.2846640403408407
(4.11);3.91713440224267
(4.12);2.415163529753999
(4.13);2.089766257814605
(4.14);1.0500112978688667
(4.15);0.994400649902453
(4.16);1.376662473314259
(4.17);1.2914332399302597
(4.18);1.0880618785277645
(4.19);1.7257038648393985
(5.6);5.791674392031347
(5.7);2.2174658896305726
(5.8);1.9194908665289094
(5.9);2.327670604416517
(5.10);3.878477611526398
(5.11);4.895448442619734
(5.12);2.847731141268599
(5.13);2.3738496746613214
(5.14);1.0871593794130119
(5.15);1.0245264297378671
(5.16);1.4161622265860436
(5.17);1.2985005421137639
(5.18);1.087066559688749
(5.19);1.655623399115687
(6.7);2.370597326456423
(6.8);2.256801593947863
(6.9);3.239129325203516
(6.10);6.811998560214438
(6.11);12.178382988385406
(6.12);5.1796981902753085
(6.13);3.5777734367929837
(6.14);1.1435289820864982
(6.15);1.063367993992137
(6.16);1.4508200176839199
(6.17);1.2523445335252255
(6.18);1.037534049766792
(6.19);1.4297957140347322
(7.8);6.837574612044796
(7.9);3.91497091186361
(7.10);3.965530064687266
(7.11);3.4418021123678626
(7.12);2.423182436253789
(7.13);2.3880650798226526
(7.14);1.9335124175243792
(7.15);1.739444639570098
(7.16);2.965463943581543
(7.17);2.147104665459389
(7.18);1.539641054123042
(7.19);1.8689529831416656
(8.9);5.790319817112741
(8.10);4.440733613780779
(8.11);3.4543567944263027
(8.12);2.7214699407415353
(8.13);2.873181429534873
(8.14);2.099655857622061
(8.15);1.8260671860990307
(8.16);2.888077808757251
(8.17);1.8883834285352892
(8.18);1.3934222538621315
(8.19);1.550561309494942
(9.10);9.950453263859144
(9.11);5.775211674353736
(9.12);5.014437710187384
(9.13);5.108841152949059
(9.14);1.6463233803925197
(9.15);1.4683490099842473
(9.16);2.064158494104777
(9.17);1.526159410929912
(9.18);1.1980720853564752
(9.19);1.4142542710910662
(10.12);12.054492492865384
(10.14);1.7242309048929643
(10.15);1.5694374947824512
(10.17);1.718873718375015
(10.18);1.385201307986851
(10.19);1.740182922422532
(11.12);9.341623693637292
(11.13);5.549383021684589
(11.14);1.5142988583960137
(11.15);1.3934171480583797
(11.16);1.9113619259241788
(11.17);1.5904569135755353
(11.18);1.2957090672616562
(11.19);1.7066952607229509
(12.13);10.109996204356039
(12.14);1.2962984112405633
(12.15);1.1870701244538282
(12.16);1.56640668912652
(12.17);1.2738901592197776
(12.18);1.051166200235171
(12.19);1.3120843568923648
(13.14);1.4461019463494347
(13.15);1.3154614011276762
(13.16);1.682050785933213
(13.17);1.3367510805513376
(13.18);1.1073835861633405
(13.19);1.3171442368366642
(14.15);12.546647416728334
(14.16);5.5619776013631705
(14.17);2.718061688319686
(14.18);2.0035459711472137
(14.19);1.4562486154838266
(15.16);4.972656316610525
(15.17);2.907980286463831
(15.18);2.1990057157394207
(15.19);1.4667741252083015
(16.17);4.635993462260218
(16.18);2.691751964294859
(16.19);2.032591241839049
(17.18);5.939983701452074
(17.19);2.851962842827721
(18.19);2.7510331290316756

****Importance nodes******

0; 0.11000000000000001
1; 0.03594771241830066
2; 0.037839697282421744
3; 0.03983126029728604
4; 0.04192764241819583
5; 0.04413436044020615
6; 0.04645722151600647
7; 0.04890233843790154
8; 0.051476145724106886
9; 0.05418541655169146
10; 0.07333333333333333
11; 0.06470588235294118
12; 0.05703728058072785
13; 0.06470588235294118
14; 0.061111111111111116
15; 0.061111111111111116
16; 0.06470588235294118
17; 0.061111111111111116
18; 0.061111111111111116
19; 0.061111111111111116
