
****Importance edges******

(0.1);3.7268075655474613
(0.2);3.2198538801580474
(0.3);2.2880816161423323
(0.4);4.958399212887126
(0.5);5.996448344043889
(0.6);13.485753338116677
(0.7);3.5512988372359957
(0.8);3.6436406296440755
(0.9);5.655437048199078
(0.12);15.240431130471116
(1.2);5.034277537658023
(1.3);1.9932446379284459
(1.4);3.110750470526444
(1.5);3.1805980208068214
(1.6);2.720625676851127
(1.7);4.240252464840269
(1.8);2.6740376140734052
(1.9);2.5755751784105834
(1.10);3.2122293428442514
(1.11);3.691701185596298
(1.12);2.163804056758738
(1.13);2.085799019909405
(1.14);1.328984517047467
(1.15);1.2422447613986751
(1.16);1.8568359250709152
(1.17);1.781443735401493
(1.18);1.3222458141676152
(1.19);2.002855401257099
(2.3);3.2713848899533886
(2.4);3.730304847780133
(2.5);3.3330974825908988
(2.6);2.333163497967453
(2.7);2.546314620066268
(2.8);1.8836817829433743
(2.9);1.8854496228137532
(2.10);2.4247508268545834
(2.11);2.8623234810914853
(2.12);1.7901777723144796
(2.13);1.751947664712261
(2.14);1.1886402198218355
(2.15);1.1344833822619969
(2.16);1.6197266603697722
(2.17);1.73430106950485
(2.18);1.3572577504698804
(2.19);2.4863945714943045
(3.4);2.217772027290641
(3.5);1.9918456507812465
(3.6);1.5236424934143562
(3.7);1.5830148344701729
(3.8);1.2996617080264976
(3.9);1.2957177993673623
(3.10);1.6240542855909734
(3.11);1.8557011793582388
(3.12);1.2843668453780337
(3.13);1.3157748152952482
(3.14);1.033793360126736
(3.15);1.0122783351380795
(3.16);1.3571047620446062
(3.17);1.6425251475459879
(3.18);1.417331883127536
(3.19);3.6429823482525814
(4.6);4.287890823133911
(4.7);2.107310830092928
(4.8);1.7909327637336794
(4.9);2.1063260376384028
(4.10);3.107909988844854
(4.12);2.453287974200033
(4.13);2.217706708007231
(4.14);1.0741872572710336
(4.15);1.017296203302996
(4.16);1.3608815604029634
(4.17);1.3668823391474236
(4.18);1.1131139325920607
(4.19);1.7654372911950929
(5.6);5.883204759446801
(5.7);2.2312539875185795
(5.8);1.9292243622584153
(5.9);2.361926396408787
(5.10);3.6491655988783074
(5.11);5.155674126187865
(5.12);2.8707961254766716
(5.13);2.5000355923596302
(5.14);1.1039931471189424
(5.15);1.0403903777968035
(5.16);1.3905931417215749
(5.17);1.3636076926957545
(5.18);1.1038988901576872
(5.19);1.6812593640321325
(6.7);2.3840248165671882
(6.8);2.2670900415316613
(6.9);3.2844638919400504
(6.10);6.414872579504498
(6.11);12.808014934702713
(6.12);5.21878912331845
(6.13);3.7627471278518634
(6.14);1.160445387492497
(6.15);1.079098565201021
(6.16);1.4246718463005914
(6.17);1.3133347961819775
(6.18);1.0528824553457725
(6.19);1.4509469085608548
(7.8);6.809869195673947
(7.9);3.936063129344647
(7.10);3.7112929781539017
(7.11);3.590068449114075
(7.12);2.421532728445627
(7.13);2.490938414702811
(7.14);1.94648440867411
(7.15);1.7511146243425986
(7.16);2.8908971154130163
(7.18);1.5499705508187076
(7.19);1.8814918431649275
(8.9);5.815622609004043
(8.10);4.158568760866538
(8.11);3.5970824108811397
(8.12);2.7173119261028513
(8.14);2.1116736348996255
(8.15);1.8365190268884353
(8.16);2.81473720594351
(8.17);1.9603683319441443
(8.18);1.4013977695828277
(8.19);1.5594362403104245
(9.10);9.406708445768924
(9.11);6.055127349026803
(9.12);5.050339879796119
(9.13);5.356458867893732
(9.14);1.6692631552740609
(9.15);1.4888089002693148
(9.16);2.029639278299391
(9.17);1.595704746707155
(9.18);1.2147659525864867
(9.19);1.4339604084092108
(10.12);11.3521592033056
(10.13);7.413789619346023
(10.14);1.637206528066529
(10.15);1.4902257606905125
(10.16);1.9878137226093993
(10.17);1.6787517185239396
(10.18);1.3152882352860682
(10.19);1.652353424669024
(11.12);9.73564074725785
(11.13);5.982534892436925
(11.14);1.585853287350389
(11.15);1.4592596122270194
(11.16);1.946076400415332
(11.17);1.711716853416645
(11.18);1.356934578913378
(11.19);1.7873409034922545
(12.14);1.3070399806684974
(12.15);1.196906591155538
(12.16);1.5327511336925839
(12.17);1.3237727030099011
(12.18);1.0598765208081309
(12.19);1.3229567340338118
(13.14);1.5144338997198858
(13.15);1.377620260224298
(13.16);1.712600473205481
(13.17);1.4386679286134372
(13.18);1.15971024526503
(13.19);1.379382614152238
(14.15);12.730319225059523
(14.16);5.482160027595894
(14.17);2.838964990068336
(14.18);2.032876110057839
(14.19);1.4775668057303373
(15.16);4.901295841826681
(15.17);3.0373314412092602
(15.18);2.2311972122344903
(15.19);1.488246399597013
(16.17);4.703860301451826
(16.18);2.653123777277231
(16.19);2.003422389856537
(17.18);6.204202738468372
(17.19);2.9788222609358885
(18.19);2.7913058180461583

****Importance nodes******

0; 0.11000000000000001
1; 0.03591933264533884
2; 0.037809823837198775
3; 0.039799814565472394
4; 0.042779193606438115
5; 0.044222016183858216
6; 0.046473552689460226
7; 0.04804250952423685
8; 0.050486864628524517
9; 0.0541052856811561
10; 0.06470588235294118
11; 0.06875
12; 0.056297539645729
13; 0.06875
14; 0.061111111111111116
15; 0.061111111111111116
16; 0.061111111111111116
17; 0.06470588235294118
18; 0.061111111111111116
19; 0.061111111111111116
