
****Mix criterion 0.5*C(weight)+0.5*C(distance) ******

(0.1);0.45529597704772146
(0.2);0.4098868673818505
(0.3);0.29594904743275185
(0.4);0.5311174271480461
(0.5);0.586878615290042
(0.6);0.8924079885101814
(0.7);0.42730772733240524
(0.8);0.43236945365651425
(0.9);0.5616640713944839
(0.12);0.9534888141711819
(1.2);0.6041971075687523
(1.3);0.4105891567544609
(1.4);0.49836494155239586
(1.5);0.5011081245871511
(1.6);0.46550139373901894
(1.7);0.5588929579624986
(1.8);0.4567662297045054
(1.9);0.4419271688035437
(1.10);0.4716606074499915
(1.11);0.5000508525378391
(1.12);0.39756107305391236
(1.13);0.35176922404548117
(1.14);0.2323184963457741
(1.15);0.20775007441226295
(1.16);0.3380624438998096
(1.17);0.3154840743325223
(1.18);0.23051194141407602
(1.19);0.35908084827566294
(2.3);0.5100392410791412
(2.4);0.5334937999243776
(2.5);0.5084427442596129
(2.6);0.429202429755102
(2.7);0.446750356056861
(2.8);0.3716513545936125
(2.9);0.36346453077266405
(2.10);0.39918027705144354
(2.11);0.43504682618412444
(2.12);0.3449809178894012
(2.13);0.2959347534319204
(2.14);0.18419734306977903
(2.15);0.16549182787414393
(2.16);0.29271355932376186
(2.17);0.30283553138804387
(2.18);0.23378379456275925
(2.19);0.4118160011273513
(3.4);0.4209035910115562
(3.5);0.3935151069253949
(3.6);0.3196775583482812
(3.7);0.32671866099162955
(3.8);0.2607220581897683
(3.9);0.24797278581495585
(3.10);0.2788929253599406
(3.11);0.3114336701416088
(3.12);0.23815845787108922
(3.13);0.1898372430824867
(3.14);0.11778934899276335
(3.15);0.10824255948524983
(3.16);0.22748780754869524
(3.17);0.28072438616780415
(3.18);0.2429262976113403
(3.19);0.5011678325286117
(4.6);0.5548148953049729
(4.7);0.39417742905566705
(4.8);0.34742087308911884
(4.9);0.38179035178482607
(4.10);0.4542656216232841
(4.12);0.41600968162660246
(4.13);0.3555700200666293
(4.14);0.12291244389877742
(4.15);0.09799869071678947
(4.16);0.21913154922259234
(4.17);0.20805180939308163
(4.18);0.1386014320002172
(4.19);0.30692575888544793
(5.6);0.6286602657152867
(5.7);0.40536204654017705
(5.8);0.3641003549341698
(5.9);0.4078644727392304
(5.10);0.4921909580354369
(5.11);0.5753531272354472
(5.12);0.4514556730888053
(5.13);0.3862820630232249
(5.14);0.1294588057885373
(5.15);0.10251705673517736
(5.16);0.2226489762780261
(5.17);0.20266834780085802
(5.18);0.12942099869995094
(5.19);0.28797573748645544
(6.7);0.4172783628691084
(6.8);0.4008465863440345
(6.9);0.48256020782057835
(6.10);0.6360245542075376
(6.11);0.8808083798515208
(6.12);0.5901842153556391
(6.13);0.4882765793805014
(6.14);0.14281311172251737
(6.15);0.11036398233308393
(6.16);0.22474337578237422
(6.17);0.18075989467584153
(6.18);0.0989256845797217
(6.19);0.23143153960447266
(7.8);0.6668563553503473
(7.9);0.523818240335268
(7.10);0.49287453675447496
(7.11);0.47969233313860377
(7.12);0.40468657725603635
(7.13);0.37943836686118854
(7.14);0.3251661944095855
(7.15);0.2920577832995586
(7.16);0.43438875767318263
(7.17);0.3560331450495371
(7.18);0.2509474118354055
(7.19);0.3147669146013202
(8.9);0.6180317761260765
(8.10);0.5191548735030103
(8.11);0.47739139093966654
(8.12);0.42988110297699333
(8.13);0.42550984962536537
(8.14);0.3444350949841578
(8.15);0.301606891831027
(8.16);0.42389975766506904
(8.17);0.31222202435485075
(8.18);0.20683111840364593
(8.19);0.24644385704209526
(9.10);0.7540813194228715
(9.11);0.611754850401534
(9.12);0.5760077841150755
(9.13);0.57180509694645
(9.14);0.2604436311516349
(9.15);0.218879906219628
(9.16);0.3244734266303243
(9.17);0.23329277103322366
(9.18);0.1354999595381785
(9.19);0.20446830715081618
(10.12);0.8267132244254759
(10.13);0.655962413749489
(10.14);0.21067837757337912
(10.15);0.17200238564081435
(10.16);0.28272731284315894
(10.17);0.20944168525067286
(10.18);0.11611104985125617
(10.19);0.21432186286328184
(11.12);0.7644356573105322
(11.13);0.5882630177821451
(11.14);0.1864918010544036
(11.15);0.1506100523507639
(11.16);0.2660149005060932
(11.17);0.20662224316324262
(11.18);0.11728162801375475
(11.19);0.23433442668906934
(12.14);0.15997570870720246
(12.15);0.12113633953840168
(12.16);0.22375452347495545
(12.17);0.15250035370989942
(12.18);0.06258980168563674
(12.19);0.16510376537429866
(13.14);0.16535016444796766
(13.15);0.12296776574669648
(13.16);0.2159657639702136
(13.17);0.13038146977686457
(13.18);0.036938341955799536
(13.19);0.1235616672774413
(14.15);0.8756379084388675
(14.16);0.5806743635125524
(14.17);0.39277442388760236
(14.18);0.29836932358505974
(14.19);0.17921971162488498
(15.16);0.549780615371303
(15.17);0.4120332919632382
(15.18);0.32875118710636075
(15.19);0.1822212575906568
(16.17);0.5307856967424218
(16.18);0.38152021262159846
(16.19);0.29345423821270306
(17.18);0.6075823634289327
(17.19);0.40653176564796356
(18.19);0.39624592590220054
