
****Mix criterion 0.5*C(weight)+0.5*C(distance) ******

(0.1);0.4581777579072707
(0.2);0.4083015094199529
(0.3);0.2956403871987684
(0.4);0.530553944218456
(0.5);0.5861421766730336
(0.6);0.8981046062534377
(0.7);0.42637504203243537
(0.8);0.4341780175484553
(0.9);0.5617117168220013
(0.12);0.9534888141711819
(1.4);0.5043653574662602
(1.5);0.5070701814486116
(1.6);0.4732698192068793
(1.7);0.565340007771383
(1.8);0.46446670575864435
(1.9);0.44680650720117193
(1.10);0.4756327854536161
(1.11);0.5044030309812155
(1.12);0.40153043419815165
(1.13);0.35424882607046654
(1.14);0.23403538338618687
(1.15);0.20935490419357927
(1.16);0.34046125103039204
(1.17);0.31977917684785695
(1.18);0.23381801433413735
(1.19);0.3616682948848068
(2.3);0.508494289551039
(2.4);0.5319289698164764
(2.5);0.507005005040078
(2.6);0.43057694035923927
(2.7);0.44503156531269716
(2.8);0.37299996150014914
(2.9);0.3631555710320813
(2.10);0.3977332390318868
(2.11);0.4333756667396102
(2.12);0.34466810384800317
(2.13);0.2949289088793479
(2.14);0.1834732713123569
(2.15);0.16480074628136077
(2.16);0.291726887065866
(2.17);0.30379981601910666
(2.19);0.41030138967722174
(3.4);0.4214074917358043
(3.5);0.3939224892076576
(3.6);0.32148286586118097
(3.7);0.3266216697856072
(3.8);0.26238875673370976
(3.9);0.24849032028708626
(3.10);0.27875912406641096
(3.11);0.31126877722705293
(3.12);0.23864127753691142
(3.13);0.189732878721206
(3.14);0.11771057343826088
(3.15);0.10816542338606697
(3.16);0.22738439550885112
(3.17);0.2824464870368007
(3.18);0.24446523124351305
(3.19);0.500890235510102
(4.6);0.5598625762776566
(4.7);0.3941185782104948
(4.8);0.34969885866311945
(4.9);0.3826676544895954
(4.10);0.45409895044271
(4.12);0.41697465364527775
(4.13);0.3554554012830579
(4.14);0.12286236136907489
(4.15);0.09795126065562151
(4.16);0.21906809995831444
(4.17);0.20948137795585442
(4.18);0.1398058760301531
(4.19);0.3068434477567543
(5.6);0.6353733883155845
(5.7);0.40526254190322186
(5.8);0.3664847091971532
(5.9);0.40879588882768736
(5.10);0.49194498039970885
(5.11);0.5749707834437763
(5.12);0.452523585197801
(5.13);0.3861195768209941
(5.14);0.12939149719885668
(5.15);0.10245362589846471
(5.16);0.2225641941727811
(5.17);0.20405584424560433
(5.18);0.13058257001844686
(5.19);0.2878732339546395
(6.7);0.4193195215763878
(6.8);0.4055717634798748
(6.10);0.6405074348167864
(6.11);0.8893297006369998
(6.12);0.5964012967965161
(6.13);0.4908137949771535
(6.14);0.14366108640062508
(6.15);0.11115251427809007
(6.16);0.22578442921177028
(6.17);0.1830737019593367
(6.18);0.10084261221182234
(6.19);0.23249179306491072
(7.8);0.6733867189933155
(7.9);0.5244427955770481
(7.10);0.49189003064085796
(7.11);0.47874113013644315
(7.12);0.40503065504839975
(7.13);0.3788004684304218
(7.14);0.3246492537934822
(7.15);0.291592728316975
(7.16);0.4336210031875709
(7.18);0.25220083027999335
(7.19);0.3142672344866146
(8.9);0.6256702134656702
(8.10);0.5224493560241332
(8.11);0.4801131647732164
(8.13);0.42779968443837996
(8.14);0.34617929993247165
(8.15);0.3031238239560633
(8.16);0.4262246806463815
(8.17);0.3157862411463417
(8.18);0.20946112400515918
(8.19);0.24773192370257552
(9.10);0.7551090302660983
(9.11);0.6123435768248779
(9.12);0.5786479536686385
(9.13);0.5723710422349688
(9.14);0.2606450289929314
(9.15);0.21905953212083473
(9.16);0.3247183041189147
(9.17);0.23505431598411322
(9.18);0.13688281497100352
(9.19);0.20464131554068318
(10.12);0.8278013059308895
(10.13);0.6541215777433587
(10.14);0.21025915730498573
(10.15);0.17162080101318572
(10.16);0.28221831670368436
(10.17);0.21054486063138442
(10.18);0.11700007384642505
(10.19);0.21389876410677458
(11.12);0.7652579986924003
(11.13);0.5867761954789713
(11.14);0.18608573020789856
(11.15);0.15023639686148615
(11.16);0.2655165915530623
(11.17);0.20769971346350458
(11.18);0.11815941855673523
(11.19);0.23387676327249515
(12.14);0.16011506858156785
(12.15);0.12126395671510447
(12.16);0.22391794923742953
(12.17);0.15392010430311953
(12.18);0.06376132642468556
(12.19);0.16524482233274881
(13.14);0.16497445742339917
(13.15);0.12262600001558738
(13.16);0.21554089496260515
(13.17);0.13129822774135247
(13.18);0.037697797277832776
(13.19);0.12321946433428181
(14.15);0.8723782049434474
(14.16);0.5792706111094523
(14.17);0.39471409468163327
(14.18);0.2997990996719796
(14.19);0.1788413684273417
(15.16);0.548525598045717
(15.17);0.4141084929991493
(15.18);0.33032044772360736
(15.19);0.18184017979480205
(16.17);0.5339995230762604
(16.18);0.3833862254659727
(16.19);0.29294124534492305
(17.18);0.6176034268061987
(17.19);0.4085669913588686
(18.19);0.3982091258680898
