
****Mix criterion 0.5*C(weight)+0.5*C(distance) ******

(0.1);0.45694930156617997
(0.2);0.40884287280634773
(0.3);0.2959729445866097
(0.4);0.5312833055335439
(0.5);0.5870124668996576
(0.6);0.89279743876184
(0.7);0.4267996550748244
(0.8);0.4317855164948363
(0.9);0.5618237877995922
(0.12);0.9534888141711819
(1.3);0.41314189939931206
(1.4);0.5023382322209022
(1.5);0.5050312698912639
(1.6);0.46880101505263927
(1.7);0.5625694201506823
(1.8);0.45892290944420583
(1.9);0.44478937487534276
(1.10);0.4739287021763141
(1.11);0.5025368925508408
(1.12);0.3997997724062033
(1.13);0.355823209974313
(1.14);0.23329849693012183
(1.15);0.20866611261771795
(1.16);0.3394316850521822
(1.17);0.31883412338032835
(1.18);0.23309057752305978
(1.19);0.3605577650029975
(2.3);0.5093780357514406
(2.4);0.5329318749489816
(2.5);0.5078816881522035
(2.6);0.4288499754033987
(2.7);0.4455680963004832
(2.8);0.3707346353517378
(2.9);0.36320573331309247
(2.10);0.39819609693802677
(2.11);0.43391398551098836
(2.12);0.34465276019359764
(2.13);0.2974272173643798
(2.14);0.18370337715322338
(2.15);0.1650203680376089
(2.16);0.29204044583574684
(2.17);0.3041308747624451
(2.19);0.4107827244865766
(3.4);0.4219066801081659
(3.5);0.39436098471513475
(3.6);0.32032672461169015
(3.7);0.326892176383367
(3.8);0.26081589980596664
(3.9);0.24848157369065607
(3.10);0.2790153814113386
(3.11);0.3115587401922866
(3.12);0.2385893415986806
(3.13);0.1915374740451902
(3.14);0.11787521010751542
(3.15);0.1083266336819381
(3.16);0.22760052110654805
(3.17);0.2827056588742333
(3.18);0.2446968368737741
(3.19);0.5014703983386734
(4.6);0.5567512015578435
(4.7);0.39448312495480886
(4.8);0.3476141579589439
(4.9);0.38266910956037825
(4.10);0.4545960143873841
(4.12);0.41689578670311966
(4.13);0.3584296857087228
(4.14);0.12303577127549112
(4.15);0.09811548643489629
(4.16);0.2192877919556228
(4.17);0.20969999044136417
(4.18);0.13999006202157627
(4.19);0.3071284486384699
(5.6);0.6311664768464013
(5.7);0.4056403093463853
(5.8);0.36427140417112147
(5.9);0.408795326803954
(5.10);0.4925178535747692
(5.11);0.5757727108979737
(5.12);0.4524300414467672
(5.13);0.3894276866784136
(5.14);0.12956633084709973
(5.15);0.10261838710719312
(5.16);0.22278441517036918
(5.17);0.20426991353001595
(5.18);0.130761782543196
(5.19);0.28813948624888935
(6.7);0.41759574161648905
(6.8);0.40106808785813863
(6.9);0.4838608092760373
(6.10);0.6366496634491439
(6.11);0.8819499962930182
(6.12);0.5919713546953956
(6.13);0.4929536187872679
(6.14);0.142935378247536
(6.15);0.11047767801677726
(6.16);0.22489348166225145
(6.17);0.1822838896427169
(6.18);0.10018827376941977
(6.19);0.23158441387017126
(7.8);0.6656360571694686
(7.9);0.5243075501749268
(7.10);0.49233815227613625
(7.11);0.4791741026960078
(7.12);0.4048737254613632
(7.13);0.38191436135817586
(7.14);0.3248845467782596
(7.15);0.29180440480655434
(7.16);0.43397045772619386
(7.18);0.25239414562520607
(7.19);0.31449467110498147
(8.9);0.6185649582219763
(8.10);0.5184543486983829
(8.11);0.4767889913057804
(8.12);0.43000718075783684
(8.14);0.3440774022903685
(8.15);0.30129580709375214
(8.16);0.42342297426593795
(8.17);0.31390297642291465
(8.18);0.20807147880075688
(8.19);0.24617970687212076
(9.10);0.75494826060223
(9.11);0.6122667420198723
(9.12);0.5776229851154724
(9.13);0.5780545520718654
(9.14);0.26060953539790616
(9.15);0.21902787553031502
(9.16);0.32467514783503965
(9.17);0.23502704386047504
(9.18);0.13686140569369915
(9.19);0.20461082519537277
(10.12);0.8273057100627194
(10.13);0.6623144518068443
(10.14);0.2104501024059136
(10.15);0.17179460395337823
(10.16);0.2824501526299299
(10.17);0.21074065108960166
(10.18);0.11715785693189235
(10.19);0.21409147576900728
(11.12);0.7648834412819017
(11.13);0.5932134843004765
(11.14);0.18627068605239272
(11.15);0.1504065882632183
(11.16);0.26574355971396346
(11.17);0.20789934859916553
(11.18);0.11832205676039359
(11.19);0.23408521833504178
(12.14);0.1600515933937436
(12.15);0.12120583005348329
(12.16);0.22384351259621127
(12.17);0.15386231298163972
(12.18);0.06371363920191613
(12.19);0.16518057416251825
(13.14);0.1666894750594779
(13.15);0.12418608331967948
(13.16);0.21748032593786756
(13.17);0.13288807932380745
(13.18);0.039014852915536344
(13.19);0.12478154341254932
(14.15);0.8738629242183844
(14.16);0.5799099877438763
(14.17);0.3950451991863285
(14.18);0.3000431644403627
(14.19);0.1790136949713734
(15.16);0.5490972293049083
(15.17);0.41446273270480094
(15.18);0.3305883226954892
(15.19);0.1820137518848866
(16.17);0.5345481277053123
(16.18);0.3837047564561247
(16.19);0.2931749016881359
(17.18);0.6183476881967276
(17.19);0.40891440722089323
(18.19);0.3985442468351755
