
****Mix criterion 0.5*C(weight)+0.5*C(distance) ******

(0.1);0.4554180161850594
(0.2);0.4099983559489037
(0.3);0.2960326815413088
(0.4);0.531338084212394
(0.5);0.5871224047144408
(0.6);0.8929868096978608
(0.7);0.42746856293243257
(0.8);0.43181602462645086
(0.9);0.561885584441823
(0.12);0.9534888141711819
(1.2);0.6051015759976854
(1.3);0.41094726709554974
(1.4);0.4989549790205029
(1.5);0.5016795572253854
(1.6);0.4659915565592204
(1.7);0.5596649329089582
(1.8);0.45626340334093185
(1.9);0.4423436130617552
(1.10);0.47183516185129093
(1.11);0.5002415387685604
(1.12);0.3977517993449252
(1.13);0.3545263426416845
(1.14);0.23239413938926262
(1.15);0.20782078040868693
(1.16);0.33816813115111277
(1.17);0.3155818481066426
(1.18);0.23058720090456716
(1.19);0.35919484665282625
(2.3);0.5106269846689053
(2.4);0.5342004761661694
(2.5);0.5090415752579059
(2.6);0.42962275891944957
(2.7);0.447213800458616
(2.8);0.37131197659173293
(2.9);0.36377008571552555
(2.10);0.3993176431382575
(2.11);0.4352011732619947
(2.12);0.3451420024716866
(2.13);0.2982150687687787
(2.14);0.184267786293603
(2.15);0.1655590615631009
(2.16);0.29280955032740397
(2.17);0.3029347084180213
(2.18);0.23386423068624623
(2.19);0.4119633540827651
(3.4);0.4213232074008846
(3.5);0.3938729659216388
(3.6);0.31995203162010605
(3.7);0.3270066950466869
(3.8);0.2604982090749393
(3.9);0.24818325247319797
(3.10);0.278988734795385
(3.11);0.3115380139936063
(3.12);0.23827641353244608
(3.13);0.1915227782468884
(3.14);0.11785306994018854
(3.15);0.10830495428972516
(3.16);0.22757145676190174
(3.17);0.28082214561514196
(3.18);0.24301365910338718
(3.19);0.501392378647437
(4.6);0.5556251239560769
(4.7);0.3945789892603643
(4.8);0.34714767623501686
(4.9);0.38215073854660453
(4.10);0.45448215432689654
(4.12);0.4162609853924601
(4.13);0.35836137259130124
(4.14);0.12299043969563904
(4.15);0.09807255570400081
(4.16);0.21923036164195353
(4.17);0.20814773823198687
(4.18);0.13868225422891395
(4.19);0.3070539457424451
(5.6);0.6297199449478972
(5.7);0.40576778456529133
(5.8);0.3637997713579727
(5.9);0.4082499565300937
(5.10);0.4924241134700571
(5.11);0.5756679352638489
(5.12);0.45173041733232566
(5.13);0.38937687997339054
(5.14);0.1295323239997473
(5.15);0.10258633944742546
(5.16);0.22274158004152506
(5.17);0.20275615777510755
(5.18);0.1294945106343075
(5.19);0.2880876975845288
(6.7);0.4177128036609317
(6.8);0.400511991908919
(6.9);0.48309882097767964
(6.10);0.6364518514400302
(6.11);0.8816247377979265
(6.12);0.5906953758190331
(6.13);0.49285806413071453
(6.14);0.14289358267291313
(6.15);0.11043881229755137
(6.16);0.2248421694858174
(6.17);0.1808480230542337
(6.18);0.09899869659110108
(6.19);0.23153215534905158
(7.8);0.6658978305976215
(7.9);0.5244708112991472
(7.10);0.4931328444226277
(7.11);0.47993165843288316
(7.12);0.4049304401150763
(7.13);0.382439984953661
(7.14);0.3253071083996519
(7.15);0.29218455366960633
(7.16);0.4345980415727037
(7.17);0.35618962559900647
(7.18);0.251059620560956
(7.19);0.3149031235129952
(8.9);0.6172200606881018
(8.10);0.5182997688802582
(8.11);0.47667497047125335
(8.12);0.42934605661892944
(8.14);0.3439879316662303
(8.15);0.30121799464164695
(8.16);0.423303715167165
(8.17);0.311819855686896
(8.18);0.20653436152510837
(8.19);0.24611363428807256
(9.10);0.7546448309530659
(9.11);0.6121026089763875
(9.12);0.5764550637928181
(9.13);0.5779093574548719
(9.14);0.26054754184441314
(9.15);0.21897258373650283
(9.16);0.32459977053411904
(9.17);0.23338909735863972
(9.18);0.13557557803565623
(9.19);0.20455757037991437
(10.12);0.8267779313103178
(10.13);0.663235260764896
(10.14);0.21065344705347286
(10.15);0.17197969326672785
(10.16);0.2826970434612991
(10.17);0.20941683218990775
(10.18);0.11609102133379659
(10.19);0.2142967016944007
(11.12);0.7644845609531661
(11.13);0.5939565282771274
(11.14);0.18646765251463726
(11.15);0.15058783151289928
(11.16);0.2659852666782236
(11.17);0.2065968801301721
(11.18);0.11726096532767867
(11.19);0.23430721000185858
(12.14);0.15998399626957466
(12.15);0.12114392877681414
(12.16);0.22376424220644753
(12.17);0.15250849801067023
(12.18);0.06259652205601787
(12.19);0.16511215386019903
(13.14);0.16687757107687773
(13.15);0.12435718678248853
(13.16);0.21769303467904577
(13.17);0.13179337746898204
(13.18);0.038107986346723674
(13.19);0.12495286576358794
(14.15);0.8754440578333311
(14.16);0.5805908840630423
(14.17);0.3927324287723604
(14.18);0.2983383680168648
(14.19);0.17919721201470654
(15.16);0.5497059810161031
(15.17);0.411988362531439
(15.18);0.3287172116087306
(15.19);0.18219859535723995
(16.17);0.5307161153435203
(16.18);0.38147981224815175
(16.19);0.2934237311502679
(17.18);0.6074905883595332
(17.19);0.4064877017075589
(18.19);0.39620342136531506
