
****Mix criterion 0.5*C(weight)+0.5*C(distance) ******

(0.1);0.45831806278367004
(0.2);0.40841814419288613
(0.3);0.2957241780668073
(0.4);0.5307355584081198
(0.5);0.5863617992560182
(0.6);0.8913185493012394
(0.7);0.42639967808333795
(0.8);0.43420220143731963
(0.9);0.5614100022026218
(0.12);0.9534888141711819
(1.4);0.5044854684234147
(1.5);0.5071928626171226
(1.6);0.4705854441795915
(1.7);0.5652662298203168
(1.8);0.464420530485485
(1.9);0.44648286908522583
(1.10);0.47575524050554097
(1.11);0.5045435463943562
(1.12);0.4014704299062025
(1.13);0.354325267708894
(1.14);0.23408612148305938
(1.15);0.20940233073183814
(1.16);0.3405321414883576
(1.17);0.31984708818351726
(1.18);0.23387028778441943
(1.19);0.361744760088176
(2.3);0.5086118597288435
(2.4);0.5320631766663366
(2.5);0.5071249460788652
(2.6);0.4283226450062288
(2.7);0.4449841053717151
(2.8);0.37296515904964983
(2.9);0.36292066750565116
(2.10);0.39782067514418507
(2.11);0.4334789397116004
(2.12);0.34461680822102136
(2.13);0.29498968623009103
(2.14);0.18351611039372207
(2.15);0.16484163352807316
(2.16);0.2917852626794754
(2.17);0.3038623546277722
(2.19);0.41039100035804665
(3.4);0.4214888916464303
(3.5);0.39399558641455734
(3.6);0.3200470069319346
(3.7);0.32659520354045957
(3.8);0.2623671673614235
(3.9);0.24833412607207575
(3.10);0.2788186163439026
(3.11);0.31133675258143945
(3.12);0.23860699565958665
(3.13);0.1897792824096739
(3.14);0.11774844469168469
(3.15);0.10820250647331056
(3.16);0.22743411072307898
(3.17);0.2825066559380079
(3.18);0.24451900042007269
(3.19);0.5010236899440831
(4.6);0.555961911362979
(4.7);0.3940870585064582
(4.8);0.3496721745626473
(4.9);0.382423947841988
(4.10);0.4542128292313319
(4.12);0.41691386863070085
(4.13);0.35553371505140985
(4.14);0.12290172306361011
(4.15);0.0979885376779798
(4.16);0.21911796705915432
(4.17);0.2095314627091225
(4.18);0.13984807357396842
(4.19);0.3069081390877181
(5.6);0.6301100242962412
(5.7);0.4052309602626429
(5.8);0.3664574722882015
(5.9);0.4085278801803921
(5.10);0.49207867991882687
(5.11);0.5751596708664537
(5.12);0.4524549764304946
(5.13);0.3862078951229294
(5.14);0.12943194737988747
(5.15);0.1024917456813949
(5.16);0.22261514534441618
(5.17);0.20410580462362476
(5.18);0.13062439538123571
(5.19);0.28793483510299106
(6.7);0.41715806602051964
(6.8);0.4035674141487897
(6.9);0.48348335085249283
(6.10);0.6358687567682462
(6.11);0.8804095736604338
(6.12);0.5919941127901411
(6.13);0.48818840132550856
(6.14);0.14279249596966448
(6.15);0.11034481173741104
(6.16);0.22471806594617133
(6.17);0.18212401243488727
(6.18);0.10005581976617679
(6.19);0.23140576298181384
(7.8);0.6729796873521137
(7.9);0.5238374682948923
(7.10);0.49187155994385806
(7.11);0.4787284305440997
(7.12);0.4048692571734826
(7.13);0.3787885005731699
(7.14);0.32463690147970015
(7.15);0.29158161581218855
(7.16);0.4336026576677599
(7.18);0.25219286219970943
(7.19);0.3142552946131065
(8.9);0.6247949973757245
(8.10);0.5224279730432283
(8.11);0.4800997607696761
(8.13);0.42778482216675817
(8.14);0.3461656029669201
(8.15);0.3031119117280417
(8.16);0.4262064233939778
(8.17);0.3157761611113539
(8.18);0.20945368603209744
(8.19);0.24772180871884392
(9.10);0.7542846399013401
(9.11);0.6118376764278002
(9.12);0.5778791833178503
(9.13);0.5719170625519576
(9.14);0.2604922669670561
(9.15);0.21892328430213237
(9.16);0.3245325623998997
(9.17);0.23491447072094085
(9.18);0.13677303305380914
(9.19);0.20451008716226876
(10.12);0.8276458037626941
(10.13);0.6543846591291014
(10.14);0.21031906978430115
(10.15);0.17167533482949543
(10.16);0.2822910594190945
(10.17);0.21060629342919432
(10.18);0.11704958114354053
(10.19);0.2139592308766537
(11.12);0.7651404745296965
(11.13);0.5869886833217609
(11.14);0.18614376344967157
(11.15);0.15028979749227683
(11.16);0.2655878069190454
(11.17);0.20776235259840667
(11.18);0.11821044923500466
(11.19);0.23394216981899635
(12.14);0.16009515209322078
(12.15);0.12124571842360009
(12.16);0.22389459339480444
(12.17);0.15390197123065028
(12.18);0.0637463636959541
(12.19);0.1652246633071897
(13.14);0.16502815124747017
(13.15);0.12267484315090205
(13.16);0.21560161472629322
(13.17);0.1313492794668149
(13.18);0.03774008925249054
(13.19);0.12326836995335477
(14.15);0.8728440624722166
(14.16);0.5794712270938298
(14.17);0.39481798470914586
(14.18);0.29987567940781107
(14.19);0.17889543899765026
(15.16);0.5487049576932068
(15.17);0.41421964211444173
(15.18);0.330404498341476
(15.19);0.1818946411777147
(16.17);0.5341716577020282
(16.18);0.3834861703258621
(16.19);0.29301455924908515
(17.18);0.6178369522800058
(17.19);0.4086759993697903
(18.19);0.3983142761333289
