
****Mix criterion 0.5*C(weight)+0.5*C(distance) ******

(0.1);0.45502058104168525
(0.2);0.40964357342994573
(0.3);0.2957722533643774
(0.4);0.530699385957687
(0.5);0.5863934869423841
(0.6);0.8912898930614743
(0.7);0.42700495611680095
(0.8);0.4320515673651054
(0.9);0.5611624152302067
(0.12);0.9534888141711819
(1.2);0.6031698916102275
(1.3);0.4101824464199574
(1.4);0.4977026122121601
(1.5);0.5004591414867586
(1.6);0.46494505199105735
(1.7);0.5580167674328627
(1.8);0.456212986101015
(1.9);0.4413998320058612
(1.10);0.47136178753159086
(1.11);0.4997162198645954
(1.12);0.3974701389021238
(1.13);0.3492299313401853
(1.14);0.23219183228061863
(1.15);0.20763167741863475
(1.16);0.33788547089254034
(1.17);0.31532035242070433
(1.18);0.23038591960734395
(1.19);0.35888995831134235
(2.3);0.5093717334297714
(2.4);0.5327003337395478
(2.5);0.5077626445035257
(2.6);0.42872534363187575
(2.7);0.44622434009251377
(2.8);0.37126174619087987
(2.9);0.3630785210883604
(2.10);0.3989497487041481
(2.11);0.4347816135611132
(2.12);0.34489985885075425
(2.13);0.29383339517269436
(2.14);0.184081585003495
(2.15);0.16538134397803136
(2.16);0.2925558190563652
(2.17);0.30267255558161754
(2.18);0.2336516153465226
(2.19);0.41157385870038676
(3.4);0.4204323158869923
(3.5);0.3931086820463341
(3.6);0.31936601869841735
(3.7);0.326391733758546
(3.8);0.2604533245692805
(3.9);0.24770753127139936
(3.10);0.27873515168466895
(3.11);0.3112579381484276
(3.12);0.23809607927106155
(3.13);0.1882830589442535
(3.14);0.11768649660185668
(3.15);0.10814184763020444
(3.16);0.22735278881587034
(3.17);0.280566592015352
(3.18);0.24278528686537262
(3.19);0.5008053911945887
(4.6);0.5539046666822561
(4.7);0.3937261942369934
(4.8);0.3470373072202081
(4.9);0.3813440166663467
(4.10);0.4539342969123444
(4.12);0.4158617726292279
(4.13);0.3529944865075373
(4.14);0.12279513267025463
(4.15);0.0978875925199218
(4.16);0.21898292831255617
(4.17);0.2079075255932417
(4.18);0.1384798696170905
(4.19);0.3067329567309742
(5.6);0.6274574472115515
(5.7);0.40490150868034935
(5.8);0.3637016911037686
(5.9);0.4073810193012591
(5.10);0.4918206124088648
(5.11);0.5748428253436599
(5.12);0.4512966093167557
(5.13);0.38342466389984287
(5.14);0.1293441232287244
(5.15);0.10240898121673614
(5.16);0.2225045217752359
(5.17);0.20253137122786607
(5.18);0.12930632593153
(5.19);0.28780108864186815
(6.7);0.4167854996846994
(6.8);0.4003773820604732
(6.9);0.4818867709715127
(6.10);0.6353580797805422
(6.11);0.879510279033247
(6.12);0.5898761946458008
(6.13);0.4840438062165862
(6.14);0.1426897359618398
(6.15);0.11024925517076961
(6.16);0.22459190810052745
(6.17);0.18062477876546718
(6.18);0.09881374465111115
(6.19);0.23127727842124432
(7.8);0.6654347774386049
(7.9);0.5230042914587738
(7.10);0.49247782495972303
(7.11);0.479317964413246
(7.12);0.4045341761490359
(7.13);0.37666322803639707
(7.14);0.3249532889918251
(7.15);0.29186624732373434
(7.16);0.43407255290148417
(7.17);0.3557967202861729
(7.18);0.25077787689016373
(7.19);0.3145611180354208
(8.9);0.616827929554599
(8.10);0.5187007442893046
(8.11);0.4770080702582521
(8.12);0.4297005810500149
(8.13);0.4222316973087032
(8.14);0.3441992009477164
(8.15);0.30140173518224656
(8.16);0.42358532473847554
(8.17);0.31200986654447
(8.18);0.20667456893924796
(8.19);0.2462696531768671
(9.10);0.7530414081019838
(9.11);0.6111012330448496
(9.12);0.5756578710783747
(9.13);0.5660847958280883
(9.14);0.2602549717930171
(9.15);0.21871164171840674
(9.16);0.324244037727047
(9.17);0.23311788178664933
(9.18);0.13536266724561122
(9.19);0.20430624160106806
(10.12);0.8268466428933201
(10.13);0.6491778614692829
(10.14);0.2106269735879056
(10.15);0.17195559646544667
(10.16);0.2826649007125148
(10.17);0.20939044097741488
(10.18);0.11606975325477853
(10.19);0.2142699833050326
(11.12);0.7645364912339727
(11.13);0.5829437422112145
(11.14);0.1864420094258286
(11.15);0.15056423543113706
(11.16);0.2659537988177586
(11.17);0.20656994738327406
(11.18);0.11723902383145565
(11.19);0.234278308878479
(12.13);0.7738194054347302
(12.14);0.15999279674778055
(12.15);0.12115198771190852
(12.16);0.22377456242858815
(12.17);0.1525171463608385
(12.18);0.0626036583489854
(12.19);0.16512106150807318
(13.14);0.16392721876466507
(13.15);0.12167336867668971
(13.16);0.21435662312159656
(13.17);0.129066123936606
(13.18);0.035848690774795945
(13.19);0.12226561431877894
(14.15);0.8752382098466006
(14.16);0.5805022380845193
(14.17);0.392687834586538
(14.18);0.2983054966137892
(14.19);0.17917331990745908
(15.16);0.5496267275532816
(15.17);0.4119406524247038
(15.18);0.32868113337329774
(15.19);0.1821745305620294
(16.17);0.5306422275636077
(16.18);0.38143691150242465
(16.19);0.2933913360108977
(17.18);0.6073931333466087
(17.19);0.4064409106573343
(18.19);0.3961582862298298
