
****Importance edges******

(0.1);3.7719368702663187
(0.2);3.182848939803991
(0.3);2.284951340579425
(0.4);4.951622105913279
(0.5);5.988248709665517
(0.6);13.467317653781002
(0.7);3.546447379489322
(0.8);3.72526055316033
(0.9);5.6546302612568775
(0.12);15.273765590763647
(1.3);2.0423358911037117
(1.4);3.1843107486037803
(1.5);3.2543738442890855
(1.6);2.7819079037128898
(1.7);4.3338787630287765
(1.8);2.8493484731316676
(1.9);2.6341220208153757
(1.10);3.2706267272253915
(1.11);3.756025804100144
(1.12);2.2209054363908294
(1.13);2.041663955743951
(1.14);1.3541079323574068
(1.15);1.2657284293096847
(1.16);1.8919379593757337
(1.17);1.8138298583915475
(1.18);1.396160802918523
(1.19);2.040717819822613
(2.3);3.203905841661892
(2.4);3.6560247165510247
(2.5);3.267810130837593
(2.6);2.288599655702572
(2.7);2.498509158069424
(2.8);1.930596171307304
(2.9);1.8563349554801996
(2.10);2.386046033530066
(2.11);2.818218453579633
(2.12);1.7705427472910513
(2.13);1.6585544903295375
(2.14);1.169036654131704
(2.15);1.1157729944275108
(2.16);1.5930134317097364
(2.17);1.706617497356222
(2.19);2.4453878829261013
(3.4);2.214792678194883
(3.5);1.9891667369169415
(3.6);1.521593403380504
(3.7);1.5808879492832009
(3.8);1.352820265577051
(3.9);1.2967453542242704
(3.10);1.6218383443948512
(3.11);1.8531683378691273
(3.12);1.2905364342257946
(3.13);1.2650260580318755
(3.14);1.032383242500381
(3.15);1.0108975644945335
(3.16);1.3552536403218522
(3.17);1.6402840037785615
(3.18);1.465819026733715
(3.19);3.6380132375773675
(4.6);4.282130309357004
(4.7);2.1044823802515484
(4.8);1.8617706681181105
(4.9);2.1078607225585393
(4.10);3.103674765768575
(4.12);2.464622149901328
(4.13);2.134378751192494
(4.14);1.072723946868664
(4.15);1.0159103926759305
(4.16);1.3590277010034488
(4.17);1.3650196559789622
(4.18);1.1500601077853612
(4.19);1.7630323261990457
(5.6);5.875292634214545
(5.7);2.228256003158522
(5.8);2.004327582505083
(5.9);2.363572387363673
(5.10);3.6441893844501334
(5.11);5.14864118818141
(5.12);2.8838097534862386
(5.13);2.4072533729994623
(5.14);1.1024881598297296
(5.15);1.0389720951756753
(5.16);1.3886974551331035
(5.17);1.3617481979452704
(5.18);1.140015641651558
(5.19);1.6789674349750172
(6.7);2.3808216592865645
(6.8);2.353226054589175
(6.9);3.2866028785555637
(6.10);6.406127704782583
(6.11);12.79054886022139
(6.12);5.241774732603242
(6.13);3.6257327695022785
(6.14);1.1588639596047925
(6.15);1.07762799486399
(6.16);1.4227303367622275
(6.17);1.3115444335335849
(6.18);1.08657958824059
(6.19);1.4489695919809384
(7.8);7.0643459586439805
(7.9);3.9385101766765764
(7.10);3.7062383708948294
(7.11);3.5851771418159295
(7.12);2.431991413856053
(7.13);2.4014108273593617
(7.14);1.9438343173786077
(7.15);1.748730524268271
(7.16);2.886961229131262
(7.18);1.5988354359753343
(7.19);1.8789302376704728
(8.9);6.031051363540117
(8.10);4.290602802624168
(8.11);3.7072478836774754
(8.13);2.98218964686381
(8.14);2.1809722898156503
(8.15);1.896787951114079
(8.16);2.9071082518713753
(8.17);2.0226097830501044
(8.18);1.4924667522460233
(8.19);1.610612156936363
(9.10);9.409791019371415
(9.11);6.056771938214385
(9.12);5.079760135693068
(9.13);5.181833906353478
(9.14);1.6698989262996529
(9.15);1.489375941816026
(9.16);2.030412305512907
(9.17);1.5962276583460058
(9.18);1.253077355905456
(9.19);1.4345065598513198
(10.12);11.392132451209015
(10.13);7.17923384797593
(10.14);1.6349529945007129
(10.15);1.4881745388594303
(10.16);1.9850775956335434
(10.17);1.6764410000644712
(10.18);1.3510057436025344
(10.19);1.6500790421514557
(11.12);9.768379847277174
(11.13);5.798585517299222
(11.14);1.583670438972839
(11.15);1.4572510137630998
(11.16);1.9433977227929324
(11.17);1.709360760084362
(11.18);1.3925773261492354
(11.19);1.784880717406671
(12.14);1.3118383290786846
(12.15);1.201300622649415
(12.16);1.5383781030847554
(12.17);1.3284339743572744
(12.18);1.0961737030323733
(12.19);1.3278135153376633
(13.14);1.465251971779182
(13.15);1.3328814172939218
(13.16);1.6569829958893783
(13.17);1.3931516834719808
(13.18);1.1541066468982355
(13.19);1.3345865379785316
(14.15);12.71279657218377
(14.16);5.474614106282012
(14.17);2.8350572955975286
(14.18);2.0897861321453086
(14.19);1.4755330083227607
(15.16);4.89454945124846
(15.17);3.0331507051592053
(15.18);2.293659199957959
(15.19);1.486197902258282
(16.17);4.697385671100364
(16.18);2.727397527663988
(16.19);2.000664778324545
(17.18);6.3726819029308235
(17.19);2.9747220598699013
(18.19);2.869447951239592

****Importance nodes******

0; 0.11000000000000001
1; 0.03788988743645607
2; 0.036312475970780474
3; 0.03980107038228662
4; 0.042780671037984254
5; 0.04422341153587402
6; 0.04647502580103108
7; 0.04804414631487114
8; 0.05430803679641626
9; 0.05430803679641626
10; 0.06470588235294118
11; 0.06875
12; 0.05689098922229223
13; 0.06470588235294118
14; 0.061111111111111116
15; 0.061111111111111116
16; 0.061111111111111116
17; 0.06470588235294118
18; 0.06470588235294118
19; 0.061111111111111116
