
****Times edges******

(0.1);0.4109692430589231
(0.2);0.48183749251483793
(0.3);0.6871842834293319
(0.4);0.3234120354079422
(0.5);0.2699514930471121
(0.6);0.12178651007311554
(0.7);0.46711106188545126
(0.8);0.46231438891885
(0.9);0.3045719130387502
(0.12);0.11453072907503155
(1.2);0.14640174931795263
(1.3);0.37974255202862706
(1.4);0.2528981073922303
(1.5);0.25187903360150804
(1.6);0.3027367012366231
(1.7);0.19794037946703055
(1.8);0.32301414105896165
(1.9);0.34940668744775605
(1.10);0.3288014548770681
(1.11);0.29759550579895033
(1.12);0.42602649843465557
(1.13);0.5267207775530709
(1.14);0.76634009837968
(1.15);0.819849805116122
(1.16);0.5484890246833904
(1.17);0.5928818633657044
(1.18);0.770245679454367
(1.19);0.5085010754645548
(2.3);0.23715275362066549
(2.4);0.21596117974813553
(2.5);0.24602463300876082
(2.6);0.36111115771556507
(2.7);0.3370421331065988
(2.8);0.4685770708422086
(2.9);0.4873221270006993
(2.10);0.44376878030063516
(2.11);0.39075832085890766
(2.12);0.525498645625865
(2.13);0.6384190234415651
(2.14);0.8735167663559914
(2.15);0.9152158395738059
(2.16);0.6410323337781009
(2.17);0.6204394011435544
(2.18);0.7649963028908753
(2.19);0.41759146882123205
(3.4);0.37221760990212005
(3.5);0.42167767977731174
(3.6);0.5660278859230412
(3.7);0.5547061591249502
(3.8);0.6944444498407497
(3.9);0.7244741783741095
(3.10);0.6754183851090492
(3.11);0.613980384254232
(3.12);0.7479395515361156
(3.13);0.865926380349315
(3.14);1.0245612014635752
(3.15);1.0463372872363583
(3.16);0.7804736942494799
(3.17);0.6678230312285518
(3.18);0.7473087847140502
(3.19);0.290746554845255
(4.5);0.053990292097558436
(4.6);0.20807601620300825
(4.7);0.43082926668584304
(4.8);0.52058121869811
(4.9);0.4598040245130114
(4.10);0.36300548694815266
(4.11);0.28160939901150595
(4.12);0.40370795181685015
(4.13);0.5278589702259014
(4.14);1.015145930771123
(4.15);1.0719167333607917
(4.16);0.8012870883355888
(4.17);0.8253734404055199
(4.18);0.9796452916239968
(4.19);0.617669530684214
(5.6);0.15410483344565024
(5.7);0.41336138062160216
(5.8);0.4907407497345827
(5.9);0.4161519341700216
(5.10);0.31331342729216294
(5.11);0.22999525411783744
(5.12);0.350019600331049
(5.13);0.4743054796600524
(5.14);1.0014564199421925
(5.15);1.0626790177507608
(5.16);0.7950571533710427
(5.17);0.8384615213492485
(5.18);1.0015419298016686
(5.19);0.6576028948340892
(6.7);0.396313624416242
(6.8);0.42753321621048396
(6.9);0.30611617550550657
(6.10);0.1819155746867427
(6.11);0.09442628215759315
(6.12);0.1968545145529641
(6.13);0.3214176214901144
(6.14);0.9731036791796623
(6.15);1.0464601774775386
(6.16);0.7926272137603263
(6.17);0.8885512172793235
(6.18);1.0725163766597012
(6.19);0.7782736014621419
(7.8);0.14463423713592255
(7.9);0.25942456481219184
(7.10);0.31887360415540034
(7.11);0.3414646226545327
(7.12);0.43072973013731947
(7.13);0.49213636155952034
(7.14);0.5886005596182571
(7.15);0.6542700268201527
(7.16);0.3963135893440848
(7.17);0.5300470486100877
(7.18);0.7391765034688071
(7.19);0.6089326490549998
(8.9);0.17978234074672636
(8.10);0.2907466385065957
(8.11);0.34793139147846924
(8.12);0.3928370937214403
(8.13);0.41830952747819156
(8.14);0.5547061407002851
(8.15);0.6378144278844282
(8.16);0.4161519341700216
(8.17);0.6167666904828041
(8.18);0.8358500048008551
(8.19);0.7511421769963107
(9.10);0.1325723748233984
(9.11);0.21296293271094902
(9.12);0.21852631196006475
(9.13);0.2407407038848572
(9.14);0.7244742198491674
(9.15);0.8122856613238773
(9.16);0.5958389429442968
(9.17);0.7815165559294839
(9.18);0.9955317891197107
(9.19);0.8433553081718171
(10.11);0.08784104456446408
(10.12);0.11188004529636296
(10.13);0.1979403360952214
(10.14);0.8450310667170986
(10.15);0.9283763677573263
(10.16);0.6959859282147178
(10.17);0.8476647616706435
(10.18);1.051853382195998
(10.19);0.8372847831421887
(11.12);0.1348168158841686
(11.13);0.2527285456387153
(11.14);0.9004362029225913
(11.15);0.9785508352930029
(11.16);0.7337634391688517
(11.17);0.857319366847069
(11.18);1.0523423418081008
(11.19);0.7989296891622788
(12.13);0.1245705671997831
(12.14);0.942854502017825
(12.15);1.029611282281292
(12.16);0.8040108423353153
(12.17);0.9594397006295231
(12.18);1.1627283989185333
(12.19);0.9315108335652402
(13.14);0.9428999923457952
(13.15);1.0365408768172437
(13.16);0.8337961683388863
(13.17);1.020032475740913
(13.18);1.231307318603329
(13.19);1.0352165510884814
(14.15);0.10557175028762496
(14.16);0.24515192470569058
(14.17);0.48732209931724263
(14.18);0.6611136191036733
(14.19);0.9095778797260111
(15.16);0.2742054602867737
(15.17);0.45549536019600284
(15.18);0.6023501978849236
(15.19);0.9030507869353173
(16.17);0.29411808391104816
(16.18);0.5065583799067892
(16.19);0.6708331149308833
(17.18);0.22299245159577066
(17.19);0.46444207061001036
(18.19);0.4814814892803375
