
****Importance edges******

(0.1);3.729713802939893
(0.2);3.222180410260554
(0.3);2.28960054403824
(0.4);4.96048961927838
(0.5);5.999679183468057
(0.6);13.492088404436942
(0.7);3.552337297319336
(0.8);3.731335484673704
(0.9);5.663851493189622
(0.12);15.295619266043264
(1.2);5.015664532973648
(1.3);1.9858751054572323
(1.4);3.098299861945979
(1.5);3.168838540838234
(1.6);2.710525090567154
(1.7);4.223426048935392
(1.8);2.781832861189598
(1.9);2.5717062223118092
(1.10);3.2126204657023574
(1.11);3.6924530787260577
(1.12);2.1690317725015746
(1.13);2.0054539864517644
(1.14);1.3290419545382766
(1.15);1.2422984500768732
(1.16);1.8569161758150083
(1.17);1.7816606449963508
(1.18);1.3223029604178724
(1.19);2.002941962828906
(2.3);3.259289747835057
(2.4);3.7154012130595127
(2.5);3.320774173319037
(2.6);2.324502205464415
(2.7);2.536225381937914
(2.8);1.9578414465908043
(2.9);1.8825322294788291
(2.10);2.424875299365423
(2.11);2.862708361611653
(2.12);1.7942829669896128
(2.13);1.6855449390897197
(2.14);1.1886066221861193
(2.15);1.134451315402095
(2.16);1.6196808778147258
(2.17);1.7343900983676432
(2.18);1.3572193867575368
(2.19);2.486324292045851
(3.4);2.2089273217441012
(3.5);1.9844812907213927
(3.6);1.5179868745575482
(3.7);1.5767519745666492
(3.8);1.3495951034946128
(3.9);1.2936538763292096
(3.10);1.6240217294164738
(3.11);1.8558203512642921
(3.12);1.2871527999588728
(3.13);1.266729087779948
(3.14);1.033689340814784
(3.15);1.0121764806476308
(3.16);1.3569682114446127
(3.17);1.6424922211002417
(3.18);1.417189272531476
(3.19);3.6426157948078273
(4.6);4.270822790364361
(4.7);2.0984343271811268
(4.8);1.8568701387937596
(4.9);2.1023124380896543
(4.10);3.1068364242715276
(4.12);2.4575819578433733
(4.13);2.1365530050162693
(4.14);1.0737200387867178
(4.15);1.016853729621624
(4.16);1.360289644034862
(4.17);1.366410177321476
(4.18);1.112629782923615
(4.19);1.764669413034406
(5.6);5.861371055129149
(5.7);2.2224542096123345
(5.8);1.9995517764398016
(5.9);2.357940591722167
(5.10);3.6485476793341
(5.11);5.1552460989266615
(5.12);2.8762823446361385
(5.13);2.4101323452352963
(5.14);1.1037153640850823
(5.15);1.0401285982773407
(5.16);1.3902432453632683
(5.17);1.363376790638526
(5.18);1.1036211308404462
(5.19);1.6808363312188719
(6.7);2.3746046507275462
(6.8);2.3475906317438198
(6.9);3.2787322377774273
(6.10);6.4132550885402635
(6.11);12.805906532864961
(6.12);5.228057046483161
(6.13);3.6297667179407003
(6.14);1.1600560847708667
(6.15);1.0787365524661972
(6.16);1.4241939016827987
(6.17);1.3130036427351222
(6.18);1.0525292375124815
(6.19);1.450460149264354
(7.8);7.045939630581025
(7.9);3.9282482910306036
(7.10);3.709471892254305
(7.11);3.588646521509891
(7.12);2.4251350419843116
(7.13);2.4035059471077624
(7.14);1.945354132248386
(7.15);1.7500977944261527
(7.16);2.889218441366523
(7.18);1.5490705204016388
(7.19);1.8803993063503275
(8.9);6.016546988606752
(8.10);4.294346154891055
(8.11);3.7108174176051283
(8.13);2.9847914692389894
(8.14);2.1826882368574476
(8.15);1.8982803073851007
(8.16);2.9093955087192853
(8.17);2.0243744164279085
(8.18);1.4485261246215715
(8.19);1.6118793555977502
(9.10);9.41800062631097
(9.11);6.062603717907537
(9.12);5.0664954242779245
(9.13);5.186354816489489
(9.14);1.6712127706506632
(9.15);1.4905477541556038
(9.16);2.0320097948554094
(9.17);1.5976202930638321
(9.18);1.2161847380983173
(9.19);1.435635202016702
(10.12);11.399128839159015
(10.13);7.20524563420868
(10.14);1.640876753037362
(10.15);1.493566489978664
(10.16);1.9922699249497977
(10.17);1.6825150778628688
(10.18);1.318236796534899
(10.19);1.6560576053547824
(11.12);9.775325138282978
(11.13);5.819594941162861
(11.14);1.5894083906531988
(11.15);1.462530922825841
(11.16);1.9504390376742908
(11.17);1.7155541126937777
(11.18);1.3599765012914888
(11.19);1.7913476937798156
(12.14);1.3125237322583185
(12.15);1.2019282726030784
(12.16);1.5391818677102898
(12.17);1.3292498215650181
(12.18);1.0643232857441376
(12.19);1.3285072651582013
(13.14);1.470560869897577
(13.15);1.3377107106745836
(13.16);1.6629865734845737
(13.17);1.3981993479648274
(13.18);1.126113531545692
(13.19);1.3394220093491698
(14.15);12.75885755220733
(14.16);5.494449717554036
(14.17);2.845329269723497
(14.18);2.0374333314797175
(14.19);1.4808791566729333
(15.16);4.912283373381028
(15.17);3.0441404109446717
(15.18);2.2361990220751014
(15.19);1.4915826916315944
(16.17);4.714405229804932
(16.18);2.659071445437077
(16.19);2.007913583091065
(17.18);6.218111075275293
(17.19);2.985500067100436
(18.19);2.7975632572506814

****Importance nodes******

0; 0.11000000000000001
1; 0.03570648434812522
2; 0.03758577299802655
3; 0.03956397157687005
4; 0.042501731266905936
5; 0.04395996841874449
6; 0.04619690164331849
7; 0.047735119472968254
8; 0.05398184179662989
9; 0.0539818417966299
10; 0.06470588235294118
11; 0.06875
12; 0.05652641834017805
13; 0.06470588235294118
14; 0.061111111111111116
15; 0.061111111111111116
16; 0.061111111111111116
17; 0.06470588235294118
18; 0.061111111111111116
19; 0.061111111111111116
