
****Importance edges******

(0.1);3.6467859317923708
(0.2);3.1510605719492957
(0.3);2.239445922226376
(0.4);4.8254538403799385
(0.5);5.865682116406935
(0.6);13.199257745751257
(0.7);3.495525847470173
(0.8);3.5894145737691923
(0.9);5.540495402669498
(0.12);14.991578533901901
(1.2);4.968120182308646
(1.3);1.9670506522327313
(1.4);3.0353624256128584
(1.5);3.1340028140049743
(1.6);2.6831455722277244
(1.7);4.225458132592675
(1.8);2.6678691654594484
(1.9);2.542783176722818
(1.10);3.4159387096232843
(1.11);3.4772051341815833
(1.12);2.151455385201036
(1.13);1.9646094567993602
(1.14);1.3022701984509513
(1.15);1.2172740247910105
(1.16);1.8866387003291507
(1.17);1.7453740527650181
(1.18);1.2956669522700681
(1.19);2.03500183304058
(2.3);3.228394377207461
(2.4);3.6408728424422288
(2.5);3.2843840549372785
(2.6);2.3010544077626176
(2.7);2.5368892606575244
(2.8);1.8788995522890977
(2.9);1.8614283614400509
(2.10);2.5750975259788333
(2.11);2.698299268764552
(2.12);1.7796939987571658
(2.13);1.6515530595459507
(2.14);1.1649051076678598
(2.15);1.1118296895248907
(2.16);1.6448201375786435
(2.17);1.6994131731380746
(2.18);1.3301556346302497
(2.19);2.524914827435396
(3.4);2.1651811254048945
(3.5);1.9628042237129655
(3.6);1.5026958767291716
(3.7);1.5768166670145662
(3.8);1.2960584506959216
(3.9);1.2791989075067527
(3.10);1.7224298753200693
(3.11);1.7508634405909316
(3.12);1.2766514795893698
(3.13);1.2414401875561907
(3.14);1.0132894529599927
(3.15);0.9922011496858221
(3.16);1.3773632807245937
(3.17);1.6097016092019245
(3.18);1.3892210028713987
(3.19);3.6973638728165
(4.5);15.712737901436599
(4.6);4.187086835989878
(4.7);2.0781654457455283
(4.8);1.7686100510811125
(4.9);2.060467296985897
(4.10);3.264574929034055
(4.11);3.8943785925496552
(4.12);2.4164069812355464
(4.13);2.077626178260917
(4.14);1.0440615818559555
(4.15);0.9887660424634833
(4.16);1.3686650277233399
(4.17);1.328724140229614
(4.18);1.0818965551690023
(4.19);1.7755345868466865
(5.6);5.794656246475027
(5.7);2.218607556110615
(5.8);1.9204791200083937
(5.9);2.3288690100010494
(5.10);3.8552398440486506
(5.11);4.867637012966543
(5.12);2.8491973009977576
(5.13);2.360363646975007
(5.14);1.0811400691180164
(5.15);1.018853901309381
(5.16);1.4081168970102453
(5.17);1.33522336236621
(5.18);1.081047763311706
(5.19);1.7024459906507643
(6.7);2.3718178329444592
(6.8);2.2579635124891877
(6.9);3.240796997023137
(6.10);6.772044131132624
(6.11);12.110773366983189
(6.12);5.18236496762157
(6.13);3.5579110373467535
(6.14);1.137347004334399
(6.15);1.0576193707529082
(6.16);1.4427656321212456
(6.17);1.2870111264930342
(6.18);1.0319250861872238
(6.19);1.4693743960337151
(7.8);6.841094950182068
(7.9);3.916986541994074
(7.10);3.942777130450458
(7.11);3.42314394990562
(7.12);2.4244300162844157
(7.13);2.37511927272072
(7.14);1.9233141898560764
(7.15);1.730270014007849
(7.16);2.9493880315363845
(7.17);2.2052430255234206
(7.18);1.5315202839355322
(7.19);1.9195596737351062
(8.9);5.793300974150978
(8.10);4.4158266982948575
(8.11);3.4360848179154173
(8.12);2.7228710946543497
(8.13);2.857983606404188
(8.14);2.0888591963249383
(8.15);1.8166773478345688
(8.16);2.872801190554879
(8.17);1.938369549431246
(8.18);1.3862571234126773
(8.19);1.5916051694980586
(9.10);9.89593834484355
(9.11);5.745427314907455
(9.12);5.017019402864936
(9.13);5.082493450071067
(9.14);1.6380766485130585
(9.15);1.4609937839484455
(9.16);2.053513059442092
(9.17);1.5656265262417381
(9.18);1.1920707253698084
(9.19);1.4508274730761614
(10.12);11.990030746129628
(10.14);1.7071486427016447
(10.15);1.5538887984316998
(10.17);1.74734839524263
(10.18);1.3714778723010377
(10.19);1.7690106052690462
(11.12);9.294687594734686
(11.13);5.494404297253038
(11.14);1.4992964303211367
(11.15);1.3796123165839713
(11.16);1.8924257234303663
(11.17);1.6196914019365303
(11.18);1.2828722471189342
(11.19);1.738066348056088
(12.13);10.059199490924321
(12.14);1.2899778649639098
(12.15);1.1812821580487296
(12.16);1.5585364278428613
(12.17);1.3060541327798099
(12.18);1.0460408798957888
(12.19);1.3452126813857932
(13.14);1.4317751572095239
(13.15);1.3024288911008253
(13.16);1.6653864096812339
(13.17);1.361322154166951
(13.18);1.0964125400514044
(13.19);1.3413549133616804
(14.15);12.4223455496255
(14.16);5.506874100191074
(14.17);2.770284349232657
(14.18);1.9836964849244716
(14.19);1.4842278103557462
(15.16);4.923391326204302
(15.17);2.963851891252715
(15.18);2.177219775068787
(15.19);1.4949555487962358
(16.17);4.721208532066419
(16.18);2.6650842989157035
(16.19);2.0699526846389147
(17.18);6.054109792115334
(18.19);2.80388927680608

****Importance nodes******

0; 0.11000000000000001
1; 0.03632610939112487
2; 0.0382380098853946
3; 0.040250536721468
4; 0.04236898602259789
5; 0.04459893265536621
6; 0.04694624490038548
7; 0.04941709989514261
8; 0.0520179998896238
9; 0.05475578935749874
10; 0.07333333333333333
11; 0.06470588235294118
12; 0.0576376730078934
13; 0.06470588235294118
14; 0.061111111111111116
15; 0.061111111111111116
16; 0.06470588235294118
17; 0.06470588235294118
18; 0.061111111111111116
19; 0.06470588235294118
