
****Importance edges******

(0.1);3.5804177315758166
(0.2);3.0943976334849985
(0.3);2.1996737808313664
(0.4);4.7408535540519745
(0.5);5.764210968167596
(0.6);12.974064619073717
(0.7);3.436738052735757
(0.8);3.5299372715537327
(0.9);5.450086764111304
(0.12);14.750798706008156
(1.2);4.961260206398585
(1.3);1.9643345504491554
(1.4);3.0311711998868467
(1.5);3.129675385718779
(1.6);2.679440687218256
(1.7);4.219623623777494
(1.8);2.6641853740988006
(1.9);2.539272103983688
(1.10);3.360115434256339
(1.11);3.422581226328753
(1.12);2.148484657526893
(1.13);1.9337471286381354
(1.14);1.2821991239510853
(1.15);1.2423553495179915
(1.16);1.8570012258225974
(1.17);1.7179557246112502
(1.18);1.3223635242054486
(1.19);2.1726814290983474
(2.3);3.223936613135109
(2.4);3.635845528473518
(2.5);3.279848980367929
(2.6);2.297877113891748
(2.7);2.5333863262324323
(2.8);1.8763051694655848
(2.9);1.8588581028212565
(2.10);2.5336754743280134
(2.11);2.656629346976663
(2.12);1.7772365988733567
(2.13);1.6260480728988103
(2.14);1.1472657113995197
(2.15);1.1342679812584051
(2.16);1.6194191276604855
(2.17);1.6731690812281381
(2.18);1.3570000519560412
(2.19);2.6925025027307465
(3.4);2.1621914452409388
(3.5);1.9600939853940966
(3.6);1.5006209556048358
(3.7);1.574639399969211
(3.8);1.294268854344878
(3.9);1.277432590797885
(3.10);1.6951722879618545
(3.11);1.7242969062466953
(3.12);1.2748886803666952
(3.13);1.2226033310576074
(3.14);0.9982227388744298
(3.15);1.0118003916901241
(3.16);1.3564640100827263
(3.17);1.5852769784206668
(3.18);1.416662695154619
(3.19);3.9379676564910238
(4.5);15.691041766977373
(4.6);4.181305310226771
(4.7);2.075295916754321
(4.8);1.766167955902354
(4.9);2.0576222055826885
(4.10);3.213776148820217
(4.11);3.836350375683384
(4.12);2.413070408634262
(4.13);2.0466684941082227
(4.14);1.0288256137756757
(4.15);1.0078696320996157
(4.16);1.348271224409519
(4.17);1.3089254764037084
(4.18);1.1027994856207801
(4.19);1.888741985625449
(5.6);5.786654990305851
(5.7);2.2155441047788624
(5.8);1.917827324154914
(5.9);2.325653309752254
(5.10);3.7962836311645347
(5.11);4.796449333415453
(5.12);2.845263131909526
(5.13);2.3258440617065705
(5.14);1.065664340109318
(5.15);1.0380938786550438
(5.16);1.3875236247165603
(5.17);1.3156961353778267
(5.18);1.101462205901528
(5.19);1.8087308386216667
(6.7);2.368542828999307
(6.8);2.2548457184880215
(6.9);3.2363221074244217
(6.10);6.670321284296388
(6.11);11.937029096896099
(6.12);5.175209162703318
(6.13);3.506868330371171
(6.14);1.1213862536729313
(6.15);1.0771258208257084
(6.16);1.4220673452271126
(6.17);1.268547333802791
(6.18);1.0509576377168457
(6.19);1.5591372076584755
(7.8);6.831648772385522
(7.9);3.9115779704756553
(7.10);3.8846352393275536
(7.11);3.3749955661097144
(7.12);2.421082365483502
(7.13);2.3417119267319064
(7.14);1.896867715807487
(7.15);1.7614158378053906
(7.16);2.9079032827254614
(7.17);2.1742250814608943
(7.18);1.5590885019128684
(7.19);2.0342276629702787
(8.9);5.785301589340616
(8.10);4.351933619860057
(8.11);3.388725615751276
(8.12);2.719111356678999
(8.13);2.818592313531618
(8.14);2.0607304418654753
(8.15);1.848569062223717
(8.16);2.83320566845033
(8.17);1.9116532021275663
(8.18);1.4105928241371324
(8.19);1.6845147426521987
(9.10);9.755521329789167
(9.11);5.667871693980157
(9.12);5.010091906954809
(9.13);5.013886553877909
(9.14);1.6164859393159976
(9.15);1.4859877942596245
(9.16);2.0257933666014707
(9.17);1.5444926521662843
(9.18);1.2124641235682767
(9.19);1.5335323294923522
(10.12);11.82327916557488
(10.14);1.6665985303925155
(10.15);1.5575400242414008
(10.17);1.7058434132522313
(10.18);1.3747004809007224
(10.19);1.8349280205147973
(11.12);9.171874801637315
(11.13);5.363895034173998
(11.14);1.4636834572539614
(11.15);1.3853234211788474
(11.16);1.8474747017663449
(11.17);1.5812186722562853
(11.18);1.2881828822133652
(11.19);1.8099006332560779
(12.13);9.926285030571302
(12.14);1.2733446841260385
(12.15);1.2009609623791622
(12.16);1.5379431362559755
(12.17);1.2887969464195155
(12.18);1.0634667198247563
(12.19);1.4200468324488014
(13.14);1.3977660252721977
(13.15);1.3078204837497538
(13.16);1.6258282808449542
(13.17);1.3289865011021913
(13.18);1.1009512982373795
(13.19);1.3967931142730536
(14.15);12.483960632836618
(14.16);5.376068640344536
(14.17);2.70448144333465
(14.18);1.9935356592974551
(14.19);1.5483308964714066
(15.16);4.943772416230435
(15.17);2.976121184554313
(15.18);2.250533652525677
(16.17);4.609065083381634
(16.18);2.676116800584692
(16.19);2.1555038327093783
(17.18);6.079171654666146

****Importance nodes******

0; 0.11000000000000001
1; 0.03715858273133815
2; 0.0391142976119349
3; 0.04117294485466831
4; 0.04333994195228243
5; 0.045620991528718347
6; 0.04802209634601931
7; 0.05054957510107296
8; 0.05321007905376102
9; 0.056010609530274744
10; 0.07333333333333333
11; 0.06470588235294118
12; 0.05895853634765763
13; 0.06470588235294118
14; 0.061111111111111116
15; 0.06470588235294118
16; 0.06470588235294118
17; 0.06470588235294118
18; 0.06470588235294118
19; 0.07333333333333333
