
****Importance edges******

(0.1);3.6896907887923285
(0.2);3.187420732766337
(0.3);2.264767891569912
(0.4);4.878871072681486
(0.5);5.929190225783339
(0.6);13.338891537894062
(0.7);3.5316192358134453
(0.8);3.6255502675545053
(0.9);5.594815575007965
(0.12);15.134546613585982
(1.2);4.939479959325518
(1.3);1.955710997145548
(1.4);3.0178641660067944
(1.5);3.11593591221333
(1.6);2.6676777726043497
(1.7);4.20109920835524
(1.8);2.652489431277361
(1.9);2.5281245383431714
(1.10);3.1760490330765103
(1.11);3.509090434792934
(1.12);2.139052673569818
(1.13);1.9826245467053787
(1.14);1.313808940062652
(1.15);1.228059659338592
(1.16);1.9039388134325332
(1.17);1.69818733645202
(1.18);1.3071471859380484
(1.19);1.9799849419392168
(2.3);3.209783326860902
(2.4);3.6198839359274295
(2.5);3.2654502352542125
(2.6);2.287789287573032
(2.7);2.5222645995296666
(2.8);1.8680680707295165
(2.9);1.8506975978146856
(2.10);2.3971017631981324
(2.11);2.722293727162964
(2.12);1.7694344174475898
(2.13);1.666239392392266
(2.14);1.17489886260058
(2.15);1.1213681088956147
(2.16);1.6594465983351894
(2.17);1.6541403614319001
(2.18);1.3415670786589267
(2.19);2.457650435606816
(3.4);2.152699287616172
(3.5);1.9514890484401235
(3.6);1.4940331344028877
(3.7);1.5677266331004056
(3.8);1.2885869319594625
(3.9);1.2718245806776174
(3.10);1.6053057435979767
(3.11);1.7659408032460338
(3.12);1.2692918381746188
(3.13);1.2521307094372605
(3.14);1.0216939124721443
(3.15);1.0004306978826234
(3.16);1.389224288961933
(3.17);1.5674630756066787
(3.18);1.4007435265076178
(3.19);3.600345128930646
(4.5);15.622157098102756
(4.6);4.16294911463211
(4.7);2.066185236012694
(4.8);1.7584143665214795
(4.9);2.048589113554413
(4.10);3.046305844164253
(4.11);3.92680691850298
(4.12);2.402476876443191
(4.13);2.0949264836412667
(4.14);1.052420773716303
(4.15);0.9966825152056908
(4.16);1.380061843565754
(4.17);1.2943967101391076
(4.18);1.0905586695833938
(4.19);1.7296638620228548
(5.6);5.761251207764289
(5.7);2.2058177255937665
(5.8);1.9094079405253876
(5.9);2.3154435441714503
(5.10);3.601932658963903
(5.11);4.906770231342916
(5.12);2.8327722462428255
(5.13);2.3793397180745304
(5.14);1.0894820524110156
(5.15);1.0267152899171155
(5.16);1.4194374095881912
(5.17);1.3012747371436495
(5.18);1.0893890343810846
(5.19);1.6591605729991208
(6.7);2.358144775707885
(6.8);2.2449468027252535
(6.9);3.2221144480444885
(6.10);6.335010967991153
(6.11);12.204622850294621
(6.12);5.152489666138091
(6.13);3.5854822008393636
(6.14);1.1457896155239258
(6.15);1.0654701578036063
(6.16);1.4539459923683635
(6.17);1.2548202835691822
(6.18);1.039585142657409
(6.19);1.4326222659197045
(7.8);6.801657400841037
(7.9);3.8944058950153426
(7.10);3.6929946797572173
(7.11);3.448669190109058
(7.12);2.4104536602935456
(7.13);2.392829743222459
(7.14);1.9370240727321113
(7.15);1.742603827880318
(7.16);2.971380632215706
(7.17);2.1510042480075375
(7.18);1.5424373581326498
(7.19);1.8723473851722763
(8.9);5.75990374831516
(8.10);4.141351985593867
(8.11);3.460694258047549
(8.12);2.707174285309255
(8.13);2.8784526518985563
(8.14);2.1031299504896332
(8.15);1.8290885988528898
(8.16);2.8933763604522764
(8.17);1.8915079498117164
(8.18);1.3957278118401617
(8.19);1.5531268699254739
(9.10);9.292764021654484
(9.11);5.7848742940457765
(9.12);4.988097285618176
(9.13);5.1173888550786995
(9.14);1.6487801661405055
(9.15);1.4705402070259475
(9.16);2.06761207808356
(9.17);1.5284368776382042
(9.18);1.1998599518591435
(9.19);1.4163647432975752
(10.12);11.273777792795132
(10.13);7.138354917371901
(10.14);1.6256434871886076
(10.15);1.4797007957011865
(10.16);2.030168016666649
(10.17);1.6205926118401577
(10.18);1.3059987953955352
(10.19);1.640683406337992
(11.12);9.355737723421226
(11.13);5.590853886095877
(11.14);1.5256153024744485
(11.15);1.40383023603405
(11.16);1.9256456455667341
(11.17);1.6023424912617668
(11.18);1.3053919770256635
(11.19);1.719449494386812
(12.13);10.125271149293171
(12.14);1.29802180192503
(12.15);1.1886482993374454
(12.16);1.5687733345180643
(12.17);1.2755837587909846
(12.18);1.0525636948410453
(12.19);1.313828734528174
(13.14);1.4569087509090795
(13.15);1.325291921239782
(13.17);1.346740699684954
(13.18);1.1156591285747426
(13.19);1.326987332878606
(14.15);12.640409247872837
(14.16);5.603542585806204
(14.17);2.7383739225441683
(14.18);2.018518587559985
(14.19);1.4671312466963182
(15.16);5.0098172685693765
(15.17);2.9297117934979284
(15.18);2.2154390142738216
(15.19);1.4777354141715624
(16.17);4.670638512986352
(16.18);2.711867584410445
(16.19);2.0477809152612108
(17.18);5.984373547625172
(17.19);2.873275728223949
(18.19);2.77159176076411

****Importance nodes******

0; 0.11000000000000001
1; 0.035493636050911596
2; 0.03736172215885431
3; 0.039328128588267695
4; 0.04139803009291337
5; 0.04357687378201407
6; 0.045870393454751655
7; 0.04828462468921226
8; 0.05082592072548659
9; 0.05350096918472273
10; 0.06470588235294118
11; 0.06470588235294118
12; 0.056316809668129186
13; 0.06470588235294118
14; 0.061111111111111116
15; 0.061111111111111116
16; 0.06470588235294118
17; 0.061111111111111116
18; 0.061111111111111116
19; 0.061111111111111116
