
****Mix criterion 0.5*C(weight)+0.5*C(distance) ******

(0.1);0.4565918346550868
(0.2);0.40853010047214555
(0.3);0.29575159082240093
(0.4);0.5307641607156874
(0.5);0.586407725185154
(0.6);0.8914068191800264
(0.7);0.42641276465324884
(0.8);0.43421415158069687
(0.9);0.561428141508961
(0.12);0.9534888141711819
(1.3);0.4126520464885982
(1.4);0.5015432357857433
(1.5);0.5042506268519347
(1.6);0.46813230014640245
(1.7);0.5614919968204807
(1.8);0.4621059777525044
(1.9);0.44434314683651766
(1.10);0.4735468366552211
(1.11);0.502108579006215
(1.12);0.39970318090427437
(1.13);0.35294668833650894
(1.14);0.2331368669993094
(1.15);0.20851503189987552
(1.16);0.33920585829630245
(1.17);0.3186223477355313
(1.18);0.23292756727548306
(1.19);0.3603141794865524
(2.3);0.5085784047622143
(2.4);0.5319841592964913
(2.5);0.5070677683896683
(2.6);0.4282793443472226
(2.7);0.4449246091572884
(2.8);0.3729211686730401
(2.9);0.3628783692378834
(2.10);0.39790460398941385
(2.11);0.4335780701630199
(2.12);0.3445675701816723
(2.13);0.29504802565907373
(2.14);0.18355723109928798
(2.15);0.1648808806916416
(2.16);0.2918412967106209
(2.17);0.30392238466650057
(2.19);0.41047701654477
(3.4);0.42135321822958377
(3.5);0.39388293527646645
(3.6);0.31996031208375225
(3.7);0.32649877756667905
(3.8);0.2622893379074436
(3.9);0.24825952267838156
(3.10);0.2788217816163711
(3.11);0.31134266308082276
(3.12);0.2385276979765013
(3.13);0.18978175130687763
(3.14);0.11774923772161287
(3.15);0.10820328299891653
(3.16);0.2274351517673858
(3.17);0.28250985721008015
(3.18);0.24452186119631783
(3.19);0.5010264845006565
(4.6);0.5556821941247644
(4.7);0.39394171362543073
(4.8);0.34955081217569367
(4.9);0.38228654369601217
(4.10);0.4541923077754575
(4.12);0.4167443386024449
(4.13);0.3555196025677679
(4.14);0.12289307920626938
(4.15);0.0979803516161967
(4.16);0.2191070162067902
(4.17);0.20952243721748698
(4.18);0.13984046939197903
(4.19);0.30689393282341376
(5.6);0.6297517948822424
(5.7);0.4050867250561305
(5.8);0.3663348384638745
(5.9);0.40838326613453146
(5.10);0.49206494939189804
(5.11);0.5751474492621518
(5.12);0.45226800674078194
(5.13);0.3861988251065896
(5.14);0.12942632822975617
(5.15);0.1024864502592781
(5.16);0.2226080674457396
(5.17);0.2041006738473863
(5.18);0.1306201000458907
(5.19);0.2879262777593148
(6.7);0.4170036668491791
(6.8);0.40342297941564076
(6.9);0.4832816279415956
(6.10);0.635836051206237
(6.11);0.8803623558356604
(6.12);0.5916536974975478
(6.13);0.4881698906692453
(6.14);0.14278501986327718
(6.15);0.11033785970350858
(6.16);0.22470888757517285
(6.17);0.1821173165337477
(6.18);0.1000502723906422
(6.19);0.23139641533515368
(7.8);0.6725222090452859
(7.9);0.5235824152471512
(7.10);0.4918383591712482
(7.11);0.4787017929308421
(7.12);0.40470342541846144
(7.13);0.3787669885475409
(7.14);0.32461666326322003
(7.15);0.29156340891739346
(7.16);0.43357260009248066
(7.18);0.25217853970707993
(7.19);0.31423573214496753
(8.9);0.6244238420307002
(8.10);0.5223895374884275
(8.11);0.4800719278085486
(8.13);0.42775810747913234
(8.14);0.34614306782089715
(8.15);0.30309231294925276
(8.16);0.4261763853649454
(8.17);0.3157580424150464
(8.18);0.20944031639843913
(8.19);0.24770516688423083
(9.10);0.7542003462589251
(9.11);0.6117922039093164
(9.12);0.5775497547138637
(9.13);0.5718706432793663
(9.14);0.260475012545107
(9.15);0.21890789515460002
(9.16);0.32451158293216176
(9.17);0.23490017158898685
(9.18);0.13676180788904835
(9.19);0.20449526495891107
(10.12);0.8274965391503486
(10.13);0.6546371877048376
(10.14);0.21037657903387286
(10.15);0.17172768116682097
(10.16);0.2823608842539677
(10.17);0.2106652620137281
(10.18);0.11709710258711901
(10.19);0.21401727218289757
(11.12);0.7650276645361715
(11.13);0.5871926477799435
(11.14);0.18619946884231625
(11.15);0.15034105609880621
(11.16);0.2656561656700511
(11.17);0.20782247913102897
(11.18);0.11825943295335425
(11.19);0.23400495275586264
(12.14);0.16007603450182695
(12.15);0.12122821171264653
(12.16);0.223872174409681
(12.17);0.15388456551815016
(12.18);0.06373200115728565
(12.19);0.16520531290731896
(13.14);0.16507969128661132
(13.15);0.12272172707376375
(13.16);0.21565989887817233
(13.17);0.1313982833881053
(13.18);0.03778068479707935
(13.19);0.12331531385360502
(14.15);0.8732912333653757
(14.16);0.5796637959016218
(14.17);0.3949177074645468
(14.18);0.29994918735123777
(14.19);0.17894734067085574
(15.16);0.5488771228055249
(15.17);0.41432633277862496
(15.18);0.33048517749237916
(15.19);0.18194691798711618
(16.17);0.5343368876051524
(16.18);0.38358210616354504
(16.19);0.293084932360993
(17.18);0.6180611105005966
(17.19);0.4087806348143095
(18.19);0.3984152085753722
