
****Importance edges******

(0.1);3.8226447241298653
(0.2);3.1778770757374293
(0.3);2.2829102074397554
(0.4);4.949341203015409
(0.5);5.984440664132876
(0.6);13.46014389480262
(0.7);3.5454988617577428
(0.8);3.6381101116022805
(0.9);5.646474202074687
(0.12);15.220644217268923
(1.4);3.2876507640328794
(1.5);3.3570342459880753
(1.6);2.8678075471136717
(1.7);4.467328409569685
(1.8);2.8136371878505497
(1.9);2.7041585246258695
(1.10);3.338602236703111
(1.11);3.830675885477488
(1.12);2.270298431181688
(1.13);2.1643192679553116
(1.14);1.3834296046704695
(1.15);1.293136343667689
(1.16);1.932905731261452
(1.17);1.8515278346551558
(1.18);1.4251780983197992
(1.19);2.0849072509354594
(2.3);3.2181271639841658
(2.4);3.6745739947411957
(2.5);3.2829689074405604
(2.6);2.29933431255062
(2.7);2.511227162545783
(2.8);1.8587535171220224
(2.9);1.8611421504515993
(2.10);2.384052760318017
(2.11);2.8156095005399724
(2.12);1.7684764323546285
(2.13);1.7233553516221172
(2.14);1.1681613125025538
(2.15);1.1149375351224051
(2.16);1.5918206282440432
(2.17);1.7051918103020363
(2.19);2.4435568455452126
(3.4);2.2280957413804803
(3.5);2.0002537426009273
(3.6);1.5301126210089935
(3.7);1.5903203553479168
(3.8);1.3057061874311635
(3.9);1.3012843191155294
(3.10);1.6219989018822734
(3.11);1.8531252188889973
(3.12);1.2903490724017745
(3.13);1.313948344552908
(3.14);1.032606138225215
(3.15);1.0111158213744353
(3.16);1.3555462450737095
(3.17);1.6404463873349842
(3.18);1.4659641387424187
(3.19);3.638798699375044
(4.6);4.308348674626075
(4.7);2.1180968499396395
(4.8);1.8001379954960703
(4.9);2.1163897064381145
(4.10);3.105805330379524
(4.12);2.4658437333051713
(4.13);2.215893064821295
(4.14);1.0736039518509612
(4.15);1.0167437908765877
(4.16);1.3601425741741782
(4.17);1.365956694422666
(4.18);1.150849583987293
(4.19);1.7644786230170992
(5.6);5.908899117086811
(5.7);2.241776909327389
(5.8);1.9383837957021222
(5.9);2.3723316150944926
(5.10);3.645731260647038
(5.11);5.150155014326158
(5.12);2.8844287799148023
(5.13);2.497359322340469
(5.14);1.1030903002089505
(5.15);1.0395395453072809
(5.16);1.3894559129948063
(5.17);1.3623243609574203
(5.18);1.1404979884224096
(5.19);1.6798844281227272
(6.7);2.395295025830897
(6.8);2.2778767478146307
(6.9);3.298990794572171
(6.10);6.409631588514663
(6.11);12.795870401262869
(6.12);5.243622001869161
(6.13);3.7591792987579065
(6.14);1.1596422300724987
(6.15);1.0783517088397547
(6.16);1.4236858147503335
(6.17);1.3122617934452714
(6.18);1.087173901797593
(6.19);1.4499426917418694
(7.8);6.844451740657617
(7.9);3.954708490325181
(7.10);3.7095877072905266
(7.11);3.5879097741861883
(7.12);2.4337877660368927
(7.13);2.489440636490795
(7.14);1.945852565206235
(7.15);1.7505461993750204
(7.16);2.8899587084827925
(7.18);1.600280307346398
(7.19);1.880881096772269
(8.9);5.843335021611944
(8.10);4.157222670563938
(8.11);3.595401859777254
(8.12);2.731118531612974
(8.14);2.111277914053906
(8.15);1.836174869131058
(8.16);2.8142097332464013
(8.17);1.9597337788195246
(8.18);1.4460710774032421
(8.19);1.5591440069758495
(9.10);9.402451417463904
(9.11);6.051569407765099
(9.12);5.074405592440945
(9.13);5.353311458281321
(9.14);1.668721380433977
(9.15);1.4883256935314733
(9.16);2.028980540045956
(9.17);1.5949826067245725
(9.18);1.2520999602403742
(9.19);1.4334950032581428
(10.12);11.351258749997468
(10.13);7.380020748634514
(10.14);1.6297492601356927
(10.15);1.4834379714993542
(10.16);1.9787594834086812
(10.17);1.6711052175237455
(10.18);1.346705757585217
(10.19);1.644827164546702
(11.12);9.733459357581857
(11.13);5.955285205342673
(11.14);1.5786299269129398
(11.15);1.452612869911695
(11.16);1.9372122694196459
(11.17);1.703920200411156
(11.18);1.3881450259470858
(11.19);1.7791997925373493
(12.14);1.3071154108546288
(12.15);1.19697566546718
(12.16);1.532839589826304
(12.17);1.3236677013544194
(12.18);1.0922407539900763
(12.19);1.3230330827868475
(13.14);1.5075358455280978
(13.15);1.371345374795168
(13.16);1.7047997954240084
(13.17);1.432114978803347
(13.18);1.1863843942967967
(13.19);1.3730997014246553
(14.15);12.672334236801225
(14.16);5.457189484500281
(14.17);2.8260338648777923
(14.18);2.083134753207831
(14.19);1.4708366764722687
(15.16);4.878971061370327
(15.17);3.023496782011682
(15.18);2.2863589330752947
(15.19);1.4814676261444029
(16.17);4.682434814822124
(16.18);2.71871675684702
(16.19);1.994297055157658
(17.18);6.352398907684376
(17.19);2.9652541036281033
(18.19);2.860315061815415

****Importance nodes******

0; 0.11000000000000001
1; 0.0403565936178393
2; 0.03655036524413687
3; 0.04014513648596693
4; 0.04319789334418889
5; 0.04461745482506728
6; 0.04689102815897196
7; 0.04850637115702767
8; 0.05097649635202594
9; 0.05459491740465752
10; 0.06470588235294118
11; 0.06875
12; 0.056841574894063905
13; 0.06875
14; 0.061111111111111116
15; 0.061111111111111116
16; 0.061111111111111116
17; 0.06470588235294118
18; 0.06470588235294118
19; 0.061111111111111116
