
****Mix criterion 0.5*C(weight)+0.5*C(distance) ******

(0.1);0.45391886611871385
(0.2);0.4086751077125486
(0.3);0.2950719385256243
(0.4);0.5306946197455595
(0.5);0.5844905716941952
(0.6);0.8871529978005861
(0.7);0.4258909236894349
(0.8);0.4308882740860319
(0.9);0.5593363934078466
(0.12);0.9484642380333517
(1.2);0.5996504589629219
(1.3);0.40878898128015995
(1.4);0.49741673758981775
(1.5);0.4982356048563983
(1.6);0.4631261255047003
(1.7);0.5551551677751089
(1.8);0.4544080296529048
(1.9);0.4396812029276971
(1.10);0.4664715178784529
(1.11);0.48962843544588686
(1.12);0.39601742594184675
(1.13);0.3485299741937181
(1.14);0.23171073782501
(1.15);0.20718198288905101
(1.16);0.3372132934088544
(1.17);0.31469850514349457
(1.18);0.22990726457262542
(1.19);0.3581649215508907
(2.3);0.5070847282542562
(2.4);0.5323043888868197
(2.5);0.5054324964318047
(2.6);0.427163864960302
(2.7);0.44450456196458554
(2.8);0.36998930231685073
(2.9);0.3618191650572719
(2.10);0.39529514298697443
(2.11);0.4270634120785599
(2.12);0.343696990322876
(2.13);0.2932341741230525
(2.14);0.18364363792328742
(2.15);0.16496335064706355
(2.16);0.29195904086409635
(2.17);0.30205596979317006
(2.18);0.2331515421881396
(2.19);0.4106577621181988
(3.4);0.4201652258110717
(3.5);0.3917161949298979
(3.6);0.3183452663690946
(3.7);0.32532171751459316
(3.8);0.25957471586901515
(3.9);0.2468412216214031
(3.10);0.27631235388192343
(3.11);0.30632202523186014
(3.12);0.237232356135794
(3.13);0.18782440982102894
(3.14);0.1172988610222965
(3.15);0.10776227941642778
(3.16);0.22684392301033396
(3.17);0.27997188899291564
(3.18);0.2422538380409403
(3.19);0.4994394029532641
(4.6);0.5533235645071174
(4.7);0.39340893690550327
(4.8);0.34674285925979836
(4.9);0.3809726451572094
(4.10);0.45074784844066285
(4.11);0.5121715169672738
(4.12);0.41539323631186204
(4.13);0.3531508682871604
(4.14);0.12287644859011579
(4.15);0.09796460178993771
(4.16);0.21908594697634798
(4.17);0.20800753792840165
(4.18);0.1385641322842617
(4.19);0.3068666002426795
(5.6);0.6235076779623259
(5.7);0.40339084784108936
(5.8);0.3623954022229066
(5.9);0.4057986087268734
(5.10);0.4864941517603488
(5.11);0.5615251454521547
(5.12);0.4493626692085839
(5.13);0.38251890620718587
(5.14);0.128915142168424
(5.15);0.10200471442526343
(5.16);0.22196417592079015
(5.17);0.20201899728352557
(5.18);0.12887738149686562
(5.19);0.28714779797017814
(6.7);0.4152335914006671
(6.8);0.3988999699964428
(6.9);0.47976627940732564
(6.10);0.6262386029685594
(6.11);0.8471768404490385
(6.12);0.5864853123392341
(6.13);0.48273793798541564
(6.14);0.14225840570400314
(6.15);0.10984816101556336
(6.16);0.22406236652845463
(6.17);0.1801524041260766
(6.18);0.09842239485918575
(6.19);0.23073797057365214
(7.8);0.6609585686094221
(7.9);0.5204413611280674
(7.10);0.4872232862427526
(7.11);0.4703282037616908
(7.12);0.4029478430950942
(7.13);0.3757767097283006
(7.14);0.3242120598382451
(7.15);0.29119941577602776
(7.16);0.43297168756067006
(7.17);0.354973608647788
(7.18);0.250187641821063
(7.19);0.3138446383142569
(8.9);0.613037304638639
(8.10);0.5128779287311376
(8.11);0.46813529920173363
(8.12);0.42791897449092253
(8.13);0.42114705013687254
(8.14);0.3433812575130967
(8.15);0.30069037114579167
(8.16);0.4224950540736667
(8.17);0.3112742265481306
(8.18);0.2061317463714152
(8.19);0.24566561540635692
(9.10);0.740132898386449
(9.11);0.5965190553922826
(9.12);0.5723751763181322
(9.13);0.5641239060551929
(9.14);0.2596033737495895
(9.15);0.21813048411998492
(9.16);0.32345176661124053
(9.17);0.23251384341972567
(9.18);0.13488848250402216
(9.19);0.20374649414991278
(10.11);0.9643266786937651
(10.12);0.8113780649846587
(10.13);0.6415064056645012
(10.14);0.20883000942866187
(10.15);0.17031995536871525
(10.16);0.2804831173189436
(10.17);0.2075990599869566
(10.18);0.1146261199822706
(10.19);0.21245639422409948
(11.12);0.7413585463583161
(11.13);0.5711562718616439
(11.14);0.18313357932435415
(11.15);0.1475199068885995
(11.16);0.2618938660394495
(11.17);0.203095127668
(11.18);0.11440816725574476
(11.19);0.2305495323933666
(12.13);0.769874818812985
(12.14);0.15947163532596217
(12.15);0.1206747402290034
(12.16);0.2231634022713293
(12.17);0.15200499391132338
(12.18);0.06218104942905492
(12.19);0.16459355353378718
(13.14);0.16369364889202787
(13.15);0.12146089945714664
(13.16);0.21409249018421378
(13.17);0.12885021607449415
(13.18);0.035669829634449875
(13.19);0.12205287329286482
(14.15);0.873152111714081
(14.16);0.5796038848230214
(14.17);0.3922359096042103
(14.18);0.29797237228423684
(14.19);0.17893119327264229
(15.16);0.5488235596262405
(15.17);0.41145715017557644
(15.18);0.3283155104650706
(15.19);0.18193065387833895
(16.17);0.5298934363699712
(16.18);0.38100214812695277
(16.19);0.2930630382178698
(17.18);0.6064055078483201
(17.19);0.40596672228152114
(18.19);0.395700879172601
