
****Mix criterion 0.5*C(weight)+0.5*C(distance) ******

(0.1);0.45855922783435965
(0.2);0.40862671954944246
(0.3);0.2958740638820614
(0.4);0.5311235019485611
(0.5);0.5867873347639713
(0.6);0.8923333466933074
(0.7);0.4276889642141954
(0.8);0.43175732350413903
(0.9);0.5617666806590582
(0.12);0.9534888141711819
(1.3);0.4152955404967242
(1.4);0.5056333198194197
(1.5);0.5083053098988888
(1.6);0.4715384236071945
(1.8);0.46161669056783755
(1.9);0.44726779844997167
(1.10);0.4761069078032487
(1.11);0.5049271340423414
(1.12);0.4018713401525516
(1.13);0.35717368855036097
(1.14);0.2342387164161106
(1.15);0.20954496614539433
(1.16);0.34074534468977846
(1.17);0.3200421164450711
(1.18);0.2340204070544177
(1.19);0.36439525296697745
(2.3);0.5097512719895061
(2.4);0.5334134719313708
(2.5);0.5082692382403812
(2.6);0.4291252337795037
(2.7);0.44719653508098545
(2.8);0.37103514990897135
(2.9);0.3634861691867267
(2.10);0.39808436365221633
(2.11);0.4337746262329667
(2.12);0.34494434531878415
(2.13);0.297341919471497
(2.14);0.18365157158809575
(2.15);0.16497092283815668
(2.16);0.29196985184641905
(2.18);0.2347695487692515
(2.19);0.4136218290233434
(3.4);0.4222787308820545
(3.5);0.39466886078204955
(3.6);0.3205632438213171
(3.7);0.32794377833145666
(3.8);0.26106832003677605
(3.9);0.24871780047260977
(3.10);0.2789955681118312
(3.11);0.311529009079147
(3.12);0.23884030464151448
(3.13);0.1915163933613307
(3.14);0.11786637554252265
(3.15);0.10831798297949843
(3.16);0.22758892359520322
(3.17);0.28268562023206134
(3.18);0.2446789295949749
(3.19);0.5056726400866515
(4.6);0.5574690580499213
(4.7);0.3958730545040042
(4.8);0.34798064079069474
(4.9);0.3830750052130647
(4.10);0.4546039608145374
(4.12);0.41739911450646494
(4.13);0.35842592058021955
(4.14);0.1230428789342751
(4.15);0.09812221765819684
(4.16);0.2192967966070104
(4.17);0.20970348534017852
(4.18);0.13999300655331948
(4.19);0.30913284437561334
(5.6);0.6320795522618012
(5.7);0.4070680260413359
(5.8);0.36464252618415954
(5.9);0.40922299049060495
(5.10);0.4924980403261892
(5.11);0.5757245368155404
(5.12);0.4529858333285175
(5.13);0.3894043266060419
(5.14);0.1295644565343015
(5.15);0.10261662077648229
(5.16);0.22278205428024092
(5.17);0.2042625097832007
(5.18);0.13075558434356638
(5.19);0.29000833723851316
(6.7);0.4190950969507558
(6.8);0.4015035550698357
(6.9);0.48445543670048896
(6.10);0.6366389268531185
(6.11);0.881877715489486
(6.12);0.5929801710561392
(6.13);0.4929323840848354
(6.14);0.14293782152285012
(6.15);0.11047995001933274
(6.16);0.2248964812567092
(6.17);0.18228169150939813
(6.18);0.10018645267458277
(6.19);0.23316896770992063
(7.8);0.6700308002089158
(7.9);0.5267417016317435
(7.10);0.49381200627237365
(7.11);0.48053617961821016
(7.12);0.4063782505010173
(7.13);0.3828594268290393
(7.14);0.32569036295064013
(7.15);0.2925293407360173
(7.16);0.4351672469929904
(7.17);0.3589373490518245
(7.18);0.2530299520037551
(7.19);0.3172948867216573
(8.9);0.6198077968244974
(8.10);0.5185971980681654
(8.11);0.4768943595521133
(8.12);0.4306181348121024
(8.14);0.3441600833442553
(8.15);0.3013677146679704
(8.16);0.4235331832654517
(8.17);0.3139703162691124
(8.18);0.20812116830705404
(8.19);0.2478793884913728
(9.10);0.7552286641806674
(9.11);0.6124184196586918
(9.12);0.5787022775284195
(9.13);0.5781887284461488
(9.14);0.2606668245068888
(9.15);0.21907897144953684
(9.16);0.32474480505202336
(9.17);0.23507461005471675
(9.18);0.13689874630773952
(9.19);0.20611949340861863
(10.12);0.8277934377821576
(10.13);0.6614635193827832
(10.14);0.21026218877588815
(10.15);0.17162356033276704
(10.16);0.28222199736300024
(10.17);0.21054796902785108
(10.18);0.11700257883257112
(10.19);0.21544186145062344
(11.12);0.765252052167008
(11.13);0.592526826979534
(11.14);0.18608866659253526
(11.15);0.15023909884378203
(11.16);0.2655201949310605
(11.17);0.20770288289860353
(11.18);0.11816200062341102
(11.19);0.2354940448460574
(12.14);0.16011406084068328
(12.15);0.12126303388816362
(12.16);0.22391676747099074
(12.17);0.15391918680008526
(12.18);0.06376056933572363
(12.19);0.16656513838923293
(13.14);0.16651565290164297
(13.15);0.12402796421896889
(13.16);0.2172837588180898
(13.17);0.1327229533557439
(13.18);0.038878060217671075
(13.19);0.12586880706317954
(14.15);0.8724017765525557
(14.16);0.5792807619415686
(14.17);0.39471935134266706
(14.18);0.2998029744780891
(14.19);0.18026174018730712
(15.16);0.5485346733428612
(15.17);0.4141141169578419
(15.18);0.3303247005438096
(15.19);0.1832708177528692
(16.17);0.5340082327994312
(16.18);0.3833912825081459
(16.19);0.29486711737642696
(17.18);0.6176152428032483
(17.19);0.41134884943476346
