
****Importance edges******

(0.1);17.458526169373798
(0.2);19.07131669805159
(0.3);26.007493773774232
(0.4);27.118993923685824
(0.5);16.37438131485114
(0.6);28.387782735446713
(0.7);16.830969722221294
(0.8);14.261754491919708
(0.9);12.319306940092035
(0.10);11.385018517893934
(0.11);12.136172345382075
(0.12);13.318758346284438
(0.13);28.786865313154934
(0.14);10.145046739663922
(0.15);9.414575401494924
(0.16);11.361809888601345
(0.17);8.293316034622183
(0.30);13.044290164022245
(0.31);33.86451707731367
(1.2);1.9228763966956985
(1.3);1.3070535873103477
(1.4);0.8143254916444815
(1.5);4.25310758374264
(1.6);0.7748313483105264
(1.7);3.255727698545954
(1.8);0.6022261431358027
(1.9);0.6312195979106824
(1.10);0.7853254798211786
(1.11);1.2588762879954656
(1.12);1.6723218561518423
(1.13);1.3686056992088884
(1.14);1.4143171790418496
(1.15);1.06825191019876
(1.16);1.0662511470204525
(1.17);0.5523528456439837
(1.18);0.208279716208677
(1.19);0.5362829817922541
(1.20);0.28015132138113313
(1.21);0.42289156627311303
(1.22);0.6577054174767767
(1.23);0.5159194998748264
(1.24);0.38170601984109953
(1.25);0.7298501393802012
(1.26);0.5755148633843016
(1.27);0.536343917454209
(1.28);0.6743558312427025
(1.29);0.483875889907403
(1.30);2.144283029619757
(1.31);2.8874572859992873
(2.3);2.8438326833091354
(2.4);1.147334664577782
(2.5);3.115226092614831
(2.6);1.0058372812658696
(2.7);1.328438471191506
(2.8);0.5663784092159911
(2.9);0.5577992959153896
(2.10);0.620829749961204
(2.11);0.8295386109518659
(2.12);3.0886147739612553
(2.13);2.488851744302994
(2.14);1.5410772783883488
(2.15);1.3810657449026962
(2.16);1.748844074801475
(2.17);0.49262252128509304
(2.18);0.18366419517963994
(2.19);1.1438034127739607
(2.20);0.33385723492666675
(2.21);0.5208868108742498
(2.22);0.8169379409622608
(2.23);0.6051854491747396
(2.24);0.3931393867328105
(2.25);0.5413236170613567
(2.26);0.7965011273628047
(2.27);1.0172555705992754
(2.28);0.4538198842774186
(2.29);0.3924219952888173
(2.30);1.1840040439733224
(2.31);2.1610189595627514
(3.4);1.9321704660384107
(3.5);1.6058701036858958
(3.6);1.5286107543512448
(3.7);1.0957148245758246
(3.8);0.6314010373293084
(3.9);0.594280567133898
(3.10);0.6179343813905723
(3.11);0.757105042551194
(3.12);1.7511106859370271
(3.13);9.53188742096544
(3.14);1.0946670319384095
(3.15);1.080901123422792
(3.16);1.5563165160774113
(3.17);0.5122510997778535
(3.18);0.1881248148661784
(3.19);0.9982883244837383
(3.20);0.29924949985736465
(3.21);0.7816459823446078
(3.22);1.2614367368297124
(3.23);0.8865989464338662
(3.24);0.4901528325939132
(3.25);0.5613475001780297
(3.26);1.4690808387308254
(3.27);2.9632492006374496
(3.28);0.44113757397019654
(3.29);0.4169867995404089
(3.30);1.0077168806801016
(3.31);2.1533315874128993
(4.5);0.9074861912297184
(4.6);5.421886575984439
(4.7);0.7889602916665022
(4.8);0.7022873900717507
(4.9);0.6127539186670328
(4.10);0.5754520140923054
(4.11);0.6309755620624342
(4.12);1.010330829654614
(4.13);2.9965894597439457
(4.14);0.7562390609777364
(4.15);0.7797098972718712
(4.16);1.0966245534550918
(4.17);0.5228674676070446
(4.18);0.18711018206957164
(4.19);0.5839449549867186
(4.20);0.24986472501618442
(4.21);1.4419491127271944
(4.22);0.9886173255266006
(4.23);1.0587086701456312
(4.24);0.6084373434108508
(4.25);0.4738844305233446
(4.26);1.3677445062822324
(4.27);1.35723670700442
(4.28);0.37374736557320104
(4.29);0.3950346216398303
(4.30);0.7800931872399195
(4.31);1.4772651663213436
(5.6);0.8391631443512483
(5.7);1.9886316187889554
(5.8);0.5833785025362163
(5.9);0.5976686193243381
(5.10);0.7120151038331619
(5.11);1.0555585505986147
(5.12);2.70508054582901
(5.13);1.600461822918371
(5.14);1.9223995672145375
(5.15);1.4063213164515418
(5.16);1.4004589475560947
(5.17);0.5294033477770044
(5.18);0.21514210519140792
(5.19);0.7930120945993161
(5.20);0.36309532623383417
(5.21);0.47178164766767855
(5.22);0.7154825252804244
(5.23);0.5574839420868889
(5.24);0.39988474800453333
(5.25);0.6450976339612048
(5.26);0.6561071379786688
(5.27);0.6889249958017868
(5.28);0.5828523169615464
(5.29);0.4578164065182925
(5.30);1.6522795249629738
(5.31);2.328929358422143
(6.7);0.7752994565568136
(6.8);0.7953619087218233
(6.9);0.6707250532275871
(6.10);0.6056490075627321
(6.11);0.6404124391221944
(6.12);0.9031477122194324
(6.13);2.1915610833433568
(6.14);0.7030433683381825
(6.15);0.7162641601945976
(6.16);0.962802994185072
(6.17);0.5620998028306713
(6.18);0.20463600461945017
(6.19);0.5152721457066195
(6.20);0.24426619874030864
(6.21);2.119039981795057
(6.22);0.9720182111681931
(6.23);1.2024346276330602
(6.24);0.7569140797993279
(6.25);0.5045080588278791
(6.26);1.2510035791585756
(6.27);0.9901730444104792
(6.28);0.3961628793129564
(6.29);0.4353376303164134
(6.30);0.7726152810588993
(6.31);1.4374907312697225
(7.8);0.7276140153045629
(7.9);0.7990538319918935
(7.10);1.0942779152598605
(7.11);2.1252538597806465
(7.12);1.2377893414955177
(7.13);1.187223250248293
(7.14);1.158974780096368
(7.15);0.9113080926790273
(7.16);0.9028854936070452
(7.17);0.6773403673853421
(7.18);0.2901937233122382
(7.19);0.48537784790759286
(7.20);0.29100670866118067
(7.21);0.4797488842545802
(7.22);0.7032277140597613
(7.23);0.589565118622504
(7.24);0.48217604402473024
(7.25);1.1645049076342533
(7.26);0.6046249242409839
(7.27);0.5192675066005239
(7.28);1.327788159560864
(7.29);0.7476677024201209
(7.30);4.250194530574712
(7.31);3.0469112348651533
(8.9);2.624307620774908
(8.10);1.1168660973835294
(8.11);0.800217097215873
(8.12);0.5547601234174361
(8.13);0.7632670322451142
(8.14);0.5051306641208348
(8.15);0.4765282870195564
(8.16);0.5312329275304076
(8.17);1.377167662624948
(8.18);0.38380402005269965
(8.19);0.2745258416327699
(8.20);0.1803377857546351
(8.21);0.5152917915936761
(8.22);0.4710804450918989
(8.23);0.5382112445805247
(8.24);0.9031825690495608
(8.25);0.5666380942858239
(8.26);0.4459658853459135
(8.27);0.3486134882388034
(8.28);0.511360184380669
(8.29);0.7599780917135143
(8.30);0.8131545906533376
(8.31);1.093886386199521
(9.10);1.7768564996336058
(9.11);0.9882623181208572
(9.12);0.5534009018087979
(9.13);0.7037701144749227
(9.14);0.518364094139186
(9.15);0.4785028638842098
(9.16);0.5156763827899307
(9.17);2.129530045892793
(9.18);0.5445219531074361
(9.19);0.2698424965223221
(9.20);0.18460769401010288
(9.21);0.4348706767261595
(9.22);0.43834531117350617
(9.23);0.4729104734918098
(9.24);0.6593159764526005
(9.25);0.612586559164867
(9.26);0.407392923570105
(9.27);0.3269303130728201
(9.28);0.6169961062165454
(9.29);0.9292568586161268
(9.30);0.934971702906999
(9.31);1.0950607326311972
(10.11);1.8798266932171226
(10.12);0.6252403337966824
(10.13);0.711597316828247
(10.14);0.609908668741872
(10.15);0.53945840239707
(10.16);0.5532721302877281
(10.17);1.4568749404753192
(10.18);0.666902302550278
(10.19);0.2943394926529534
(10.20);0.20899585867614617
(10.21);0.3930705798429068
(10.22);0.4445526974235959
(10.23);0.44519945706616715
(10.24);0.5076906791443365
(10.25);0.7410479706279629
(10.26);0.40449778218143373
(10.27);0.3355844432015191
(10.28);0.979715717252641
(10.29);1.0699375840425496
(10.30);1.438088158981511
(10.31);1.2411706919469407
(11.12);0.8426944285866849
(11.13);0.8442530211118022
(11.14);0.8541708759419154
(11.15);0.7066134060577983
(11.16);0.6885529087745896
(11.17);0.8692635342992698
(11.18);0.43573733980426366
(11.19);0.3763161449633675
(11.20);0.26640327621724624
(11.21);0.4166554677362766
(11.22);0.5240677978264119
(11.23);0.4862778543868886
(11.24);0.470199639187529
(11.25);0.9230396939687544
(11.26);0.46883191889473746
(11.27);0.40342585695009137
(11.28);1.584709949922162
(11.29);0.8871315122292355
(11.30);4.191135977749294
(11.31);1.644627682260979
(12.13);1.7264741993467698
(12.14);3.010360338868265
(12.15);2.7386123311801827
(12.16);2.833212161391588
(12.17);0.4995699789164843
(12.18);0.22976029720505625
(12.19);1.875492540528356
(12.20);0.6040556648369063
(12.21);0.5252076471984259
(12.22);0.7029388574778141
(12.23);0.5776715919418263
(12.24);0.41937303013664906
(12.25);0.5525724973136177
(12.26);0.7001465209090038
(12.27);0.9061159554286887
(12.28);0.5009506158990628
(12.29);0.43018960336264106
(12.30);1.1882615538195092
(12.31);1.5883758431001238
(13.14);1.1381680580757678
(13.15);1.1387726684806023
(13.16);1.6440737038370936
(13.17);0.591289018423709
(13.18);0.2572014529567839
(13.19);1.1890390145848373
(13.20);0.3899296274142308
(13.21);1.2642944595949757
(13.22);1.8569896766032357
(13.23);1.3713201566319142
(13.24);0.7184119117454255
(13.25);0.7513889752611094
(13.26);2.504399091842089
(13.27);6.465713951618778
(13.28);0.5846776850070744
(13.29);0.570636566350283
(13.30);1.081522945208762
(13.31);2.291315390541168
(14.15);3.5411367214301355
(14.16);1.8172598908945015
(14.17);0.48225175595485886
(14.18);0.23770336839357542
(14.19);0.9321988980302643
(14.20);0.7784629435248278
(14.21);0.425270661690652
(14.22);0.5395564083251119
(14.23);0.4645509962727806
(14.24);0.3667322962101123
(14.25);0.49500259004981517
(14.26);0.5272364455712609
(14.27);0.6083015648931065
(14.28);0.4811929282324003
(14.29);0.4021369060852284
(14.30);1.2209965034165242
(14.31);1.2608290293146909
(15.16);2.7342247217058504
(15.17);0.4474737106920975
(15.18);0.22091343717137277
(15.19);1.1326399761442076
(15.20);1.1850432774415527
(15.21);0.42425923265363413
(15.22);0.5128836795513166
(15.23);0.44955908080229057
(15.24);0.3537144794303112
(15.25);0.4371634172980122
(15.26);0.5162118360406569
(15.27);0.636732569638429
(15.28);0.4142654336394456
(15.29);0.3631437586263428
(15.30);0.9553807360530582
(15.31);1.087789507623897
(16.17);0.4704538984977087
(16.18);0.22812990747565004
(16.19);2.7812728758584893
(16.20);0.7816388259675254
(16.21);0.5512952587275778
(16.22);0.6506792106235676
(16.23);0.5679472512039282
(16.24);0.4227655259465293
(16.25);0.4823547886362089
(16.26);0.6844697506807526
(16.27);0.9885751859558529
(16.28);0.4341746205216684
(16.29);0.39716226904113433
(16.30);0.9030158651585122
(16.31);1.2190532318599347
(17.18);1.1214857307194839
(17.19);0.2746582564038625
(17.20);0.20373680457364138
(17.21);0.3884620515676302
(17.22);0.3912871292398023
(17.23);0.4108198850017344
(17.24);0.510626189871987
(17.25);0.5023560577082149
(17.26);0.37100691964500454
(17.27);0.31629411703768284
(17.28);0.531337736730046
(17.29);0.6442790236469903
(17.30);0.8136730861099776
(17.31);0.8424808009028913
(18.19);0.0
(18.20);0.0
(18.21);0.0
(18.22);0.0
(18.23);0.0
(18.24);0.0
(18.25);0.0
(18.26);0.0
(18.27);0.0
(18.28);0.0
(18.29);0.0
(18.30);0.44516382829902457
(18.31);0.41488060039484853
(19.20);0.0
(19.21);0.0
(19.22);0.0
(19.23);0.0
(19.24);0.0
(19.25);0.0
(19.26);0.0
(19.27);0.0
(19.28);0.0
(19.29);0.0
(19.30);0.5594805444273168
(19.31);0.8613014605914736
(20.21);0.0
(20.22);0.0
(20.23);0.0
(20.24);0.0
(20.25);0.0
(20.26);0.0
(20.27);0.0
(20.28);0.0
(20.29);0.0
(20.30);0.3850150609772856
(20.31);0.42718575980301876
(21.22);0.0
(21.23);0.0
(21.24);0.0
(21.25);0.0
(21.26);0.0
(21.27);0.0
(21.28);0.0
(21.29);0.0
(21.30);0.5480196340947384
(21.31);1.1642942074492022
(22.24);0.0
(22.25);0.0
(22.26);0.0
(22.27);0.0
(22.28);0.0
(22.29);0.0
(22.30);0.7285241043144011
(22.31);2.325991972887457
(23.25);0.0
(23.26);0.0
(23.27);0.0
(23.28);0.0
(23.29);0.0
(23.30);0.646240281170708
(23.31);1.658514454191814
(24.25);0.0
(24.26);0.0
(24.27);0.0
(24.28);0.0
(24.30);0.5747447455156958
(24.31);1.0846492154270833
(25.26);0.0
(25.27);0.0
(25.28);0.0
(25.29);0.0
(25.30);1.1714662251427028
(26.27);0.0
(26.28);0.0
(26.29);0.0
(26.30);0.6488498696724144
(26.31);1.6853342237172602
(27.28);0.0
(27.29);0.0
(27.30);0.5752030565237215
(27.31);1.1542074139128349
(28.30);1.6652968559572776
(28.31);1.6092403153346806
(29.30);0.9378352019288436
(29.31);1.3364014372688209
(30.31);2.14942932577899

****Importance nodes******

0; 0.05789473684210527
1; 0.0018675721561969441
2; 0.0019278164193000714
3; 0.001990004045729106
4; 0.002054197724623593
5; 0.0021204621673533864
6; 0.0021888641727518827
7; 0.0022594726944535565
8; 0.0023323589104036714
9; 0.0024075962946102413
10; 0.002485260691210572
11; 0.002565430390927042
12; 0.0026481862099892047
13; 0.00273361157160176
14; 0.002821792590040526
15; 0.0029128181574611884
16; 0.0030067800335083234
17; 0.0031037729378150434
18; DISCONNECTED
19; DISCONNECTED
20; DISCONNECTED
21; DISCONNECTED
22; DISCONNECTED
23; DISCONNECTED
24; DISCONNECTED
25; DISCONNECTED
26; DISCONNECTED
27; DISCONNECTED
28; DISCONNECTED
29; DISCONNECTED
30; 0.0032038946454864964
31; 0.0034174876218522627
