
****Importance edges******

(0.1);17.427286014340403
(0.2);19.037190627811864
(0.3);25.960956160596545
(0.4);27.070467400524215
(0.5);16.345081120442444
(0.6);28.33698585115613
(0.7);16.800852511960613
(0.8);14.236234616011892
(0.9);12.297262865181084
(0.10);11.36464625163809
(0.11);12.114455970133466
(0.12);13.29492586056636
(0.13);28.735354313510182
(0.14);10.126893269554623
(0.15);9.397729031288012
(0.16);11.341479151691688
(0.17);8.27847603746841
(0.30);13.020948809599124
(0.31);33.803920165904145
(1.2);1.9194356161761945
(1.3);1.3047147554806506
(1.4);0.8128683437523961
(1.5);4.245497105114557
(1.6);0.7734448709406084
(1.7);3.2499019239609535
(1.8);0.6011485242180197
(1.9);0.6300900983236302
(1.10);0.7839202243314954
(1.11);1.2566236642617488
(1.12);1.6693294160371912
(1.13);1.3661567264944632
(1.14);1.4117864105502247
(1.15);1.066340388288745
(1.16);1.0643432052609765
(1.17);0.5513644696285257
(1.18);0.20790702205559977
(1.19);0.5353233610699533
(1.20);0.279650020719906
(1.21);0.42213484729440204
(1.22);0.6565285243639821
(1.23);0.5149963174134617
(1.24);0.3810229979685009
(1.25);0.7285441510462386
(1.26);0.574485041429016
(1.27);0.5353841876940943
(1.28);0.6731491440051135
(1.29);0.48301004604000103
(1.30);2.140446065741425
(1.31);2.882290491712541
(2.3);2.8387439505573715
(2.4);1.1452816325836221
(2.5);3.109651730543645
(2.6);1.0040374436220574
(2.7);1.3260613734119033
(2.8);0.5653649359628756
(2.9);0.5568011740628998
(2.10);0.6197188418896993
(2.11);0.8280542408188484
(2.12);3.0830880299829317
(2.13);2.4843982117657766
(2.14);1.5383196863311366
(2.15);1.3785944762764957
(2.16);1.7457147064059986
(2.17);0.4917410262614818
(2.18);0.18333554785421097
(2.19);1.1417566995751416
(2.20);0.33325983330885856
(2.21);0.5199547399440524
(2.22);0.8154761183730725
(2.23);0.6041025348970532
(2.24);0.39243590607974077
(2.25);0.5403549766643281
(2.26);0.7950758742537113
(2.27);1.0154353011546613
(2.28);0.4530078223997708
(2.29);0.39171979833058596
(2.30);1.1818853960682785
(2.31);2.1571520485376228
(3.4);1.9287130547813323
(3.5);1.6029965718358448
(3.6);1.5258754697981065
(3.7);1.0937541607339827
(3.8);0.6302712130759291
(3.9);0.5932171659698772
(3.10);0.6168286542697474
(3.11);0.7557502844990879
(3.12);1.7479772616846825
(3.13);9.514831133515804
(3.14);1.0927082430088093
(3.15);1.07896696710605
(3.16);1.5535316550432317
(3.17);0.5113344815239507
(3.18);0.18778818574152997
(3.19);0.9965019948862486
(3.20);0.29871402505963457
(3.21);0.7802473109199538
(3.22);1.2591795314481657
(3.23);0.8850124729669576
(3.24);0.48927575681261654
(3.25);0.5603430291955974
(3.26);1.466452076559649
(3.27);2.9579467848703676
(3.28);0.44034820572294664
(3.29);0.4162406465067483
(3.30);1.005913679695276
(3.31);2.149478432113508
(4.5);0.90586234228453
(4.6);5.4121846930440345
(4.7);0.7875485320719212
(4.8);0.7010307223134877
(4.9);0.6116574614271278
(4.10);0.5744223045990687
(4.11);0.6298464991512881
(4.12);1.0085229512892113
(4.13);2.991227385168712
(4.14);0.7548858525065255
(4.15);0.7783146902632421
(4.16);1.0946622617512558
(4.17);0.5219318525046301
(4.18);0.18677536852119578
(4.19);0.5829000482891099
(4.20);0.2494176189620333
(4.21);1.4393688998618672
(4.22);0.9868483011416941
(4.23);1.05681422483738
(4.24);0.6073486102181482
(4.25);0.4730364652979963
(4.26);1.365297074579934
(4.27);1.3548080778788862
(4.28);0.3730785848565153
(4.29);0.39432774966771406
(4.30);0.7786972943751127
(4.31);1.4746217591761133
(5.6);0.8376615521507662
(5.7);1.9850731763710459
(5.8);0.5823346094443497
(5.9);0.5965991556052849
(5.10);0.710741029377273
(5.11);1.0536697420905186
(5.12);2.7002400951054106
(5.13);1.5975979686051294
(5.14);1.9189596399301105
(5.15);1.4038048556961211
(5.16);1.397952976879354
(5.17);0.5284560374199156
(5.18);0.21475713153124978
(5.19);0.7915930847391309
(5.20);0.36244560619599125
(5.21);0.47093744514611036
(5.22);0.7142022462467533
(5.23);0.5564863845261611
(5.24);0.39916919725288585
(5.25);0.6439433011211294
(5.26);0.6549331048151519
(5.27);0.6876922386110346
(5.28);0.5818093654221779
(5.29);0.45699719329389366
(5.30);1.6493229484445675
(5.31);2.3247619897958853
(6.7);0.7739121415575309
(6.8);0.7939386941219727
(6.9);0.6695248628767905
(6.10);0.6045652637971631
(6.11);0.6392664899344221
(6.12);0.9015316265158586
(6.13);2.187639520472322
(6.14);0.7017853478381121
(6.15);0.7149824825093072
(6.16);0.9610801617699439
(6.17);0.5610939856835472
(6.18);0.2042698304964053
(6.19);0.5143501216159203
(6.20);0.24382911064684445
(6.21);2.1152481876360874
(6.22);0.9702788891133083
(6.23);1.2002830001806424
(6.24);0.7555596634545294
(6.25);0.5036052959130444
(6.26);1.2487650427906658
(6.27);0.9884012362339369
(6.28);0.3954539884450706
(6.29);0.43455864044458714
(6.30);0.771232769103005
(6.31);1.4349184961985446
(7.8);0.7263120282741535
(7.9);0.7976240110923924
(7.10);1.0923198226127095
(7.11);2.1214509465552824
(7.12);1.2355744505848039
(7.13);1.185098841919824
(7.14);1.1569009193673034
(7.15);0.9096774048522152
(7.16);0.9012698771154785
(7.17);0.6761283396412925
(7.18);0.28967445285274795
(7.19);0.4845093164478749
(7.20);0.29048598345183957
(7.21);0.4788904252199623
(7.22);0.7019693636928473
(7.23);0.5885101552464799
(7.24);0.4813132418487282
(7.25);1.1624211513366878
(7.26);0.6035430129623859
(7.27);0.5183383332411792
(7.28);1.325412225443988
(7.29);0.746329831473257
(7.30);4.242589264541995
(7.31);3.041459114885108
(8.9);2.6196117045141096
(8.10);1.1148675856136752
(8.11);0.7987851947783551
(8.12);0.5537674398372889
(8.13);0.7619012479751311
(8.14);0.5042267871207854
(8.15);0.4756755908973371
(8.16);0.5302823433371091
(8.17);1.3747033691977713
(8.18);0.3831172440343482
(8.19);0.2740346071625701
(8.20);0.1800150906811393
(8.21);0.5143697323487747
(8.22);0.4702374972969305
(8.23);0.537248173439336
(8.24);0.9015664209734383
(8.25);0.5656241563542034
(8.26);0.4451678773547091
(8.27);0.34798968189262863
(8.28);0.5104451603240575
(8.29);0.7586181926489092
(8.30);0.8116995379626534
(8.31);1.0919289941515173
(9.10);1.7736770060164395
(9.11);0.9864939289835245
(9.12);0.5524106504095442
(9.13);0.7025107935407973
(9.14);0.5174365373392849
(9.15);0.47764663446904365
(9.16);0.5147536353604438
(9.17);2.1257194808922564
(9.18);0.5435475896320127
(9.19);0.2693596423945353
(9.20);0.18427735839498374
(9.21);0.4340925224175652
(9.22);0.4375609393802419
(9.23);0.4720642510578269
(9.24);0.6581362014177236
(9.25);0.6114904013967929
(9.26);0.40666393774573656
(9.27);0.3263453064367257
(9.28);0.6158920580382394
(9.29);0.9275940534029388
(9.30);0.9332986715945455
(9.31);1.093101239216547
(10.11);1.8764629455122885
(10.12);0.6241215334597325
(10.13);0.7103239899572733
(10.14);0.6088173027707208
(10.15);0.5384930996010919
(10.16);0.5522821093112629
(10.17);1.454268019446409
(10.18);0.6657089526007073
(10.19);0.2938128037850775
(10.20);0.20862188306313975
(10.21);0.3923672223123667
(10.22);0.4437572181801996
(10.23);0.4444028205159451
(10.24);0.5067822212727149
(10.25);0.7397219449792336
(10.26);0.4037739769012274
(10.27);0.3349839509302527
(10.28);0.9779626213384326
(10.29);1.0680230458004738
(10.30);1.4355148548776924
(10.31);1.2389497504732354
(11.12);0.8411865175328292
(11.13);0.842742321124239
(11.14);0.8526424290197321
(11.15);0.7053489973591622
(11.16);0.6873208173935572
(11.17);0.8677080806880695
(11.18);0.43495763469529497
(11.19);0.37564276769221794
(11.20);0.2659265762043304
(11.21);0.41590990758524693
(11.22);0.5231300348621574
(11.23);0.4854077124623656
(11.24);0.46935826750000165
(11.25);0.9213880137030886
(11.26);0.467992994595585
(11.27);0.40270396976480827
(11.28);1.5818742818916396
(11.29);0.88554408579311
(11.30);4.18363639064551
(11.31);1.641684797892184
(12.13);1.7233848594376904
(12.14);3.004973622785804
(12.15);2.733711878932815
(12.16);2.8281424329216303
(12.17);0.4986760521645939
(12.18);0.2293491658623776
(12.19);1.8721365483236494
(12.20);0.6029747721867919
(12.21);0.5242678445963033
(12.22);0.7016810239886889
(12.23);0.5766379107527286
(12.24);0.4186226071999594
(12.25);0.5515837282551189
(12.26);0.6988936840058715
(12.27);0.9044945583731065
(12.28);0.5000542186457703
(12.29);0.429419825331413
(12.30);1.186135287558462
(12.31);1.5855336153480013
(13.14);1.1361314287381366
(13.15);1.1367349572576735
(13.16);1.6411318107531117
(13.17);0.5902309703143842
(13.18);0.2567412186169987
(13.19);1.1869113571413614
(13.20);0.38923189028027366
(13.21);1.2620321406258694
(13.22);1.8536667932836648
(13.23);1.3688663266878518
(13.24);0.7171263908897112
(13.25);0.7500444454966942
(13.26);2.499917738998463
(13.27);6.454144251846269
(13.28);0.5836314671678944
(13.29);0.5696154735829119
(13.30);1.0795876762088068
(13.31);2.287215328065305
(14.15);3.5348002380924988
(14.16);1.8140080997537862
(14.17);0.4813888183005003
(14.18);0.23727802377922858
(14.19);0.9305308283539411
(14.20);0.7770699678058275
(14.21);0.42450968557654695
(14.22);0.5385909301580655
(14.23);0.4637197322242758
(14.24);0.36607606820562844
(14.25);0.4941168361491098
(14.26);0.5262930126526336
(14.27);0.6072130746614592
(14.28);0.4803318852363812
(14.29);0.40141732533889996
(14.30);1.2188116614835964
(14.31);1.2585729113603876
(15.16);2.729332120613779
(15.17);0.4466730046095924
(15.18);0.22051813633330425
(15.19);1.1306132387146852
(15.20);1.1829227699399798
(15.21);0.42350006638301846
(15.22);0.5119659293639389
(15.23);0.4487546431742409
(15.24);0.3530815454089764
(15.25);0.4363811603767334
(15.26);0.5152881304751622
(15.27);0.635593205181353
(15.28);0.4135241501974002
(15.29);0.36249395192394207
(15.30);0.9536711849706435
(15.31);1.0858430252844262
(16.17);0.46961207184048964
(16.18);0.22772169354005473
(16.19);2.776296087154273
(16.20);0.7802401673484385
(16.21);0.5503087751501703
(16.22);0.6495148901523157
(16.23);0.5669309706767937
(16.24);0.42200903250342786
(16.25);0.4814916666159475
(16.26);0.6832449656720128
(16.27);0.9868062369751763
(16.28);0.43339771173079594
(16.29);0.39645158987280765
(16.30);0.9014000153810746
(16.31);1.2168718672024716
(17.18);1.119478952612585
(17.19);0.27416678499167013
(17.20);0.20337223947237554
(17.21);0.3877669405028226
(17.22);0.39058696300231843
(17.23);0.41008476699843066
(17.24);0.5097124792196127
(17.25);0.5014571455679506
(17.26);0.37034304266159085
(17.27);0.31572814273054217
(17.28);0.5303869649919563
(17.29);0.6431261556220361
(17.30);0.8122171056274344
(17.31);0.8409732721128016
(18.19);0.0
(18.20);0.0
(18.21);0.0
(18.22);0.0
(18.23);0.0
(18.24);0.0
(18.25);0.0
(18.26);0.0
(18.27);0.0
(18.28);0.0
(18.29);0.0
(18.30);0.44436725550264966
(18.31);0.4141382161780513
(19.20);0.0
(19.21);0.0
(19.22);0.0
(19.23);0.0
(19.24);0.0
(19.25);0.0
(19.26);0.0
(19.27);0.0
(19.28);0.0
(19.29);0.0
(19.30);0.5584794141614219
(19.31);0.8597602542549062
(20.21);0.0
(20.22);0.0
(20.23);0.0
(20.24);0.0
(20.25);0.0
(20.26);0.0
(20.27);0.0
(20.28);0.0
(20.29);0.0
(20.30);0.38432611793143884
(20.31);0.42642135682679744
(21.22);0.0
(21.23);0.0
(21.24);0.0
(21.25);0.0
(21.26);0.0
(21.27);0.0
(21.28);0.0
(21.29);0.0
(21.30);0.5470390118953401
(21.31);1.1622108281769585
(22.23);0.0
(22.24);0.0
(22.25);0.0
(22.26);0.0
(22.27);0.0
(22.28);0.0
(22.29);0.0
(22.30);0.7272204887775825
(22.31);2.3218298603967185
(23.25);0.0
(23.26);0.0
(23.27);0.0
(23.28);0.0
(23.29);0.0
(23.30);0.6450839036863351
(23.31);1.655546720938077
(24.25);0.0
(24.26);0.0
(24.27);0.0
(24.28);0.0
(24.30);0.5737163016035149
(24.31);1.0827083523027816
(25.26);0.0
(25.27);0.0
(25.28);0.0
(25.29);0.0
(25.30);1.1693700123160986
(26.27);0.0
(26.28);0.0
(26.29);0.0
(26.30);0.6476888226100613
(26.31);1.682318499370243
(27.28);0.0
(27.29);0.0
(27.30);0.5741737925132802
(27.31);1.1521420838728578
(28.30);1.6623169863249836
(28.31);1.6063607528533275
(29.30);0.9361570466928405
(29.31);1.3340100906177865
(30.31);2.1455831531571303

****Importance nodes******

0; 0.05789473684210527
1; 0.0018675721561969441
2; 0.0019278164193000714
3; 0.001990004045729106
4; 0.002054197724623593
5; 0.0021204621673533864
6; 0.0021888641727518827
7; 0.0022594726944535565
8; 0.0023323589104036714
9; 0.0024075962946102413
10; 0.002485260691210572
11; 0.002565430390927042
12; 0.0026481862099892047
13; 0.00273361157160176
14; 0.002821792590040526
15; 0.0029128181574611884
16; 0.0030067800335083234
17; 0.0031037729378150434
18; DISCONNECTED
19; DISCONNECTED
20; DISCONNECTED
21; DISCONNECTED
22; DISCONNECTED
23; DISCONNECTED
24; DISCONNECTED
25; DISCONNECTED
26; DISCONNECTED
27; DISCONNECTED
28; DISCONNECTED
29; DISCONNECTED
30; 0.0032038946454864964
31; 0.0034174876218522627
