
****Mix criterion 0.5*C(weight)+0.5*C(distance) ******

(0.1);0.6484369818332933
(0.2);0.6813076180478367
(0.3);0.811407327614847
(0.4);0.8309055738162674
(0.5);0.624349285517581
(0.6);0.8522973368394511
(0.7);0.6340320945260625
(0.8);0.5750276328026418
(0.9);0.52456656305585
(0.10);0.49754302759614577
(0.11);0.5190516389803219
(0.12);0.5506465385020202
(0.14);0.4569684687250972
(0.15);0.43085988026848054
(0.16);0.4951124723066679
(0.17);0.38534089961048024
(0.30);0.5418068449835219
(0.31);0.9415762037986583
(1.2);0.4683073024308737
(1.3);0.4293169650788582
(1.4);0.3644817872962336
(1.6);0.3507912821179938
(1.7);0.5100861454241271
(1.8);0.2947453499249423
(1.9);0.3013611550878584
(1.10);0.3414835795269487
(1.11);0.4107261549217871
(1.12);0.44217664560226333
(1.13);0.4051834764840164
(1.14);0.41897904752486637
(1.15);0.37823564404937055
(1.16);0.37523258632087125
(1.17);0.2315456828270692
(1.18);0.21384859977093065
(1.19);0.3958354250257587
(1.20);0.2891771775532437
(1.21);0.3639689565800993
(1.22);0.41843970247918205
(1.23);0.3910883537164455
(1.24);0.3479626538286859
(1.25);0.42860121861104944
(1.26);0.40409618496982
(1.27);0.39584912473479394
(1.28);0.4209569146826189
(1.29);0.38286253070814563
(1.30);0.45890632757639616
(1.31);0.4853832944778329
(2.3);0.5005465098303479
(2.4);0.4106652661576596
(2.5);0.5063847505479798
(2.6);0.3891615525969123
(2.7);0.42285459608747494
(2.8);0.2772508869368023
(2.9);0.2694232371948001
(2.10);0.2907650435122398
(2.11);0.34585569740970296
(2.12);0.5003285095072574
(2.13);0.45770414518912966
(2.14);0.42774146685779296
(2.15);0.4124057740504928
(2.16);0.43875947264120596
(2.17);0.1932831150182639
(2.18);0.16402113312618427
(2.19);0.46257373100435356
(2.20);0.3186203868204717
(2.21);0.38829707568348515
(2.22);0.4359660555366917
(2.23);0.4061824102352349
(2.24);0.34759632207080765
(2.25);0.39310885839038345
(2.26);0.43370920148044545
(2.27);0.4539314079818442
(2.28);0.36965344101650227
(2.29);0.3472964180004996
(2.30);0.3840403834996327
(2.31);0.45479212123167234
(3.5);0.44559825184922497
(3.6);0.43905136884539675
(3.7);0.39733439771820656
(3.8);0.29913789499084414
(3.9);0.2815445993060901
(3.10);0.2867413804073715
(3.11);0.3264937153060071
(3.12);0.4449713075076821
(3.13);0.5463031686536748
(3.14);0.38109220029578367
(3.15);0.37657265359422865
(3.16);0.42431142775782826
(3.17);0.2019664151569617
(3.18);0.16154442252347792
(3.19);0.4509716012357309
(3.20);0.29000075199315545
(3.21);0.429823732215326
(3.22);0.46842259149850035
(3.23);0.4411569075653434
(3.24);0.3765012812909043
(3.25);0.3942077225151901
(3.26);0.4787995377521096
(3.27);0.5237355992593156
(3.28);0.36119377134599445
(3.29);0.35239299596642015
(3.30);0.356470115511198
(3.31);0.4539295209363653
(4.5);0.372353658622369
(4.7);0.34388346598905545
(4.8);0.31864569538805726
(4.9);0.2854710096987657
(4.10);0.2662528254880856
(4.11);0.2845160237438668
(4.12);0.37219812834561233
(4.13);0.47064032777432774
(4.14);0.3130441828298297
(4.15);0.3157627760914792
(4.16);0.37438616264215874
(4.17);0.20456544886689887
(4.18);0.14861353880345632
(4.19);0.3954527483408964
(4.20);0.2385506037552402
(4.21);0.47617241340706945
(4.22);0.4481315513256415
(4.23);0.4536468279513678
(4.24);0.4003982817631695
(4.25);0.36739901410085896
(4.26);0.472538906257399
(4.27);0.4720023379989374
(4.28);0.328384539436713
(4.29);0.33826848308192187
(4.30);0.30438061060101324
(4.31);0.40754332479407396
(5.6);0.3546796540705722
(5.7);0.46191083673532174
(5.8);0.27411208574733853
(5.9);0.276064408055163
(5.10);0.31180521646543213
(5.11);0.3792820973642324
(5.12);0.4860804654807167
(5.13);0.4172136196466432
(5.14);0.4490893315935774
(5.15);0.41055817117921795
(5.16);0.40794469213476153
(5.17);0.20446536303076573
(5.18);0.1851665346431819
(5.19);0.42553632901741606
(5.20);0.3169657143756339
(5.21);0.361998751109536
(5.22);0.415031004078397
(5.23);0.38557215939302336
(5.24);0.33485108183318746
(5.25);0.4035475720261332
(5.26);0.4054914940437674
(5.27);0.4109485535948712
(5.28);0.3912923576768352
(5.29);0.35736651094716143
(5.30);0.4250920216046454
(5.31);0.46023979612183713
(6.7);0.3352017836828423
(6.8);0.3371314722278169
(6.9);0.29936856441456394
(6.10);0.27183105363442545
(6.11);0.2813751924375165
(6.12);0.34883578340851285
(6.13);0.4454697926615385
(6.14);0.29124060645666333
(6.15);0.2915683620435298
(6.16);0.3482157450803729
(6.17);0.21883889788281394
(6.18);0.15788960201393681
(6.19);0.37058940839455434
(6.20);0.21447745266894275
(6.21);0.4981919838258443
(6.22);0.4417950965303129
(6.23);0.45914725927748185
(6.24);0.4179448989193024
(6.25);0.3675046716221111
(6.26);0.4621503370781459
(6.27);0.4433974832984797
(6.28);0.32760491177506273
(6.29);0.3442312537067019
(6.30);0.29676969022388183
(6.31);0.4007009520121138
(7.8);0.31687107507130857
(7.9);0.33237865407526757
(7.10);0.38301125323035073
(7.11);0.4618158489869868
(7.12);0.39654843983395505
(7.13);0.378735590116601
(7.14);0.38218872026540773
(7.15);0.3388814437491914
(7.16);0.3339298937602849
(7.17);0.26654721579442375
(7.18);0.2530682585137136
(7.19);0.3570011185309362
(7.20);0.25378223923458304
(7.21);0.355155008488643
(7.22);0.4067721832538089
(7.23);0.3850947483075052
(7.24);0.3559560812813823
(7.25);0.4546962462271846
(7.26);0.3883988090153673
(7.27);0.36730823877253366
(7.28);0.46482239474189946
(7.29);0.4135950970928065
(7.30);0.5225057658113338
(7.31);0.4863206311432113
(8.9);0.4834955477620226
(8.10);0.3840363833810327
(8.11);0.32379626177381166
(8.12);0.23233987026206476
(8.13);0.3012484863658454
(8.14);0.19380403838802274
(8.15);0.16869273810415014
(8.16);0.19888752613257116
(8.17);0.3987934960126507
(8.18);0.3096101670196513
(8.19);0.22992915264863076
(8.20);0.08534469507342253
(8.21);0.3616016124444717
(8.22);0.34723709543365716
(8.23);0.3681619427208068
(8.24);0.430093162401378
(8.25);0.37559964687991393
(8.26);0.33786679737069697
(8.27);0.28929273801601196
(8.28);0.36042022882627606
(8.29);0.4122629446927987
(8.30);0.3026330779867697
(8.31);0.35411615365647914
(9.10);0.4417824804716744
(9.11);0.36004198715589053
(9.12);0.22746390837367458
(9.13);0.2803946626906458
(9.14);0.19754402531392656
(9.15);0.16528710861879234
(9.16);0.18486082035898782
(9.17);0.45155598161575794
(9.18);0.365417806303722
(9.19);0.2161044396378178
(9.20);0.08190993305095884
(9.21);0.3278134359088578
(9.22);0.3292811693157984
(9.23);0.34274883875975426
(9.24);0.39196493200441723
(9.25);0.3822818979245649
(9.26);0.31535562232823733
(9.27);0.26722611504863203
(9.28);0.38325379930765063
(9.29);0.4302062385480917
(9.30);0.3292020237269966
(9.31);0.35220254802010653
(10.11);0.4453680146775871
(10.12);0.2569732300556218
(10.13);0.2796481500187112
(10.14);0.24150451739632717
(10.15);0.20036536635495433
(10.16);0.2030238920350001
(10.17);0.4033791278427117
(10.18);0.3896602744892515
(10.19);0.23191566148508158
(10.20);0.11938907735594637
(10.21);0.3018186138150166
(10.22);0.32621082343216756
(10.23);0.32648250272578905
(10.24);0.3495836540751326
(10.25);0.40279389111812874
(10.26);0.30775213561814424
(10.27);0.26601498414289215
(10.28);0.43270407085404455
(10.29);0.44094740021334905
(10.30);0.39941978318094007
(10.31);0.3716245194985724
(11.12);0.32239113565920596
(11.13);0.3131827408219539
(11.14);0.31866240426270437
(11.15);0.2720689425395615
(11.16);0.26135933128224953
(11.17);0.3122697229463287
(11.18);0.3164933482054315
(11.19);0.28561173513523563
(11.20);0.19321879990305027
(11.21);0.30750903954197556
(11.22);0.34982705988665114
(11.23);0.33698989554683273
(11.24);0.3309298156284844
(11.25);0.42403305682560427
(11.26);0.3303958782853815
(11.27);0.3007970075676756
(11.28);0.47131327538566964
(11.29);0.4198692554529696
(11.30);0.5189045265017578
(11.31);0.41177177485874794
(12.13);0.4168273277907471
(12.14);0.4881777162253949
(12.15);0.47763141722991864
(12.16);0.48006841414104834
(12.17);0.15345942237768814
(12.18);0.1314939806554557
(12.19);0.482310349896933
(12.20);0.3675119119792632
(12.21);0.34510238665583776
(12.22);0.3888814962977345
(12.23);0.360658663427974
(12.24);0.3024693395770233
(12.25);0.3535665236471581
(12.26);0.3883551702691062
(12.27);0.41915941293118464
(12.28);0.3368635161347641
(12.29);0.3077534371899477
(12.30);0.36600621677560785
(12.31);0.40541666298987844
(13.14);0.35832081186607556
(13.15);0.35607846329723164
(13.16);0.4050957678372848
(13.17);0.20113290463173109
(13.18);0.15704231656661433
(13.19);0.42581337516321316
(13.20);0.2737811315780803
(13.21);0.43022913454582556
(13.22);0.4524973548986985
(13.23);0.43567432133782824
(13.24);0.37721529462807485
(13.25);0.3826040125344529
(13.26);0.46477677325228084
(13.27);0.48635576505851785
(13.28);0.349130947045096
(13.29);0.34541869543101184
(13.30);0.33968579743008787
(13.31);0.43523634622994944
(14.15);0.5012163159481886
(14.16);0.42759654568366007
(14.17);0.12933337362569597
(14.18);0.12036258739762275
(14.19);0.4157433803190752
(14.20);0.39424001745717624
(14.21);0.29201252014303497
(14.22);0.3390093330764094
(14.23);0.31068216212765787
(14.24);0.2569932951995709
(14.25);0.3231784399807688
(14.26);0.33488858189508475
(14.27);0.35907070119937756
(14.28);0.31770054911678375
(14.29);0.2793623829317193
(14.30);0.36591595418745876
(14.31);0.3657539331449145
(15.16);0.47283193173216037
(15.17);0.09323311813805923
(15.18);0.07771168201541193
(15.19);0.4333217636106952
(15.20);0.43774589016877324
(15.21);0.28456432088825195
(15.22);0.3241220904192539
(15.23);0.29739634443876917
(15.24);0.23936421081981443
(15.25);0.2912896059442344
(15.26);0.32535154098423436
(15.27);0.3615507662217825
(15.28);0.279075905659953
(15.29);0.2463997578537919
(15.30);0.3169982765807403
(15.31);0.33654729695682
(16.17);0.10760998644256974
(16.18);0.07798386716863974
(16.19);0.5051588055415415
(16.20);0.3871241972615211
(16.21);0.33194412196387263
(16.22);0.36025583405494827
(16.23);0.33734388981870406
(16.24);0.27658828209002356
(16.25);0.30579791582260707
(16.26);0.36810358733164944
(16.27);0.41608718699668396
(16.28);0.28278319750673575
(16.29);0.2614250063002673
(16.30);0.30163694951576414
(16.31);0.35529703074623753
(17.18);0.4268415119094968
(17.19);0.13930616180829758
(17.20);0.01135031099332846
(17.21);0.24777157366354285
(17.22);0.24967369857681498
(17.23);0.26212467734063954
(17.24);0.31121229959603464
(17.25);0.3078642653736931
(17.26);0.23539034580440318
(17.27);0.18790646640367295
(17.28);0.3191559685733419
(17.29);0.353824618299523
(17.30);0.2734792079579907
(17.31);0.2740437439724816
(18.19);0.10732817961284896
(18.20);0.0
(18.21);0.18803161881408834
(18.22);0.2034468040824998
(18.23);0.20819183108250347
(18.24);0.24399656096575814
(18.25);0.27284638890572005
(18.26);0.1865425145386694
(18.27);0.14339989413659812
(18.28);0.2980573069448516
(18.29);0.3113861206892689
(18.30);0.2741697764903853
(18.31);0.2399767482621891
(19.20);0.34734794579813444
(19.21);0.356235184047909
(19.22);0.38560589508745663
(19.23);0.3632687627059239
(19.24);0.30466663021647417
(19.25);0.3327148376958611
(19.26);0.3921743155274524
(19.27);0.4333138210745641
(19.28);0.30866550294188116
(19.29);0.2899193059838615
(19.30);0.32326811276677864
(19.31);0.3839649456113952
(20.21);0.2040121829148257
(20.22);0.2390557185316491
(20.23);0.21400483108442625
(20.24);0.156491719312733
(20.25);0.20594847610002393
(20.26);0.24189541880333798
(20.27);0.2806639895897276
(20.28);0.19580156669596463
(20.29);0.16224147551091206
(20.30);0.23702248711376928
(20.31);0.24780468670347067
(21.22);0.4491211020988572
(21.23);0.47123175263996653
(21.24);0.43702391354658693
(21.25);0.39058273746720723
(21.26);0.45850608739819965
(21.27);0.42214098696571045
(21.28);0.3522376018318006
(21.29);0.37085051349327436
(21.30);0.3192386158608617
(21.31);0.4215060695650388
(22.23);0.47266078682940443
(22.24);0.4174289888538597
(22.25);0.42583268002620656
(22.26);0.48121236965587183
(22.27);0.43905737975981124
(22.28);0.38923028247682495
(22.29);0.39205820630933147
(22.30);0.36857887640327797
(22.31);0.4849974390795815
(23.24);0.44133164346823295
(23.25);0.4185989878543546
(23.26);0.47082403719426563
(23.27);0.42394561024839766
(23.28);0.38024949193096075
(23.29);0.39467635923936234
(23.30);0.3493253276500657
(23.31);0.4566164841741173
(24.25);0.4083718328712664
(24.26);0.41219784006169036
(24.27);0.36605092185645655
(24.28);0.3756281229222737
(24.29);0.4117465388067217
(24.30);0.32839546742094056
(24.31);0.41344146463755427
(25.26);0.4072188906242786
(25.27);0.3690778909355585
(25.28);0.4616346012637311
(25.29);0.4560023965488816
(25.30);0.42861341709865053
(25.31);0.4998977518748178
(26.27);0.4525803517447442
(26.28);0.3704492715997102
(26.29);0.375005162204562
(26.30);0.3500063095958688
(26.31);0.4580482934491758
(27.28);0.3359731277896
(27.29);0.3317845800673908
(27.30);0.32854538970287694
(27.31);0.4205377941575053
(28.29);0.4518388607763606
(28.30);0.46189400722776747
(28.31);0.45389399524797686
(29.30);0.4032645251681271
(29.31);0.4361019475076799
(30.31);0.43576100293439496
