
****Importance edges******

(0.1);17.442596920586155
(0.2);19.053915930916727
(0.3);25.983764403113362
(0.4);27.094250414589464
(0.5);16.359441245387224
(0.6);28.361881576933357
(0.7);16.81561305915354
(0.8);14.248741994000577
(0.9);12.308066741278214
(0.10);11.374630768626666
(0.11);12.125099239511407
(0.12);13.306606242883369
(0.13);28.760600029651563
(0.14);10.135790347004509
(0.15);9.405985494629617
(0.16);11.351443315006437
(0.17);8.285749170551961
(0.30);13.032388486797885
(0.31);33.83361891830731
(1.2);1.9211219544126732
(1.3);1.3058610249159588
(1.4);0.813582496890819
(1.5);4.249227026577345
(1.6);0.77412438821573
(1.7);3.252757155901527
(1.8);0.6016766689151631
(1.9);0.6306436699132553
(1.10);0.7846089448269881
(1.11);1.257727682815979
(1.12);1.6707960211162143
(1.13);1.3673569763520228
(1.14);1.4130267487964194
(1.15);1.0672772316789154
(1.16);1.0652782940071899
(1.17);0.5518488760756785
(1.18);0.20808968072774803
(1.19);0.5357936744501182
(1.20);0.27989570987915563
(1.21);0.42250571783985996
(1.22);0.6571053236817834
(1.23);0.5154487722779965
(1.24);0.3813577493115713
(1.25);0.7291842203710539
(1.26);0.5749897606722573
(1.27);0.5358545545140626
(1.28);0.6737405455248217
(1.29);0.48343439906459645
(1.30);2.1423265747896894
(1.31);2.8848227551674084
(2.3);2.8412379557884164
(2.4);1.146287830547381
(2.5);3.1123837443560145
(2.6);1.0049195501734662
(2.7);1.3272263971194227
(2.8);0.565861642651573
(2.9);0.5572903569779325
(2.10);0.6202633017143152
(2.11);0.828781735670149
(2.12);3.0857967060060156
(2.13);2.4865809032110286
(2.14);1.5396711915783696
(2.15);1.3798056534362562
(2.16);1.7472484205012184
(2.17);0.492173049970973
(2.18);0.18349661902630282
(2.19);1.1427598006758104
(2.20);0.33355262187381746
(2.21);0.5204115510773963
(2.22);0.8161925625964465
(2.23);0.6046332748680975
(2.24);0.3927806843407109
(2.25);0.5408297106177575
(2.26);0.7957743956504991
(2.27);1.0163274214011422
(2.28);0.45340581668824737
(2.29);0.39206394744834927
(2.30);1.182923752613155
(2.31);2.159047234784398
(3.4);1.9304075437988661
(3.5);1.6044048995699192
(3.6);1.5272160420617138
(3.7);1.0947150887520987
(3.8);0.6308249437856256
(3.9);0.5937383424975398
(3.10);0.6173705748928121
(3.11);0.7564142560286563
(3.12);1.749512963569149
(3.13);9.523190478012104
(3.14);1.0936682521260581
(3.15);1.079914903695949
(3.16);1.5548965249088325
(3.17);0.5117837192480801
(3.18);0.1879531688205695
(3.19);0.9973774810982068
(3.20);0.29897646307942816
(3.21);0.7809328045427799
(3.22);1.260285795483582
(3.23);0.8857900090095043
(3.24);0.48970561463641726
(3.25);0.5608353238408116
(3.26);1.467740441841519
(3.27);2.960545516874066
(3.28);0.4407350777859725
(3.29);0.4166063386465968
(3.30);1.006797434631556
(3.31);2.151366876632309
(4.5);0.9066581961761149
(4.6);5.416939618874236
(4.7);0.7882404402513481
(4.8);0.7016466194563877
(4.9);0.612194838850022
(4.10);0.5749269687242773
(4.11);0.6303998567245663
(4.12);1.0094089986256223
(4.13);2.993855356157216
(4.14);0.7555490645812262
(4.15);0.7789984859639901
(4.16);1.0956239875900724
(4.17);0.5223904006488331
(4.18);0.1869394617801284
(4.19);0.5834121606158748
(4.20);0.24963674716001114
(4.21);1.4406334709637993
(4.22);0.9877153060101014
(4.23);1.0577426989269396
(4.24);0.607882202059235
(4.25);0.4734520559393068
(4.26);1.3664965691822084
(4.27);1.355998357274331
(4.28);0.3734063565606312
(4.29);0.3946741900256845
(4.30);0.7793814262163063
(4.31);1.4759173020095822
(5.6);0.8383974875959123
(5.7);1.9868171811041617
(5.8);0.5828462249994925
(5.9);0.5971233034117907
(5.10);0.7113654576018886
(5.11);1.0545954535651487
(5.12);2.702612416469917
(5.13);1.599001553345495
(5.14);1.9206455599931755
(5.15);1.405038181672134
(5.16);1.3991811616321237
(5.17);0.5289203174482161
(5.18);0.21494580843158734
(5.19);0.7922885462983924
(5.20);0.36276403619657116
(5.21);0.47135119167349926
(5.22);0.7148297153560451
(5.23);0.5569752908798817
(5.24);0.3995198911102256
(5.25);0.6445090435725319
(5.26);0.655508502462084
(5.27);0.6882964171034655
(5.28);0.5823205195192387
(5.29);0.4573986924817383
(5.30);1.6507719766530806
(5.31);2.326804431334985
(6.7);0.7745920693576535
(6.8);0.7946362164384467
(6.9);0.6701130802501826
(6.10);0.6050964103030402
(6.11);0.6398281235293137
(6.12);0.9023236756163213
(6.13);2.1895614917746746
(6.14);0.7024019079643734
(6.15);0.715610637102515
(6.16);0.9619245277968401
(6.17);0.5615869400886558
(6.18);0.20444929367965672
(6.19);0.5148020087590517
(6.20);0.2440433290082134
(6.21);2.1171065588512468
(6.22);0.9711313367687391
(6.23);1.2013375201138674
(6.24);0.7562234675121839
(6.25);0.5040477430883673
(6.26);1.2498621570789956
(6.27);0.9892696054480941
(6.28);0.395801418270725
(6.29);0.4349404260305157
(6.30);0.7719103429152252
(6.31);1.4361791573564273
(7.8);0.7269501365464868
(7.9);0.7983247711787964
(7.10);1.0932794904795615
(7.11);2.1233147672627033
(7.12);1.2366599761541313
(7.13);1.186140021667815
(7.14);1.1579173255648882
(7.15);0.9104766105029464
(7.16);0.9020616962535406
(7.17);0.6767223585613827
(7.18);0.28992894907125083
(7.19);0.48493498667060625
(7.20);0.29074119264819276
(7.21);0.4793111589128906
(7.22);0.7025860854879706
(7.23);0.589027196385544
(7.24);0.48173610413002216
(7.25);1.1634424073860548
(7.26);0.6040732613601651
(7.27);0.518793724265192
(7.28);1.3265766788364468
(7.29);0.7469855265751044
(7.30);4.2463166312940634
(7.31);3.0441312174328012
(8.9);2.621913189046761
(8.10);1.1158470630300503
(8.11);0.7994869750336215
(8.12);0.5542539574365482
(8.13);0.7625706234915868
(8.14);0.5046697803130616
(8.15);0.47609350016729624
(8.16);0.530748227883672
(8.17);1.375911127788764
(8.18);0.3834538352970218
(8.19);0.2742753628473569
(8.20);0.18017324463431203
(8.21);0.5148216367211002
(8.22);0.47065062887854486
(8.23);0.5377201778815344
(8.24);0.9023585006428994
(8.25);0.5661210907834165
(8.26);0.44555898378563524
(8.27);0.3482954115047761
(8.28);0.5108936167266717
(8.29);0.7592846838061904
(8.30);0.8124126642357427
(8.31);1.0928883186523441
(9.10);1.7752352866533112
(9.11);0.9873606225149351
(9.12);0.5528959759886743
(9.13);0.7031279910142123
(9.14);0.5178911360820158
(9.15);0.47806627541789465
(9.16);0.5152058770143755
(9.17);2.127587051760717
(9.18);0.5440251284856306
(9.19);0.26959629084499964
(9.20);0.1844392570035955
(9.21);0.4344738984911115
(9.22);0.4379453626641739
(9.23);0.47247898755116097
(9.24);0.6587144131753404
(9.25);0.6120276320475241
(9.26);0.4070212161779164
(9.27);0.32663202017898496
(9.28);0.6164331558058648
(9.29);0.9284089998939806
(9.30);0.9341186299316216
(9.31);1.0940615936043152
(10.11);1.8781115297042692
(10.12);0.6246698613104888
(10.13);0.7109480517879792
(10.14);0.6093521849454808
(10.15);0.5389661977848936
(10.16);0.5527673219594006
(10.17);1.4555456803101614
(10.18);0.6662938174701909
(10.19);0.29407093579076404
(10.20);0.20880516978315822
(10.21);0.3927119402305662
(10.22);0.44414708526322344
(10.23);0.44479325479898085
(10.24);0.5072274595657307
(10.25);0.7403718346601732
(10.26);0.4041287163310917
(10.27);0.33527825423498436
(10.28);0.9788218196091697
(10.29);1.0689613675052474
(10.30);1.4367760399721088
(10.31);1.2400382414440663
(11.12);0.8419255498695074
(11.13);0.8434827203268138
(11.14);0.8533915260553306
(11.15);0.7059686883632701
(11.16);0.6879246695703796
(11.17);0.868470413793819
(11.18);0.4353397708213798
(11.19);0.37597279218331187
(11.20);0.26616020850216315
(11.21);0.41627530915130134
(11.22);0.5235896356807542
(11.23);0.48583417197937595
(11.24);0.469770626625998
(11.25);0.9221975078195083
(11.26);0.468404154248214
(11.27);0.40305776912982627
(11.28);1.5832640524389685
(11.29);0.8863220888891115
(11.30);4.18731196379504
(11.31);1.6431271155315985
(12.13);1.7248989554355691
(12.14);3.007613670660819
(12.15);2.7361136072482166
(12.16);2.8306271240895184
(12.17);0.49911416870640146
(12.18);0.22955066273189423
(12.19);1.8737813315186371
(12.20);0.6035045213512864
(12.21);0.5247284450483571
(12.22);0.7022974924602499
(12.23);0.5771445214195884
(12.24);0.41899039203380656
(12.25);0.5520683273340029
(12.26);0.6995077036336412
(12.27);0.9052892105852554
(12.28);0.5004935459887185
(12.29);0.4297970961629301
(12.30);1.1871773778855297
(12.31);1.5869266008371994
(13.14);1.1371295877041367
(13.15);1.137733646459338
(13.16);1.6425736425604676
(13.17);0.5907495232917317
(13.18);0.2569667810324219
(13.19);1.1879541292916695
(13.20);0.38957385362299
(13.21);1.2631409108479423
(13.22);1.8552953497014273
(13.23);1.3700689570901785
(13.24);0.7177564290338164
(13.25);0.7507034041076734
(13.26);2.5021140652705167
(13.27);6.459814601059293
(13.28);0.5841442220896033
(13.29);0.5701159146214638
(13.30);1.080536158128533
(13.31);2.289224782631153
(14.15);3.5379057701299237
(14.16);1.8156018136528702
(14.17);0.4818117469801976
(14.18);0.23748648662153646
(14.19);0.9313483549762727
(14.20);0.7777526699439387
(14.21);0.42488264255854225
(14.22);0.5390641142918243
(14.23);0.46412713756200596
(14.24);0.36639768778279597
(14.25);0.4945509471487515
(14.26);0.526755392335155
(14.27);0.6077465474265064
(14.28);0.4807538853375816
(14.29);0.4017699943103409
(14.30);1.219882459946699
(14.31);1.2596786424440127
(15.16);2.731730001051264
(15.17);0.44706543338424265
(15.18);0.22071187461866373
(15.19);1.1316065496228738
(15.20);1.1839620378794407
(15.21);0.4238721363545634
(15.22);0.5124157218525146
(15.23);0.44914890079205544
(15.24);0.3533917485257677
(15.25);0.4367645471547115
(15.26);0.5157408417148103
(15.27);0.6361516115773324
(15.28);0.41388745573383406
(15.29);0.3628124243991165
(15.30);0.9545090417712003
(15.31);1.0867970028999916
(16.17);0.4700246539486795
(16.18);0.2279217605784362
(16.19);2.778735228226836
(16.20);0.7809256546952125
(16.21);0.5507922541069974
(16.22);0.6500855275757309
(16.23);0.5674290532200367
(16.24);0.4223797925131164
(16.25);0.481914685654001
(16.26);0.6838452369709219
(16.27);0.987673204887714
(16.28);0.43377847737187014
(16.29);0.3967998961505911
(16.30);0.9021919488533354
(16.31);1.217940961441041
(17.18);1.120462481388864
(17.19);0.27440765680253343
(17.20);0.20355091406857995
(17.21);0.3881076168001162
(17.22);0.39093011685693585
(17.23);0.4104450508323655
(17.24);0.5101602919183428
(17.25);0.5018977054655581
(17.26);0.37066841102935005
(17.27);0.31600552866364245
(17.28);0.5308529414548593
(17.29);0.6436911801625651
(17.30);0.8129306866144695
(17.31);0.8417121171007077
(18.19);0.0
(18.20);0.0
(18.21);0.0
(18.22);0.0
(18.23);0.0
(18.24);0.0
(18.25);0.0
(18.26);0.0
(18.27);0.0
(18.28);0.0
(18.29);0.0
(18.30);0.444757658539708
(18.31);0.4145020612079354
(19.20);0.0
(19.21);0.0
(19.22);0.0
(19.23);0.0
(19.24);0.0
(19.25);0.0
(19.26);0.0
(19.27);0.0
(19.28);0.0
(19.29);0.0
(19.30);0.5589700715100975
(19.31);0.8605156047228959
(20.21);0.0
(20.22);0.0
(20.23);0.0
(20.24);0.0
(20.25);0.0
(20.26);0.0
(20.27);0.0
(20.28);0.0
(20.29);0.0
(20.30);0.38466377126165907
(20.31);0.4267959933255724
(21.22);0.0
(21.23);0.0
(21.24);0.0
(21.25);0.0
(21.26);0.0
(21.27);0.0
(21.28);0.0
(21.29);0.0
(21.30);0.5475196181708673
(21.31);1.1632318994449329
(22.25);0.0
(22.27);0.0
(22.28);0.0
(22.29);0.0
(22.30);0.7278593951864462
(22.31);2.3238697258859213
(23.24);0.0
(23.25);0.0
(23.26);0.0
(23.27);0.0
(23.28);0.0
(23.29);0.0
(23.30);0.6456506482248627
(23.31);1.6570012171005253
(24.25);0.0
(24.26);0.0
(24.27);0.0
(24.28);0.0
(24.29);0.0
(24.30);0.5742203454631432
(24.31);1.0836595759218786
(25.26);0.0
(25.27);0.0
(25.28);0.0
(25.29);0.0
(25.30);1.1703973733527184
(26.27);0.0
(26.28);0.0
(26.29);0.0
(26.30);0.6482578557246406
(26.31);1.6837965161307507
(27.28);0.0
(27.29);0.0
(27.30);0.5746782383058553
(27.31);1.1531543091507035
(28.29);0.0
(28.30);1.6637774305678448
(28.31);1.6077720362203163
(29.30);0.9369795162822774
(29.31);1.3351820977456623
(30.31);2.1474681754419214

****Importance nodes******

0; 0.05789473684210527
1; 0.0018675721561969441
2; 0.0019278164193000714
3; 0.001990004045729106
4; 0.002054197724623593
5; 0.0021204621673533864
6; 0.0021888641727518827
7; 0.0022594726944535565
8; 0.0023323589104036714
9; 0.0024075962946102413
10; 0.002485260691210572
11; 0.002565430390927042
12; 0.0026481862099892047
13; 0.00273361157160176
14; 0.002821792590040526
15; 0.0029128181574611884
16; 0.0030067800335083234
17; 0.0031037729378150434
18; DISCONNECTED
19; DISCONNECTED
20; DISCONNECTED
21; DISCONNECTED
22; DISCONNECTED
23; DISCONNECTED
24; DISCONNECTED
25; DISCONNECTED
26; DISCONNECTED
27; DISCONNECTED
28; DISCONNECTED
29; DISCONNECTED
30; 0.0032038946454864964
31; 0.0034174876218522627
