
****Mix criterion 0.5*C(weight)+0.5*C(distance) ******

(0.1);0.648096667440279
(0.2);0.6809362403320063
(0.3);0.8105007882597792
(0.4);0.8299611728578067
(0.5);0.6237712987562455
(0.6);0.8513103509469002
(0.7);0.6338106867682209
(0.8);0.5751093548320161
(0.9);0.5241560563843755
(0.10);0.49765386604313533
(0.11);0.5189304584193312
(0.12);0.5506202163053397
(0.14);0.4566705225377795
(0.15);0.43058724575147195
(0.16);0.49505713103567905
(0.17);0.3851106996130721
(0.30);0.5418763924391183
(0.31);0.9415762037986583
(1.2);0.46923353424620573
(1.3);0.4296238551519698
(1.4);0.36466979758688695
(1.6);0.3509639861495117
(1.8);0.2952240192855938
(1.9);0.30150640026032793
(1.10);0.3421296462594995
(1.11);0.41140470255113476
(1.12);0.4432407828282689
(1.13);0.40545537281385546
(1.14);0.41934397653171696
(1.15);0.3785110031498389
(1.16);0.37582243705927226
(1.17);0.23169012022840207
(1.18);0.2139505443561721
(1.19);0.3960979140820434
(1.20);0.2893143004127469
(1.21);0.36417594507667783
(1.22);0.4187616229581238
(1.23);0.391340875663326
(1.24);0.3481494836486281
(1.25);0.42895845104396196
(1.26);0.40437787646199225
(1.27);0.39611164361664647
(1.28);0.4212869848727105
(1.29);0.3830993685904075
(1.30);0.46030959814888
(1.31);0.48701857356398803
(2.3);0.50120396095362
(2.4);0.41092615350344447
(2.5);0.5070578514774671
(2.6);0.3893824652099642
(2.7);0.42355313414806606
(2.8);0.27769469726363316
(2.9);0.2695498046297782
(2.10);0.2912688116369996
(2.11);0.3462968324900221
(2.13);0.4581922067720085
(2.14);0.4281340594858438
(2.15);0.41275733543706855
(2.16);0.43971512287221304
(2.17);0.1934103908824866
(2.18);0.16410822014052578
(2.19);0.4631160818099348
(2.20);0.318778690020383
(2.21);0.38854406164133354
(2.22);0.4363534183871978
(2.23);0.40646936760240165
(2.24);0.34778273475389554
(2.25);0.39336553475322217
(2.26);0.4340868739224466
(2.27);0.45441375431167247
(2.28);0.36986862622846955
(2.29);0.3474824905221373
(2.30);0.3848061279994902
(2.31);0.4560021964924591
(3.5);0.44557959344380044
(3.6);0.43904466970708617
(3.7);0.39766427582915154
(3.8);0.2994907869880411
(3.9);0.2815528783571624
(3.10);0.2871084598986377
(3.11);0.3267375234997352
(3.12);0.4457078987685443
(3.13);0.546286296881279
(3.14);0.38115760780938995
(3.15);0.3766409447827164
(3.16);0.42486397408334153
(3.17);0.20200437992919407
(3.18);0.1615436321206604
(3.19);0.45096740694639725
(3.20);0.2899994947020958
(3.21);0.42982044814465625
(3.22);0.46841729159613693
(3.23);0.4411531825367991
(3.24);0.37649922192313734
(3.25);0.39420536402438666
(3.26);0.4787933654370169
(3.27);0.5237231492243806
(3.28);0.3611919179149007
(3.29);0.35239124400434396
(3.30);0.35693506883181125
(3.31);0.4547540885647773
(4.5);0.37234321411485705
(4.7);0.34411740450035433
(4.8);0.3190324157567824
(4.9);0.2854793836947572
(4.10);0.2665897979914028
(4.11);0.28471635195840705
(4.12);0.3726172526650938
(4.13);0.4706349143756284
(4.14);0.31308872931234705
(4.15);0.31581135613918726
(4.16);0.374770501507012
(4.17);0.20460368894616432
(4.18);0.14861275096933216
(4.19);0.3954502896197457
(4.20);0.23854955169086503
(4.21);0.47616634202867775
(4.22);0.4481273887169787
(4.23);0.45364237022058773
(4.24);0.40039571991594
(4.25);0.36739701879348907
(4.26);0.47253314732016083
(4.27);0.4719966233051645
(4.28);0.32838296576004206
(4.29);0.3382668197744968
(4.30);0.3047361029974254
(4.31);0.40810229427683187
(5.6);0.35467004386556766
(5.7);0.46247761378102653
(5.8);0.27442451890720815
(5.9);0.2760683977653866
(5.10);0.31221140515725687
(5.11);0.37960556057948136
(5.12);0.4871696013640616
(5.13);0.4172006295169646
(5.14);0.4491890924037878
(5.15);0.4106360475310312
(5.16);0.4084207750257389
(5.17);0.20450047405390345
(5.18);0.18516253731852317
(5.19);0.42552159491040525
(5.20);0.3169589680908947
(5.21);0.36198998544085353
(5.22);0.4150177104651424
(5.23);0.38556180138194707
(5.24);0.33484365200366883
(5.25);0.4035355861590375
(5.26);0.40547930362088813
(5.27);0.41093575341858174
(5.28);0.39128152832319973
(5.29);0.35735800475164325
(5.30);0.425826060721993
(5.31);0.46109754401391995
(6.7);0.3354244848423105
(6.8);0.3375561703244027
(6.9);0.29937727187005314
(6.10);0.2721753219463311
(6.11);0.2815725819511787
(6.12);0.34919976983074663
(6.13);0.4454653614654471
(6.14);0.2912807235002839
(6.15);0.29161162805926777
(6.16);0.3485441952436923
(6.17);0.21887882278682572
(6.18);0.15788867151858255
(6.19);0.37058706541322683
(6.20);0.21447634197210544
(6.21);0.4981823483911503
(6.22);0.441790676690161
(6.23);0.45914179171649766
(6.24);0.41794145717386694
(6.25);0.3675023775858988
(6.26);0.4621446486704742
(6.27);0.44339298090693113
(6.28);0.3276031103925572
(6.29);0.34422927419364746
(6.30);0.2971127959680557
(6.31);0.4012314721998133
(7.8);0.3174592502475662
(7.9);0.3326110460168191
(7.10);0.3839232973458736
(7.11);0.4630329062897031
(7.12);0.39736740916493385
(7.13);0.3790417751245892
(7.14);0.3825499173935842
(7.15);0.3391643769491747
(7.16);0.3344562561515016
(7.17);0.2667585792614659
(7.18);0.2532336455032299
(7.19);0.35727774471060364
(7.20);0.25394808956010073
(7.21);0.35542842661355983
(7.22);0.40717296626608523
(7.23);0.3854307528184914
(7.24);0.35623088269137804
(7.25);0.4553599199922554
(7.26);0.38874339639949596
(7.27);0.3676041793211095
(7.28);0.4655791267756549
(7.29);0.41402120730997605
(7.31);0.48812761700918283
(8.10);0.38521662778529636
(8.11);0.32443337119673865
(8.12);0.2328281308345197
(8.13);0.3016137211131228
(8.14);0.1940706123217481
(8.15);0.16894187482077397
(8.16);0.19930606744376358
(8.17);0.3995053756561586
(8.18);0.3100090746801135
(8.19);0.2302144817632323
(8.20);0.0855321295984659
(8.21);0.3621371822465071
(8.22);0.3477267140630173
(8.23);0.3687213339131674
(8.24);0.4310318874453219
(8.25);0.376188583589043
(8.26);0.3383303131200757
(8.27);0.2896550703099255
(8.29);0.41305282980793206
(8.30);0.3033423424312686
(8.31);0.3549728656481678
(9.10);0.44277624358640316
(9.11);0.3603490082458425
(9.12);0.2276860012291477
(9.13);0.28040419350804824
(9.14);0.1975802551485082
(9.15);0.16532198134048603
(9.16);0.18503721032567017
(9.17);0.4517319831486724
(9.18);0.36543355324540755
(9.19);0.2161122431690304
(9.20);0.08191527169079822
(9.21);0.3278260118631386
(9.22);0.32929384575246695
(9.23);0.34276251478072284
(9.24);0.39198399865576944
(9.25);0.3822996132155086
(9.26);0.3153674036578494
(9.27);0.2672355694931146
(9.28);0.38327164211756737
(9.29);0.43023311157585487
(9.30);0.3296143039010026
(9.31);0.3526064753184281
(10.12);0.25753669392065853
(10.13);0.2800117784545563
(10.14);0.2418450067626136
(10.15);0.20066367115406808
(10.16);0.2034721129277748
(10.17);0.40417487524185325
(10.18);0.3903759076710114
(10.19);0.2322315085092099
(10.20);0.11961334464479377
(10.21);0.3022404062554288
(10.22);0.3266878598138094
(10.23);0.32696023312611855
(10.24);0.3501284419618688
(10.25);0.4035890878283953
(10.26);0.30818619025218935
(10.27);0.2663750899063886
(10.28);0.43375537488055116
(10.30);0.40070177972386334
(10.31);0.37262243815367846
(11.12);0.32294629998040447
(11.13);0.3134177936302687
(11.14);0.31894323747730985
(11.15);0.27230027170461135
(11.16);0.2617618854808466
(11.17);0.31255510416860716
(11.18);0.3167439330043158
(11.19);0.28582814786117944
(11.20);0.1933720036918809
(11.21);0.30774865069541407
(11.22);0.3501284419618688
(11.23);0.33726954529729514
(11.24);0.3312002190831761
(11.25);0.42456388054656247
(11.26);0.33066549518844407
(11.27);0.30102901060710746
(11.29);0.42037942901687786
(11.30);0.5217232476355194
(11.31);0.4127488246337623
(12.13);0.417455894540818
(12.15);0.47875301164970824
(12.16);0.48194309124557055
(12.17);0.1536631131633136
(12.18);0.13166397917972653
(12.19);0.48369801768831916
(12.20);0.36795884982208843
(12.21);0.34549098523464183
(12.22);0.38940159733293295
(12.23);0.3610860798238348
(12.24);0.30277963163839977
(12.25);0.35397536934521245
(12.26);0.38887320526808455
(12.27);0.41982984371106674
(12.28);0.3372341670543153
(12.29);0.30807173238114444
(12.30);0.3668923586133378
(12.31);0.4064741740373925
(13.14);0.35838142866437694
(13.15);0.35614262190355317
(13.16);0.40560625300091097
(13.17);0.20117199167095867
(13.18);0.15704231656661433
(13.19);0.42581337516321316
(13.20);0.2737811315780803
(13.21);0.43022913454582556
(13.22);0.4524973548986985
(13.23);0.43567432133782824
(13.24);0.37721529462807485
(13.25);0.3826040125344529
(13.26);0.46477677325228084
(13.27);0.48635576505851785
(13.28);0.349130947045096
(13.29);0.34541869543101184
(13.30);0.3401238321546522
(13.31);0.4360107963207587
(14.15);0.5015954572736968
(14.16);0.42824451648078365
(14.17);0.12938885780489104
(14.18);0.12038751109719253
(14.19);0.4158411233398444
(14.20);0.39432164093883637
(14.21);0.2920571106689474
(14.22);0.3390659067039222
(14.23);0.31073087127950627
(14.24);0.25703174785438626
(14.25);0.323230342046457
(14.26);0.3349438637485161
(14.27);0.35913448290156247
(14.28);0.3177510032103013
(14.29);0.27940454783455987
(14.30);0.3664631939487898
(14.31);0.3662338518444632
(15.16);0.4738021453993433
(15.17);0.09328547691768882
(15.18);0.07773580886260467
(15.19);0.4334454637892753
(15.20);0.4378753135231772
(15.21);0.2846106559496562
(15.22);0.32417810451383605
(15.23);0.29744544259859823
(15.24);0.23940284140428386
(15.25);0.2913373503236731
(15.26);0.32540791856020584
(15.27);0.36162030635300774
(15.28);0.279121149258272
(15.29);0.24643941824786103
(15.30);0.3174235728080962
(15.31);0.3369592198837684
(16.17);0.10777692253910871
(16.18);0.07811910055673414
(16.20);0.38758754583283017
(16.21);0.3322709249091904
(16.22);0.3606415509264839
(16.23);0.3376805639176379
(16.24);0.27683889374842424
(16.25);0.3060838514680147
(16.26);0.36850933493597254
(16.27);0.41667320560889565
(16.28);0.2830405723753247
(16.29);0.2616604405747998
(16.30);0.30224575469304243
(16.31);0.35602976528444735
(17.18);0.4269809415388103
(17.19);0.13934030892031984
(17.20);0.011375640737935183
(17.21);0.24781986952533475
(17.22);0.24972234566869553
(17.23);0.2621757528583313
(17.24);0.3112757836140845
(17.25);0.307926721200808
(17.26);0.23543647154266437
(17.27);0.18794578992806973
(17.28);0.3192220275713686
(17.29);0.35390471881527713
(17.30);0.2738391969811839
(17.31);0.2743621855904243
(18.19);0.10732817961284896
(18.20);0.0
(18.21);0.18803161881408834
(18.22);0.2034468040824998
(18.23);0.20819183108250347
(18.24);0.24399656096575814
(18.25);0.27284638890572005
(18.26);0.1865425145386694
(18.27);0.14339989413659812
(18.28);0.2980573069448516
(18.29);0.3113861206892689
(18.30);0.274503908837607
(18.31);0.24022914135823642
(19.20);0.34734794579813444
(19.21);0.356235184047909
(19.22);0.38560589508745663
(19.23);0.3632687627059239
(19.24);0.30466663021647417
(19.25);0.3327148376958611
(19.26);0.3921743155274524
(19.27);0.4333138210745641
(19.28);0.30866550294188116
(19.29);0.2899193059838615
(19.31);0.3844889193572437
(20.21);0.2040121829148257
(20.22);0.2390557185316491
(20.23);0.21400483108442625
(20.24);0.156491719312733
(20.25);0.20594847610002393
(20.26);0.24189541880333798
(20.27);0.2806639895897276
(20.28);0.19580156669596463
(20.29);0.16224147551091206
(20.30);0.23731147282613413
(20.31);0.2480645656575635
(21.22);0.4491211020988572
(21.23);0.47123175263996653
(21.24);0.43702391354658693
(21.25);0.39058273746720723
(21.26);0.45850608739819965
(21.27);0.42214098696571045
(21.28);0.3522376018318006
(21.29);0.37085051349327436
(21.30);0.31964995001476937
(21.31);0.4222143693010313
(22.23);0.47266078682940443
(22.24);0.4174289888538597
(22.25);0.42583268002620656
(22.26);0.48121236965587183
(22.27);0.43905737975981124
(22.28);0.38923028247682495
(22.29);0.39205820630933147
(22.30);0.36912569412185203
(22.31);0.48641245900304764
(23.24);0.44133164346823295
(23.25);0.4185989878543546
(23.26);0.47082403719426563
(23.27);0.42394561024839766
(23.28);0.38024949193096075
(23.29);0.39467635923936234
(23.30);0.34981038453988955
(23.31);0.4576254433723405
(24.25);0.4083718328712664
(24.26);0.41219784006169036
(24.27);0.36605092185645655
(24.28);0.3756281229222737
(24.29);0.4117465388067217
(24.30);0.32882686098588115
(24.31);0.41410131224996716
(25.26);0.4072188906242786
(25.27);0.3690778909355585
(25.28);0.4616346012637311
(25.29);0.4560023965488816
(25.30);0.4294926995888599
(26.27);0.4525803517447442
(26.28);0.3704492715997102
(26.29);0.375005162204562
(26.30);0.3504933251981394
(26.31);0.4590735684854
(27.28);0.3359731277896
(27.29);0.3317845800673908
(27.30);0.3289771272682127
(27.31);0.421239957580912
(28.29);0.4518388607763606
(28.30);0.4631439505338714
(28.31);0.4548729784664859
(29.30);0.4039684482126498
(29.31);0.43691494887721455
(30.31);0.437216538354792
