
****Importance edges******

(0.1);17.364310387002714
(0.2);18.968397413449793
(0.3);25.86714307351262
(0.4);26.972644959010964
(0.5);16.286016172716316
(0.6);28.234586690474003
(0.7);16.740140578623542
(0.8);14.184790242795536
(0.9);12.252825203296497
(0.10);11.323578713836799
(0.11);12.0706789033001
(0.12);13.246883021550103
(0.13);28.631515599715332
(0.14);10.090298503386943
(0.15);9.36376918918707
(0.16);11.300495331036688
(0.17);8.24856075281476
(0.30);12.973896020131981
(0.31);33.62120457088612
(1.2);1.912499501053993
(1.3);1.3000000092972503
(1.4);0.8099309446732376
(1.5);4.230155482596
(1.6);0.7706499333973488
(1.7);3.2381580062746886
(1.8);0.5989762005753937
(1.9);0.627813190766794
(1.10);0.7810874328188436
(1.11);1.2520827011124005
(1.12);1.663297090228015
(1.13);1.3612199522416162
(1.14);1.4066847478588527
(1.15);1.0624870370065806
(1.16);1.0604970710437056
(1.17);0.5493720467499432
(1.18);0.20715572462861728
(1.19);0.5333889046971044
(1.20);0.27863947120144733
(1.21);0.42060941144583736
(1.22);0.6541560783243127
(1.23);0.5131353152964927
(1.24);0.37964612481066046
(1.25);0.7259114677404395
(1.26);0.5724090695392827
(1.27);0.5334495115168071
(1.28);0.670716637325607
(1.29);0.48126463022283095
(1.30);2.1327113023559137
(1.31);2.8119702848648584
(2.3);2.8284858024446757
(2.4);1.1411430174698898
(2.5);3.0984146240675376
(2.6);1.0004092316428312
(2.7);1.3212694886164065
(2.8);0.5633219206885698
(2.9);0.5547891049885689
(2.10);0.6174794121351824
(2.11);0.8250619656451759
(2.12);3.071946914684444
(2.13);2.475420535275367
(2.14);1.532760780187466
(2.15);1.373612756695125
(2.16);1.7394063530170611
(2.17);0.4899640599805007
(2.18);0.18267304245148117
(2.19);1.1376308222375235
(2.20);0.332055558182381
(2.21);0.5180758199614323
(2.22);0.8125292957816954
(2.23);0.6019195365759076
(2.24);0.3910177909839725
(2.25);0.538402337933749
(2.26);0.7922027704370304
(2.27);1.0117659016246123
(2.28);0.45137082328349815
(2.29);0.3903042709776658
(2.30);1.1776145087828223
(2.31);2.1050285847781836
(3.4);1.9217434145011822
(3.5);1.597203947863962
(3.6);1.5203615323513546
(3.7);1.08980174643558
(3.8);0.6279936510388063
(3.9);0.5910735032593611
(3.10);0.6145996685613281
(3.11);0.7530192885059193
(3.12);1.7416607322757987
(3.13);9.480448128660528
(3.14);1.0887596082619002
(3.15);1.0750679881385714
(3.16);1.54791777859197
(3.17);0.5094867118983839
(3.18);0.18710959018775594
(3.19);0.992901013171736
(3.20);0.29763458543218957
(3.21);0.7774277919286837
(3.22);1.254629332360455
(3.23);0.8818143722620679
(3.24);0.4875076990840038
(3.25);0.5583181611949887
(3.26);1.4611528728049157
(3.27);2.9472578827512748
(3.28);0.43875695367833045
(3.29);0.4147365100729032
(3.30);1.0022786877077545
(3.31);2.0980483610698233
(4.5);0.9025888980293536
(4.6);5.392627102376651
(4.7);0.7847026292259305
(4.8);0.6984974621440984
(4.9);0.6094471624558793
(4.10);0.5723465594165359
(4.11);0.6275704718698248
(4.12);1.0048785303799754
(4.13);2.980418219534105
(4.14);0.7521579802439812
(4.15);0.775502155032849
(4.16);1.0907065659188724
(4.17);0.520045787984202
(4.18);0.18610043290619688
(4.19);0.5807936677439137
(4.20);0.24851631792122397
(4.21);1.4341675644752458
(4.22);0.9832822042290483
(4.23);1.0529952975107861
(4.24);0.6051538818072132
(4.25);0.47132709023344344
(4.26);1.3603634067843156
(4.27);1.3499123133544282
(4.28);0.3717304198061303
(4.29);0.39290279816398876
(4.30);0.7758833765580135
(4.31);1.4396902489694678
(5.6);0.8346345597837419
(5.7);1.9778998719052605
(5.8);0.5802302721815062
(5.9);0.5944432716619983
(5.10);0.7081726798268703
(5.11);1.0498621777365342
(5.12);2.690482447597261
(5.13);1.5918248531456403
(5.14);1.91202524480623
(5.15);1.398732035328428
(5.16);1.3929013029907675
(5.17);0.526546396960149
(5.18);0.2139810803967074
(5.19);0.7887325664079
(5.20);0.3611358647131695
(5.21);0.4692356551473417
(5.22);0.7116213891662897
(5.23);0.5544754529822834
(5.24);0.3977267505867672
(5.25);0.6416163333233531
(5.26);0.6525664240189558
(5.27);0.6852071786822452
(5.28);0.5797069261927846
(5.29);0.45534577809846016
(5.30);1.6433629184504952
(5.31);2.270250392830267
(6.7);0.7711155154748043
(6.8);0.7910696996446425
(6.9);0.6671054529799683
(6.10);0.6023805933485991
(6.11);0.6369564223652977
(6.12);0.8982738318312539
(6.13);2.1797342177718835
(6.14);0.6992493607371867
(6.15);0.7123988059497768
(6.16);0.9576071811773568
(6.17);0.5590664040099148
(6.18);0.2035316765055263
(6.19);0.51249145460642
(6.20);0.24294800436365496
(6.21);2.107604479861872
(6.22);0.9667726677955341
(6.23);1.1959456309048444
(6.24);0.752829356293796
(6.25);0.5017854566440607
(6.26);1.2442524777301966
(6.27);0.9848295276005925
(6.28);0.3940249671399158
(6.29);0.4329883097014931
(6.30);0.7684458252600176
(6.31);1.4016194186394835
(7.8);0.7236874110167196
(7.9);0.794741699271905
(7.10);1.0883725914703604
(7.11);2.1137848243538384
(7.12);1.2311095513409416
(7.13);1.1808163424551534
(7.14);1.1527203165410942
(7.15);0.9063901744023131
(7.16);0.8980130282943135
(7.17);0.6736850672743465
(7.18);0.2886276788239581
(7.19);0.48275848283390005
(7.20);0.2894362768580744
(7.21);0.47715989615597465
(7.22);0.6994327116281472
(7.23);0.5863835018943313
(7.24);0.47957395764082467
(7.25);1.1582206004777764
(7.26);0.6013620365421154
(7.27);0.5164652543416779
(7.28);1.320622686423988
(7.29);0.7436328774381201
(7.30);4.227258149860637
(7.31);2.97161942062479
(8.9);2.6101454175468115
(8.10);1.1108388753747598
(8.11);0.795898686878741
(8.12);0.5517663335322542
(8.13);0.7591480247238962
(8.14);0.5024047020173866
(8.15);0.4739566790299736
(8.16);0.5283661032977666
(8.17);1.369735710607258
(8.18);0.3817328030624667
(8.19);0.2730443496271111
(8.20);0.17936458415610912
(8.21);0.5125109944734952
(8.22);0.46853823664523686
(8.23);0.5353067615218101
(8.24);0.8983085005548098
(8.25);0.563580204355341
(8.26);0.4435592088377678
(8.27);0.3467321786585508
(8.28);0.5086006043693068
(8.29);0.7558768331192304
(8.30);0.8087663625060247
(8.31);1.0671233252445274
(9.10);1.7672676074413312
(9.11);0.9829291126379708
(9.12);0.5504144470288838
(9.13);0.6999721849531878
(9.14);0.5155667171894596
(9.15);0.4759205999949051
(9.16);0.5128935102047251
(9.17);2.118037933820441
(9.18);0.5415834140043906
(9.19);0.26838627841546864
(9.20);0.18361144964479129
(9.21);0.4325238760489137
(9.22);0.4359797594631128
(9.23);0.47035838920821926
(9.24);0.6557579458405889
(9.25);0.6092807061173758
(9.26);0.4051944079191141
(9.27);0.32516601779794096
(9.28);0.6136664568347391
(9.29);0.9242420789543818
(9.30);0.9299260828111436
(9.31);1.0685386572960043
(10.11);1.8696821173860774
(10.12);0.6218661940412915
(10.13);0.70775714742977
(10.14);0.6066172670597973
(10.15);0.5365471889907714
(10.16);0.5502863704295667
(10.17);1.449012844270744
(10.18);0.6633033319619087
(10.19);0.29275107531955596
(10.20);0.20786800239856235
(10.21);0.3909493554137839
(10.22);0.44215364725254447
(10.23);0.4427969166253679
(10.24);0.5049509017957766
(10.25);0.7370488693493167
(10.26);0.4023148903012218
(10.27);0.33377344549409177
(10.28);0.9744286339154385
(10.29);1.0641636140297983
(10.30);1.4303274465535216
(10.31);1.211417264619878
(11.12);0.8381467872727046
(11.13);0.8396969687777435
(11.14);0.8495613014237273
(11.15);0.7028001325752737
(11.16);0.6848370996407186
(11.17);0.864572511518989
(11.18);0.4333858621377255
(11.19);0.3742853366538556
(11.20);0.26496561802940566
(11.21);0.4144069663169055
(11.22);0.5212396405633822
(11.23);0.4836536323846234
(11.24);0.4676621840526065
(11.25);0.9180584655372622
(11.26);0.4663018447286436
(11.27);0.4012487497663272
(11.28);1.576157985895263
(11.29);0.8823440640403188
(11.30);4.168518309377038
(11.31);1.6056119171495455
(12.13);1.7171571976791091
(12.14);2.9941147834420057
(12.15);2.7238332770441085
(12.16);2.8179225946882402
(12.17);0.4968740253201669
(12.18);0.2285203846288755
(12.19);1.8653713541622932
(12.20);0.6007958491739935
(12.21);0.5223733386830325
(12.22);0.69914541387474
(12.23);0.5745541592066492
(12.24);0.4171098632601134
(12.25);0.5495905130586995
(12.26);0.6963681462855172
(12.27);0.9012260567722148
(12.28);0.49824721162837454
(12.29);0.4278680643246082
(12.30);1.1818490427708401
(12.31);1.551091699681658
(13.14);1.1320258790040028
(13.15);1.132627226599493
(13.16);1.6352013804359082
(13.17);0.5880980985867328
(13.18);0.2558134528540139
(13.19);1.1826223079314786
(13.20);0.3878253532870743
(13.21);1.2574716332863536
(13.22);1.846968341838843
(13.23);1.3639197609636382
(13.24);0.7145349670552982
(13.25);0.7473340682499195
(13.26);2.4908839808001693
(13.27);6.4308214130030015
(13.28);0.5815224435512125
(13.29);0.5675570984715708
(13.30);1.075686454233145
(13.31);2.238106281360209
(14.15);3.522026805538278
(14.16);1.8074529598436682
(14.17);0.479649260987854
(14.18);0.2364205906488692
(14.19);0.9271682415102737
(14.20);0.7742619305321188
(14.21);0.42297566795968394
(14.22);0.536644666025074
(14.23);0.4620440243130348
(14.24);0.36475320760475266
(14.25);0.4923312845888152
(14.26);0.5243911885471493
(14.27);0.6050188360248187
(14.28);0.4785961472805018
(14.29);0.3999667547872585
(14.30);1.2144073366262857
(14.31);1.2318675998106494
(15.16);2.719469345516892
(15.17);0.4450588971314141
(15.18);0.21972126710401058
(15.19);1.1265276296344322
(15.20);1.1786481339772885
(15.21);0.42196969714847
(15.22);0.5101158779244498
(15.23);0.4471330134407675
(15.24);0.35180564210394116
(15.25);0.43480424373518295
(15.26);0.51342607385604
(15.27);0.6332964114754981
(15.28);0.41202983015487965
(15.29);0.3611840357379253
(15.30);0.9502249776209745
(15.31);1.0630777022888516
(16.17);0.46791507124009946
(16.18);0.22689879337663943
(16.19);2.7662636020260756
(16.20);0.7774206741713369
(16.21);0.5483201671525739
(16.22);0.6471677887368196
(16.23);0.5648822963447057
(16.24);0.42048405130198285
(16.25);0.47975173764834705
(16.26);0.6807759765073714
(16.27);0.9832402920665358
(16.28);0.4318315761454554
(16.29);0.39501896361300326
(16.30);0.8981426962893861
(16.31);1.1916682805008871
(17.18);1.115433578635587
(17.19);0.27317604981547566
(17.20);0.20263732903633264
(17.21);0.3863656972846366
(17.22);0.3891755292882706
(17.23);0.4086028755873351
(17.24);0.5078705708975544
(17.25);0.4996450689027072
(17.26);0.36900476282716504
(17.27);0.3145872205100508
(17.28);0.5284703468894808
(17.29);0.6408021406793624
(17.30);0.8092820598768109
(17.31);0.8237690808905629
(18.19);0.0
(18.20);0.0
(18.21);0.0
(18.22);0.0
(18.23);0.0
(18.24);0.0
(18.25);0.0
(18.26);0.0
(18.27);0.0
(18.28);0.0
(18.29);0.0
(18.30);0.44276148013059347
(18.31);0.3993306552900785
(19.20);0.0
(19.21);0.0
(19.22);0.0
(19.23);0.0
(19.24);0.0
(19.25);0.0
(19.26);0.0
(19.27);0.0
(19.28);0.0
(19.29);0.0
(19.30);0.556461280561442
(19.31);0.8290194247042589
(20.21);0.0
(20.22);0.0
(20.23);0.0
(20.24);0.0
(20.25);0.0
(20.26);0.0
(20.27);0.0
(20.28);0.0
(20.29);0.0
(20.30);0.3829373085460259
(20.31);0.4111746107925457
(21.22);0.0
(21.23);0.0
(21.24);0.0
(21.25);0.0
(21.26);0.0
(21.27);0.0
(21.28);0.0
(21.29);0.0
(21.30);0.5450622195867758
(21.31);1.1206558425933708
(22.23);0.0
(22.24);0.0
(22.25);0.0
(22.26);0.0
(22.27);0.0
(22.28);0.0
(22.29);0.0
(22.30);0.7245925886871206
(22.31);2.2388125592004515
(23.24);0.0
(23.25);0.0
(23.26);0.0
(23.27);0.0
(23.28);0.0
(23.29);0.0
(23.30);0.6427528141818267
(23.31);1.5963524521757981
(24.25);0.0
(24.26);0.0
(24.27);0.0
(24.28);0.0
(24.29);0.0
(24.30);0.5716431076490684
(24.31);1.0439959871446058
(25.26);0.0
(25.27);0.0
(25.28);0.0
(25.29);0.0
(25.30);1.165144350899003
(25.31);2.704338787632469
(26.27);0.0
(26.28);0.0
(26.29);0.0
(26.30);0.6453483199127443
(26.31);1.6221670025045734
(27.28);0.0
(27.29);0.0
(27.30);0.5720989453595334
(27.31);1.1109471074324115
(28.29);0.0
(28.30);1.6563100007873746
(28.31);1.5489251341957653
(29.30);0.932774128821775
(29.31);1.2863124020917402
(30.31);2.1022364056537497

****Importance nodes******

0; 0.05789473684210527
1; 0.0018675721561969441
2; 0.0019278164193000714
3; 0.001990004045729106
4; 0.002054197724623593
5; 0.0021204621673533864
6; 0.0021888641727518827
7; 0.0022594726944535565
8; 0.0023323589104036714
9; 0.0024075962946102413
10; 0.002485260691210572
11; 0.002565430390927042
12; 0.0026481862099892047
13; 0.00273361157160176
14; 0.002821792590040526
15; 0.0029128181574611884
16; 0.0030067800335083234
17; 0.0031037729378150434
18; DISCONNECTED
19; DISCONNECTED
20; DISCONNECTED
21; DISCONNECTED
22; DISCONNECTED
23; DISCONNECTED
24; DISCONNECTED
25; DISCONNECTED
26; DISCONNECTED
27; DISCONNECTED
28; DISCONNECTED
29; DISCONNECTED
30; 0.0032038946454864964
31; 0.00330724608566348
