
****Importance edges******

(0.1);17.393136390848493
(0.2);18.99988631710345
(0.3);25.91008439102527
(0.4);27.017421489146095
(0.5);16.313052130630233
(0.6);28.281458134624927
(0.7);16.76793041570567
(0.8);14.208338014574394
(0.9);12.273165774189327
(0.10);11.342376668738448
(0.11);12.090717098237468
(0.12);13.268873799900256
(0.13);28.679045974397287
(0.14);10.107049124458625
(0.15);9.37931371935514
(0.16);11.319254965863047
(0.17);8.262253956787937
(0.30);12.995433620430296
(0.31);33.73767972288472
(1.2);1.9156743877465103
(1.3);1.302158102790878
(1.4);0.8112754882805348
(1.5);4.23717784487195
(1.6);0.7719292677013758
(1.7);3.2435335814090744
(1.8);0.5999705441385128
(1.9);0.6288554058071921
(1.10);0.7823840941224321
(1.11);1.2541612484288849
(1.12);1.6660582829993373
(1.13);1.3634796752426313
(1.14);1.4090199456897978
(1.15);1.064250841887526
(1.16);1.0622575724380616
(1.17);0.5502840438508608
(1.18);0.20749961802730302
(1.19);0.5342743686329255
(1.20);0.27910203275957585
(1.21);0.4213076533133051
(1.22);0.6552420244522759
(1.23);0.5139871568175481
(1.24);0.3802763646767953
(1.25);0.7271165329744983
(1.26);0.5733593097545379
(1.27);0.5343350760643071
(1.28);0.6718300751723211
(1.29);0.482063564114961
(1.30);2.1362517564732086
(1.31);2.876642501830164
(2.3);2.8331812922626898
(2.4);1.1430373969342649
(2.5);3.1035582151390297
(2.6);1.0020699829030875
(2.7);1.3234628909751134
(2.8);0.5642570755833094
(2.9);0.5557100947956832
(2.10);0.6185044723599883
(2.11);0.8264316278353022
(2.12);3.0770465674551644
(2.13);2.4795299113622624
(2.14);1.5353052732977377
(2.15);1.3758930526426536
(2.16);1.7422938926373492
(2.17);0.4907774355515724
(2.18);0.18297629283729372
(2.19);1.139519371205264
(2.20);0.33260679428585127
(2.21);0.5189358630754849
(2.22);0.8138781528386705
(2.23);0.602918766288432
(2.24);0.3916669086336495
(2.25);0.5392961245292406
(2.26);0.793517884000328
(2.27);1.0134455057736542
(2.28);0.45212013130655576
(2.29);0.3909522041328258
(2.30);1.179569433545307
(2.31);2.152925003075022
(3.4);1.9249336467547178
(3.5);1.5998554212664464
(3.6);1.5228854418186342
(3.7);1.0916108956982775
(3.8);0.6290361656562323
(3.9);0.592054727776682
(3.10);0.6156199482047297
(3.11);0.7542693546716719
(3.12);1.7445520143277602
(3.13);9.496186354258079
(3.14);1.090567027500293
(3.15);1.0768526783030454
(3.16);1.550487433409477
(3.17);0.510332496475441
(3.18);0.18742020556182645
(3.19);0.9945493002494419
(3.20);0.29812868024580963
(3.21);0.7787183779652435
(3.22);1.2567121072679297
(3.23);0.8832782475280343
(3.24);0.4883169969193594
(3.25);0.5592450094891671
(3.26);1.4635784916398726
(3.27);2.952150542763059
(3.28);0.4394853217708269
(3.29);0.41542500250179326
(3.30);1.0039425423995039
(3.31);2.1452664234794465
(4.5);0.9040872605019127
(4.6);5.401579251130473
(4.7);0.7860052920155103
(4.8);0.6996570181576275
(4.9);0.6104588885686482
(4.10);0.5732966958604924
(4.11);0.628612283979401
(4.12);1.006546700997506
(4.13);2.9853659280893865
(4.14);0.7534066165760855
(4.15);0.7767895443736962
(4.16);1.0925172172469744
(4.17);0.5209091013868257
(4.18);0.18640937300661523
(4.19);0.5817578269950938
(4.20);0.24892887287886276
(4.21);1.4365483857579617
(4.22);0.9849145233922564
(4.23);1.0547433454216528
(4.24);0.6061584807653915
(4.25);0.4721095270946194
(4.26);1.3626217078582803
(4.27);1.3521532648618
(4.28);0.3723475190327685
(4.29);0.3935550450611286
(4.30);0.7771713987540048
(4.31);1.471732165361712
(5.6);0.836020113168468
(5.7);1.98118332791609
(5.8);0.5811934961555411
(5.9);0.595430090237175
(5.10);0.709348297397462
(5.11);1.0516050244432844
(5.12);2.6949488419229177
(5.13);1.5944673968641019
(5.14);1.9151993441992745
(5.15);1.4010540310847222
(5.16);1.395213619312115
(5.17);0.5274205018411074
(5.18);0.21433630437675427
(5.19);0.7900419191829798
(5.20);0.3617353762165381
(5.21);0.4700146200758873
(5.22);0.7128027318423688
(5.23);0.5553959221045136
(5.24);0.39838700559180135
(5.25);0.6426814625729281
(5.26);0.6536497312064661
(5.27);0.6863446718695725
(5.28);0.5806692813748463
(5.29);0.45610168483233493
(5.30);1.6460910190632745
(5.31);2.3202065044154025
(6.7);0.7723956226785581
(6.8);0.7923829322289498
(6.9);0.6682128960010016
(6.10);0.6033805884485189
(6.11);0.6380138158276055
(6.12);0.8997650309836438
(6.13);2.1833527333100133
(6.14);0.7004101649564466
(6.15);0.7135814391936175
(6.16);0.959196877956103
(6.17);0.5599944944409694
(6.18);0.20386955372373583
(6.19);0.5133422272724324
(6.20);0.24335131552039138
(6.21);2.111103254848488
(6.22);0.9683775799411227
(6.23);1.197930986648175
(6.24);0.7540791071584192
(6.25);0.5026184565836268
(6.26);1.246318026312824
(6.27);0.9864644154318596
(6.28);0.39467907691824655
(6.29);0.43370710143018604
(6.30);0.7697215005860474
(6.31);1.4321067028793537
(7.8);0.7248887841566933
(7.9);0.7960610276396336
(7.10);1.0901793682330503
(7.11);2.117293859156717
(7.12);1.2331532817207036
(7.13);1.1827765824917664
(7.14);1.1546339151544085
(7.15);0.9078948472669871
(7.16);0.8995037944940786
(7.17);0.6748034329282243
(7.18);0.28910682152495515
(7.19);0.483559896628782
(7.20);0.2899167618899513
(7.21);0.4779520158943975
(7.22);0.7005938202230703
(7.23);0.5873569406721454
(7.24);0.48037008489489863
(7.25);1.1601433299579307
(7.26);0.602360340764496
(7.27);0.5173226238009919
(7.28);1.3228150150445466
(7.29);0.7448673614865582
(7.30);4.23427570235591
(7.31);3.0354992262625258
(8.9);2.6144784466258457
(8.10);1.1126829477841984
(8.11);0.7972199359290916
(8.12);0.5526823053213947
(8.13);0.7604082650324655
(8.14);0.5032387299488001
(8.15);0.4747434811976358
(8.16);0.5292432290220938
(8.17);1.3720095703794966
(8.18);0.3823665069645449
(8.19);0.27349762288110174
(8.20);0.17966234226325234
(8.21);0.5133617995770919
(8.22);0.46931604380892017
(8.23);0.5361954092378665
(8.24);0.8997997572597737
(8.25);0.5645157880195395
(8.26);0.4442955490191412
(8.27);0.347307779007353
(8.28);0.5094449179441488
(8.29);0.7571316430145166
(8.30);0.8101089728231835
(8.31);1.0897893056194368
(9.10);1.7702013987473633
(9.11);0.984560845643748
(9.12);0.5513281745892196
(9.13);0.7011341891126219
(9.14);0.5164225950124904
(9.15);0.47671066241258736
(9.16);0.5137449503119409
(9.17);2.12155402909086
(9.18);0.5424824814148987
(9.19);0.2688318189363033
(9.20);0.1839162578540221
(9.21);0.43324189678434766
(9.22);0.4367035172135141
(9.23);0.47113921795603764
(9.24);0.6568465511838135
(9.25);0.6102921559006536
(9.26);0.40586705977229154
(9.27);0.32570581676897165
(9.28);0.6146851872795708
(9.29);0.9257763872642768
(9.30);0.9314698269761565
(9.31);1.0909592536126462
(10.11);1.8727859241428664
(10.12);0.6228985366394989
(10.13);0.7089320751867031
(10.14);0.6076242953427213
(10.15);0.5374378959056206
(10.16);0.551199885373538
(10.17);1.4514183097853897
(10.18);0.6644044631886554
(10.19);0.2932370631552338
(10.20);0.20821307822956345
(10.21);0.3915983594554935
(10.22);0.4428876541006177
(10.23);0.4435319913468551
(10.24);0.5057891566019099
(10.25);0.7382724234708957
(10.26);0.4029827619480981
(10.27);0.3343275334140263
(10.28);0.9760462555152984
(10.29);1.0659302021491586
(10.30);1.4327018929643585
(10.31);1.2365219675431087
(11.12);0.8395381712076139
(11.13);0.8410909261254189
(11.14);0.8509716342729029
(11.15);0.7039668313311078
(11.16);0.6859739784702259
(11.17);0.8660077640563232
(11.18);0.4341053138320491
(11.19);0.3749066772261757
(11.20);0.26540548000803244
(11.21);0.4150949116794643
(11.22);0.5221049358471328
(11.23);0.4844565321921263
(11.24);0.4684385369059924
(11.25);0.9195825086042441
(11.26);0.4670759393209348
(11.27);0.40191485154325335
(11.28);1.5787745214875424
(11.29);0.8838088186327251
(11.30);4.175438349513343
(11.31);1.6384678358423115
(12.13);1.7200078021016818
(12.14);2.9990852292782435
(12.15);2.7283550361447815
(12.16);2.8226005488218178
(12.17);0.4976988719305725
(12.18);0.2288997448994154
(12.19);1.86846800474216
(12.20);0.6017932134846304
(12.21);0.5232405159871816
(12.22);0.700306045534734
(12.23);0.5755079604249976
(12.24);0.4178022956259533
(12.25);0.5505028728293988
(12.26);0.6975241674816098
(12.27);0.9027221568302902
(12.28);0.49907433782679245
(12.29);0.4285783560777976
(12.30);1.1838109971642345
(12.31);1.5824266843001409
(13.14);1.133905123362945
(13.15);1.1345074692386843
(13.16);1.6379159323087173
(13.17);0.5890743837183466
(13.18);0.25623812158035114
(13.19);1.1845855460006425
(13.20);0.3884691712606181
(13.21);1.2595591266177446
(13.22);1.8500344420949602
(13.23);1.366183965841265
(13.24);0.7157211464801777
(13.25);0.7485746965412441
(13.26);2.495019027318555
(13.27);6.441497038965178
(13.28);0.5824878126226364
(13.29);0.5684992840659662
(13.30);1.0774721710958077
(13.31);2.2827334172138922
(14.15);3.527873623291397
(14.16);1.810453461724268
(14.17);0.4804455132508988
(14.18);0.2368130658294769
(14.19);0.9287074074604209
(14.20);0.7755472610111148
(14.21);0.4236778379831134
(14.22);0.5375355347588093
(14.23);0.4628110506172719
(14.24);0.3653587241574311
(14.25);0.49314858992295507
(14.26);0.5252617156271691
(14.27);0.6060232107972874
(14.28);0.4793906512990669
(14.29);0.40063072836033586
(14.30);1.2164233401286269
(14.31);1.256106675882029
(15.16);2.7239838601774364
(15.17);0.445797726903192
(15.18);0.22008602020674717
(15.19);1.128397746504062
(15.20);1.1806047746319204
(15.21);0.42267019718801724
(15.22);0.5109627069623511
(15.23);0.447875286394761
(15.24);0.35238966476687666
(15.25);0.4355260500449489
(15.26);0.5142783980572116
(15.27);0.6343477290565508
(15.28);0.4127138293004785
(15.29);0.3617836272086588
(15.30);0.9518024194109901
(15.31);1.0837152625074649
(16.17);0.4686918439044008
(16.18);0.22727546168909796
(16.19);2.770855798517227
(16.20);0.7787112483919075
(16.21);0.5492304180577231
(16.22);0.6482421338015657
(16.23);0.5658200415752351
(16.24);0.42118208506259763
(16.25);0.480548160030017
(16.26);0.6819061135804572
(16.27);0.9848725416525403
(16.28);0.4325484476132689
(16.29);0.39567472349695404
(16.30);0.899633677747347
(16.31);1.2144873469697364
(17.18);1.1172852785828264
(17.19);0.27362954170124915
(17.20);0.20297372157343407
(17.21);0.3870070921242579
(17.22);0.3898215886510625
(17.23);0.4092811857419321
(17.24);0.5087136725643393
(17.25);0.5004745156447153
(17.26);0.36961733726722634
(17.27);0.3151094579169013
(17.28);0.5293476456656661
(17.29);0.6418659183106028
(17.30);0.8106255262886871
(17.31);0.8393253436524677
(18.19);0.0
(18.20);0.0
(18.21);0.0
(18.22);0.0
(18.23);0.0
(18.24);0.0
(18.25);0.0
(18.26);0.0
(18.27);0.0
(18.28);0.0
(18.29);0.0
(18.30);0.4434964960249512
(18.31);0.41332669198865934
(19.20);0.0
(19.21);0.0
(19.22);0.0
(19.23);0.0
(19.24);0.0
(19.25);0.0
(19.26);0.0
(19.27);0.0
(19.28);0.0
(19.29);0.0
(19.30);0.5573850463002471
(19.31);0.8580755117796894
(20.21);0.0
(20.22);0.0
(20.23);0.0
(20.24);0.0
(20.25);0.0
(20.26);0.0
(20.27);0.0
(20.28);0.0
(20.29);0.0
(20.30);0.3835730120138183
(20.31);0.4255857632195909
(21.22);0.0
(21.23);0.0
(21.24);0.0
(21.25);0.0
(21.26);0.0
(21.27);0.0
(21.28);0.0
(21.29);0.0
(21.30);0.5459670620646987
(21.31);1.1599334189367703
(22.23);0.0
(22.24);0.0
(22.25);0.0
(22.27);0.0
(22.28);0.0
(22.29);0.0
(22.30);0.7257954644871152
(22.31);2.3172801206679066
(23.24);0.0
(23.25);0.0
(23.26);0.0
(23.27);0.0
(23.28);0.0
(23.29);0.0
(23.30);0.643819830071347
(23.31);1.652302595768686
(24.25);0.0
(24.26);0.0
(24.27);0.0
(24.28);0.0
(24.29);0.0
(24.30);0.5725920763125083
(24.31);1.0805867320715958
(25.26);0.0
(25.27);0.0
(25.28);0.0
(25.29);0.0
(25.30);1.1670785743027177
(26.27);0.0
(26.28);0.0
(26.29);0.0
(26.30);0.646419644528411
(26.31);1.6790219135851878
(27.28);0.0
(27.29);0.0
(27.30);0.5730486707463501
(27.31);1.1498844048320098
(28.29);0.0
(28.30);1.65905959448781
(28.31);1.603213010005877
(29.30);0.9343226009479579
(29.31);1.3313960322789542
(30.31);2.1413787775136366

****Importance nodes******

0; 0.05789473684210527
1; 0.0018675721561969441
2; 0.0019278164193000714
3; 0.001990004045729106
4; 0.002054197724623593
5; 0.0021204621673533864
6; 0.0021888641727518827
7; 0.0022594726944535565
8; 0.0023323589104036714
9; 0.0024075962946102413
10; 0.002485260691210572
11; 0.002565430390927042
12; 0.0026481862099892047
13; 0.00273361157160176
14; 0.002821792590040526
15; 0.0029128181574611884
16; 0.0030067800335083234
17; 0.0031037729378150434
18; DISCONNECTED
19; DISCONNECTED
20; DISCONNECTED
21; DISCONNECTED
22; DISCONNECTED
23; DISCONNECTED
24; DISCONNECTED
25; DISCONNECTED
26; DISCONNECTED
27; DISCONNECTED
28; DISCONNECTED
29; DISCONNECTED
30; 0.0032038946454864964
31; 0.0034174876218522627
