
****Importance edges******

(0.1);17.095708249052567
(0.2);18.674982242608674
(0.3);25.467013740567243
(0.4);26.585746434500052
(0.5);16.034683894709833
(0.6);27.79994709868116
(0.7);16.48185851636539
(0.8);13.965951915433948
(0.9);12.063808146229226
(0.10);11.148911379955189
(0.11);11.884503705643375
(0.12);13.042584677506554
(0.14);9.920268002736629
(0.15);9.205583833234973
(0.16);11.109098486579951
(0.17);8.108483785494334
(0.30);12.752973314829147
(0.31);33.047094314245335
(1.2);1.8829157489001385
(1.3);1.2798907867568714
(1.4);0.8113248949728475
(1.5);4.167027435940743
(1.6);0.759582419169862
(1.7);3.189943132615497
(1.8);0.5900626601708906
(1.9);0.6184757148141584
(1.10);0.7694767454052397
(1.11);1.2334810510473628
(1.12);1.6385997878622491
(1.13);0.543958388820551
(1.14);1.3597497453694123
(1.15);1.026796788461329
(1.16);1.0246361322810835
(1.17);0.5306727700933224
(1.18);0.2039513088307111
(1.19);0.5251381076906326
(1.20);0.2743292995900237
(1.21);0.41410315898672057
(1.22);0.6440371782773225
(1.23);0.5051978136235483
(1.24);0.3737735183831136
(1.25);0.714682609936587
(1.26);0.5635546839383788
(1.27);0.5251977770057076
(1.28);0.6603415680755643
(1.29);0.4738201244684074
(1.30);2.0596486058127548
(1.31);2.7150223462241687
(2.3);2.7847329947163044
(2.4);1.1428102369636925
(2.5);3.052150787669834
(2.6);0.9860258694315007
(2.7);1.3015853087551446
(2.8);0.5549342832777877
(2.9);0.5465331257050124
(2.10);0.6082956306427645
(2.11);0.8127976067815482
(2.12);3.026308330687904
(2.13);1.0079180947036124
(2.14);1.4819671118471016
(2.15);1.3277812238992048
(2.16);1.6809775506899562
(2.17);0.473395818888091
(2.18);0.17984734026954757
(2.19);1.1200332289994008
(2.20);0.3269191127458392
(2.21);0.5100618954369043
(2.22);0.7999605786181592
(2.23);0.5926086644021836
(2.24);0.3849692804301959
(2.25);0.5300739899704111
(2.26);0.7799484768263444
(2.27);0.9961152666022826
(2.28);0.4443887338460152
(2.29);0.3842667976027286
(2.30);1.1375314000319254
(2.31);2.0329142463140757
(3.4);1.9240508163514316
(3.5);1.5733423895807417
(3.6);1.4984778795535691
(3.7);1.0735568549320007
(3.8);0.6186378458186896
(3.9);0.582272655917223
(3.10);0.605453630750388
(3.11);0.7418196201942245
(3.12);1.7157713407770456
(3.13);3.9322202313381385
(3.14);1.0529281898633724
(3.15);1.0394416545719112
(3.16);1.4962704390567625
(3.17);0.4923724255637603
(3.18);0.184215260678821
(3.19);0.9775421921781641
(3.20);0.29303058537729354
(3.21);0.7654020470324043
(3.22);1.2352219321530025
(3.23);0.8681739097049112
(3.24);0.4799666215909907
(3.25);0.5496817426784423
(3.26);1.4385508358244452
(3.27);2.90166783334799
(3.28);0.431969983555595
(3.29);0.4083211033674951
(3.30);0.9683864162207662
(3.31);2.0266359421549742
(4.5);0.9036726198611092
(4.7);0.7852624020308406
(4.8);0.6988202050855927
(4.9);0.6095759112454271
(4.10);0.5723242875757251
(4.11);0.6273895254494605
(4.12);1.004339042265257
(4.13);1.3009260384535646
(4.14);0.7379760646987982
(4.15);0.7605055225518792
(4.16);1.0690905998477773
(4.17);0.5094910404628793
(4.18);0.1893291041365155
(4.19);0.5908699033362359
(4.20);0.25282784731106367
(4.21);1.4590490517591108
(4.22);1.0003412454924225
(4.23);1.071263796781003
(4.24);0.6156527446932089
(4.25);0.4795041814553297
(4.26);1.383964459859117
(4.27);1.3733320495770578
(4.28);0.3781796004615416
(4.29);0.39971930009756124
(4.30);0.7597681087977357
(4.31);1.4091092811504895
(5.6);0.8230150942557383
(5.7);1.9493656419831886
(5.8);0.5718597108295572
(5.9);0.5858678205733775
(5.10);0.6979567453220294
(5.11);1.0347173752448668
(5.12);2.651671530799233
(5.13);0.685332222913274
(5.14);1.8508215043107972
(5.15);1.3536248377821745
(5.16);1.3476512659554376
(5.17);0.5093165255764239
(5.18);0.21089053472555458
(5.19);0.7773408395585449
(5.20);0.35591995085144806
(5.21);0.4624584474611406
(5.22);0.7013433851497184
(5.23);0.5464671201530541
(5.24);0.3919823516658496
(5.25);0.6323494178660745
(5.26);0.6431413555355532
(5.27);0.6753106771971922
(5.28);0.5713341732000393
(5.29);0.44876918300523544
(5.30);1.5892021912891414
(5.31);2.1948994761322185
(6.7);0.7603803379709039
(6.8);0.7800504866582276
(6.9);0.657807743532866
(6.10);0.5939802392221663
(6.11);0.6280688969499383
(6.12);0.8857330779730636
(6.13);0.9562526165843133
(6.14);0.6773477375934163
(6.15);0.6899087800386993
(6.16);0.9271398263320972
(6.17);0.5411418414757859
(6.18);0.20080100245595917
(6.19);0.5056156348826992
(6.20);0.23968850283396584
(6.21);2.079327894326283
(6.22);0.9538020035672148
(6.23);1.1799002773998022
(6.24);0.7427290533715234
(6.25);0.495053273484989
(6.26);1.2275590174768232
(6.27);0.9716166042835019
(6.28);0.38873854798824475
(6.29);0.4271791405275945
(6.30);0.7436206271667157
(6.31);1.3559989582171472
(7.8);0.7132583537816787
(7.9);0.7832886788896161
(7.10);1.0726880571303923
(7.11);2.0833230772235733
(7.12);1.2133680350756495
(7.13);0.5266431089975698
(7.14);1.116392275365607
(7.15);0.877606778141493
(7.16);0.8692800802193684
(7.17);0.651968749426409
(7.18);0.28446826616008003
(7.19);0.47580145170204313
(7.20);0.2852652114902117
(7.21);0.47028354624091184
(7.22);0.6893531887974519
(7.23);0.5779331309056359
(7.24);0.47266281869252574
(7.25);1.1415294866773913
(7.26);0.5926958099329398
(7.27);0.5090224750208767
(7.28);1.301591196621976
(7.29);0.7329163861428457
(7.30);4.089986784619116
(7.31);2.8744195429135906
(8.9);2.5725306193107444
(8.10);1.0948305794809345
(8.11);0.7844289931513195
(8.12);0.5438148304589976
(8.13);0.34447288487356154
(8.14);0.4866929096192765
(8.15);0.45901990945618576
(8.16);0.5115872685845223
(8.17);1.3259094588611893
(8.18);0.37623165271630005
(8.19);0.26910950827625074
(8.20);0.17677976164071488
(8.21);0.5051251999804798
(8.22);0.46178613344101865
(8.23);0.5275924572942817
(8.24);0.8853629792919098
(8.25);0.5554584516230385
(8.26);0.437167078332693
(8.27);0.3417354222117582
(8.28);0.5012711624970322
(8.29);0.7449838942132366
(8.30);0.782695683124692
(8.31);1.0324707276163894
(9.10);1.7417995189447446
(9.11);0.968764123973476
(9.12);0.5424824259882068
(9.13);0.3230688862879804
(9.14);0.49956838486529304
(9.15);0.46103704967167347
(9.16);0.4967296443562712
(9.17);2.050777357893741
(9.18);0.5337786569556734
(9.19);0.2645185645156756
(9.20);0.18096542556284118
(9.21);0.42629077569347357
(9.22);0.42969685638155686
(9.23);0.4635800557905597
(9.24);0.6463078199362344
(9.25);0.6005003635833291
(9.26);0.39935515245166014
(9.27);0.32048005123436524
(9.28);0.6048229112594985
(9.29);0.9109228289664534
(9.30);0.9001720402649006
(9.31);1.0340941872581983
(10.11);1.842738133676097
(10.12);0.6129044820763395
(10.13);0.33218146524339587
(10.14);0.5879411215094549
(10.15);0.5198978205368388
(10.16);0.5330771660232758
(10.17);1.4033471285588608
(10.18);0.6537444695194827
(10.19);0.28853224040043235
(10.20);0.20487241720342597
(10.21);0.385315385357728
(10.22);0.4357817722915022
(10.23);0.4364157715112117
(10.24);0.49767405577697504
(10.25);0.7264272601760037
(10.26);0.3965171315540218
(10.27);0.32896343731431105
(10.28);0.9603861456257917
(10.29);1.0488279551953121
(10.30);1.3849058578828093
(10.31);1.1726565915954248
(11.12);0.8260682562898977
(11.13);0.4006649119931666
(11.14);0.823612591443378
(11.15);0.6811627703017039
(11.16);0.6635862098088514
(11.17);0.8375345802266404
(11.18);0.42714033970319526
(11.19);0.36889151172505696
(11.20);0.2611471992567695
(11.21);0.4084349486964153
(11.22);0.5137280575762322
(11.23);0.4766837012551204
(11.24);0.4609227056398249
(11.25);0.9048283275848128
(11.26);0.45958197016201535
(11.27);0.3954663551673626
(11.28);1.5534439776147053
(11.29);0.869628606226914
(11.30);4.037147236436967
(11.31);1.5546239813161884
(12.13);0.832773789759299
(12.14);2.9033943461670235
(12.15);2.6406374445333833
(12.16);2.7311661909625804
(12.17);0.48145573799616714
(12.18);0.2252271780117811
(12.19);1.8384894928489488
(12.20);0.5921377818893797
(12.21);0.514845417975484
(12.22);0.6890700312911571
(12.23);0.5662742608419965
(12.24);0.411098894199413
(12.25);0.5416703657281384
(12.26);0.6863327868973139
(12.27);0.8882384906149104
(12.28);0.491066972469631
(12.29);0.4217020588587697
(12.30);1.1448888655842857
(12.31);1.50220896349282
(13.14);0.549001269445766
(13.15);0.5578712842957376
(13.16);0.817784635166047
(13.17);0.29855818411933394
(13.18);0.0
(13.19);0.0
(13.20);0.0
(13.21);0.0
(13.22);0.0
(13.23);0.0
(13.24);0.0
(13.25);0.0
(13.26);0.0
(13.28);0.0
(13.29);0.0
(13.30);0.5542011383409723
(13.31);1.1699200375124368
(14.15);3.3627936719719167
(14.16);1.7257368303363245
(14.17);0.45796400444188273
(14.18);0.22573186124186065
(14.19);0.8852503593957081
(14.20);0.7392570426630365
(14.21);0.40385266159140853
(14.22);0.5123826099701695
(14.23);0.4411547120223715
(14.24);0.34826247671821997
(14.25);0.4700726654679856
(14.26);0.5006831202168205
(14.27);0.5776655390608619
(14.28);0.4569585026934627
(14.29);0.38188399642011706
(14.30);1.1595031873072323
(14.31);1.1761740605825335
(15.16);2.596520359199301
(15.17);0.42493749354062205
(15.18);0.20978752502767903
(15.19);1.0755965792989532
(15.20);1.1253606815790762
(15.21);0.4028921713779839
(15.22);0.4870532057164649
(15.23);0.42691783769616887
(15.24);0.3359002791150939
(15.25);0.4151464597259769
(15.26);0.4902137455267339
(15.27);0.6046646668456717
(15.28);0.3934016922669995
(15.29);0.3448546694439896
(15.30);0.9072646853989825
(15.31);1.0150152646339765
(16.17);0.4467603250810619
(16.18);0.21664055064692034
(16.19);2.6411990167910795
(16.20);0.7422729774380474
(16.21);0.523530254061611
(16.22);0.6179089100758925
(16.23);0.5393435985694106
(16.24);0.40147369255110427
(16.25);0.458061848065585
(16.26);0.6499976497139723
(16.27);0.9387873559025446
(16.28);0.4123081883806559
(16.29);0.3771598981182925
(16.30);0.8575370780428089
(16.31);1.1377921787695169
(17.18);1.065004097595865
(17.19);0.26082558207939877
(17.20);0.19347596296460515
(17.21);0.36889785161564764
(17.22);0.37158064927813744
(17.23);0.39012967255501074
(17.24);0.48490941048759123
(17.25);0.4770557888133981
(17.26);0.35232181635058324
(17.27);0.300364526684161
(17.28);0.5045778571447149
(17.29);0.6118310571271427
(17.30);0.7726938890739683
(17.31);0.7865259424002419
(18.19);0.0
(18.20);0.0
(18.21);0.0
(18.22);0.0
(18.23);0.0
(18.24);0.0
(18.25);0.0
(18.26);0.0
(18.27);0.0
(18.28);0.0
(18.29);0.0
(18.30);0.42274394426379885
(18.31);0.3812766553969035
(19.20);0.0
(19.21);0.0
(19.22);0.0
(19.23);0.0
(19.24);0.0
(19.25);0.0
(19.26);0.0
(19.27);0.0
(19.28);0.0
(19.29);0.0
(19.30);0.5313033024129461
(19.31);0.7915389147389561
(20.21);0.0
(20.22);0.0
(20.23);0.0
(20.24);0.0
(20.25);0.0
(20.26);0.0
(20.27);0.0
(20.28);0.0
(20.29);0.0
(20.30);0.3656244625724039
(20.31);0.392585137930933
(21.22);0.0
(21.23);0.0
(21.24);0.0
(21.25);0.0
(21.26);0.0
(21.27);0.0
(21.28);0.0
(21.29);0.0
(21.30);0.5204196004343716
(21.31);1.0699902595873036
(22.23);0.0
(22.24);0.0
(22.25);0.0
(22.26);0.0
(22.27);0.0
(22.28);0.0
(22.29);0.0
(22.30);0.6918332842223784
(22.31);2.137594380307367
(23.24);0.0
(23.25);0.0
(23.26);0.0
(23.27);0.0
(23.28);0.0
(23.29);0.0
(23.30);0.6136935394057714
(23.31);1.5241803145769055
(24.25);0.0
(24.26);0.0
(24.27);0.0
(24.28);0.0
(24.29);0.0
(24.30);0.5457987491764298
(24.31);0.9967962463015387
(25.26);0.0
(25.27);0.0
(25.28);0.0
(25.29);0.0
(25.30);1.112467413358649
(25.31);2.582073863724838
(26.27);0.0
(26.28);0.0
(26.29);0.0
(26.30);0.616171700626399
(26.31);1.5488277722151897
(27.28);0.0
(27.29);0.0
(27.30);0.546233978166109
(27.31);1.0607204626877496
(28.29);0.0
(28.30);1.5814271432327545
(28.31);1.4788972166370877
(29.30);0.8906028008783399
(29.31);1.2281573777721462
(30.31);2.0071929239167137

****Importance nodes******

0; 0.061111111111111116
1; 0.001971326164874552
2; 0.0020349173314834087
3; 0.0021005598260473895
4; 0.002240597147783882
5; 0.002240597147783882
6; 0.002315283719376678
7; 0.0023875610467245455
8; 0.0024645791450059826
9; 0.0025440816980706916
10; 0.002626148849621359
11; 0.0027108633286414027
12; 0.0027983105327911255
13; DISCONNECTED
14; 0.002888578614494065
15; 0.002981758569800325
16; 0.0030779443301164645
17; 0.003177232856894415
18; DISCONNECTED
19; DISCONNECTED
20; DISCONNECTED
21; DISCONNECTED
22; DISCONNECTED
23; DISCONNECTED
24; DISCONNECTED
25; DISCONNECTED
26; DISCONNECTED
27; DISCONNECTED
28; DISCONNECTED
29; DISCONNECTED
30; 0.00327972423937488
31; 0.0033855217954837473
