
****Mix criterion 0.5*C(weight)+0.5*C(distance) ******

(0.1);0.6481830508113375
(0.2);0.6813150354010906
(0.3);0.8114166203021493
(0.4);0.8309147867272231
(0.5);0.6243282635777304
(0.6);0.8523049539327778
(0.7);0.6340363261012893
(0.8);0.5750309377086484
(0.9);0.5245691681345945
(0.10);0.49754519750385207
(0.11);0.5190536912851057
(0.12);0.5506484961753402
(0.14);0.4569697270689733
(0.15);0.43086082762936545
(0.16);0.4951133419064324
(0.17);0.3853413287719149
(0.30);0.541807187286041
(0.31);0.9415762037986583
(1.2);0.4678267198060383
(1.3);0.4289949272998886
(1.4);0.36428422008418215
(1.5);0.5342613887787453
(1.6);0.3506087268518865
(1.7);0.509331411213895
(1.8);0.2946079988379971
(1.9);0.3012195470797969
(1.10);0.34131031842460335
(1.11);0.4104530757088394
(1.12);0.44182003780112583
(1.13);0.4049096657258626
(1.14);0.4186882096241804
(1.15);0.37801983779836745
(1.16);0.3750210176619927
(1.17);0.2314380545138783
(1.18);0.2137459373915187
(1.19);0.3955710877779886
(1.20);0.28903908920853144
(1.21);0.3637605106727535
(1.22);0.4181155153507406
(1.23);0.3908340537567264
(1.24);0.3477745085356825
(1.25);0.4282414708963568
(1.26);0.40381251008136965
(1.27);0.39558475745145366
(1.28);0.4206245204607239
(1.29);0.3826240252449051
(1.30);0.45849609686269777
(1.31);0.4848523337561895
(2.3);0.5005044464856893
(2.4);0.4106482722595062
(2.5);0.5062644013172021
(2.6);0.38914610487678714
(2.7);0.42283422122517217
(2.8);0.27724219358143015
(2.9);0.269414669085855
(2.10);0.29075550008372814
(2.11);0.34584293619973344
(2.12);0.5002809605884309
(2.13);0.4576891740824573
(2.14);0.42771816544509894
(2.15);0.4123848818368585
(2.16);0.43873300397877407
(2.17);0.1932756556094541
(2.18);0.16401846176456267
(2.19);0.46255709459606204
(2.20);0.3186155309289703
(2.21);0.38828949948152364
(2.22);0.43595417332600506
(2.23);0.4061736079252294
(2.24);0.347590603931414
(2.25);0.3931009849388701
(2.26);0.4336976165194185
(2.27);0.4539166121884235
(2.28);0.3696468402905372
(2.29);0.34729071029543135
(2.30);0.3840224464534202
(2.31);0.454760042909753
(3.5);0.4455364212304571
(3.6);0.4390275579108842
(3.7);0.3973173561808709
(3.8);0.2991280699702836
(3.9);0.2815353472981416
(3.10);0.2867317553714108
(3.11);0.3264819166969655
(3.12);0.44494400503530523
(3.13);0.5462428145318334
(3.14);0.38107543734987276
(3.15);0.3765560974353442
(3.16);0.42428758391759014
(3.17);0.20195856523865513
(3.18);0.1615415950749542
(3.19);0.4509565973201054
(3.20);0.2899962543804551
(3.21);0.4298119843564355
(3.22);0.46840363255657735
(3.23);0.44114358230102885
(3.24);0.3764939144695527
(3.25);0.39419928566350837
(3.26);0.4787774579937765
(3.27);0.52369106268617
(3.28);0.36118714120640777
(3.29);0.35238672880431493
(3.30);0.35645466922817265
(3.31);0.45389717993840883
(4.5);0.37231903088416485
(4.7);0.3438711893463995
(4.8);0.31863476213339376
(4.9);0.2854614657018233
(4.10);0.2662438581760492
(4.11);0.2845061864883647
(4.12);0.37218236920855574
(4.13);0.4706209628305025
(4.14);0.31303259483137774
(4.15);0.3157508257282174
(4.16);0.3743693512298346
(4.17);0.20455743143234853
(4.18);0.14861072054372615
(4.19);0.39544395294273543
(4.20);0.23854684028451556
(4.21);0.4761506947220017
(4.22);0.448116660738896
(4.23);0.4536308816464792
(4.24);0.40038911745984673
(4.25);0.3673918764379455
(4.26);0.4725183052445596
(4.27);0.47198189525491707
(4.28);0.3283789100415726
(4.29);0.338262533057429
(4.30);0.3043686463034764
(4.31);0.40752111952466197
(5.6);0.3546478075698452
(5.7);0.4618361310231305
(5.8);0.2740903761301295
(5.9);0.27604237718174535
(5.10);0.3117792209310385
(5.11);0.3792439292687263
(5.12);0.485983597791965
(5.13);0.4171712988143692
(5.14);0.44902237739257583
(5.15);0.4105096824258272
(5.16);0.40789689226540166
(5.17);0.20444747665739357
(5.18);0.18515351167030844
(5.19);0.42548832644261975
(5.20);0.31694373550459976
(5.21);0.36197019324265867
(5.22);0.41498769452023376
(5.23);0.38553841379846054
(5.24);0.3348268760264202
(5.25);0.40350852300325446
(5.26);0.40545177859405396
(5.27);0.4109068516159667
(5.28);0.3912570764848701
(5.29);0.35733879842367466
(5.30);0.42503676557276215
(5.31);0.4601642410342368
(6.7);0.3351893451199287
(6.8);0.3371187121740531
(6.9);0.29935780424175396
(6.10);0.2718213377408707
(6.11);0.2813649191712747
(6.12);0.3488212958684767
(6.13);0.4454541279691591
(6.14);0.2912295276233865
(6.15);0.2915570780038687
(6.16);0.34820058125424436
(6.17);0.218830047433016
(6.18);0.1578863126258835
(6.19);0.37058112573655655
(6.20);0.2144735262518029
(6.21);0.4981579216635499
(6.22);0.441779471982241
(6.23);0.45912793093833454
(6.24);0.4179327320274785
(6.25);0.3674965619896708
(6.26);0.4621302280253152
(6.27);0.4433815669235043
(6.28);0.3275985437195253
(6.29);0.34422425594302397
(6.30);0.29675752846550413
(6.31);0.40067877540695923
(7.8);0.3168594232468103
(7.9);0.3323658582318407
(7.10);0.3829937297440617
(7.11);0.4617818157159565
(7.12);0.39652861819243973
(7.13);0.37872698684816863
(7.14);0.38217048282480187
(7.15);0.33886710712053064
(7.16);0.33391569315698205
(7.17);0.2665365651999984
(7.18);0.25306361142574746
(7.19);0.3569933458143857
(7.20);0.25377757912767773
(7.21);0.35514732591287484
(7.22);0.4067609219452935
(7.23);0.38508530716268397
(7.24);0.3559483598376992
(7.25);0.4546775981438249
(7.26);0.3883891267066757
(7.27);0.367299923355668
(7.28);0.4648011318823605
(7.29);0.4135831241336986
(7.30);0.5224389515806112
(7.31);0.4862736744803545
(8.9);0.483453522771872
(8.10);0.38401849817337996
(8.11);0.32378344730215347
(8.12);0.2323309864755231
(8.13);0.3012428590393968
(8.14);0.19379608774806548
(8.15);0.1686852395317215
(8.16);0.19887916881710832
(8.17);0.3987718358887513
(8.18);0.30960402088036687
(8.19);0.22992475646210928
(8.20);0.08534180719030618
(8.21);0.36159336069368797
(8.22);0.34722955167205377
(8.23);0.3681533239437727
(8.24);0.43007869906702345
(8.25);0.3755905728825888
(8.26);0.3378596557872215
(8.27);0.28928715540889166
(8.28);0.3604120400352434
(8.29);0.41225077459826936
(8.30);0.3026202918305516
(8.31);0.3540992871625167
(9.10);0.4417540263467445
(9.11);0.3600261613762234
(9.12);0.2274550463533597
(9.13);0.28038938502099925
(9.14);0.19753586433955528
(9.15);0.16527957709425922
(9.16);0.1848527057584249
(9.17);0.4515224800132427
(9.18);0.36540908646861775
(9.19);0.2161001184491855
(9.20);0.08190697679062522
(9.21);0.32780647200121166
(9.22);0.3292741497662461
(9.23);0.3427412656925447
(9.24);0.39195437388722193
(9.25);0.3822720881202907
(9.26);0.3153490984422931
(9.27);0.26722087967032576
(9.28);0.3832439188900192
(9.29);0.4301913576667417
(9.30);0.3291873184710739
(9.31);0.35218565500522536
(10.11);0.4453379116143479
(10.12);0.2569632176170412
(10.13);0.2796427234855145
(10.14);0.24149491276046586
(10.15);0.20035687327789498
(10.16);0.2030151836594871
(10.17);0.4033562026931283
(10.18);0.389649594886573
(10.19);0.23191094800782697
(10.20);0.11938573054978963
(10.21);0.3018123192834169
(10.22);0.3262037044791215
(10.23);0.3264753734156997
(10.24);0.349575524046617
(10.25);0.4027820241657104
(10.26);0.3077456580942528
(10.27);0.2660096101795623
(10.28);0.4326883819374549
(10.29);0.4409302665068906
(10.30);0.399397159288886
(10.31);0.37160536292125435
(11.12);0.32237764096644167
(11.13);0.3131761955397117
(11.14);0.31864894968580504
(11.15);0.2720578150301363
(11.16);0.2613484909044045
(11.17);0.31225604093911735
(11.18);0.3164863704192648
(11.19);0.28560570890486525
(11.20);0.19321453378921113
(11.21);0.3075023673280212
(11.22);0.3498186675991512
(11.23);0.33698210841780896
(11.24);0.33092228597188117
(11.25);0.4240182755043367
(11.26);0.33038837053110076
(11.27);0.30079054720932025
(11.28);0.4712878982463778
(11.29);0.41985504915612826
(11.30);0.5188385754605634
(11.31);0.41174637844285605
(12.13);0.41681372355604934
(12.14);0.48813028622868854
(12.15);0.47758827964323075
(12.16);0.4800237976721856
(12.17);0.1534515572924311
(12.18);0.13149030133289816
(12.19);0.48228031623970496
(12.20);0.3675022387865459
(12.21);0.34509397611508186
(12.22);0.3888702396148944
(12.23);0.3606494127430431
(12.24);0.30246262384472067
(12.25);0.3535576748927007
(12.26);0.3883439583020288
(12.27);0.41914490262233184
(12.28);0.33685549403989523
(12.29);0.30774654824381154
(12.30);0.3659875138132646
(12.31);0.40539212282836545
(13.14);0.3583118433536046
(13.15);0.35606934988375005
(13.16);0.40508240846617366
(13.17);0.2011280273701534
(13.18);0.15704231656661433
(13.19);0.42581337516321316
(13.20);0.2737811315780803
(13.21);0.43022913454582556
(13.22);0.4524973548986985
(13.23);0.43567432133782824
(13.24);0.37721529462807485
(13.25);0.3826040125344529
(13.26);0.46477677325228084
(13.27);0.48635576505851785
(13.28);0.349130947045096
(13.29);0.34541869543101184
(13.30);0.339676743972296
(13.31);0.4352172343571172
(14.15);0.5011613811808889
(14.16);0.42756835395962267
(14.17);0.12932589230258495
(14.18);0.12035889983053447
(14.19);0.415728918824485
(14.20);0.39422794091678315
(14.21);0.29200592278555426
(14.22);0.33900096276820946
(14.23);0.31067495540199697
(14.24);0.2569876059661585
(14.25);0.3231707608499596
(14.26);0.3348804027103405
(14.27);0.35906126442595016
(14.28);0.31769308421960013
(14.29);0.2793561444554626
(14.30);0.3658970124848176
(14.31);0.36573471910604544
(15.16);0.4727895148444071
(15.17);0.09322617633769868
(15.18);0.07770825491580548
(15.19);0.4333041926106411
(15.20);0.4377275062198304
(15.21);0.2845577392213879
(15.22);0.32411413389348137
(15.23);0.2973893702874064
(15.24);0.23935872353588653
(15.25);0.29128282409069683
(15.26);0.3253435328277239
(15.27);0.36154088838923976
(15.28);0.2790694790300351
(15.29);0.24639412429049123
(15.30);0.3169834554590084
(15.31);0.3365307156161826
(16.17);0.10760268814333075
(16.18);0.07798032811766059
(16.19);0.5051156587809809
(16.20);0.38711207145266513
(16.21);0.3319355695471957
(16.22);0.3602457398637791
(16.23);0.33733507907443244
(16.24);0.27658172359550126
(16.25);0.3057904329011177
(16.26);0.36809296893720855
(16.27);0.4160718509190143
(16.28);0.2827764620193423
(16.29);0.2614188449971191
(16.30);0.301622940746738
(16.31);0.35527844371572864
(17.18);0.4268241139487589
(17.19);0.1393019009484129
(17.20);0.011347150360223872
(17.21);0.24776554732960368
(17.22);0.24966762841655765
(17.23);0.26211830416260096
(17.24);0.31120437809140933
(17.25);0.3078564721662282
(17.26);0.23538459025741346
(17.27);0.18790155963359187
(17.28);0.31914772576397843
(17.29);0.35381462339646663
(17.30);0.2734665851915855
(17.31);0.27403089524495455
(18.19);0.10732817961284896
(18.20);0.0
(18.21);0.18803161881408834
(18.22);0.2034468040824998
(18.23);0.20819183108250347
(18.24);0.24399656096575814
(18.25);0.27284638890572005
(18.26);0.1865425145386694
(18.27);0.14339989413659812
(18.28);0.2980573069448516
(18.29);0.3113861206892689
(18.30);0.27416287052395655
(18.31);0.23997051970748604
(19.20);0.34734794579813444
(19.21);0.356235184047909
(19.22);0.38560589508745663
(19.23);0.3632687627059239
(19.24);0.30466663021647417
(19.25);0.3327148376958611
(19.26);0.3921743155274524
(19.27);0.4333138210745641
(19.28);0.30866550294188116
(19.29);0.2899193059838615
(19.30);0.3232594333691912
(19.31);0.3839520149916988
(20.21);0.2040121829148257
(20.22);0.2390557185316491
(20.23);0.21400483108442625
(20.24);0.156491719312733
(20.25);0.20594847610002393
(20.26);0.24189541880333798
(20.27);0.2806639895897276
(20.28);0.19580156669596463
(20.29);0.16224147551091206
(20.30);0.23701651425407888
(20.31);0.24779827341282565
(21.22);0.4491211020988572
(21.23);0.47123175263996653
(21.24);0.43702391354658693
(21.25);0.39058273746720723
(21.26);0.45850608739819965
(21.27);0.42214098696571045
(21.28);0.3522376018318006
(21.29);0.37085051349327436
(21.30);0.3192301142599796
(21.31);0.42148859015010676
(22.23);0.47266078682940443
(22.24);0.4174289888538597
(22.25);0.42583268002620656
(22.26);0.48121236965587183
(22.27);0.43905737975981124
(22.28);0.38923028247682495
(22.29);0.39205820630933147
(22.30);0.36856757457979833
(22.31);0.4849625192298024
(23.24);0.44133164346823295
(23.25);0.4185989878543546
(23.26);0.47082403719426563
(23.27);0.42394561024839766
(23.28);0.38024949193096075
(23.29);0.39467635923936234
(23.30);0.34931530232140473
(23.31);0.4565915850875032
(24.25);0.4083718328712664
(24.26);0.41219784006169036
(24.27);0.36605092185645655
(24.28);0.3756281229222737
(24.29);0.4117465388067217
(24.30);0.32838655122500254
(24.31);0.4134251809237207
(25.26);0.4072188906242786
(25.27);0.3690778909355585
(25.28);0.4616346012637311
(25.29);0.4560023965488816
(25.30);0.42859524377478864
(25.31);0.49985557098574435
(26.27);0.4525803517447442
(26.28);0.3704492715997102
(26.29);0.375005162204562
(26.30);0.3499962437838409
(26.31);0.4580229917204486
(27.28);0.3359731277896
(27.29);0.3317845800673908
(27.30);0.3285364663970161
(27.31);0.42052046617444366
(28.29);0.4518388607763606
(28.30);0.4618681729540685
(28.31);0.4538698359083381
(29.30);0.4032499762357824
(29.31);0.4360818842667152
(30.31);0.4357282133293948
