
****Mix criterion 0.5*C(weight)+0.5*C(distance) ******

(0.1);0.6486902728468588
(0.2);0.6812799386327515
(0.3);0.8113704302661711
(0.4);0.8308676061311788
(0.5);0.6243177279952257
(0.6);0.852257651959629
(0.7);0.6343721914713935
(0.8);0.5750181405521103
(0.9);0.5245588662075807
(0.10);0.4975363926862096
(0.11);0.5190450911522613
(0.12);0.5506399455909119
(0.14);0.4569639183882025
(0.15);0.4308561011987583
(0.16);0.49510846258393476
(0.17);0.3853383866465692
(0.30);0.5418841038941707
(0.31);0.9415762037986583
(1.2);0.4688189040341742
(1.3);0.4296597461568173
(1.4);0.3646920659974212
(1.6);0.35098470806210924
(1.8);0.29489684698210583
(1.9);0.3015175071006624
(1.10);0.34167508137563274
(1.11);0.4110283099002027
(1.12);0.4425716613958991
(1.13);0.4054755195710559
(1.14);0.41930157799148227
(1.15);0.3784752479178604
(1.16);0.3754677690722027
(1.17);0.23166547255933476
(1.18);0.21395809816466954
(1.19);0.39611736378659756
(1.20);0.2893244608329286
(1.21);0.3641912823450636
(1.22);0.41878547636479135
(1.23);0.391359586832964
(1.24);0.3481633272154846
(1.25);0.4289849209676062
(1.26);0.40439874901331196
(1.27);0.3961310955311917
(1.28);0.4213114421501691
(1.29);0.3831169176147456
(1.30);0.4595230020480663
(1.31);0.48598242965213395
(2.3);0.5005884671584462
(2.4);0.41068221722434906
(2.5);0.5064056030585405
(2.6);0.38917591154317865
(2.7);0.42328551577720125
(2.8);0.2772645375331009
(2.9);0.26943675777919773
(2.10);0.29078017703360726
(2.11);0.3458760317733459
(2.12);0.5004046402266108
(2.13);0.45771907856258687
(2.14);0.4277789519724199
(2.15);0.41243954120722126
(2.16);0.4388024511202527
(2.17);0.19329528269043358
(2.18);0.16402379775489928
(2.19);0.4625903254821995
(2.20);0.3186252304731718
(2.21);0.388304632790368
(2.22);0.43597790779942447
(2.23);0.40619119035987594
(2.24);0.34760202579818833
(2.25);0.39311671199762965
(2.26);0.4337207572427073
(2.27);0.4539461664839098
(2.28);0.36966002510598095
(2.29);0.3473021113198536
(2.30);0.3841568151789923
(2.31);0.45484983773318194
(3.5);0.4456095669582679
(3.6);0.43907354802737003
(3.7);0.3976851057421981
(3.8);0.2991531661663138
(3.9);0.2815590524406727
(3.10);0.28675649149824217
(3.11);0.326512330657617
(3.12);0.4450145955756347
(3.13);0.5463633706588349
(3.14);0.3811189070101532
(3.15);0.37659915756909085
(3.16);0.4243497795537181
(3.17);0.20197910069450603
(3.18);0.16154724284569322
(3.19);0.45098656733544945
(3.20);0.2900052382700614
(3.21);0.42983545046488325
(3.22);0.46844150265625817
(3.23);0.4411701992446282
(3.24);0.3765086295449007
(3.25);0.39421613810260947
(3.26);0.47882156186056396
(3.27);0.5237800235823694
(3.28);0.3612003847749605
(3.29);0.3523992473327541
(3.30);0.35656838687029
(3.31);0.4539871132381176
(4.5);0.37236017815857225
(4.7);0.3441324205934336
(4.8);0.31866259716446416
(4.9);0.28548583898670843
(4.10);0.2662668291185357
(4.11);0.28453146281168135
(4.12);0.3722229841568521
(4.13);0.47065964391069953
(4.14);0.31306254953230356
(4.15);0.3157818091800257
(4.16);0.37441306654096446
(4.17);0.2045783404459408
(4.18);0.1486163499600375
(4.19);0.39546152157111353
(4.20);0.2385543577405037
(4.21);0.47619407735230834
(4.22);0.44814640438211445
(4.23);0.4536627340651492
(4.24);0.4004074229687589
(4.25);0.3674061337739888
(4.26);0.4725594553473935
(4.27);0.47202272921901395
(4.28);0.3283901546435115
(4.29);0.33827441810995795
(4.30);0.30445590824168983
(4.31);0.4075826494538004
(5.6);0.354685482034703
(5.7);0.4625144432725479
(5.8);0.27412175934796595
(5.9);0.2760744720346989
(5.10);0.3118173882989383
(5.11);0.37930041177645796
(5.12);0.4861280890047976
(5.13);0.4172133324844905
(5.14);0.44912305133354713
(5.15);0.41058318175785413
(5.16);0.407969938401166
(5.17);0.20447503446158816
(5.18);0.18516644627760104
(5.19);0.4255360033025854
(5.20);0.3169655652410451
(5.21);0.361998557334081
(5.22);0.4150307102073815
(5.23);0.3855719304169598
(5.24);0.33485091758803426
(5.25);0.4035473070643905
(5.26);0.4054912245600776
(5.27);0.4109482706318624
(5.28);0.3912921182811879
(5.29);0.357366322907667
(5.30);0.4252396735643325
(5.31);0.460287705045916
(6.7);0.3354390103919961
(6.8);0.3371500327204242
(6.9);0.29938431185442693
(6.10);0.27184535927301723
(6.11);0.2813904100269667
(6.12);0.3488573719256827
(6.13);0.44548350488434796
(6.14);0.2912572134149094
(6.15);0.29158537597592793
(6.16);0.3482387419205372
(6.17);0.2188523974043415
(6.18);0.15789248140797799
(6.19);0.370596658690262
(6.20);0.21448088969185775
(6.21);0.4982218004317144
(6.22);0.44180877361245857
(6.23);0.45916417850490776
(6.24);0.41795554931239964
(6.25);0.36751177045841316
(6.26);0.46216793970998965
(6.27);0.443411415833808
(6.28);0.32761048610708776
(6.29);0.3442373792591478
(6.30);0.296842394708757
(6.31);0.4007382824849115
(7.8);0.31709371127706504
(7.9);0.3326196206394669
(7.10);0.38333642118556477
(7.11);0.46243801232028175
(7.12);0.39690535813992567
(7.13);0.37905190175059855
(7.14);0.3825121183926356
(7.15);0.3391317559208649
(7.16);0.33417396748746037
(7.17);0.2667273874679343
(7.18);0.2532391154385499
(7.19);0.3572868937211457
(7.20);0.2539535748195884
(7.21);0.3554374695223339
(7.22);0.40718622158417844
(7.23);0.3854418656814058
(7.24);0.3562399713503041
(7.25);0.4553818700415256
(7.26);0.3887547931285179
(7.27);0.3676139671264502
(7.28);0.4656041545924821
(7.29);0.414035300288716
(7.31);0.48709623820481074
(8.9);0.4835796069262853
(8.10);0.3840721577048948
(8.11);0.3238218935175479
(8.12);0.23235763977657273
(8.13);0.3012597422485145
(8.14);0.19381994140543604
(8.15);0.16870773688771337
(8.16);0.19890424258986883
(8.17);0.39883682099396023
(8.18);0.3096224606413711
(8.19);0.22993794598239753
(8.20);0.08535047147076083
(8.21);0.3616181177493414
(8.22);0.3472521846054453
(8.23);0.36817918215838574
(8.24);0.4301220922308423
(8.25);0.3756177968575568
(8.26);0.33788108209833906
(8.27);0.28930390445025167
(8.28);0.3604366081978848
(8.29);0.41228728754145777
(8.30);0.30271406320502486
(8.31);0.35415220551773036
(9.10);0.44183939493977703
(9.11);0.36007364217372306
(9.12);0.22748163435097238
(9.13);0.2804052191832981
(9.14);0.1975603490461335
(9.15);0.1653021733137657
(9.16);0.18487705133344376
(9.17);0.4516229921420854
(9.18);0.3654352478795261
(9.19);0.2161130829594165
(9.20);0.08191584621767456
(9.21);0.32782736524601275
(9.22);0.32929520994892547
(9.23);0.342763986549159
(9.24);0.3919860505461335
(9.25);0.3823015196769061
(9.26);0.31536867152582787
(9.27);0.26723658694936175
(9.28);0.38327356230213777
(9.29);0.4302360035627959
(9.30);0.32929429422529327
(9.31);0.35223862547916857
(10.11);0.4454282273826601
(10.12);0.25699325712085846
(10.13);0.27965900427099577
(10.14);0.24152372876700584
(10.15);0.20038235436511379
(10.16);0.2030413106891172
(10.17);0.40342498315184255
(10.18);0.3896816360284832
(10.19);0.23192508946965398
(10.20);0.11939577169965654
(10.21);0.3018312042537961
(10.22);0.32622506289400516
(10.23);0.32649676290397656
(10.24);0.3495999159088654
(10.25);0.4028176276163184
(10.26);0.30776509208149755
(10.27);0.26602573324395473
(10.28);0.43273545211581255
(10.29);0.44098167137059296
(10.30);0.3995603966458356
(10.31);0.3716653957049414
(11.12);0.3224181279938069
(11.13);0.3131958328168164
(11.14);0.31868931635680864
(11.15);0.27209119999017006
(11.16);0.26138101440694944
(11.17);0.3122970899507587
(11.18);0.3165073053026606
(11.19);0.28562378891292306
(11.20);0.19322733306302678
(11.21);0.30752238542800137
(11.22);0.3498438462956657
(11.23);0.33700547150664617
(11.24);0.3309448765871898
(11.25);0.4240626226983861
(11.26);0.33041089543465546
(11.27);0.3008099296962053
(11.28);0.47136403521006476
(11.29);0.4198976711512356
(11.30);0.5193104985603212
(11.31);0.41182591846090155
(12.13);0.41685453923315385
(12.14);0.4882725865839562
(12.15);0.47771770183039813
(12.16);0.48015765682906597
(12.17);0.1534751542670043
(12.18);0.13150134010463418
(12.19);0.482370423774816
(12.20);0.3675312604786359
(12.21);0.34511920957535314
(12.22);0.3889040121234021
(12.23);0.36067716681944095
(12.24);0.30248277250925604
(12.25);0.353584223089842
(12.26);0.3883775966534764
(12.27);0.419188436719911
(12.28);0.33687956207761627
(12.29);0.3077672165877008
(12.30);0.366120227640712
(12.31);0.40546893539946827
(13.14);0.35833875085095773
(13.15);0.3560966921158012
(13.16);0.40512248949900687
(13.17);0.20114266022074234
(13.18);0.15704231656661433
(13.19);0.42581337516321316
(13.20);0.2737811315780803
(13.21);0.43022913454582556
(13.22);0.4524973548986985
(13.23);0.43567432133782824
(13.24);0.37721529462807485
(13.25);0.3826040125344529
(13.26);0.46477677325228084
(13.27);0.48635576505851785
(13.28);0.349130947045096
(13.29);0.34541869543101184
(13.30);0.33977262322102453
(13.31);0.4352791073255882
(14.15);0.5013261974879969
(14.16);0.42765293529263365
(14.17);0.1293483379068543
(14.18);0.12036996333766443
(14.19);0.41577230646860885
(14.20);0.394264173177118
(14.21);0.29202571629975466
(14.22);0.3390260755220205
(14.23);0.3106965771539067
(14.24);0.25700467490969653
(14.25);0.3231937999205516
(14.26);0.3349049420520174
(14.27);0.35908957680850434
(14.28);0.3177154805424977
(14.29);0.2793748612475626
(14.30);0.3660302850825849
(14.31);0.36579482461052887
(15.16);0.4729167747772721
(15.17);0.09324700325581169
(15.18);0.0777185369635685
(15.19);0.43335690945069455
(15.20);0.4377826620842084
(15.21);0.2845774856603094
(15.22);0.3241380052095839
(15.23);0.2974102942655958
(15.24);0.2393751865868378
(15.25);0.2913031711333868
(15.26);0.3253675590473236
(15.27);0.36157052404552725
(15.28);0.27908876032423696
(15.29);0.24641102621152805
(15.30);0.3170868457983711
(15.31);0.33658255443663065
(16.17);0.10762458463598683
(16.18);0.07799094604400708
(16.19);0.5052451084917713
(16.20);0.3871484515291554
(16.21);0.33196122866623506
(16.22);0.360276024643228
(16.23);0.3373615132327097
(16.24);0.27660140051233345
(16.25);0.3058128833008715
(16.26);0.36812482644102973
(16.27);0.416117862503504
(16.28);0.2827966699534673
(16.29);0.26143733025302857
(16.30);0.3017198216114142
(16.31);0.35533651811001943
(17.18);0.4268763116330485
(17.19);0.13931468445921702
(17.20);0.011356632950248876
(17.21);0.24778362764839043
(17.22);0.24968584022387647
(17.23);0.2621374250894838
(17.24);0.31122814433641705
(17.25);0.3078798534917172
(17.26);0.23540185815617526
(17.27);0.18791628101613966
(17.28);0.3191724559934172
(17.29);0.3538446102898791
(17.30);0.2735531208352211
(17.31);0.2740710164023278
(18.19);0.10732817961284896
(18.20);0.0
(18.21);0.18803161881408834
(18.22);0.2034468040824998
(18.23);0.20819183108250347
(18.24);0.24399656096575814
(18.25);0.27284638890572005
(18.26);0.1865425145386694
(18.27);0.14339989413659812
(18.28);0.2980573069448516
(18.29);0.3113861206892689
(18.30);0.2742360070965408
(18.31);0.23999068409284716
(19.20);0.34734794579813444
(19.21);0.356235184047909
(19.22);0.38560589508745663
(19.23);0.3632687627059239
(19.24);0.30466663021647417
(19.25);0.3327148376958611
(19.26);0.3921743155274524
(19.27);0.4333138210745641
(19.28);0.30866550294188116
(19.29);0.2899193059838615
(19.30);0.3233513511910038
(19.31);0.38399387670937596
(20.21);0.2040121829148257
(20.22);0.2390557185316491
(20.23);0.21400483108442625
(20.24);0.156491719312733
(20.25);0.20594847610002393
(20.26);0.24189541880333798
(20.27);0.2806639895897276
(20.28);0.19580156669596463
(20.29);0.16224147551091206
(20.30);0.23707976890363291
(20.31);0.24781903586417495
(21.22);0.4491211020988572
(21.23);0.47123175263996653
(21.24);0.43702391354658693
(21.25);0.39058273746720723
(21.26);0.45850608739819965
(21.27);0.42214098696571045
(21.28);0.3522376018318006
(21.29);0.37085051349327436
(21.30);0.3193201491532002
(21.31);0.4215451781830261
(22.23);0.47266078682940443
(22.24);0.4174289888538597
(22.25);0.42583268002620656
(22.26);0.48121236965587183
(22.27);0.43905737975981124
(22.28);0.38923028247682495
(22.29);0.39205820630933147
(22.30);0.3686872647986514
(22.31);0.4850755691011234
(23.24);0.44133164346823295
(23.25);0.4185989878543546
(23.26);0.47082403719426563
(23.27);0.42394561024839766
(23.28);0.38024949193096075
(23.29);0.39467635923936234
(23.30);0.3494214740187129
(23.31);0.45667219363981804
(24.25);0.4083718328712664
(24.26);0.41219784006169036
(24.27);0.36605092185645655
(24.28);0.3756281229222737
(24.29);0.4117465388067217
(24.30);0.3284809768232333
(24.31);0.41347789798193146
(25.26);0.4072188906242786
(25.27);0.3690778909355585
(25.28);0.4616346012637311
(25.29);0.4560023965488816
(25.30);0.428787705558875
(25.31);0.4999921278183804
(26.27);0.4525803517447442
(26.28);0.3704492715997102
(26.29);0.375005162204562
(26.30);0.3501028442140037
(26.31);0.45810490379037183
(27.28);0.3359731277896
(27.29);0.3317845800673908
(27.30);0.32863096729178753
(27.31);0.4205765639603095
(28.29);0.4518388607763606
(28.30);0.4621417668461092
(28.31);0.4539480495963877
(29.30);0.40340405446037675
(29.31);0.43614683720390396
(30.31);0.4359530031640603
