
****Importance edges******

(0.1);17.06588671146849
(0.2);18.6424058394134
(0.3);25.45074964088866
(0.4);26.54139351125364
(0.5);16.00732323646999
(0.6);27.752509629594943
(0.7);16.453773735414398
(0.8);13.9421716904133
(0.9);12.043282319521737
(0.10);11.129957003589828
(0.11);11.86431499500469
(0.12);13.020447048858104
(0.14);9.90344436756128
(0.15);9.18998595321266
(0.16);11.090292360665028
(0.17);8.094770086211769
(0.30);12.731425228799617
(0.31);32.99131151445152
(1.2);1.8796312144453233
(1.3);1.2996283034512264
(1.4);0.8108381728267007
(1.5);4.162143059620748
(1.6);0.7586845023083898
(1.7);3.1862562968071506
(1.8);0.5893856633857416
(1.9);0.6177713192881107
(1.10);0.7686068156015503
(1.11);1.2320968258334826
(1.12);1.636774526673928
(1.13);0.5430095146762297
(1.14);1.358246316923212
(1.15);1.025669914729237
(1.16);1.0235199779366522
(1.17);0.5300989924532027
(1.18);0.20359553874309547
(1.19);0.5242220634070508
(1.20);0.27385076302406486
(1.21);0.41338080266550226
(1.22);0.6429137279564735
(1.23);0.50431655293713
(1.24);0.3731215125776792
(1.25);0.7134359266168661
(1.26);0.5625716262643171
(1.27);0.524281628635726
(1.28);0.659189676583044
(1.29);0.4729935986267121
(1.30);2.057438199492324
(1.31);2.7121302280619948
(2.3);2.8269420140972383
(2.4);1.1421052002161105
(2.5);3.0485472355549246
(2.6);0.9848521650774954
(2.7);1.3000699610933502
(2.8);0.554292907710321
(2.9);0.5459060716748989
(2.10);0.6076028294373559
(2.11);0.8118787006979938
(2.12);3.0229121761278015
(2.13);1.0061598951072581
(2.14);1.480316326175298
(2.15);1.3263131419457879
(2.16);1.6791327363436366
(2.17);0.4728801404113705
(2.18);0.17953361684030375
(2.19);1.1180794571785773
(2.20);0.3263488391739184
(2.21);0.5091721499075946
(2.22);0.7985651374867652
(2.23);0.5915749253314961
(2.24);0.38429774487882734
(2.25);0.5291493355961111
(2.26);0.778587944552602
(2.27);0.9943776557102215
(2.28);0.44361354775046036
(2.29);0.3835964874535332
(2.30);1.1363014705555035
(2.31);2.0307325311971063
(3.5);1.5968036196662263
(3.6);1.5204006154388188
(3.7);1.0890170980168554
(3.8);0.627389528132798
(3.9);0.5903622183304513
(3.10);0.6137121615641306
(3.11);0.7517513098553948
(3.12);1.7383120092177922
(3.13);4.056206279890322
(3.14);1.0664978307608917
(3.15);1.0525791223337668
(3.16);1.5148118767858985
(3.17);0.49835280506962143
(3.18);0.19002371516785274
(3.19);1.0083648792533395
(3.20);0.3022700740753872
(3.21);0.7895357856793382
(3.22);1.2741694675001076
(3.23);0.8955481273701771
(3.24);0.4951003530065775
(3.25);0.5670136476141904
(3.26);1.4839094941096191
(3.27);2.9931597406426547
(3.28);0.44559034259026276
(3.29);0.4211957942974523
(3.30);0.979912068772726
(3.31);2.050265449936689
(4.5);0.9035543944929415
(4.7);0.7851458166539831
(4.8);0.6987104904354337
(4.9);0.6094750142469721
(4.10);0.5722246899777731
(4.11);0.6272750239236409
(4.12);1.0041472528634972
(4.13);1.301455548637108
(4.14);0.7378289216531791
(4.15);0.7603475046895714
(4.16);1.0688595318973912
(4.17);0.5093766860075523
(4.18);0.18940616592613158
(4.19);0.5911104025050724
(4.20);0.2529307547138501
(4.21);1.4596429220548535
(4.22);1.0007484099743758
(4.23);1.071699828555977
(4.24);0.615903331112579
(4.25);0.4796993519259231
(4.26);1.384527768804819
(4.27);1.3738910308597305
(4.28);0.3783335292351487
(4.29);0.3998819960800415
(4.30);0.7595912983941471
(4.31);1.4087697775803154
(5.6);0.8224502463013265
(5.7);1.9480610468348298
(5.8);0.5714769940229876
(5.9);0.585475723814885
(5.10);0.69748962616509
(5.11);1.0340248645900294
(5.12);2.649896810261433
(5.13);0.6848739543505794
(5.14);1.8495827639215543
(5.15);1.3527188557895284
(5.16);1.3467492707278839
(5.17);0.5089756311335204
(5.18);0.2107495162545074
(5.19);0.776821046591925
(5.20);0.3556819539809409
(5.21);0.462149210333601
(5.22);0.7008744102287644
(5.23);0.5461017080312544
(5.24);0.39172024055696875
(5.25);0.6319265778927627
(5.26);0.6427112991997255
(5.27);0.6748591098506345
(5.28);0.5709521329550064
(5.29);0.44846909962727427
(5.30);1.5881384972708095
(5.31);2.1934303551133723
(6.7);0.759858477215888
(6.8);0.7795153339815275
(6.9);0.6573566305739273
(6.10);0.5935730560357525
(6.11);0.6276385121589559
(6.12);0.8851263631066831
(6.13);0.9555800065652398
(6.14);0.6768839426180535
(6.15);0.6894365657448827
(6.16);0.9265054800514817
(6.17);0.5407717350194263
(6.18);0.2006597628256047
(6.19);0.5052599944003369
(6.20);0.23951991047074836
(6.21);2.077865334380922
(6.22);0.9531311172630256
(6.23);1.1790703578426445
(6.24);0.7422066317916075
(6.25);0.4947050623680244
(6.26);1.2266955756625584
(6.27);0.9709331875258322
(6.28);0.3884651166400401
(6.29);0.42687867079305475
(6.30);0.7431122311726747
(6.31);1.3550722435624043
(7.8);0.7127806373242074
(7.9);0.7827640584756067
(7.10);1.0719696067457498
(7.11);2.081927737491564
(7.12);1.2125553619730465
(7.13);0.5262903811549192
(7.14);1.1156445533654256
(7.15);0.8770189866366567
(7.16);0.8686978656567615
(7.17);0.6515320826846785
(7.18);0.284277738882478
(7.19);0.4754827758915719
(7.20);0.2850741504454299
(7.21);0.46996856613794347
(7.22);0.6888914832155224
(7.23);0.5775460507312676
(7.24);0.4723462450328876
(7.25);1.1407649286184731
(7.26);0.5922988422126488
(7.27);0.5086815488862567
(7.28);1.3007194346128397
(7.29);0.7324255033964265
(7.30);4.087247449022845
(7.31);2.8724943533745595
(8.9);2.5708076248197895
(8.10);1.094097298779506
(8.11);0.7839036089931681
(8.12);0.5434506015748216
(8.13);0.34424216852038575
(8.14);0.4863669390765875
(8.15);0.4587124733583237
(8.16);0.5112446246374311
(8.17);1.325021409297863
(8.18);0.3759796654085157
(8.19);0.26892926777814236
(8.20);0.17666136050172246
(8.21);0.504786884109611
(8.22);0.46147684461936356
(8.23);0.5272390936100699
(8.24);0.8847699929443948
(8.25);0.5550864242329981
(8.26);0.43687427852617566
(8.27);0.3415065393190085
(8.28);0.500935427930853
(8.29);0.7444849290557594
(8.30);0.7821714598793029
(8.31);1.0317792134464894
(9.10);1.7406329202061477
(9.11);0.9681152783441522
(9.12);0.5421190895037346
(9.13);0.3228525056132103
(9.14);0.4992337907623048
(9.15);0.46072826256113436
(9.16);0.49639695154620506
(9.17);2.04940381618998
(9.18);0.5334211499629791
(9.19);0.2643413988772982
(9.20);0.18084422100692352
(9.21);0.4260052604686784
(9.22);0.42940905987846817
(9.23);0.46326956546004705
(9.24);0.6458749446946912
(9.25);0.6000981686354813
(9.26);0.3990876778014292
(9.27);0.32026540447424784
(9.28);0.6044178212145906
(9.29);0.9103127234912405
(9.30);0.8995691353063958
(9.31);1.0334015857496297
(10.11);1.841503929648062
(10.12);0.6124939792670931
(10.13);0.3319589812697104
(10.14);0.5875473383195632
(10.15);0.5195496104615456
(10.16);0.5327201288656158
(10.17);1.4024072138487098
(10.18);0.6533066134601538
(10.19);0.2883389912095613
(10.20);0.20473520054853356
(10.21);0.38505731407131927
(10.22);0.4354899003163815
(10.23);0.43612347490473596
(10.24);0.49734073043190125
(10.25);0.7259407236279186
(10.26);0.3962515577147414
(10.27);0.32874310866750567
(10.28);0.9597429112846022
(10.29);1.0481254855044966
(10.30);1.383978294515551
(10.31);1.1718711856484811
(11.12);0.8255149835536838
(11.13);0.4003965601100438
(11.14);0.8230609634288909
(11.15);0.6807065503866276
(11.16);0.6631417620828685
(11.17);0.8369736277322823
(11.18);0.4268542554689986
(11.19);0.3686444405968492
(11.20);0.26097229164545865
(11.21);0.408161392704026
(11.22);0.5133839798006722
(11.23);0.4763644345435699
(11.24);0.4606139951130728
(11.25);0.9042223040016588
(11.26);0.45927415761479545
(11.27);0.3952014851027669
(11.28);1.5524035330830273
(11.29);0.8690461582333087
(11.30);4.034443290992998
(11.31);1.5535827464577159
(12.13);0.8322160258822839
(12.14);2.901449750279238
(12.15);2.6388688343814235
(12.16);2.7293369477008738
(12.17);0.48113327513489784
(12.18);0.22507632842265884
(12.19);1.8372581344176526
(12.20);0.5917411879175052
(12.21);0.5145005918295069
(12.22);0.6886085153586025
(12.23);0.5658949893866925
(12.24);0.41082355398591813
(12.25);0.5413075731343178
(12.26);0.6858731042789968
(12.27);0.8876435783466191
(12.28);0.4907380723267508
(12.29);0.42141961700218555
(12.30);1.1441220575263564
(12.31);1.5012028344504942
(13.14);0.5486335668591839
(13.15);0.5574976408715203
(13.16);0.817236910520672
(13.17);0.29835821988854677
(13.18);0.0
(13.19);0.0
(13.20);0.0
(13.21);0.0
(13.22);0.0
(13.23);0.0
(13.24);0.0
(13.25);0.0
(13.26);0.0
(13.27);0.0
(13.28);0.0
(13.29);0.0
(13.30);0.5538299530570833
(13.31);1.169136464417384
(14.15);3.3605413858659596
(14.16);1.7245809898463467
(14.17);0.4576572755536877
(14.18);0.2255806736328841
(14.19);0.8846574484772122
(14.20);0.7387619131581256
(14.21);0.4035821746608134
(14.22);0.5120394333301667
(14.23);0.44085924143291866
(14.24);0.348029222223876
(14.25);0.46975782660586674
(14.26);0.5003477795015839
(14.27);0.5772786381105118
(14.28);0.4566524472565224
(14.29);0.3816282233626163
(14.30);1.1587265910681135
(14.31);1.17538629875316
(15.16);2.594781297187378
(15.17);0.4246528846987002
(15.18);0.20964701639886804
(15.19);1.07487618088398
(15.20);1.1246069528420335
(15.21);0.4026223277514311
(15.22);0.4867269938595673
(15.23);0.42663190248633354
(15.24);0.3356753044049463
(15.25);0.4148684085892178
(15.26);0.48988541684656495
(15.27);0.6042596827875504
(15.28);0.393138205044177
(15.29);0.3446236973843486
(15.30);0.9066570300253027
(15.31);1.0143354415461303
(16.17);0.4464611000405071
(16.18);0.21649545209202659
(16.19);2.639430030516909
(16.20);0.7417758279614545
(16.21);0.523179611104507
(16.22);0.6174950554690785
(16.23);0.5389823643659805
(16.24);0.4012047989739643
(16.25);0.4577550536450215
(16.26);0.6495623031485385
(16.27);0.9381585877043139
(16.28);0.4120320382225888
(16.29);0.3769072891029562
(16.30);0.856962728548126
(16.31);1.1370301238337446
(17.18);1.0642907936688963
(17.19);0.2606508898764569
(17.20);0.19334637927148302
(17.21);0.3686507762411944
(17.22);0.37133177705603615
(17.23);0.3898683768209486
(17.24);0.4845846344726391
(17.25);0.47673627289011494
(17.26);0.3520858430470749
(17.27);0.3001633526258738
(17.28);0.5042399078656696
(17.29);0.6114212732618266
(17.30);0.77217636469386
(17.31);0.785999153776007
(18.19);0.0
(18.20);0.0
(18.21);0.0
(18.22);0.0
(18.23);0.0
(18.24);0.0
(18.25);0.0
(18.26);0.0
(18.27);0.0
(18.28);0.0
(18.29);0.0
(18.30);0.4224608045874105
(18.31);0.3810212891159943
(19.20);0.0
(19.21);0.0
(19.22);0.0
(19.23);0.0
(19.24);0.0
(19.25);0.0
(19.26);0.0
(19.27);0.0
(19.28);0.0
(19.29);0.0
(19.30);0.5309474533294749
(19.31);0.7910087685944422
(20.21);0.0
(20.22);0.0
(20.23);0.0
(20.24);0.0
(20.25);0.0
(20.26);0.0
(20.27);0.0
(20.28);0.0
(20.29);0.0
(20.30);0.3653795796038431
(20.31);0.39232219760874293
(21.22);0.0
(21.23);0.0
(21.24);0.0
(21.25);0.0
(21.26);0.0
(21.27);0.0
(21.28);0.0
(21.29);0.0
(21.30);0.5200710408884512
(21.31);1.0692736160967247
(22.23);0.0
(22.24);0.0
(22.25);0.0
(22.26);0.0
(22.27);0.0
(22.28);0.0
(22.29);0.0
(22.30);0.6913699175559427
(22.31);2.1361626914817733
(23.24);0.0
(23.25);0.0
(23.26);0.0
(23.27);0.0
(23.28);0.0
(23.29);0.0
(23.30);0.6132825081124631
(23.31);1.5231594698625515
(24.25);0.0
(24.26);0.0
(24.27);0.0
(24.28);0.0
(24.29);0.0
(24.30);0.5454331915302189
(24.31);0.99612862569944
(25.26);0.0
(25.27);0.0
(25.28);0.0
(25.29);0.0
(25.30);1.1117223200990412
(25.31);2.580344477489728
(26.27);0.0
(26.28);0.0
(26.29);0.0
(26.30);0.6157590095440494
(26.31);1.5477904194626386
(27.28);0.0
(27.29);0.0
(27.30);0.5458681290181582
(27.31);1.0600100277953775
(28.29);0.0
(28.30);1.5803679565178592
(28.31);1.4779067010187987
(29.30);0.8900063050745493
(29.31);1.227334799265192
(30.31);2.005848573601024

****Importance nodes******

0; 0.061111111111111116
1; 0.001971326164874552
2; 0.0020349173314834087
3; 0.002170578486915636
4; 0.0022454260209472097
5; 0.002243011584365546
6; 0.002317698155958342
7; 0.002390131253408252
8; 0.002467232261582712
9; 0.0025468203990531217
10; 0.002628975895796771
11; 0.0027137815698547313
12; 0.0028013229108177873
13; DISCONNECTED
14; 0.002891688166005458
15; 0.002984968429424989
16; 0.0030812577335999885
17; 0.0031806531443612784
18; DISCONNECTED
19; DISCONNECTED
20; DISCONNECTED
21; DISCONNECTED
22; DISCONNECTED
23; DISCONNECTED
24; DISCONNECTED
25; DISCONNECTED
26; DISCONNECTED
27; DISCONNECTED
28; DISCONNECTED
29; DISCONNECTED
30; 0.0032832548586955133
31; 0.003389166305750207
