
****Importance edges******

(0.1);17.403390112539704
(0.2);19.01108726108976
(0.3);25.92535908262609
(0.4);27.03334898574812
(0.5);16.322669113601155
(0.6);28.298130814825758
(0.7);16.777815561659605
(0.8);14.216714211967565
(0.9);12.280401135500288
(0.10);11.349063304838149
(0.11);12.097844901146994
(0.12);13.276696157871964
(0.13);28.695953043322795
(0.14);10.11300750174681
(0.15);9.384843077049558
(0.16);11.325927971097046
(0.17);8.267124777708974
(0.30);13.003094778062025
(0.31);33.75756899245703
(1.2);1.9168037293201936
(1.3);1.3029257600140451
(1.4);0.8117537570001492
(1.5);4.239675775170498
(1.6);0.7723843407657413
(1.7);3.2454457316902254
(1.8);0.6003242429105041
(1.9);0.6292261329819961
(1.10);0.7828453305881556
(1.11);1.2549006102155293
(1.12);1.6670404691658414
(1.13);1.364283483182004
(1.14);1.4098506008434057
(1.15);1.0648782463818698
(1.16);1.0628838018464557
(1.17);0.550608451094613
(1.18);0.2076219446328371
(1.19);0.5345893377425561
(1.20);0.2792665709143432
(1.21);0.4215560255060123
(1.22);0.6556283072484398
(1.23);0.5142901660701885
(1.24);0.3805005478213139
(1.25);0.7275451877265027
(1.26);0.5736973204881499
(1.27);0.534650080962601
(1.28);0.6722261370705205
(1.29);0.48234775355111753
(1.30);2.13751113433819
(1.31);2.8783383599523593
(2.3);2.8348515288329548
(2.4);1.1437112482217748
(2.5);3.105387846177124
(2.6);1.002660730108704
(2.7);1.3242431079439083
(2.8);0.5645897203050727
(2.9);0.5560377008424011
(2.10);0.6188690973811365
(2.11);0.8269188315068088
(2.12);3.0788605691639175
(2.13);2.4809916609320246
(2.14);1.5362103770484175
(2.15);1.3767041786018617
(2.16);1.743321021746093
(2.17);0.4910667620493004
(2.18);0.18308416228307292
(2.19);1.1401911485219893
(2.20);0.33280287493655014
(2.21);0.5192417897235599
(2.22);0.8143579558990405
(2.23);0.6032742031166731
(2.24);0.39189780681017955
(2.25);0.5396140540990323
(2.26);0.793985684134628
(2.27);1.014042959155948
(2.28);0.4523866682837423
(2.29);0.39118268097183057
(2.30);1.180264821450929
(2.31);2.1541942102673026
(3.4);1.9260684469106142
(3.5);1.6007985790654315
(3.6);1.5237832237446254
(3.7);1.0922544296801917
(3.8);0.6294069993938287
(3.9);0.5924037599620318
(3.10);0.615982872721309
(3.11);0.7547140167423426
(3.12);1.745580474659973
(3.13);9.501784611514063
(3.14);1.0912099460938296
(3.15);1.0774875119188827
(3.16);1.5514014874518671
(3.17);0.5106333512075174
(3.18);0.18753069481367587
(3.19);0.9951356138103652
(3.20);0.29830443512099225
(3.21);0.7791774533927026
(3.22);1.2574529728544652
(3.23);0.8837989638107407
(3.24);0.4886048729223403
(3.25);0.5595746994631683
(3.26);1.4644413105236715
(3.27);2.9538909149061747
(3.28);0.43974441018797855
(3.29);0.415669906713633
(3.30);1.0045343935293063
(3.31);2.1465311157330778
(4.5);0.9046202442574263
(4.6);5.404763627374613
(4.7);0.7864686632747838
(4.8);0.700069484787123
(4.9);0.6108187705017651
(4.10);0.5736346696815299
(4.11);0.6289828678273488
(4.12);1.0071400873488408
(4.13);2.98712588159548
(4.14);0.7538507700394455
(4.15);0.7772474827018772
(4.16);1.093161285529817
(4.17);0.5212161913119554
(4.18);0.18651926634548702
(4.19);0.5821007888804977
(4.20);0.24907562314437262
(4.21);1.437395269667368
(4.22);0.9854951569930949
(4.23);1.0553651449911254
(4.24);0.6065158274924489
(4.25);0.47238784835823827
(4.26);1.3634250100028047
(4.27);1.3529503955776292
(4.28);0.37256702790953344
(4.29);0.3937870563448641
(4.30);0.7776295621956129
(4.31);1.4725997910554631
(5.6);0.8365129695099611
(5.7);1.9823512887718677
(5.8);0.5815361253527372
(5.9);0.5957811122894757
(5.10);0.7097664772967166
(5.11);1.052224973888135
(5.12);2.6965375867459422
(5.13);1.5954073782777904
(5.14);1.9163284057220105
(5.15);1.401879990117427
(5.16);1.3960361352650017
(5.17);0.5277314304119294
(5.18);0.2144626613927642
(5.19);0.7905076701425339
(5.20);0.36194862894969904
(5.21);0.47029170633547607
(5.22);0.7132229482236357
(5.23);0.5557233429379804
(5.24);0.3986218654462253
(5.25);0.6430603405800476
(5.26);0.6540350753029369
(5.27);0.6867492905128953
(5.28);0.5810116015333305
(5.29);0.4563705690424089
(5.30);1.6470614339906682
(5.31);2.3215743285517627
(6.7);0.7728509706717251
(6.8);0.7928500632786559
(6.9);0.6686068254747954
(6.10);0.6037362975333442
(6.11);0.6383899421314321
(6.12);0.9002954666686098
(6.13);2.184639878467622
(6.14);0.700823075586236
(6.15);0.7140021146438115
(6.16);0.9597623503132803
(6.17);0.560324626256507
(6.18);0.20398974030873232
(6.19);0.5136448563217605
(6.20);0.24349477766582986
(6.21);2.112347806995392
(6.22);0.9689484645690354
(6.23);1.1986371991831857
(6.24);0.7545236570730641
(6.25);0.5029147636817178
(6.26);1.2470527643090874
(6.27);0.9870459627357399
(6.28);0.3949117508489927
(6.29);0.43396278343104167
(6.30);0.7701752721123203
(6.31);1.4329509682972439
(7.8);0.7253161255908543
(7.9);0.7965303270255067
(7.10);1.0908220582910229
(7.11);2.118542060831357
(7.12);1.2338802587459639
(7.13);1.1834738610979487
(7.14);1.1553146029012977
(7.15);0.9084300756973038
(7.16);0.9000340761731082
(7.17);0.6752012477007894
(7.18);0.2892772577717787
(7.19);0.4838449681931992
(7.20);0.2900876756184034
(7.21);0.4782337814622978
(7.22);0.7010068391225787
(7.23);0.5877032033856501
(7.24);0.48065327597950863
(7.25);1.1608272656530225
(7.26);0.6027154483858718
(7.27);0.5176275994011265
(7.28);1.3235948500730557
(7.29);0.7453064808293793
(7.30);4.23677192176339
(7.31);3.037288734696229
(8.9);2.616019751986589
(8.10);1.1133389043075506
(8.11);0.7976899185225703
(8.12);0.553008126404785
(8.13);0.7608565461558999
(8.14);0.5035354027147222
(8.15);0.4750233552480387
(8.16);0.5295552321396111
(8.17);1.3728184069214646
(8.18);0.3825919223041565
(8.19);0.273658857085515
(8.20);0.17976825804603935
(8.21);0.51366444016482
(8.22);0.46959271823901133
(8.23);0.5365115108526
(8.24);0.9003302134168135
(8.25);0.5648485852592422
(8.26);0.444557473194627
(8.27);0.3475125262839286
(8.28);0.5097452494248097
(8.29);0.7575779924811467
(8.30);0.8105865538505623
(8.31);1.0904317657250078
(9.10);1.7712449800815322
(9.11);0.9851412707420417
(9.12);0.551653197376124
(9.13);0.7015475265741239
(9.14);0.5167270400214479
(9.15);0.4769916961692238
(9.16);0.514047816777332
(9.17);2.1228047422502536
(9.18);0.5428022894277716
(9.19);0.2689903025238041
(9.20);0.18402468143445905
(9.21);0.43349730453455276
(9.22);0.4369609656820626
(9.23);0.4714169671963228
(9.24);0.6572337798916396
(9.25);0.6106519395403786
(9.26);0.40610632931983126
(9.27);0.3258978291078224
(9.28);0.6150475607294443
(9.29);0.9263221573433463
(9.30);0.9320189534910613
(9.31);1.0916024034340248
(10.11);1.873889981813769
(10.12);0.6232657520797183
(10.13);0.7093500097117702
(10.14);0.6079825062068952
(10.15);0.5377547299996616
(10.16);0.5515248325304994
(10.17);1.452273959914937
(10.18);0.6647961474888786
(10.19);0.2934099342905814
(10.20);0.20833582543907533
(10.21);0.3918292172204394
(10.22);0.44314874828418366
(10.23);0.4437934653845572
(10.24);0.5060873329129377
(10.25);0.7387076549203856
(10.26);0.4032203311244972
(10.27);0.3345246284867206
(10.28);0.9766216610337112
(10.29);1.066558596671543
(10.30);1.4335465092628115
(10.31);1.2372509304992623
(11.12);0.8400331015389392
(11.13);0.8415867718475297
(11.14);0.8514733049382084
(11.15);0.7043818387113816
(11.16);0.68637837857982
(11.17);0.866518298924533
(11.18);0.4343612305898255
(11.19);0.37512769479552427
(11.20);0.26556194367658364
(11.21);0.4153396212938866
(11.22);0.522412730748839
(11.23);0.48474213234732316
(11.24);0.46871469402216376
(11.25);0.9201246272252589
(11.26);0.46735129314918256
(11.27);0.4021517911577473
(11.28);1.579705251529136
(11.29);0.8843298477013677
(11.30);4.177899882718891
(11.31);1.6394337566981707
(12.13);1.7210217929606701
(12.14);3.000853270681369
(12.15);2.7299634748177604
(12.16);2.8242645477592547
(12.17);0.4979922788011982
(12.18);0.22903468745529748
(12.19);1.8695695168834454
(12.20);0.602147986769222
(12.21);0.5235489803439218
(12.22);0.7007188947833239
(12.23);0.5758472378459679
(12.24);0.4180486013160271
(12.25);0.5508274090787192
(12.26);0.6979353767382688
(12.27);0.9032543358204748
(12.28);0.4993685555715571
(12.29);0.42883101454533024
(12.30);1.184508885585687
(12.31);1.5833595673899379
(13.14);1.1345735909295718
(13.15);1.135176291904405
(13.16);1.6388815278026
(13.17);0.5894216589107177
(13.18);0.256389180844553
(13.19);1.1852838910394654
(13.20);0.3886981842849635
(13.21);1.2603016705987575
(13.22);1.851125087155294
(13.23);1.3669893680326775
(13.24);0.7161430833453644
(13.25);0.7490160014577889
(13.26);2.4964899081387535
(13.27);6.445294474713859
(13.28);0.5828312048542005
(13.29);0.5688344296837243
(13.30);1.0781073699193076
(13.31);2.2840791499575075
(14.15);3.52995339967457
(14.16);1.8115207727321423
(14.17);0.4807287488025533
(14.18);0.23695267350087623
(14.19);0.929254905454726
(14.20);0.7760044669798423
(14.21);0.42392760746342967
(14.22);0.5378524264135803
(14.23);0.46308389017892465
(14.24);0.36557411295165315
(14.25);0.4934393142799573
(14.26);0.5255713715354573
(14.27);0.6063804777790606
(14.28);0.47967326498123036
(14.29);0.4008669109496769
(14.30);1.2171404544033664
(14.31);1.2568471845504792
(15.16);2.725589721924619
(15.17);0.44606053665294154
(15.18);0.22021576683487762
(15.19);1.1290629673239096
(15.20);1.1813007728989584
(15.21);0.4229193726369842
(15.22);0.5112639332204592
(15.23);0.44813932092170683
(15.24);0.35259740795178496
(15.25);0.4357828043649335
(15.26);0.5145815790043957
(15.27);0.6347216941036266
(15.28);0.41295713520279903
(15.29);0.3619969083870773
(15.30);0.9523635325359809
(15.31);1.0843541418012599
(16.17);0.46896815035186035
(16.18);0.22740944668634244
(16.19);2.772489292532683
(16.20);0.7791703196162916
(16.21);0.5495542041607329
(16.22);0.6486242899739287
(16.23);0.5661536077074868
(16.24);0.4214303832294439
(16.25);0.4808314560947085
(16.26);0.6823081155742934
(16.27);0.9854531505040143
(16.28);0.43280344655653735
(16.29);0.39590798438813635
(16.30);0.9001640359960476
(16.31);1.2152033199244403
(17.18);1.1179439483039644
(17.19);0.27379085367535483
(17.20);0.20309338004128452
(17.21);0.3872352432136298
(17.22);0.39005139896183294
(17.23);0.40952246800855396
(17.24);0.5090135729561819
(17.25);0.5007695588319614
(17.26);0.3698352366284121
(17.27);0.31529522341721944
(17.28);0.5296597103396031
(17.29);0.6422443155324455
(17.30);0.8111034118382264
(17.31);0.8398201485162253
(18.19);0.0
(18.20);0.0
(18.21);0.0
(18.22);0.0
(18.23);0.0
(18.24);0.0
(18.25);0.0
(18.26);0.0
(18.27);0.0
(18.28);0.0
(18.29);0.0
(18.30);0.4437579491372064
(18.31);0.41357035919001756
(19.20);0.0
(19.21);0.0
(19.22);0.0
(19.23);0.0
(19.24);0.0
(19.25);0.0
(19.26);0.0
(19.27);0.0
(19.28);0.0
(19.29);0.0
(19.30);0.5577136397759248
(19.31);0.858581370371844
(20.21);0.0
(20.22);0.0
(20.23);0.0
(20.24);0.0
(20.25);0.0
(20.26);0.0
(20.27);0.0
(20.28);0.0
(20.29);0.0
(20.30);0.3837991386206055
(20.31);0.42583665747314775
(21.22);0.0
(21.23);0.0
(21.24);0.0
(21.25);0.0
(21.26);0.0
(21.27);0.0
(21.28);0.0
(21.29);0.0
(21.30);0.5462889243315826
(21.31);1.1606172308836695
(22.23);0.0
(22.24);0.0
(22.25);0.0
(22.26);0.0
(22.27);0.0
(22.28);0.0
(22.29);0.0
(22.30);0.7262233404337161
(22.31);2.3186462196223423
(23.24);0.0
(23.25);0.0
(23.26);0.0
(23.27);0.0
(23.28);0.0
(23.29);0.0
(23.30);0.6441993791767233
(23.31);1.653276672587608
(24.25);0.0
(24.26);0.0
(24.27);0.0
(24.28);0.0
(24.30);0.5729296347413716
(24.31);1.081223767012557
(25.26);0.0
(25.27);0.0
(25.28);0.0
(25.29);0.0
(25.30);1.167766598510874
(26.27);0.0
(26.28);0.0
(26.29);0.0
(26.30);0.6468007262943317
(26.31);1.6800117421605794
(27.28);0.0
(27.29);0.0
(27.30);0.5733864983499123
(27.31);1.1505622926148258
(28.30);1.6600376547392064
(28.31);1.604158147193726
(29.30);0.9348734092498446
(29.31);1.3321809260479096
(30.31);2.1426411778954124

****Importance nodes******

0; 0.05789473684210527
1; 0.0018675721561969441
2; 0.0019278164193000714
3; 0.001990004045729106
4; 0.002054197724623593
5; 0.0021204621673533864
6; 0.0021888641727518827
7; 0.0022594726944535565
8; 0.0023323589104036714
9; 0.0024075962946102413
10; 0.002485260691210572
11; 0.002565430390927042
12; 0.0026481862099892047
13; 0.00273361157160176
14; 0.002821792590040526
15; 0.0029128181574611884
16; 0.0030067800335083234
17; 0.0031037729378150434
18; DISCONNECTED
19; DISCONNECTED
20; DISCONNECTED
21; DISCONNECTED
22; DISCONNECTED
23; DISCONNECTED
24; DISCONNECTED
25; DISCONNECTED
26; DISCONNECTED
27; DISCONNECTED
28; DISCONNECTED
29; DISCONNECTED
30; 0.0032038946454864964
31; 0.0034174876218522627
