
****Mix criterion 0.5*C(weight)+0.5*C(distance) ******

(0.1);0.648127244704602
(0.2);0.680969608637355
(0.3);0.8105462957650349
(0.4);0.8300086306745491
(0.5);0.6237999230873751
(0.6);0.8513599746202969
(0.7);0.6338401504633462
(0.8);0.5751343528981657
(0.9);0.5241775929095992
(0.10);0.49719198897190886
(0.11);0.5189346102031737
(0.12);0.5506235186906945
(0.14);0.4566735301674433
(0.15);0.4305896022872767
(0.16);0.49505890148080045
(0.17);0.3851119898576756
(0.30);0.5418763630927229
(0.31);0.9415762037986583
(1.2);0.4692370695137111
(1.3);0.42962625887609945
(1.4);0.3646712964650728
(1.6);0.3509653879662983
(1.8);0.29522514850325865
(1.9);0.301507541426181
(1.10);0.34167008096447926
(1.11);0.411382834032691
(1.12);0.44321016409866415
(1.13);0.4054564105953739
(1.14);0.4193199416609232
(1.15);0.3784925738281962
(1.16);0.37580314328637066
(1.17);0.23168032042776607
(1.18);0.2139509334611171
(1.19);0.396098915957617
(1.20);0.28931482378711326
(1.21);0.36417673511616233
(1.22);0.418762851673214
(1.23);0.3913418394961575
(1.24);0.34815019674591163
(1.25);0.42895981453870596
(1.26);0.40437895162996024
(1.27);0.396112645606059
(1.28);0.4212882446938462
(1.29);0.3831002725598624
(1.30);0.4602682349267537
(1.31);0.48696520065680365
(2.3);0.5012091104558929
(2.4);0.4109282333808288
(2.5);0.507063409275565
(2.6);0.38938425832971146
(2.7);0.423555549305581
(2.8);0.2776957442461687
(2.9);0.2695507990479227
(2.10);0.29091046731246994
(2.11);0.3462826154030809
(2.13);0.45819406961911224
(2.14);0.4281082026399569
(2.15);0.4127338060245329
(2.16);0.4396838639496924
(2.17);0.19340175545922608
(2.18);0.1641085525366785
(2.19);0.4631181518696625
(2.20);0.31877929423646517
(2.21);0.3885450043442472
(2.22);0.43635489688456264
(2.23);0.40647046286930866
(2.24);0.34778344625903945
(2.25);0.39336651444274473
(2.26);0.4340883154331891
(2.27);0.45441559534463843
(2.28);0.36986944755340667
(2.29);0.34748320072894356
(2.30);0.3847835566861165
(2.31);0.45596270156151625
(3.5);0.4455824605278183
(3.6);0.4390473967707435
(3.7);0.39766626872042843
(3.8);0.2994919543645667
(3.9);0.2815539385467018
(3.10);0.28675675912320436
(3.11);0.326724744282614
(3.12);0.4456767276980623
(3.13);0.5462935720313594
(3.14);0.38113950485311665
(3.15);0.37662278853980485
(3.16);0.4248365388362233
(3.17);0.20199552174909255
(3.18);0.16154397294431463
(3.19);0.4509692155343551
(3.20);0.2900000368491174
(3.21);0.42982186424406993
(3.22);0.46841957692717395
(3.23);0.44115478877834136
(3.24);0.3765001099276234
(3.25);0.39420638101146754
(3.26);0.4787960269545854
(3.27);0.5237285177103068
(3.28);0.36119271711898276
(3.29);0.35239199945473415
(3.30);0.3569161107539729
(3.31);0.4547152330272299
(4.5);0.3723448364307796
(4.7);0.34411884084845173
(4.8);0.31903371509475187
(4.9);0.2854804781862466
(4.10);0.266266923620942
(4.11);0.2847058666625365
(4.12);0.3725995402506026
(4.13);0.47063724864656675
(4.14);0.3130764070069059
(4.15);0.31579844788332334
(4.16);0.374751441998783
(4.17);0.2045947723128415
(4.18);0.14861309068535947
(4.19);0.3954513498264008
(4.20);0.23855000534363155
(4.21);0.4761689600220905
(4.22);0.4481291836441528
(4.23);0.4536442924051503
(4.24);0.4003968245908159
(4.25);0.36739787917497313
(4.26);0.4725356305881737
(4.27);0.4719990874952855
(4.28);0.3283836443333235
(4.29);0.33826753699678164
(4.30);0.3047216247961161
(4.31);0.4080759842357279
(5.6);0.35467152058689244
(5.7);0.46248118118700043
(5.8);0.2744255826915035
(5.9);0.27606945020076473
(5.10);0.31181765635670544
(5.11);0.3795882686587428
(5.12);0.48712283897142605
(5.13);0.41720186049694924
(5.14);0.4491581899447675
(5.15);0.4106130731916068
(5.16);0.4083967504590907
(5.17);0.2044915608676188
(5.18);0.18516291611586919
(5.19);0.42552299115442055
(5.20);0.31695960738716733
(5.21);0.3619908160994356
(5.22);0.4150189702040553
(5.23);0.385562782935221
(5.24);0.3348443560745021
(5.25);0.403536721972371
(5.26);0.40548045881848355
(5.27);0.4109369663980671
(5.28);0.3912825545421753
(5.29);0.35735881082184323
(5.30);0.4257957779620722
(5.31);0.46105656380112364
(6.7);0.33542587455767736
(6.8);0.33755761919762745
(6.9);0.29937845236384375
(6.10);0.2718453107411952
(6.11);0.2815622574826437
(6.12);0.34918439974878573
(6.13);0.4454670754963039
(6.14);0.2912695927344297
(6.15);0.2916001000577653
(6.16);0.3485279175906894
(6.17);0.21886949378726542
(6.18);0.15788903144346883
(6.19);0.3705879717017795
(6.20);0.21447677160072318
(6.21);0.4981860754734196
(6.22);0.4417923863284271
(6.23);0.4591439066236344
(6.24);0.4179427884753386
(6.25);0.3675032649419926
(6.26);0.46214684900331304
(6.27);0.44339472247690104
(6.28);0.32760380718528215
(6.29);0.3442300398890459
(6.30);0.2970988318692987
(6.31);0.4012065163470898
(7.8);0.3174605987130841
(7.9);0.3326124779745522
(7.10);0.3833359742024629
(7.11);0.46299926582132117
(7.12);0.39734671616652945
(7.13);0.3790427556312489
(7.14);0.38253188563251694
(7.15);0.339149958257202
(7.16);0.33444124310320905
(7.17);0.26674752022794285
(7.18);0.2532341751276087
(7.19);0.35727863056002257
(7.20);0.25394862066823615
(7.21);0.355429302189716
(7.22);0.40717424970714994
(7.23);0.38543182881715926
(7.24);0.356231762697275
(7.25);0.45536204529731467
(7.26);0.38874449988339027
(7.27);0.3676051270215886
(7.28);0.4655815500843714
(7.29);0.41402257185721
(7.31);0.48807552535100557
(8.10);0.384626311007163
(8.11);0.3244209360122228
(8.12);0.2328190214792144
(8.13);0.3016143819630495
(8.14);0.19406289017396794
(8.15);0.16893446382139768
(8.16);0.19929738088447987
(8.17);0.3994832584197756
(8.18);0.3100097964572723
(8.19);0.23021499803318166
(8.20);0.08553246873950619
(8.21);0.3621381512979653
(8.22);0.3477275999711565
(8.23);0.36872234606666937
(8.24);0.431033585959445
(8.25);0.3761896492017317
(8.26);0.3383311517980802
(8.27);0.2896557259081994
(8.29);0.41305425901346177
(8.30);0.30332810533338833
(8.31);0.3549544509762089
(9.10);0.44185147878046194
(9.11);0.36033385417113467
(9.12);0.22767703341737552
(9.13);0.28040477391338525
(9.14);0.19757243021524812
(9.15);0.1653146317180909
(9.16);0.18502888138962362
(9.17);0.45169819339790807
(9.18);0.3654345121987281
(9.19);0.21611271838652454
(9.20);0.08191559680195336
(9.21);0.32782677771046037
(9.22);0.3292946177189401
(9.23);0.34276334761963095
(9.24);0.3919851597719399
(9.25);0.3823006920368705
(9.26);0.3153681211143166
(9.27);0.2672361452475126
(9.28);0.3832727287045478
(9.29);0.4302347480827856
(9.30);0.3295981290941856
(9.31);0.3525882514929526
(10.11);0.44593038545975633
(10.12);0.2572155269854066
(10.13);0.2796639848350821
(10.14);0.24154230721110803
(10.15);0.20040017320602954
(10.16);0.20320591392364648
(10.17);0.403486085086152
(10.18);0.3896914379487202
(10.19);0.23192941557891847
(10.20);0.11939884345503773
(10.21);0.30183698148151955
(10.22);0.3262315967896966
(10.23);0.3265033063055378
(10.24);0.34960737778674916
(10.25);0.4028285193062586
(10.26);0.30777103726264593
(10.27);0.26603066555852684
(10.28);0.4327498516692084
(10.29);0.4409973969766033
(10.30);0.40003140360712414
(10.31);0.3720648217374842
(11.12);0.3229193613234224
(11.13);0.3134049687503671
(11.14);0.31891728574037487
(11.15);0.27227880130048676
(11.16);0.26174060850724196
(11.17);0.31252870261560983
(11.18);0.3167302606726644
(11.19);0.28581634001578793
(11.20);0.19336364463330885
(11.21);0.3077355771044709
(11.22);0.3501119980446619
(11.23);0.3372542871325877
(11.24);0.33118546541204885
(11.25);0.4245349179040013
(11.26);0.3306507844329078
(11.27);0.30101635212776884
(11.29);0.4203515930819106
(11.30);0.5215911683547997
(11.31);0.41269888400192994
(12.13);0.41742825179087406
(12.15);0.47866824423096876
(12.16);0.48185398171659655
(12.17);0.1536476657556934
(12.18);0.1316565030816085
(12.19);0.48363699162583934
(12.20);0.36793919464460995
(12.21);0.34547389566803455
(12.22);0.3893787246263191
(12.23);0.36106728314941416
(12.24);0.3027659857911429
(12.25);0.35395738936234555
(12.26);0.38885042342043297
(12.27);0.41980035988870273
(12.28);0.33721786677962773
(12.29);0.30805773457681
(12.30);0.3668542896780205
(12.31);0.40642511435858736
(13.14);0.35836438710960755
(13.15);0.35612528557139983
(13.16);0.4055799925246809
(13.17);0.20116270405290165
(13.18);0.15704231656661433
(13.19);0.42581337516321316
(13.20);0.2737811315780803
(13.21);0.43022913454582556
(13.22);0.4524973548986985
(13.23);0.43567432133782824
(13.24);0.37721529462807485
(13.25);0.3826040125344529
(13.26);0.46477677325228084
(13.27);0.48635576505851785
(13.28);0.349130947045096
(13.29);0.34541869543101184
(13.30);0.34010537705370625
(13.31);0.4359731062196248
(14.15);0.5014910132254644
(14.16);0.42818999465576085
(14.17);0.12937462601354108
(14.18);0.12038050415187083
(14.19);0.41581364427317574
(14.20);0.39429869365240494
(14.21);0.2920445746737971
(14.22);0.33905000182938616
(14.23);0.3107171773909761
(14.24);0.2570209374348091
(14.25);0.3232157505153987
(14.26);0.33492832203797707
(14.27);0.3591165515788676
(14.28);0.31773681875612175
(14.29);0.27939269376899983
(14.30);0.3664258088709963
(14.31);0.3661965965089551
(15.16);0.47372009012093463
(15.17);0.09327226452188943
(15.18);0.07772928953401062
(15.19);0.43341203869627143
(15.20);0.43784034196769944
(15.21);0.2845981357273367
(15.22);0.32416296891466045
(15.23);0.2974321757579401
(15.24);0.23939240301289666
(15.25);0.29132444928875567
(15.26);0.325392684744525
(15.27);0.3616015158760627
(15.28);0.2791089239607906
(15.29);0.24642870159105787
(15.30);0.3173943216474913
(15.31);0.3369270621074181
(16.17);0.10776280401208597
(16.18);0.07811214385470516
(16.20);0.387563710166272
(16.21);0.3322541134490562
(16.22);0.3606217088047961
(16.23);0.3376632446637157
(16.24);0.2768260017351644
(16.25);0.30606914231140336
(16.26);0.3684884623894659
(16.27);0.4166430595264375
(16.28);0.2830273324477022
(16.29);0.26164832931944776
(16.30);0.30221769187037506
(16.31);0.35599316669150516
(17.18);0.42694781114140784
(17.19);0.13933219509690217
(17.20);0.01136962204227448
(17.21);0.247808393764394
(17.22);0.2497107864506555
(17.23);0.2621636166129221
(17.24);0.3112606989383448
(17.25);0.3079118808373745
(17.26);0.2354255114329187
(17.27);0.18793644611788432
(17.28);0.31920633104497453
(17.29);0.353885685831168
(17.30);0.27381429947174085
(17.31);0.27433726870213165
(18.19);0.10732817961284896
(18.20);0.0
(18.21);0.18803161881408834
(18.22);0.2034468040824998
(18.23);0.20819183108250347
(18.24);0.24399656096575814
(18.25);0.27284638890572005
(18.26);0.1865425145386694
(18.27);0.14339989413659812
(18.28);0.2980573069448516
(18.29);0.3113861206892689
(18.30);0.274489831309385
(18.31);0.24021685816345292
(19.20);0.34734794579813444
(19.21);0.356235184047909
(19.22);0.38560589508745663
(19.23);0.3632687627059239
(19.24);0.30466663021647417
(19.25);0.3327148376958611
(19.26);0.3921743155274524
(19.27);0.4333138210745641
(19.28);0.30866550294188116
(19.29);0.2899193059838615
(19.31);0.3844634191685203
(20.21);0.2040121829148257
(20.22);0.2390557185316491
(20.23);0.21400483108442625
(20.24);0.156491719312733
(20.25);0.20594847610002393
(20.26);0.24189541880333798
(20.27);0.2806639895897276
(20.28);0.19580156669596463
(20.29);0.16224147551091206
(20.30);0.23729929739757893
(20.31);0.2480519181491203
(21.22);0.4491211020988572
(21.23);0.47123175263996653
(21.24);0.43702391354658693
(21.25);0.39058273746720723
(21.26);0.45850608739819965
(21.27);0.42214098696571045
(21.28);0.3522376018318006
(21.29);0.37085051349327436
(21.30);0.31963261985141206
(21.31);0.4221798985339677
(22.23);0.47266078682940443
(22.24);0.4174289888538597
(22.25);0.42583268002620656
(22.26);0.48121236965587183
(22.27);0.43905737975981124
(22.28);0.38923028247682495
(22.29);0.39205820630933147
(22.30);0.36910265582002477
(22.31);0.4863435943406829
(23.24);0.44133164346823295
(23.25);0.4185989878543546
(23.26);0.47082403719426563
(23.27);0.42394561024839766
(23.28);0.38024949193096075
(23.29);0.39467635923936234
(23.30);0.3497899483201923
(23.31);0.4575763404350792
(24.25);0.4083718328712664
(24.26);0.41219784006169036
(24.27);0.36605092185645655
(24.28);0.3756281229222737
(24.29);0.4117465388067217
(24.30);0.3288086856875727
(24.31);0.4140691994985582
(25.26);0.4072188906242786
(25.27);0.3690778909355585
(25.28);0.4616346012637311
(25.29);0.4560023965488816
(25.30);0.4294556540164273
(26.27);0.4525803517447442
(26.28);0.3704492715997102
(26.29);0.375005162204562
(26.30);0.3504728064547656
(26.31);0.459023671506545
(27.28);0.3359731277896
(27.29);0.3317845800673908
(27.30);0.3289589374766195
(27.31);0.4212057854492862
(28.29);0.4518388607763606
(28.30);0.4630912884306242
(28.31);0.45482533436785144
(29.30);0.40393879081309597
(29.31);0.43687538260405717
(30.31);0.43715080367266973
