
****Importance edges******

(0.1);17.52011151441021
(0.2);19.138591198072593
(0.3);26.099235794953543
(0.4);27.21465678672637
(0.5);16.432142314448107
(0.6);28.48792127965258
(0.7);16.89034134772876
(0.8);14.312063152724663
(0.9);12.36276357332411
(0.10);11.425179427633292
(0.11);12.178982967198642
(0.12);13.365740566905753
(0.13);28.888411630159478
(0.14);10.180833620974026
(0.15);9.447785528675617
(0.16);11.40188892937714
(0.17);8.322570894083583
(0.30);13.090304191936903
(0.31);33.98397492549998
(1.2);1.9296593865772047
(1.3);1.311664248334919
(1.4);0.8171980431925524
(1.5);4.268110516721097
(1.6);0.7775645833767509
(1.7);3.267212351472229
(1.8);0.6043505094457164
(1.9);0.6334462392865889
(1.10);0.7880957331731204
(1.11);1.263317002509521
(1.12);1.678221009237497
(1.13);1.3734334866971838
(1.14);1.4193062148067936
(1.15);1.0720201929184552
(1.16);1.0700123720028862
(1.17);0.5543012827715404
(1.18);0.20901442760770098
(1.19);0.5381747321124368
(1.20);0.28113956148927755
(1.21);0.4243833258162299
(1.22);0.660025488178889
(1.23);0.5177394175530174
(1.24);0.3830524964397729
(1.25);0.7324247022168656
(1.26);0.5775450050521178
(1.27);0.5382358827263144
(1.28);0.6767346366551118
(1.29);0.485582773028329
(1.30);2.1518470363952265
(1.31);2.897642856734812
(2.3);2.8538643672742254
(2.4);1.1513819134981524
(2.5);3.1262151229555863
(2.6);1.009385394973538
(2.7);1.333124567876545
(2.8);0.5683763218355529
(2.9);0.5597669455191848
(2.10);0.6230197409140085
(2.11);0.8324648271215971
(2.12);3.0995099322749415
(2.13);2.497631224995142
(2.14);1.5465134632642412
(2.15);1.3859374854833533
(2.16);1.7550131617402378
(2.17);0.49436025834558267
(2.18);0.18431207477275327
(2.19);1.147838205123906
(2.20);0.3350349238567855
(2.21);0.522724250854085
(2.22);0.8198197079842534
(2.23);0.6073202545034861
(2.24);0.394526194791203
(2.25);0.5432331483361995
(2.26);0.7993108030636424
(2.27);1.020843962580236
(2.28);0.4554207441602326
(2.29);0.39380627273270224
(2.30);1.1881806449570018
(2.31);2.1686420027087623
(3.4);1.9389862409592562
(3.5);1.611534846715158
(3.6);1.5340029632822734
(3.7);1.0995799833457205
(3.8);0.6336283187368585
(3.9);0.5963769052451628
(3.10);0.6201141588654061
(3.11);0.7597757476738358
(3.12);1.7572877683977195
(3.13);9.565511368942111
(3.14);1.0985284945961322
(3.15);1.0847140265275805
(3.16);1.5618064577081447
(3.17);0.5140580770919203
(3.18);0.18878842939589563
(3.19);1.0018098090760061
(3.20);0.30030510922105874
(3.21);0.7844032561861685
(3.22);1.2658864833848105
(3.23);0.8897264442246494
(3.24);0.49188185777181304
(3.25);0.5633276661524311
(3.26);1.474263054541134
(3.27);2.9737021290622017
(3.28);0.44269369671720926
(3.29);0.41845772988562757
(3.30);1.0112716247171192
(3.31);2.1609275131801766
(4.5);0.9106873692478664
(4.6);5.441012403233021
(4.7);0.7917433668992526
(4.8);0.7047647246882408
(4.9);0.6149154219427057
(4.10);0.5774819340578258
(4.11);0.6332013425963791
(4.12);1.0138947944556267
(4.13);3.0071599966850613
(4.14);0.7589067113308359
(4.15);0.7824603415296476
(4.16);1.1004929213141388
(4.17);0.5247118943982008
(4.18);0.18777021745920233
(4.19);0.586004833992898
(4.20);0.2507461284721957
(4.21);1.4470356207617632
(4.22);0.9921046954518085
(4.23);1.0624432888706834
(4.24);0.6105836198698984
(4.25);0.4755560685458232
(4.26);1.372569255893045
(4.27);1.3620243901161584
(4.28);0.3750657678393472
(4.29);0.3964281151821256
(4.30);0.7828449835617076
(4.31);1.4824762525319177
(5.6);0.8421233112797357
(5.7);1.9956465617002461
(5.8);0.5854363833685939
(5.9);0.5997769088661606
(5.10);0.7145267531794638
(5.11);1.059282057205878
(5.12);2.71462277849802
(5.13);1.6061074881151811
(5.14);1.929180875069289
(5.15);1.4112821466307617
(5.16);1.4053990980967437
(5.17);0.5312708300329506
(5.18);0.21590102382242707
(5.19);0.7958094626583462
(5.20);0.3643761531908339
(5.21);0.4734458680761819
(5.22);0.7180064060341284
(5.23);0.5594504792729378
(5.24);0.4012953504770295
(5.25);0.6473732304224551
(5.26);0.6584215707137843
(5.27);0.6913551942709502
(5.28);0.5849083416624352
(5.29);0.45943136422349773
(5.30);1.658107978273079
(5.31);2.337144709289243
(6.7);0.7780343428854404
(6.8);0.7981675658031971
(6.9);0.6730910509886151
(6.10);0.6077854481041532
(6.11);0.6426715084529228
(6.12);0.9063335861549682
(6.13);2.1992918645202257
(6.14);0.705523369685067
(6.15);0.7187907981830997
(6.16);0.9661993034739395
(6.17);0.5640826225696566
(6.18);0.20535786274361814
(6.19);0.5170897798283738
(6.20);0.24512785326854392
(6.21);2.126514943149683
(6.22);0.9754470273429217
(6.23);1.2066762429165094
(6.24);0.7595841112965532
(6.25);0.5062877223902632
(6.26);1.2554165225145515
(6.27);0.9936659021691567
(6.28);0.3975603528096543
(6.29);0.4368732936313044
(6.30);0.7753406988978853
(6.31);1.442561512263091
(7.8);0.7301806901630895
(7.9);0.8018725124159153
(7.10);1.0981380052997187
(7.11);2.132750740730091
(7.12);1.2421556713299406
(7.13);1.191411207054753
(7.14);1.1630630897869043
(7.15);0.9145227525407839
(7.16);0.9060704425605086
(7.17);0.6797297008163444
(7.18);0.2912173882198142
(7.19);0.4870900292192581
(7.20);0.2920332413929211
(7.21);0.48144120926993467
(7.22);0.7057083656903388
(7.23);0.591644822882735
(7.24);0.48387693090094586
(7.25);1.168612724974474
(7.26);0.6067577523053778
(7.27);0.521099234447992
(7.28);1.332471962256951
(7.29);0.7503051171124847
(7.30);4.2651871876923835
(7.31);3.0576592830035842
(8.9);2.6335649251280455
(8.10);1.1208058677455601
(8.11);0.803039881084223
(8.12);0.556717052271662
(8.13);0.7659594739254545
(8.14);0.5069125239374398
(8.15);0.4782092513054874
(8.16);0.5331068636702209
(8.17);1.382025652632405
(8.18);0.38515789739446354
(8.19);0.2754942377341558
(8.20);0.1809739313634371
(8.21);0.5171094950167403
(8.22);0.4727421919924926
(8.23);0.5401097968912069
(8.24);0.9063685659433517
(8.25);0.5686369229503294
(8.26);0.44753904007026113
(8.27);0.3498432301854744
(8.28);0.5131640189705675
(8.29);0.7626589315819102
(8.30);0.8160230118217393
(8.31);1.0977450951117833
(9.10);1.7831244010331
(9.11);0.9917484357494302
(9.12);0.5553530359781267
(9.13);0.7062526794352045
(9.14);0.5201926351788101
(9.15);0.4801907935345898
(9.16);0.5174954428671185
(9.17);2.1370420111852457
(9.18);0.5464427665848561
(9.19);0.27079437201814527
(9.20);0.18525890181663196
(9.21);0.43640469285172334
(9.22);0.43989158415049257
(9.23);0.4745786758588811
(9.24);0.6616417284378444
(9.25);0.6147474720761194
(9.26);0.4088300113013402
(9.27);0.32808356712978465
(9.28);0.6191725739045297
(9.29);0.9325348331547632
(9.30);0.9382698366878344
(9.31);1.098923584076998
(10.11);1.8864578242981367
(10.12);0.6274458831834969
(10.13);0.7141074924214612
(10.14);0.6120601353342272
(10.15);0.5413613540850937
(10.16);0.5552238102126105
(10.17);1.46201409970409
(10.18);0.6692548154720265
(10.19);0.2953777818554334
(10.20);0.20973309628388484
(10.21);0.3944571451834424
(10.22);0.4461208670956571
(10.23);0.4467699081974625
(10.24);0.509481569471707
(10.25);0.7436620340670471
(10.26);0.4059246572360879
(10.27);0.3367682248978041
(10.28);0.9831716865537863
(10.29);1.073711813014768
(10.30);1.4431610474146148
(10.31);1.2455489495713858
(11.12);0.8456670522000007
(11.13);0.8472311426954221
(11.14);0.8571839829822575
(11.15);0.7091060007933013
(11.16);0.690981794698368
(11.17);0.8723298810325526
(11.18);0.43727441310339293
(11.19);0.37764360865678026
(11.20);0.2673430197858328
(11.21);0.4181252293010792
(11.22);0.525916458809504
(11.23);0.4879932104917193
(11.24);0.4718582790254185
(11.25);0.9262957373187991
(11.26);0.4704857340684298
(11.27);0.4048489507643026
(11.28);1.5903000500315168
(11.29);0.89026088865788
(11.30);4.205920304489142
(11.31);1.6504291435232792
(12.13);1.7325643760450613
(12.14);3.0209794528962495
(12.15);2.748272847978707
(12.16);2.843206381225949
(12.17);0.5013322232905469
(12.18);0.23057078183828172
(12.19);1.8821083827879548
(12.20);0.6061864848259062
(12.21);0.5270603290258998
(12.22);0.7054184901602805
(12.23);0.5797093415182984
(12.24);0.42085237796414426
(12.25);0.5545217092673957
(12.26);0.7026163035612109
(12.27);0.9093122999091275
(12.28);0.5027177305012374
(12.29);0.4317071068962807
(12.30);1.1924531732652472
(12.31);1.5939788747303894
(13.14);1.1421829715848462
(13.15);1.1427897147665274
(13.16);1.6498732109280023
(13.17);0.5933748037793906
(13.18);0.2581087368861683
(13.19);1.1932333765409697
(13.20);0.3913051129741946
(13.21);1.2687542868316164
(13.22);1.8635402495927977
(13.23);1.3761575194300244
(13.24);0.7209461259759901
(13.25);0.7540395168273949
(13.26);2.513233416153527
(13.27);6.488521903490208
(13.28);0.5867401487349357
(13.29);0.5726494997152267
(13.30);1.085338041803933
(13.31);2.2993980572877604
(14.15);3.5536281611252543
(14.16);1.8236703161684227
(14.17);0.4839529099066165
(14.18);0.2385418723896639
(14.19);0.9354872506793249
(14.20);0.7812089891251224
(14.21);0.4267708135465415
(14.22);0.5414597057312583
(14.23);0.46618971039531953
(14.24);0.3680259526607762
(14.25);0.49674872285658167
(14.26);0.5290962840307774
(14.27);0.6104473623903688
(14.28);0.4828903471454732
(14.29);0.403555453096177
(14.30);1.225303596135672
(14.31);1.2652766321678162
(15.16);2.7438697611129412
(15.17);0.44905218430437976
(15.18);0.2216927143061887
(15.19);1.1366353892195242
(15.20);1.189223544344743
(15.21);0.4257558166707714
(15.22);0.5146928883048093
(15.23);0.45114491060469564
(15.24);0.35496221523852073
(15.25);0.4387055211176819
(15.26);0.5180327849412698
(15.27);0.6389786581465124
(15.28);0.41572676430503747
(15.29);0.3644247564297
(15.30);0.9587508631588721
(15.31);1.0916267096594001
(16.17);0.47211343524105254
(16.18);0.22893464087231316
(16.19);2.7910838786910555
(16.20);0.7843960745648044
(16.21);0.5532399651934211
(16.22);0.6529744962224497
(16.23);0.5699506979490052
(16.24);0.4242568408795498
(16.25);0.48405630603807515
(16.26);0.686884233172213
(16.27);0.9920624072327741
(16.28);0.4357061812932635
(16.29);0.3985632679076509
(16.30);0.9062012740005653
(16.31);1.2233534696448143
(17.18);1.1254417969423551
(17.19);0.2756271196013415
(17.20);0.20445549074935618
(17.21);0.38983236022067747
(17.22);0.3926674034180896
(17.23);0.4122690614167535
(17.24);0.5124274352796928
(17.25);0.5041281300380868
(17.26);0.3723156549262974
(17.27);0.31740985167311403
(17.28);0.5332120425866761
(17.29);0.6465517324418842
(17.30);0.8165433362828032
(17.31);0.8454526709397318
(18.19);0.0
(18.20);0.0
(18.21);0.0
(18.22);0.0
(18.23);0.0
(18.24);0.0
(18.25);0.0
(18.26);0.0
(18.27);0.0
(18.28);0.0
(18.29);0.0
(18.30);0.4467341537490398
(18.31);0.4163441010750521
(19.20);0.0
(19.21);0.0
(19.22);0.0
(19.23);0.0
(19.24);0.0
(19.25);0.0
(19.26);0.0
(19.27);0.0
(19.28);0.0
(19.29);0.0
(19.30);0.5614541246731773
(19.31);0.8643397209300778
(20.21);0.0
(20.22);0.0
(20.23);0.0
(20.24);0.0
(20.25);0.0
(20.26);0.0
(20.27);0.0
(20.28);0.0
(20.29);0.0
(20.30);0.3863732102932397
(20.31);0.42869266721071625
(21.22);0.0
(21.23);0.0
(21.24);0.0
(21.25);0.0
(21.27);0.0
(21.28);0.0
(21.29);0.0
(21.30);0.5499527857207708
(21.31);1.1684012815397653
(22.24);0.0
(22.25);0.0
(22.27);0.0
(22.28);0.0
(22.29);0.0
(22.30);0.7310939895324471
(22.31);2.3341969620607976
(23.25);0.0
(23.26);0.0
(23.27);0.0
(23.28);0.0
(23.29);0.0
(23.30);0.6485199083457751
(23.31);1.6643649013554727
(24.25);0.0
(24.26);0.0
(24.27);0.0
(24.28);0.0
(24.30);0.5767721705753518
(24.31);1.0884753400109974
(25.26);0.0
(25.27);0.0
(25.28);0.0
(25.29);0.0
(25.30);1.1755985986875255
(26.27);0.0
(26.28);0.0
(26.29);0.0
(26.30);0.6511387022298101
(26.31);1.6912792782231423
(27.28);0.0
(27.29);0.0
(27.30);0.5772320982858007
(27.31);1.158278906611577
(28.30);1.6711712281962179
(28.31);1.614916946861587
(29.30);0.941143436767097
(29.31);1.3411156234963924
(30.31);2.157011486230294

****Importance nodes******

0; 0.05789473684210527
1; 0.0018675721561969441
2; 0.0019278164193000714
3; 0.001990004045729106
4; 0.002054197724623593
5; 0.0021204621673533864
6; 0.0021888641727518827
7; 0.0022594726944535565
8; 0.0023323589104036714
9; 0.0024075962946102413
10; 0.002485260691210572
11; 0.002565430390927042
12; 0.0026481862099892047
13; 0.00273361157160176
14; 0.002821792590040526
15; 0.0029128181574611884
16; 0.0030067800335083234
17; 0.0031037729378150434
18; DISCONNECTED
19; DISCONNECTED
20; DISCONNECTED
21; DISCONNECTED
22; DISCONNECTED
23; DISCONNECTED
24; DISCONNECTED
25; DISCONNECTED
26; DISCONNECTED
27; DISCONNECTED
28; DISCONNECTED
29; DISCONNECTED
30; 0.0032038946454864964
31; 0.0034174876218522627
