
****Importance edges******

(0.1);17.38639076622792
(0.2);18.99251754254498
(0.3);25.900035616654634
(0.4);27.006943253393423
(0.5);16.306725397853793
(0.6);28.27048966430355
(0.7);16.761427266319238
(0.8);14.202827558462582
(0.9);12.268405840882398
(0.10);11.337977725753515
(0.11);12.086027924467682
(0.12);13.263727698600263
(0.13);28.667923306566014
(0.14);10.103129281718175
(0.15);9.375676116100177
(0.16);11.314864990227344
(0.17);8.259049585680856
(0.30);12.990393568135232
(0.31);33.72459515217443
(1.2);1.9149314268437383
(1.3);1.3016530834797726
(1.4);0.8109608492306913
(1.5);4.2355345293393265
(1.6);0.7716298883970032
(1.7);3.2422756334753178
(1.8);0.59973785602619
(1.9);0.6286115152050102
(1.10);0.7820806600959598
(1.11);1.2536748438606997
(1.12);1.6654121313495966
(1.13);1.3629508734290716
(1.14);1.4084734818765474
(1.15);1.0638380907585647
(1.16);1.0618455943638945
(1.17);0.5500706257811641
(1.18);0.2074191429191528
(1.19);0.5340671596365603
(1.20);0.2789937879035862
(1.21);0.42114425648738685
(1.22);0.6549879002602236
(1.23);0.5137878158624855
(1.24);0.3801288811206073
(1.25);0.7268345335077753
(1.26);0.5731369423453826
(1.27);0.5341278435236232
(1.28);0.6715695175940852
(1.29);0.4818766041685947
(1.30);2.1354232484847477
(1.31);2.8755268462032033
(2.3);2.832082492307916
(2.4);1.1425940898139313
(2.5);3.102354554209972
(2.6);1.0016813475358763
(2.7);1.322949608973457
(2.8);0.5640382383169384
(2.9);0.5554945723267553
(2.10);0.6182645961868282
(2.11);0.8261111107410487
(2.12);3.0758531886063096
(2.13);2.478568268928047
(2.14);1.534709831922535
(2.15);1.375359436517153
(2.16);1.7416181743359256
(2.17);0.49058709608213535
(2.18);0.1829053286731425
(2.19);1.1390774284898564
(2.20);0.3324777985412031
(2.21);0.5187346028510034
(2.22);0.8135625043907675
(2.23);0.602684934759564
(2.24);0.3915150074536338
(2.25);0.5390869679324282
(2.26);0.7932101319276199
(2.27);1.013052458608282
(2.28);0.45194478439840385
(2.29);0.39080058013848656
(2.30);1.1791119581116765
(2.31);2.1520900286586406
(3.4);1.9241870948098163
(3.5);1.5992349452420802
(3.6);1.5222948172584743
(3.7);1.0911875334495926
(3.8);0.6287922049494954
(3.9);0.5918251096756867
(3.10);0.6153811907439584
(3.11);0.7539768244565869
(3.12);1.7438754202532196
(3.13);9.492503423989874
(3.14);1.0901440700976843
(3.15);1.0764350397716007
(3.16);1.5498861038982452
(3.17);0.5101345729166562
(3.18);0.1873475179036249
(3.19);0.9941635816478405
(3.20);0.2980130562364087
(3.21);0.7784163656228541
(3.22);1.2562247133936302
(3.23);0.882935683463713
(3.24);0.488127611688137
(3.25);0.5590281160652226
(3.26);1.4630108682460523
(3.27);2.95100560265925
(3.28);0.43931487505320793
(3.29);0.4152638871594015
(3.30);1.0035531807927487
(3.31);2.1444344193095994
(4.5);0.9037366260248095
(4.6);5.399484342819077
(4.7);0.7857004535705872
(4.8);0.6993856683848443
(4.9);0.61022213273485
(4.10);0.5730743527350439
(4.11);0.6283684876677802
(4.12);1.006156329413254
(4.13);2.9842081059776397
(4.14);0.7531144209589251
(4.15);0.7764882800957774
(4.16);1.0920935034972827
(4.17);0.5207070758762773
(4.18);0.18633707738219174
(4.19);0.5815322023674934
(4.20);0.24883233015672626
(4.21);1.4359912455193147
(4.22);0.9845325414708329
(4.23);1.054334281609389
(4.24);0.6059233927697627
(4.25);0.4719264276479173
(4.26);1.362093238792408
(4.27);1.3516288557989788
(4.28);0.3722031105410879
(4.29);0.39340241160032774
(4.30);0.776869986380524
(4.31);1.4711613797077352
(5.6);0.8356958773473971
(5.7);1.9804149605133199
(5.8);0.580968090393815
(5.9);0.5951991630607142
(5.10);0.7090731890310373
(5.11);1.0511971777740812
(5.12);2.693903653013295
(5.13);1.593849010491035
(5.14);1.9144565675338572
(5.15);1.4005106567125294
(5.16);1.394672510041774
(5.17);0.527215950997449
(5.18);0.21425317777903222
(5.19);0.7897355152026068
(5.20);0.36159508345937774
(5.21);0.46983233310233824
(5.22);0.7125262837337883
(5.23);0.555180521481985
(5.24);0.3982324981393759
(5.25);0.64243220977575
(5.26);0.6533962245575803
(5.27);0.6860784850581357
(5.28);0.5804440789206808
(5.29);0.45592479374808464
(5.30);1.6454526113686312
(5.31);2.3193066527860413
(6.7);0.7720960625065407
(6.8);0.7920756203274931
(6.9);0.6679537412826254
(6.10);0.6031465778099802
(6.11);0.6377663732958159
(6.12);0.8994160728078815
(6.13);2.1825059580291066
(6.14);0.7001385230888121
(6.15);0.7133046890769713
(6.16);0.9588248701749574
(6.17);0.559777310342357
(6.18);0.20379048647271905
(6.19);0.5131431364420465
(6.20);0.24325693595660622
(6.21);2.1102845002678032
(6.22);0.9680020115848198
(6.23);1.1974663900063909
(6.24);0.7537866507275144
(6.25);0.5024235247806847
(6.26);1.2458346636015543
(6.27);0.986081832411838
(6.28);0.3945260075212926
(6.29);0.4335388956945566
(6.30);0.769422977525648
(6.31);1.4315512852699501
(7.8);0.7246076486834985
(7.9);0.7957522892530162
(7.10);1.0897565611773277
(7.11);2.116472703658113
(7.12);1.2326750247260365
(7.13);1.182317863221348
(7.14);1.1541861105267213
(7.15);0.9075427360837598
(7.16);0.899154937634333
(7.17);0.6745417221850369
(7.18);0.2889946964861219
(7.19);0.4833723563559455
(7.20);0.28980432272987255
(7.21);0.4777666505403049
(7.22);0.7003221071279435
(7.23);0.5871291445259514
(7.24);0.48018378173491416
(7.25);1.1596933885997938
(7.26);0.6021267258112287
(7.27);0.5171219892432287
(7.28);1.3223019843102712
(7.29);0.7445784776705634
(7.30);4.232633512368649
(7.31);3.0343219608253853
(8.9);2.6134644667556706
(8.10);1.1122514131075991
(8.11);0.796910748080105
(8.12);0.5524679571278112
(8.13);0.760113353948057
(8.14);0.5030435575836506
(8.15);0.47455936021776995
(8.16);0.5290379712654857
(8.17);1.3714774603948658
(8.18);0.3822182127831216
(8.19);0.27339155159774503
(8.20);0.1795926633570374
(8.21);0.513162701155929
(8.22);0.4691340277659934
(8.23);0.5359874551994046
(8.24);0.8994507856160308
(8.25);0.564296850416062
(8.26);0.4441232367387723
(8.27);0.3471730817421593
(8.28);0.5092473386172185
(8.29);0.7568380027108149
(8.30);0.8097947861860166
(8.31);1.0893666498426964
(9.10);1.7695148570063897
(9.11);0.9841790008900714
(9.12);0.5511143515716249
(9.13);0.7008622664448451
(9.14);0.5162223095151969
(9.15);0.476525778495794
(9.16);0.5135457032924473
(9.17);2.1207312213596423
(9.18);0.5422720890451368
(9.19);0.268727557203637
(9.20);0.1838449291408317
(9.21);0.43307387147022713
(9.22);0.4365341493702793
(9.23);0.4709564948268132
(9.24);0.6565918047040507
(9.25);0.6100554647312131
(9.26);0.40570965131130116
(9.27);0.3255794974481034
(9.28);0.6144467923495226
(9.29);0.9254173410376075
(9.30);0.9311085726481861
(9.31);1.0905361440919799
(10.11);1.8720595967827467
(10.12);0.6226569563051386
(10.13);0.7086571282448042
(10.14);0.6073886388564719
(10.15);0.5372294599903731
(10.16);0.5509861121106785
(10.17);1.4508554025060334
(10.18);0.6641467855045281
(10.19);0.2931233362742139
(10.20);0.20813232641831622
(10.21);0.391446484861081
(10.22);0.44271588784773985
(10.23);0.4433599751990132
(10.24);0.5055929950982613
(10.25);0.7379860973865974
(10.26);0.4028264721117179
(10.27);0.3341978703107162
(10.28);0.9756677129969124
(10.29);1.065516799709607
(10.30);1.4321462445208606
(10.31);1.236042404062394
(11.12);0.8392125709690859
(11.13);0.8407647236779754
(11.14);0.8506415997651195
(11.15);0.7036938100724466
(11.16);0.6857079354257595
(11.17);0.8656718980478267
(11.18);0.4339369536566842
(11.19);0.3747612762096204
(11.20);0.26530254712116563
(11.21);0.4149339243570413
(11.22);0.521902446553044
(11.23);0.4842686441748235
(11.24);0.46825686118881454
(11.25);0.9192258645653946
(11.26);0.4668947920634672
(11.27);0.40175897587729975
(11.28);1.5781622213225135
(11.29);0.8834660487956538
(11.30);4.173818978567284
(11.31);1.6378323846663354
(12.13);1.7193407270718128
(12.14);2.997922086374789
(12.15);2.7272968912253193
(12.16);2.8215058524238636
(12.17);0.4975058481027427
(12.18);0.22881097012526658
(12.19);1.8677433520117772
(12.20);0.6015598184817883
(12.21);0.5230375862781395
(12.22);0.7000344440480014
(12.23);0.5752847596991514
(12.24);0.4176402582918822
(12.25);0.5502893698906989
(12.26);0.6972536448977655
(12.27);0.9023720517848391
(12.28);0.4988807805485023
(12.29);0.4284121394366101
(12.30);1.1833518767141251
(12.31);1.5818129677074575
(13.14);1.1334653580356528
(13.15);1.1340674703020492
(13.16);1.6372806951789018
(13.17);0.5888459214918186
(13.18);0.2561387440935759
(13.19);1.1841261251552748
(13.20);0.3883185102672754
(13.21);1.2590706285766406
(13.22);1.849316938500377
(13.23);1.3656541152157582
(13.24);0.7154435665153759
(13.25);0.7482843749000025
(13.26);2.4940513777008393
(13.27);6.438998816675478
(13.28);0.5822619048828409
(13.29);0.5682788015330175
(13.30);1.077054292304887
(13.31);2.281848098867888
(14.15);3.526505399031161
(14.16);1.809751308922647
(14.17);0.4802591808373419
(14.18);0.23672122201181017
(14.19);0.9283472244886843
(14.20);0.7752464785311333
(14.21);0.423513521922406
(14.22);0.5373270609760356
(14.23);0.4626315574225103
(14.24);0.3652170261479614
(14.25);0.492957330842647
(14.26);0.5250580020310953
(14.27);0.6057881752637568
(14.28);0.47920472799532177
(14.29);0.40047535071916424
(14.30);1.2159515715500437
(14.31);1.2556195168137336
(15.16);2.7229274105423413
(15.17);0.445624832029328
(15.18);0.22000066368201296
(15.19);1.1279601171168387
(15.20);1.180146897659305
(15.21);0.4225062719232194
(15.22);0.5107645389874197
(15.23);0.4477015857756799
(15.24);0.35225299658091697
(15.25);0.43535713886182087
(15.26);0.5140789441493133
(15.27);0.6341017083525805
(15.28);0.41255376543933114
(15.29);0.3616433157381926
(15.30);0.9514332794416354
(15.31);1.0832949624424169
(16.17);0.46851006994652117
(16.18);0.22718731686486546
(16.19);2.7697811704182733
(16.20);0.7784092388145989
(16.21);0.5490174086184153
(16.22);0.6479907243950271
(16.23);0.5656005981397618
(16.24);0.42101873693613556
(16.25);0.48036178780669697
(16.26);0.6816416481864463
(16.27);0.9844905760130026
(16.28);0.4323806912413159
(16.29);0.39552126795583814
(16.30);0.8992847705146467
(16.31);1.2140163292323372
(17.18);1.11685195897249
(17.19);0.27352341925547863
(17.20);0.20289500175529387
(17.21);0.3868569981728102
(17.22);0.38967040314622053
(17.23);0.4091224531717252
(17.24);0.508516376838177
(17.25);0.500280415331877
(17.26);0.3694739876289303
(17.27);0.314987248209018
(17.28);0.5291423474128838
(17.29);0.6416169818080442
(17.30);0.8103111393152671
(17.31);0.8389998259553954
(18.19);0.0
(18.20);0.0
(18.21);0.0
(18.22);0.0
(18.23);0.0
(18.24);0.0
(18.25);0.0
(18.26);0.0
(18.27);0.0
(18.28);0.0
(18.29);0.0
(18.30);0.44332449364335097
(18.31);0.41316639043940645
(19.20);0.0
(19.21);0.0
(19.22);0.0
(19.23);0.0
(19.24);0.0
(19.25);0.0
(19.26);0.0
(19.27);0.0
(19.28);0.0
(19.29);0.0
(19.30);0.5571688742305886
(19.31);0.8577427221569035
(20.21);0.0
(20.22);0.0
(20.23);0.0
(20.24);0.0
(20.25);0.0
(20.26);0.0
(20.27);0.0
(20.28);0.0
(20.29);0.0
(20.30);0.3834242499104527
(20.31);0.42542070720335384
(21.22);0.0
(21.23);0.0
(21.24);0.0
(21.25);0.0
(21.26);0.0
(21.27);0.0
(21.28);0.0
(21.29);0.0
(21.30);0.5457553182611014
(21.31);1.159483558988962
(22.23);0.0
(22.24);0.0
(22.25);0.0
(22.26);0.0
(22.27);0.0
(22.28);0.0
(22.29);0.0
(22.30);0.7255139773737661
(22.31);2.316381403985447
(23.24);0.0
(23.25);0.0
(23.26);0.0
(23.27);0.0
(23.28);0.0
(23.29);0.0
(23.30);0.6435701357781872
(23.31);1.6516617790223445
(24.25);0.0
(24.26);0.0
(24.27);0.0
(24.28);0.0
(24.29);0.0
(24.30);0.5723700064614634
(24.31);1.080167645352517
(25.26);0.0
(25.27);0.0
(25.28);0.0
(25.29);0.0
(25.30);1.166625943231009
(26.27);0.0
(26.28);0.0
(26.29);0.0
(26.30);0.6461689419425538
(26.31);1.6783707342174043
(27.28);0.0
(27.29);0.0
(27.30);0.5728264238131169
(27.31);1.1494384422190718
(28.30);1.6584161571573544
(28.31);1.6025912317992728
(29.30);0.9339602402213537
(29.31);1.3308796735467934
(30.31);2.140548281099478

****Importance nodes******

0; 0.05789473684210527
1; 0.0018675721561969441
2; 0.0019278164193000714
3; 0.001990004045729106
4; 0.002054197724623593
5; 0.0021204621673533864
6; 0.0021888641727518827
7; 0.0022594726944535565
8; 0.0023323589104036714
9; 0.0024075962946102413
10; 0.002485260691210572
11; 0.002565430390927042
12; 0.0026481862099892047
13; 0.00273361157160176
14; 0.002821792590040526
15; 0.0029128181574611884
16; 0.0030067800335083234
17; 0.0031037729378150434
18; DISCONNECTED
19; DISCONNECTED
20; DISCONNECTED
21; DISCONNECTED
22; DISCONNECTED
23; DISCONNECTED
24; DISCONNECTED
25; DISCONNECTED
26; DISCONNECTED
27; DISCONNECTED
28; DISCONNECTED
29; DISCONNECTED
30; 0.0032038946454864964
31; 0.0034174876218522627
