
****Mix criterion 0.5*C(weight)+0.5*C(distance) ******

(0.1);0.6482122364842369
(0.2);0.6813469171994455
(0.3);0.8110333147773828
(0.4);0.8304705776248699
(0.5);0.6243374633675701
(0.6);0.8523044645174594
(0.7);0.6340443084772247
(0.8);0.5750371720305646
(0.9);0.524574082313539
(0.10);0.49754929078309873
(0.11);0.5190575627200775
(0.12);0.5506521890990295
(0.14);0.45697210078876727
(0.15);0.43086261471581067
(0.16);0.49511498230554174
(0.17);0.38534213833519215
(0.30);0.5418078330000466
(0.31);0.9415762037986583
(1.2);0.46782993430656344
(1.3);0.42866414371428624
(1.4);0.3640608748007891
(1.5);0.5341974621124735
(1.6);0.3505906384551637
(1.7);0.5092800299176293
(1.8);0.29459834384515005
(1.9);0.3012092697839339
(1.10);0.34129733689406216
(1.11);0.4104319549247075
(1.12);0.44179156883140386
(1.13);0.4049105943677987
(1.14);0.4186642458899363
(1.15);0.37800148707256187
(1.16);0.37500245289564377
(1.17);0.23142830962650868
(1.18);0.21374628557575887
(1.19);0.3955719842900731
(1.20);0.2890395575415825
(1.21);0.3637612176267544
(1.22);0.4181166148464822
(1.23);0.3908349162268811
(1.24);0.34777514663920456
(1.25);0.4282426909974825
(1.26);0.40381347217796293
(1.27);0.39558565406540513
(1.28);0.42062564779120515
(1.29);0.3826248341472895
(1.30);0.45845777436734897
(1.31);0.4848011624571428
(2.3);0.4997958813535105
(2.4);0.41033838229379116
(2.5);0.5062183519707537
(2.6);0.3891229918942728
(2.7);0.4228135896390836
(2.8);0.27723325510145364
(2.9);0.2694057263518446
(2.10);0.2907453919517214
(2.11);0.3458292238204845
(2.12);0.5002291413854405
(2.13);0.4576908947931405
(2.14);0.4276924178054687
(2.15);0.4123614815041928
(2.16);0.4387029618531415
(2.17);0.19326707843508814
(2.18);0.16401876879867722
(2.19);0.4625590067089141
(2.20);0.3186160890429806
(2.21);0.3882903702556046
(2.22);0.4359555390130792
(2.23);0.40617461962257384
(2.24);0.34759126114826233
(2.25);0.3931018898774581
(2.26);0.4336989480419733
(2.27);0.4539183127494016
(2.28);0.3696475989478585
(2.29);0.3472913663130059
(2.30);0.38400155765716487
(2.31);0.45472221784263767
(3.4);0.46430198136061396
(3.5);0.44512916031612054
(3.6);0.43863352295246766
(3.7);0.39704722653585706
(3.8);0.2989747121249874
(3.9);0.2813931678277431
(3.10);0.2865861584806587
(3.11);0.3263062655005913
(3.12);0.4445440456781629
(3.13);0.5442664999711495
(3.14);0.3808338455399233
(3.15);0.3763213854527363
(3.16);0.4239551364483216
(3.17);0.20185094052100813
(3.18);0.16144900939038895
(3.19);0.45046528941911657
(3.20);0.28984897864854375
(3.21);0.429427297049689
(3.22);0.46778281608482053
(3.23);0.4407072423612458
(3.24);0.37625268560466546
(3.25);0.3939230183214252
(3.26);0.4780544494144335
(3.27);0.5222326986953613
(3.28);0.3609700352158847
(3.29);0.3521815086247359
(3.30);0.3562464592795069
(3.31);0.4534686375932268
(4.5);0.3720708242780006
(4.6);0.5562808046514194
(4.7);0.3436614054758986
(4.8);0.31845077481122586
(4.9);0.285303329463321
(4.10);0.2660975920173605
(4.11);0.2843482600293194
(4.12);0.37193340732461827
(4.13);0.4699457977094514
(4.14);0.31285247990037174
(4.15);0.31556810578060884
(4.16);0.37411653978463716
(4.17);0.20443887060955332
(4.18);0.14851246099342552
(4.19);0.3951372984996545
(4.20);0.23841562564272256
(4.21);0.4753934656401536
(4.22);0.4475974955456863
(4.23);0.4530749084937771
(4.24);0.40006960101724376
(4.25);0.3671430194782511
(4.26);0.47180004417171495
(4.27);0.471269152276386
(4.28);0.32818263933272573
(4.29);0.33805508350099017
(4.30);0.3041946927362472
(4.31);0.40720374560942857
(5.6);0.3546164783584678
(5.7);0.46177650804539405
(5.8);0.2740728831677326
(5.9);0.2760244535122609
(5.10);0.31175786546285295
(5.11);0.37921226601829666
(5.12);0.4859024444369672
(5.13);0.4171505054879201
(5.14);0.4489657268470203
(5.15);0.4104682452199234
(5.16);0.40785563294990795
(5.17);0.2044318816946414
(5.18);0.1851471131447657
(5.19);0.42546474152818153
(5.20);0.316932936713181
(5.21);0.36195616201933994
(5.22);0.4149664154070201
(5.23);0.38552183370950055
(5.24);0.3348149830835117
(5.25);0.403489337201922
(5.26);0.4054322653598714
(5.27);0.4108863623482859
(5.28);0.391239741916937
(5.29);0.35732518253956685
(5.30);0.42498809936374526
(5.31);0.4600970185636478
(6.7);0.335160400187446
(6.8);0.3370891095992364
(6.9);0.29933291749760776
(6.10);0.27179893499261015
(6.11);0.2813413037700512
(6.12);0.3487880950452122
(6.13);0.445410577311592
(6.14);0.29120421626238946
(6.15);0.29153137677692315
(6.16);0.34816614887695213
(6.17);0.21881001220195845
(6.18);0.15787716753645273
(6.19);0.3705580984600885
(6.20);0.21446261010712667
(6.21);0.49806322273616926
(6.22);0.44173603293305697
(6.23);0.45907419468490823
(6.24);0.4178989058835208
(6.25);0.3674740157553211
(6.26);0.4620743212476643
(6.27);0.443337316543128
(6.28);0.32758083938168303
(6.29);0.34420480090348077
(6.30);0.29673008122539574
(6.31);0.4006288784770644
(7.8);0.3168374434311398
(7.9);0.3323417203571316
(7.10);0.382960673719351
(7.11);0.4617176158969472
(7.12);0.39649122696440836
(7.13);0.37871075777997953
(7.14);0.38213608000806865
(7.15);0.3388400627331603
(7.16);0.3338889053656747
(7.17);0.266516474088749
(7.18);0.2530548452332154
(7.19);0.3569786834860039
(7.20);0.25376878837642675
(7.21);0.3551328336246255
(7.22);0.40673967879273687
(7.23);0.38506749753785463
(7.24);0.35593379422963567
(7.25);0.45464242069715827
(7.26);0.38837086215417244
(7.27);0.36728423728607795
(7.28);0.4647610219636634
(7.29);0.4135605385348284
(7.30);0.522312914282703
(7.31);0.4861850961813719
(8.9);0.4833742475015305
(8.10);0.38398475980326496
(8.11);0.3237592742874461
(8.12);0.23231422824245226
(8.13);0.3012322437406444
(8.14);0.19378108978781042
(8.15);0.1686710943444335
(8.16);0.1988634037106735
(8.17);0.3987309765769085
(8.18);0.3095924269013657
(8.19);0.22991646356605588
(8.20);0.08533635953371085
(8.21);0.3615777947227782
(8.22);0.3472153212406281
(8.23);0.36813706562040494
(8.24);0.4300514156640556
(8.25);0.3755734558389333
(8.26);0.3378461840181941
(8.27);0.28927662446796615
(8.28);0.36039659283060255
(8.29);0.4122278171262881
(8.30);0.3025961722296384
(8.31);0.35406747047763953
(9.10);0.44170035093984805
(9.11);0.3599963078781742
(9.12);0.22743832917975138
(9.13);0.2803794293092549
(9.14);0.19752046960782033
(9.15);0.16526536974664757
(9.16);0.18483739850550152
(9.17);0.4514592831252302
(9.18);0.36539263751092016
(9.19);0.2160919670279527
(9.20);0.08190140014833912
(9.21);0.3277933353970315
(9.22);0.32926090820006265
(9.23);0.34272697997949164
(9.24);0.39193445722354275
(9.25);0.3822535830621561
(9.26);0.315336791888025
(9.27);0.26721100373629025
(9.28);0.38322528062797523
(9.29);0.43016328660978925
(9.30);0.32915957871112306
(9.31);0.3521537882917106
(10.11);0.44528112567655603
(10.12);0.256944330312787
(10.13);0.2796324869599463
(10.14);0.24147679472874928
(10.15);0.2003408520729524
(10.16);0.2029987563189796
(10.17);0.4033129570570358
(10.18);0.3896294490546181
(10.19);0.23190205657960128
(10.20);0.11937941718809923
(10.21);0.3018004453795218
(10.22);0.3261902753997749
(10.23);0.32646192479899205
(10.24);0.34956018769065006
(10.25);0.40275963853616664
(10.26);0.30773343899662065
(10.27);0.2659994728209514
(10.28);0.4326587866157296
(10.29);0.4408979457566279
(10.30);0.39935448194018625
(10.31);0.37156922625970457
(11.12);0.322352184793502
(11.13);0.31316384862380864
(11.14);0.31862356918679247
(11.15);0.272036824274047
(11.16);0.2613280417887428
(11.17);0.31223023141919587
(11.18);0.31647320763486503
(11.19);0.2855943411201247
(11.20);0.19320648626018871
(11.21);0.30748978097016344
(11.22);0.349802836522024
(11.23);0.33696741890196774
(11.24);0.3309080821479026
(11.25);0.42399039225593393
(11.26);0.33037420802331363
(11.27);0.3007783604924814
(11.28);0.47124002721605407
(11.29);0.41982825062462087
(11.30);0.5187141664695977
(11.31);0.4116984710494618
(12.13);0.4167880607449555
(12.14);0.4880408150402904
(12.15);0.47750690558854786
(12.16);0.4799396338777838
(12.17);0.1534367207211963
(12.18);0.1314833607175791
(12.19);0.48222366122830435
(12.20);0.367483991430271
(12.21);0.3450781106053042
(12.22);0.3888490051881378
(12.23);0.3606319623987095
(12.24);0.30244995539454556
(12.25);0.35354098274359397
(12.26);0.38832280822637294
(12.27);0.41911753060742063
(12.28);0.3368403612882358
(12.29);0.3077335530458269
(12.30);0.3659522328437598
(12.31);0.4053458306595585
(13.14);0.3582949252948937
(13.15);0.35605215848608646
(13.16);0.4050572075618395
(13.17);0.2011188269817961
(13.18);0.15704231656661433
(13.19);0.42581337516321316
(13.20);0.2737811315780803
(13.21);0.43022913454582556
(13.22);0.4524973548986985
(13.23);0.43567432133782824
(13.24);0.37721529462807485
(13.25);0.3826040125344529
(13.26);0.46477677325228084
(13.27);0.48635576505851785
(13.28);0.349130947045096
(13.29);0.34541869543101184
(13.30);0.3396596656740881
(13.31);0.4351811820253954
(14.15);0.501057753113084
(14.16);0.42751517354157975
(14.17);0.12931177965413435
(14.18);0.12035194366286427
(14.19);0.41570163889201917
(14.20);0.3942051599238305
(14.21);0.29199347763575295
(14.22);0.33898517315248294
(14.23);0.31066136074979134
(14.24);0.25697687388709817
(14.25);0.3231562750602258
(14.26);0.33486497362684864
(14.27);0.3590434630472485
(14.28);0.3176790025567566
(14.29);0.2793443762934714
(14.30);0.3658612811594271
(14.31);0.3656984740499433
(15.16);0.47270950030468595
(15.17);0.09321308143634909
(15.18);0.07770179008983373
(15.19);0.4332710469567227
(15.20);0.43769282703210993
(15.21);0.28454532367011526
(15.22);0.32409912483031844
(15.23);0.29737621435964295
(15.24);0.23934837241110896
(15.25);0.29127003091048004
(15.26);0.32532842636916126
(15.27);0.3615222550036659
(15.28);0.27905735593798203
(15.29);0.24638349722664077
(15.30);0.31695549713164534
(15.31);0.33649943683998434
(16.17);0.10758892074818964
(16.18);0.07797365210840708
(16.19);0.5050342674208509
(16.20);0.38708919752047094
(16.21);0.3319194364049462
(16.22);0.3602266983427473
(16.23);0.3373184586271334
(16.24);0.2765693517561641
(16.25);0.3057763172375116
(16.26);0.3680729385674957
(16.27);0.4160429211869933
(16.28);0.2827637563034793
(16.29);0.26140722241324743
(16.30);0.30159651482854705
(16.31);0.35524338143818474
(17.18);0.42679129471344335
(17.19);0.13929386333036625
(17.20);0.011341188192406135
(17.21);0.2477541793494927
(17.22);0.24965617776318
(17.23);0.26210628190131946
(17.24);0.31118943509157915
(17.25);0.30784177118411266
(17.26);0.23537373308547982
(17.27);0.187892303580865
(17.28);0.3191321766600209
(17.29);0.3537957691709453
(17.30);0.27344277380660614
(17.31);0.2740066576105232
(18.19);0.10732817961284896
(18.20);0.0
(18.21);0.18803161881408834
(18.22);0.2034468040824998
(18.23);0.20819183108250347
(18.24);0.24399656096575814
(18.25);0.27284638890572005
(18.26);0.1865425145386694
(18.27);0.14339989413659812
(18.28);0.2980573069448516
(18.29);0.3113861206892689
(18.30);0.2741498432191637
(18.31);0.2399587702613552
(19.20);0.34734794579813444
(19.21);0.356235184047909
(19.22);0.38560589508745663
(19.23);0.3632687627059239
(19.24);0.30466663021647417
(19.25);0.3327148376958611
(19.26);0.3921743155274524
(19.27);0.4333138210745641
(19.28);0.30866550294188116
(19.29);0.2899193059838615
(19.30);0.32324306069217973
(19.31);0.3839276228771868
(20.21);0.2040121829148257
(20.22);0.2390557185316491
(20.23);0.21400483108442625
(20.24);0.156491719312733
(20.25);0.20594847610002393
(20.26);0.24189541880333798
(20.27);0.2806639895897276
(20.28);0.19580156669596463
(20.29);0.16224147551091206
(20.30);0.23700524714693685
(20.31);0.24778617548376394
(21.22);0.4491211020988572
(21.23);0.47123175263996653
(21.24);0.43702391354658693
(21.25);0.39058273746720723
(21.26);0.45850608739819965
(21.27);0.42214098696571045
(21.28);0.3522376018318006
(21.29);0.37085051349327436
(21.30);0.31921407697583387
(21.31);0.4214556172609
(22.23);0.47266078682940443
(22.24);0.4174289888538597
(22.25);0.42583268002620656
(22.26);0.48121236965587183
(22.27);0.43905737975981124
(22.28);0.38923028247682495
(22.29);0.39205820630933147
(22.30);0.3685462550004603
(22.31);0.4848966469827989
(23.24);0.44133164346823295
(23.25);0.4185989878543546
(23.26);0.47082403719426563
(23.27);0.42394561024839766
(23.28);0.38024949193096075
(23.29);0.39467635923936234
(23.30);0.3492963907015087
(23.31);0.4565446158481168
(24.25);0.4083718328712664
(24.26);0.41219784006169036
(24.27);0.36605092185645655
(24.28);0.3756281229222737
(24.29);0.4117465388067217
(24.30);0.32836973185536383
(24.31);0.41339446358597254
(25.26);0.4072188906242786
(25.27);0.3690778909355585
(25.28);0.4616346012637311
(25.29);0.4560023965488816
(25.30);0.4285609619068575
(25.31);0.49977600163016433
(26.27);0.4525803517447442
(26.28);0.3704492715997102
(26.29);0.375005162204562
(26.30);0.3499772557967681
(26.31);0.4579752629434097
(27.28);0.3359731277896
(27.29);0.3317845800673908
(27.30);0.3285196336153327
(27.31);0.42048777894389916
(28.29);0.4518388607763606
(28.30);0.46181943959269894
(28.31);0.45382426211583354
(29.30);0.4032225313621329
(29.31);0.4360440372893405
(30.31);0.43566635954212535
