
****Importance edges******

(0.1);17.453748662797032
(0.2);19.06609785311196
(0.3);26.00037685156992
(0.4);27.111572840682097
(0.5);16.369900483327147
(0.6);28.38001444977342
(0.7);16.82636394577939
(0.8);14.257851778413407
(0.9);12.315935775232157
(0.10);11.38190302003815
(0.11);12.132851295103587
(0.12);13.315113682641218
(0.13);28.77898781897107
(0.14);10.142270558728022
(0.15);9.411999113241164
(0.16);11.358700741761565
(0.17);8.291046577766878
(0.30);13.04072060829668
(0.31);33.855250089282364
(1.2);1.9223502036744553
(1.3);1.3066959135268348
(1.4);0.8141026523650249
(1.5);4.251943725507649
(1.6);0.7746193165601641
(1.7);3.254836772224851
(1.8);0.602061344610909
(1.9);0.6310468653586248
(1.10);0.7851105763632149
(1.11);1.258531797877177
(1.12);1.6718642271063708
(1.13);1.3682311817573272
(1.14);1.4139301526938663
(1.15);1.067959584232805
(1.16);1.065959368561151
(1.17);0.552201694892359
(1.18);0.2082227206923121
(1.19);0.5361362285412831
(1.20);0.2800746582786809
(1.21);0.4227758424588845
(1.22);0.6575254371091852
(1.23);0.5157783190683929
(1.24);0.3816015664065719
(1.25);0.729650416688428
(1.26);0.5753573743718747
(1.27);0.5361971475282608
(1.28);0.6741712945076089
(1.29);0.4837434777997633
(1.30);2.1436962489157576
(1.31);2.886667136473482
(2.3);2.8430544716081063
(2.4);1.1470206977026522
(2.5);3.114373614404403
(2.6);1.005562034994805
(2.7);1.3280749454579261
(2.8);0.5662234203842469
(2.9);0.5576466547486096
(2.10);0.6206598605796653
(2.11);0.8293116086189626
(2.12);3.087769577909049
(2.13);2.488170672747374
(2.14);1.5406555642779265
(2.15);1.380687817773269
(2.16);1.7483655055346286
(2.17);0.4924877156713505
(2.18);0.18361393567366133
(2.19);1.1434904122220217
(2.20);0.33376587525975737
(2.21);0.5207442707685983
(2.22);0.8167143867889078
(2.23);0.6050198408389874
(2.24);0.3930318045699475
(2.25);0.5411754844460616
(2.26);0.7962831657011238
(2.27);1.016977199725833
(2.28);0.45369569696282125
(2.29);0.39231460943933777
(2.30);1.1836800425626577
(2.31);2.160427599089842
(3.4);1.9316417297052646
(3.5);1.6054306590897507
(3.6);1.52819245169148
(3.7);1.09541498341341
(3.8);0.6312282551265525
(3.9);0.5941179429071801
(3.10);0.6177652843234738
(3.11);0.7568978615850003
(3.12);1.750631496414524
(3.13);9.529279030405961
(3.14);1.0943674775033032
(3.15);1.0806053360134835
(3.16);1.5558906317662757
(3.17);0.5121109228250912
(3.18);0.18807333471650506
(3.19);0.9980151439764343
(3.20);0.2991676105592766
(3.21);0.7814320857771012
(3.22);1.2610915460474028
(3.23);0.8863563296026142
(3.24);0.4900187028077778
(3.25);0.5611938880490371
(3.26);1.4686788263673105
(3.27);2.9624383107371624
(3.28);0.4410168571559332
(3.29);0.41687269155913365
(3.30);1.0074411200587146
(3.31);2.1527423305809643
(4.5);0.9072378586267906
(4.6);5.420402882657525
(4.7);0.7887443935462557
(4.8);0.7020952098961565
(4.9);0.6125862392278882
(4.10);0.5752945422785184
(4.11);0.6308028962905193
(4.12);1.0100543537289515
(4.13);2.995769446318247
(4.14);0.7560321169864525
(4.15);0.7794965305119257
(4.16);1.0963244633463651
(4.17);0.5227243854968462
(4.18);0.18705897957305245
(4.19);0.5837851590889519
(4.20);0.2497963498076768
(4.21);1.441554524930803
(4.22);0.9883467914775759
(4.23);1.0584189556768708
(4.24);0.6082708451978003
(4.25);0.473754752567629
(4.26);1.3673702244951729
(4.27);1.3568653006651314
(4.28);0.3736450900157025
(4.29);0.3949265208480094
(4.30);0.7798797155930937
(4.31);1.476860914325542
(5.6);0.8389335082753149
(5.7);1.9880874319231594
(5.8);0.5832188616475427
(5.9);0.5975050679608469
(5.10);0.7118202616793445
(5.11);1.05526969815662
(5.12);2.7043403034985296
(5.13);1.600023858292338
(5.14);1.92187350467716
(5.15);1.4059364781626045
(5.16);1.4000757134979886
(5.17);0.5292584771303513
(5.18);0.21508323178980923
(5.19);0.792795087707632
(5.20);0.36299596559524155
(5.21);0.4716525451361898
(5.22);0.7152867342705233
(5.23);0.5573313872163391
(5.24);0.3997753199809416
(5.25);0.6449211036997724
(5.26);0.6559275949785125
(5.27);0.6887364722307585
(5.28);0.5826928200629793
(5.29);0.4576911255597583
(5.30);1.6518273804794943
(5.31);2.328292049452374
(6.7);0.7750872967091421
(6.8);0.7951442588060766
(6.9);0.6705415100509233
(6.10);0.6054832723747345
(6.11);0.6402371909592013
(6.12);0.9029005668365369
(6.13);2.1909613650517046
(6.14);0.702850981289963
(6.15);0.7160681552911577
(6.16);0.9625395241995633
(6.17);0.5619459848348812
(6.18);0.20458000620077338
(6.19);0.5151311420479455
(6.20);0.24419935556238848
(6.21);2.1184601088234647
(6.22);0.9717522194486438
(6.23);1.2021055827133509
(6.24);0.7567069510898823
(6.25);0.5043700007497975
(6.26);1.2506612433984432
(6.27);0.9899020846406846
(6.28);0.39605446977465825
(6.29);0.4352185006503825
(6.30);0.7724038557329148
(6.31);1.4370973635045368
(7.8);0.7274149045256953
(7.9);0.7988351717853849
(7.10);1.0939784673061073
(7.11);2.124672286388145
(7.12);1.2374506217970578
(7.13);1.1868983679053549
(7.14);1.1586576279163672
(7.15);0.9110587142169513
(7.16);0.9026384199799862
(7.17);0.6771550139351998
(7.18);0.2901143121174896
(7.19);0.48524502479079035
(7.20);0.2909270749938812
(7.21);0.4796176014975201
(7.22);0.703035276565537
(7.23);0.5894037847731101
(7.24);0.4820440970780556
(7.25);1.164186242140905
(7.26);0.6044594692922663
(7.27);0.5191254096157145
(7.28);1.3274248117843501
(7.29);0.7474631039717243
(7.30);4.249031469493533
(7.31);3.046077450940773
(8.9);2.623589481866957
(8.10);1.1165604681984627
(8.11);0.7999981186831092
(8.12);0.5546083139168838
(8.13);0.7630581650571854
(8.14);0.5049924356674963
(8.15);0.47639788557540447
(8.16);0.5310875562212577
(8.17);1.3767908022014697
(8.18);0.3836989925027105
(8.19);0.27445071793669334
(8.20);0.1802884365169547
(8.21);0.5151507825589267
(8.22);0.4709515344437275
(8.23);0.5380639636625523
(8.24);0.9029354141281322
(8.25);0.5664830343915446
(8.26);0.4458438472695271
(8.27);0.3485180905393268
(8.28);0.51122025122593
(8.29);0.759770124540562
(8.30);0.8129320717896555
(8.31);1.0935870453872667
(9.10);1.7763702647973652
(9.11);0.9879918812192203
(9.12);0.5532494642577509
(9.13);0.7035775285534184
(9.14);0.5182222443722079
(9.15);0.47837192209926027
(9.16);0.5155352685122213
(9.17);2.1289473023266425
(9.18);0.5443729452709828
(9.19);0.26976865441850884
(9.20);0.18455717631670207
(9.21);0.4347516748414674
(9.22);0.4382253584589008
(9.23);0.47278106205836984
(9.24);0.6591355553573083
(9.25);0.6124189255234671
(9.26);0.40728144094248786
(9.27);0.3268408489504941
(9.28);0.6168272659074215
(9.29);0.9290025684938981
(9.30);0.9347158489238855
(9.31);1.0947610704603272
(10.11);1.8793122807001157
(10.12);0.6250692374637048
(10.13);0.7114025890013863
(10.14);0.6097417679022553
(10.15);0.5393107801957261
(10.16);0.5531207279748669
(10.17);1.4564762682425019
(10.18);0.6667198054651527
(10.19);0.2942589469729625
(10.20);0.20893866718817894
(10.21);0.39296301650897386
(10.22);0.4444310460645375
(10.23);0.44507762872204054
(10.24);0.507551750145689
(10.25);0.7408451836619254
(10.26);0.4043870918060887
(10.27);0.33549261088595583
(10.28);0.9794476191189768
(10.29);1.0696447967937923
(10.30);1.4376946277308862
(10.31);1.240831046945631
(11.12);0.8424638261786855
(11.13);0.8440219921966645
(11.14);0.8539371330166591
(11.15);0.7064200420726646
(11.16);0.688364487024769
(11.17);0.8690256612845739
(11.18);0.43561810075816887
(11.19);0.3762131664622006
(11.20);0.266330375252305
(11.21);0.41654145042358687
(11.22);0.5239243872471628
(11.23);0.48614478498429814
(11.24);0.47007096957092914
(11.25);0.9227871051668265
(11.26);0.4687036235532987
(11.27);0.40331545990591267
(11.28);1.5842762957789331
(11.29);0.8868887496619368
(11.30);4.189989077976453
(11.31);1.6441776316958796
(12.13);1.726001751571856
(12.14);3.0095365570565678
(12.15);2.7378629129133434
(12.16);2.8324368559847573
(12.17);0.4994332721385654
(12.18);0.2296974235512136
(12.19);1.8749793140474882
(12.20);0.6038903656654016
(12.21);0.5250639247006438
(12.22);0.7027464990288773
(12.23);0.5775135127429903
(12.24);0.419258269165983
(12.25);0.5524212864545541
(12.26);0.6999549265799125
(12.27);0.9058679977892882
(12.28);0.5008135313113448
(12.29);0.43007188244855116
(12.30);1.1879363873459354
(12.31);1.5879411857892394
(13.14);1.1378565996324737
(13.15);1.1384610445863328
(13.16);1.6436238048675835
(13.17);0.5911272128310212
(13.18);0.2571310700607059
(13.19);1.188713635359976
(13.20);0.3898229235984921
(13.21);1.2639484867999595
(13.22);1.8564815134108283
(13.23);1.3709448963720503
(13.24);0.7182153191121247
(13.25);0.7511833584904729
(13.26);2.503713765771833
(13.27);6.463944616073059
(13.28);0.5845176885985397
(13.29);0.5704804122784999
(13.30);1.0812269876386023
(13.31);2.2906883745925386
(14.15);3.540167693242319
(14.16);1.8167625997144667
(14.17);0.48211978828969754
(14.18);0.2376383211269962
(14.19);0.9319438028221702
(14.20);0.7782499179924103
(14.21);0.4251542868395666
(14.22);0.5394087593045531
(14.23);0.4644238724011317
(14.24);0.3666319403186666
(14.25);0.49486713313286035
(14.26);0.5270921678950247
(14.27);0.6081351038356988
(14.28);0.48106125031428626
(14.29);0.40202686176104296
(14.30);1.2206623790598239
(14.31);1.2604840048308779
(15.16);2.733476504103541
(15.17);0.44735126000095543
(15.18);0.22085298445109483
(15.19);1.1323300304544834
(15.20);1.184718991645787
(15.21);0.4241431345789976
(15.22);0.5127433294937916
(15.23);0.44943605945190046
(15.24);0.35361768585017844
(15.25);0.43704378800737226
(15.26);0.5160705752367515
(15.27);0.6365583284676924
(15.28);0.4141520703569705
(15.29);0.36304438473427897
(15.30);0.9551192971603633
(15.31);1.0874918352157916
(16.17);0.47032515930332697
(16.18);0.22806747997617224
(16.19);2.7805117835802933
(16.20);0.7814249313583536
(16.21);0.5511443973834553
(16.22);0.6505011529697908
(16.23);0.5677918330602911
(16.24);0.4226498366230982
(16.25);0.48222279277626706
(16.26);0.6842824462826751
(16.27);0.9883046634382755
(16.28);0.43405580911199476
(16.29);0.397053586020931
(16.30);0.9027687558554206
(16.31);1.218719639277369
(17.18);1.121178837376811
(17.19);0.27458309647262874
(17.20);0.20368105222007288
(17.21);0.38835574935241546
(17.22);0.39118005394517485
(17.23);0.4107074645898726
(17.24);0.510486457574042
(17.25);0.5022185885228841
(17.26);0.3709053940075348
(17.27);0.3162075634987598
(17.28);0.5311923367399733
(17.29);0.6441027173973743
(17.30);0.8134504253605813
(17.31);0.8422502569538739
(18.19);0.0
(18.20);0.0
(18.21);0.0
(18.22);0.0
(18.23);0.0
(18.24);0.0
(18.25);0.0
(18.26);0.0
(18.27);0.0
(18.28);0.0
(18.29);0.0
(18.30);0.44504200970467106
(18.31);0.41476706877266406
(19.20);0.0
(19.21);0.0
(19.23);0.0
(19.24);0.0
(19.25);0.0
(19.26);0.0
(19.27);0.0
(19.28);0.0
(19.29);0.0
(19.30);0.5593274431887219
(19.31);0.8610657663895329
(20.21);0.0
(20.22);0.0
(20.23);0.0
(20.24);0.0
(20.25);0.0
(20.26);0.0
(20.27);0.0
(20.28);0.0
(20.29);0.0
(20.30);0.384909702027273
(20.31);0.42706886088743096
(21.22);0.0
(21.23);0.0
(21.24);0.0
(21.25);0.0
(21.26);0.0
(21.27);0.0
(21.28);0.0
(21.29);0.0
(21.30);0.5478696691217113
(21.31);1.163975599613729
(22.25);0.0
(22.27);0.0
(22.28);0.0
(22.29);0.0
(22.30);0.7283247444906721
(22.31);2.325355467730025
(23.24);0.0
(23.25);0.0
(23.26);0.0
(23.27);0.0
(23.28);0.0
(23.29);0.0
(23.30);0.6460634382251174
(23.31);1.6580606035267753
(24.25);0.0
(24.26);0.0
(24.27);0.0
(24.28);0.0
(24.29);0.0
(24.30);0.5745874672451806
(24.31);1.0843524023565
(25.26);0.0
(25.27);0.0
(25.28);0.0
(25.29);0.0
(25.30);1.171145654692438
(26.27);0.0
(26.28);0.0
(26.29);0.0
(26.30);0.6486723126157866
(26.31);1.6848730338516469
(27.28);0.0
(27.29);0.0
(27.30);0.5750456528369007
(27.31);1.1538915663173723
(28.29);0.0
(28.30);1.66484114929542
(28.31);1.6087999484838065
(29.30);0.937578564352357
(29.31);1.33603573247829
(30.31);2.1488411367966798

****Importance nodes******

0; 0.05789473684210527
1; 0.0018675721561969441
2; 0.0019278164193000714
3; 0.001990004045729106
4; 0.002054197724623593
5; 0.0021204621673533864
6; 0.0021888641727518827
7; 0.0022594726944535565
8; 0.0023323589104036714
9; 0.0024075962946102413
10; 0.002485260691210572
11; 0.002565430390927042
12; 0.0026481862099892047
13; 0.00273361157160176
14; 0.002821792590040526
15; 0.0029128181574611884
16; 0.0030067800335083234
17; 0.0031037729378150434
18; DISCONNECTED
19; DISCONNECTED
20; DISCONNECTED
21; DISCONNECTED
22; DISCONNECTED
23; DISCONNECTED
24; DISCONNECTED
25; DISCONNECTED
26; DISCONNECTED
27; DISCONNECTED
28; DISCONNECTED
29; DISCONNECTED
30; 0.0032038946454864964
31; 0.0034174876218522627
