
****Importance edges******

(0.1);17.1243493819027
(0.2);18.687431061031617
(0.3);25.48401683196238
(0.4);26.603555668488152
(0.5);16.047163392097772
(0.6);27.818702948778775
(0.7);16.492997140302766
(0.8);13.975408794713802
(0.9);12.071993496039088
(0.10);11.15649165416904
(0.11);11.892601332954994
(0.12);13.051490824845123
(0.14);9.927057300170393
(0.15);9.211898555913377
(0.16);11.116737022550746
(0.17);8.114072690638377
(0.30);12.76178547295213
(0.31);33.06998803523438
(1.2);1.9160078973575054
(1.3);1.3020567455698258
(1.4);0.8249539584727397
(1.6);0.7721827029860513
(1.7);3.2420704792309545
(1.8);0.5995556961485197
(1.9);0.6282699610638331
(1.10);0.7814690711175063
(1.11);1.252396615518696
(1.12);1.6633204009721039
(1.13);0.562446146429723
(1.14);1.3799272186566338
(1.15);1.04178110936683
(1.16);1.0393386518906378
(1.17);0.5381586822128872
(1.18);0.21088309339223105
(1.19);0.5429862119681945
(1.20);0.28365305247287054
(1.21);0.42817746868739237
(1.22);0.6659263585675712
(1.23);0.5223681981877195
(1.24);0.38647712650942206
(1.25);0.7389728481819189
(1.26);0.5827084696144436
(1.27);0.5430479092910296
(1.28);0.6827848929708975
(1.29);0.48992406144511885
(1.30);2.08820706245529
(1.31);2.752019489382846
(2.3);2.789398370756413
(2.4);1.144724833267194
(2.5);3.06216665028346
(2.6);0.9877296851201458
(2.7);1.3038332799338068
(2.8);0.5558931306963623
(2.9);0.5474778685833355
(2.10);0.6093475931817599
(2.11);0.8142038343120662
(2.12);3.0315464215635277
(2.13);1.0096067007345475
(2.14);1.4845332739281627
(2.15);1.330081376262696
(2.16);1.6838907847542488
(2.17);0.47421658611623974
(2.18);0.18014864580719264
(2.19);1.1219096660583987
(2.20);0.32746681358414287
(2.21);0.510916422801093
(2.22);0.8013007849947125
(2.23);0.5936014857137092
(2.24);0.3856142350669617
(2.25);0.5309620444075817
(2.26);0.7812551561177555
(2.27);0.9977840988769785
(2.28);0.4451332363011207
(2.29);0.3849105753415447
(2.30);1.1395044576530957
(2.31);2.036441809535482
(3.4);1.9272742566581285
(3.5);1.5784672180297514
(3.6);1.5010660209146538
(3.7);1.0754101848606734
(3.8);0.6197062967593047
(3.9);0.5832787401507201
(3.10);0.6065002242300942
(3.11);0.7431024938691703
(3.12);1.718739810264829
(3.13);3.9388080392488156
(3.14);1.0547506523957202
(3.15);1.0412415432051434
(3.16);1.4988624699763682
(3.17);0.4932257362590054
(3.18);0.184523883970542
(3.19);0.979179908228585
(3.20);0.2935215113923306
(3.21);0.7666843561004733
(3.22);1.23729134951453
(3.23);0.8696283966394468
(3.24);0.48077072912326446
(3.25);0.5506026467783481
(3.26);1.4409608983383984
(3.27);2.906529115062159
(3.28);0.4326936803750568
(3.29);0.4090051802595835
(3.30);0.9700653914100387
(3.31);2.030151158957688
(4.5);0.9065714675444675
(4.7);0.7866168242727754
(4.8);0.7000260626017973
(4.9);0.6106282346598737
(4.10);0.5733127360639727
(4.11);0.6284735496940911
(4.12);1.0060751284848053
(4.13);1.3031055325671013
(4.14);0.7392522733586783
(4.15);0.7618212605412239
(4.16);1.070941011098564
(4.17);0.5103732586312099
(4.18);0.1896462948574247
(4.19);0.5918598116308827
(4.20);0.2532514200497626
(4.21);1.4614934557649295
(4.22);1.0020171577208148
(4.23);1.0730585284337757
(4.24);0.61668417268633
(4.25);0.48030751424290324
(4.26);1.3862830716052483
(4.27);1.3756328484153544
(4.28);0.37881318007229736
(4.29);0.4003889660400349
(4.30);0.761084257948645
(4.31);1.411551317630452
(5.6);0.8256758812819057
(5.7);1.955620472868564
(5.8);0.5736811528504535
(5.9);0.5877201160358155
(5.10);0.7001470596957035
(5.11);1.0379403060452619
(5.12);2.659869110837597
(5.13);0.6885809462382595
(5.14);1.8565002712793488
(5.15);1.3577467596363497
(5.16);1.3517239503589757
(5.17);0.5108440360236407
(5.18);0.21189023235580634
(5.19);0.7810257171004218
(5.20);0.35760714052019515
(5.21);0.46465066824818757
(5.22);0.7046680071913826
(5.23);0.5490575725208593
(5.24);0.39384049019525696
(5.25);0.6353469834768519
(5.26);0.6461900788454092
(5.27);0.6785118947604001
(5.28);0.5740425044192342
(5.29);0.4508965117132981
(5.30);1.5939321973777367
(5.31);2.2013825025822467
(6.7);0.761728258619065
(6.8);0.7814332579137511
(6.9);0.6589738032736493
(6.10);0.5950331413756313
(6.11);0.6291822105459224
(6.12);0.8873031056665167
(6.13);0.9579492116523941
(6.14);0.67854837086463
(6.15);0.6911316622343049
(6.16);0.9287831854182917
(6.17);0.5421010050056894
(6.18);0.20115726604627418
(6.19);0.5065127043156181
(6.20);0.2401137611022635
(6.21);2.0830170632647564
(6.22);0.955494250727759
(6.23);1.181993670878415
(6.24);0.7440468123266534
(6.25);0.4959316030473509
(6.26);1.229736967673988
(6.27);0.9733404583261512
(6.28);0.3894282526665395
(6.29);0.42793704697452783
(6.30);0.7449386632722191
(6.31);1.3584023778410892
(7.8);0.7145216906165204
(7.9);0.7846760547753792
(7.10);1.0745880227286677
(7.11);2.0870130988943716
(7.12);1.2155171757408842
(7.13);0.5275759093424724
(7.14);1.118369650710914
(7.15);0.8791612120481619
(7.16);0.8708197657194579
(7.17);0.653123528942063
(7.18);0.2849721217925843
(7.19);0.47664420033137134
(7.20);0.28577047868752353
(7.21);0.4711165214505762
(7.22);0.6905741843469692
(7.23);0.5789567771180881
(7.24);0.47350000811505183
(7.25);1.143551385532037
(7.26);0.5937456040847708
(7.27);0.5099240653619455
(7.28);1.3038965998379075
(7.29);0.7342145416604982
(7.30);4.097231047419026
(7.31);2.8795107697714304
(8.9);2.577087134734507
(8.10);1.0967697643381973
(8.11);0.7858183887835075
(8.12);0.544778045685303
(8.13);0.345083021834114
(8.14);0.4875549494071295
(8.15);0.4598329342969986
(8.16);0.512493401736994
(8.17);1.3282579350482024
(8.18);0.3768980414137332
(8.19);0.26958616018310744
(8.20);0.1770928773348405
(8.21);0.5060198873934749
(8.22);0.4626040578706479
(8.23);0.5285269391430405
(8.24);0.8869311511303668
(8.25);0.556442290253794
(8.26);0.43794139702115925
(8.27);0.3423407105260994
(8.28);0.5021590235651414
(8.29);0.7463034239319329
(8.30);0.7840820086850173
(8.31);1.0342994595116108
(9.10);1.744884627558651
(9.11);0.9704800175141542
(9.12);0.5434432812342359
(9.13);0.3236411120769599
(9.14);0.5004532299411011
(9.15);0.4618536473098069
(9.16);0.4976094614006086
(9.17);2.054409733964137
(9.18);0.5347240959195623
(9.19);0.2649870848551576
(9.20);0.18128595498494215
(9.21);0.42704583006673313
(9.22);0.43045794367006085
(9.23);0.46440115764975703
(9.24);0.6474525727053294
(9.25);0.6015639813098211
(9.26);0.40006249793398235
(9.27);0.3210476916291951
(9.28);0.6058941851650884
(9.29);0.9125362728993984
(9.30);0.9017664421953258
(9.31);1.0359257946561806
(10.11);1.8460020266945212
(10.12);0.6139900702146927
(10.13);0.33276983140646804
(10.14);0.5889824940662333
(10.15);0.5208186734978392
(10.16);0.5340213624930117
(10.17);1.4058327638271728
(10.18);0.65490239422452
(10.19);0.28904329422182073
(10.20);0.20523529114626013
(10.21);0.385997863336111
(10.22);0.43655363729941915
(10.23);0.43718875947066965
(10.24);0.49855554558087944
(10.25);0.7277139220296613
(10.26);0.3972194502794627
(10.27);0.3295461036447815
(10.28);0.9620871999310208
(10.29);1.0506856593247973
(10.30);1.3873588296198736
(10.31);1.1747336233735004
(11.12);0.827531404181165
(11.13);0.4013745773466334
(11.14);0.8250713898141131
(11.15);0.6823692588253679
(11.16);0.6647615663924789
(11.17);0.8390180374901187
(11.18);0.427896898840474
(11.19);0.36954489942441143
(11.20);0.26160974816963906
(11.21);0.4091583764874663
(11.22);0.5146379825351014
(11.23);0.47752801254172705
(11.24);0.46173910074962266
(11.25);0.9064309768203745
(11.26);0.46039599053549785
(11.27);0.396166812737575
(11.28);1.5561954672921539
(11.29);0.8711689090429325
(11.30);4.044297908818761
(11.31);1.5573775610387561
(12.13);0.8342488146196679
(12.14);2.9085368937504295
(12.15);2.64531459206829
(12.16);2.7360036847442153
(12.17);0.48230850160549843
(12.18);0.22562610469617417
(12.19);1.841745860593499
(12.20);0.5931865876512696
(12.21);0.5157573220244578
(12.22);0.6902905253066849
(12.23);0.567277256640856
(12.24);0.4118270404216776
(12.25);0.542629782637507
(12.26);0.6875484326532308
(12.27);0.8898117556140072
(12.28);0.4919367596812435
(12.29);0.4224489856090283
(12.30);1.1469167146350878
(12.31);1.5048697047335613
(13.14);0.5499736709919777
(13.15);0.5588593965818603
(13.16);0.8192331109491842
(13.17);0.29908699608394906
(13.18);0.0
(13.19);0.0
(13.20);0.0
(13.21);0.0
(13.22);0.0
(13.23);0.0
(13.24);0.0
(13.25);0.0
(13.26);0.0
(13.28);0.0
(13.29);0.0
(13.30);0.5551827499944011
(13.31);1.1719922222535937
(14.15);3.368749916425628
(14.16);1.728793488409024
(14.17);0.4587751590435437
(14.18);0.22613168183084115
(14.19);0.8868183317596517
(14.20);0.7405664288727608
(14.21);0.40456797314791854
(14.22);0.5132901518465116
(14.23);0.4419360936838788
(14.24);0.34887932587631065
(14.25);0.4709052671615926
(14.26);0.5015699397331987
(14.27);0.5786887113095219
(14.28);0.4577678763312001
(14.29);0.38256039665680025
(14.30);1.161556921524119
(14.31);1.1782573225689388
(15.16);2.6011193657090756
(15.17);0.42569015095465573
(15.18);0.21015910470347618
(15.19);1.0775016965273094
(15.20);1.1273539419369591
(15.21);0.4036057816958618
(15.22);0.48791588366765476
(15.23);0.4276740027336383
(15.24);0.33649523211240534
(15.25);0.4158817750736982
(15.26);0.4910820214864703
(15.27);0.60573566046573
(15.28);0.39409849286680315
(15.29);0.3454654826286736
(15.30);0.9088716499580917
(15.31);1.016813079079388
(16.17);0.447551635511607
(16.18);0.2170242685327349
(16.19);2.6458771589935073
(16.20);0.7435877055291148
(16.21);0.5244575408583284
(16.22);0.6190033621528112
(16.23);0.5402988942642963
(16.24);0.4021847904321605
(16.25);0.4588731759697432
(16.26);0.6511489379801252
(16.27);0.9404501540184129
(16.28);0.4130384765278981
(16.29);0.3778279309417313
(16.30);0.8590559641128986
(16.31);1.139807458032933
(17.18);1.0668904532180834
(17.19);0.2612875613377739
(17.20);0.19381865128977338
(17.21);0.3695512505443375
(17.22);0.3722388000293464
(17.23);0.39082067769093426
(17.24);0.48576829130767896
(17.25);0.47790075914860297
(17.26);0.3529458554886518
(17.27);0.3008965380772672
(17.28);0.5054715750936134
(17.29);0.6129147439947001
(17.30);0.774062499265421
(17.31);0.7879190521890366
(18.19);0.0
(18.20);0.0
(18.21);0.0
(18.22);0.0
(18.23);0.0
(18.24);0.0
(18.25);0.0
(18.26);0.0
(18.27);0.0
(18.28);0.0
(18.29);0.0
(18.30);0.4234927164214093
(18.31);0.381951979899553
(19.20);0.0
(19.21);0.0
(19.22);0.0
(19.23);0.0
(19.24);0.0
(19.25);0.0
(19.26);0.0
(19.27);0.0
(19.28);0.0
(19.29);0.0
(19.30);0.5322443569815364
(19.31);0.7929409036002133
(20.21);0.0
(20.22);0.0
(20.23);0.0
(20.24);0.0
(20.25);0.0
(20.26);0.0
(20.27);0.0
(20.28);0.0
(20.29);0.0
(20.30);0.36627206361182807
(20.31);0.39328049223408285
(21.22);0.0
(21.23);0.0
(21.24);0.0
(21.25);0.0
(21.26);0.0
(21.27);0.0
(21.28);0.0
(21.29);0.0
(21.30);0.5213413775819038
(21.31);1.0718854467949845
(22.23);0.0
(22.24);0.0
(22.25);0.0
(22.26);0.0
(22.27);0.0
(22.28);0.0
(22.29);0.0
(22.30);0.6930586725643357
(22.31);2.141380528347941
(23.24);0.0
(23.25);0.0
(23.26);0.0
(23.27);0.0
(23.28);0.0
(23.29);0.0
(23.30);0.6147805251375545
(23.31);1.5268799718948136
(24.25);0.0
(24.26);0.0
(24.27);0.0
(24.28);0.0
(24.29);0.0
(24.30);0.5467654783575032
(24.31);0.9985617908733032
(25.26);0.0
(25.27);0.0
(25.28);0.0
(25.29);0.0
(25.30);1.1144378369133199
(25.31);2.5866472823255893
(26.27);0.0
(26.28);0.0
(26.29);0.0
(26.30);0.6172630757247226
(26.31);1.5515710855813651
(27.28);0.0
(27.29);0.0
(27.30);0.5472014782330913
(27.31);1.062599231053909
(28.29);0.0
(28.30);1.5842281972282277
(28.31);1.4815166676660405
(29.30);0.8921802535889847
(29.31);1.2303327136039606
(30.31);2.010748102404247

****Importance nodes******

0; 0.061111111111111116
1; 0.0020370370370370373
2; 0.002037037037037037
3; 0.002102747909199522
4; 0.0022429311031461566
5; 0.002249794238683128
6; 0.0023179242444355944
7; 0.002390276860666116
8; 0.002467382565848894
9; 0.0025469755518440196
10; 0.0026291360535164073
11; 0.0027139468939524204
12; 0.0028014935679508855
13; DISCONNECTED
14; 0.002891864328207366
15; 0.0029851502742785714
16; 0.00308144544441659
17; 0.003180846910365512
18; DISCONNECTED
19; DISCONNECTED
20; DISCONNECTED
21; DISCONNECTED
22; DISCONNECTED
23; DISCONNECTED
24; DISCONNECTED
25; DISCONNECTED
26; DISCONNECTED
27; DISCONNECTED
28; DISCONNECTED
29; DISCONNECTED
30; 0.0032834548752160124
31; 0.003389372774416529
