
****Importance edges******

(0.1);17.360276540769604
(0.2);18.96399092699862
(0.3);25.86113396198888
(0.4);26.96637903195484
(0.5);16.282232821490354
(0.6);28.228027605855825
(0.7);16.736251731240042
(0.8);14.181495020502622
(0.9);12.249978789491994
(0.10);11.320948170249286
(0.11);12.06787480330765
(0.12);13.243805681420495
(0.13);28.62486430583864
(0.14);10.087954459097153
(0.15);9.361593922549371
(0.16);11.297870149874441
(0.17);8.246644556606574
(0.30);12.97088209672108
(0.31);33.673941069154225
(1.2);1.912055214541243
(1.3);1.29969801054097
(1.4);0.8097427922607645
(1.5);4.229172788991785
(1.6);0.7704709062283109
(1.7);3.2374057603642727
(1.8);0.5988370543705308
(1.9);0.6276673455349231
(1.10);0.7809059809484047
(1.11);1.2517918338694838
(1.12);1.6629106951134138
(1.13);1.3609037316803385
(1.14);1.4063579655193958
(1.15);1.0622402141131613
(1.16);1.0602507104327796
(1.17);0.5492444239240455
(1.18);0.207107600958812
(1.19);0.5332649948627349
(1.20);0.278574741375946
(1.21);0.42051170104720037
(1.22);0.6540041134622707
(1.23);0.5130161105073273
(1.24);0.37955793045935315
(1.25);0.7257428336182398
(1.26);0.572276095057861
(1.27);0.5333255876030653
(1.28);0.6705608253341914
(1.29);0.48115282920842356
(1.30);2.1322158591588285
(1.31);2.871207826955169
(2.3);2.827828726145917
(2.4);1.140877922262544
(2.5);3.097694841485832
(2.6);1.000176829841626
(2.7);1.3209625488168528
(2.8);0.5631910572130184
(2.9);0.554660223743564
(2.10);0.6173359675096747
(2.11);0.8248702981946394
(2.12);3.0712332807298592
(2.13);2.4748454784156917
(2.14);1.5324047095367108
(2.15);1.3732936572019203
(2.16);1.739002277208199
(2.17);0.4898502380299792
(2.18);0.18263060627361058
(2.19);1.1373665429367812
(2.20);0.3319784194401734
(2.21);0.5179554674597642
(2.22);0.8123405397547625
(2.23);0.6017797066142715
(2.24);0.390926954918037
(2.25);0.5382772634450785
(2.26);0.7920187363988128
(2.27);1.011530861592495
(2.28);0.4512659668017458
(2.29);0.3902136006672325
(2.30);1.1773409410024478
(2.31);2.1488576059568487
(3.4);1.9212969805650906
(3.5);1.596832906631399
(3.6);1.5200083421293675
(3.7);1.0895485781512246
(3.8);0.6278477638847991
(3.9);0.5909361929043011
(3.10);0.6144568929196446
(3.11);0.7528443570544133
(3.12);1.7412561327594538
(3.13);9.478245756719481
(3.14);1.08850668207326
(3.15);1.0748182426054844
(3.16);1.5475581868684192
(3.17);0.5093683547043575
(3.18);0.18706612336997075
(3.19);0.9926703555802412
(3.20);0.29756544291374054
(3.21);0.7772471902174674
(3.22);1.2543378735179502
(3.23);0.8816095208453073
(3.24);0.4873944477626596
(3.25);0.5581884601264627
(3.26);1.4608134371532486
(3.27);2.9465732148984567
(3.28);0.43865502748342844
(3.29);0.41464016398880293
(3.30);1.0020458516193165
(3.31);2.1412134952742785
(4.5);0.9023792205503627
(4.6);5.391374358787147
(4.7);0.7845203375210217
(4.8);0.698335196480003
(4.9);0.6093055837760607
(4.10);0.5722135994566367
(4.11);0.6274246830231882
(4.12);1.0046450903305775
(4.13);2.9797258483117526
(4.14);0.7519832488801845
(4.15);0.7753220006600507
(4.16);1.0904531874388579
(4.17);0.5199249778456967
(4.18);0.1860572005224438
(4.19);0.5806587454638676
(4.20);0.24845858590707715
(4.21);1.4338343976924215
(4.22);0.9830537811516437
(4.23);1.0527506796123685
(4.24);0.6050133004854001
(4.25);0.4712175977764943
(4.26);1.3600473852043151
(4.27);1.3495987196338088
(4.28);0.37164406432639935
(4.29);0.3928115241981919
(4.30);0.7757031336248879
(4.31);1.4689517066092865
(5.6);0.8344406685551259
(5.7);1.9774403924459596
(5.8);0.5800954807820432
(5.9);0.5943051784870464
(5.10);0.7080081665445549
(5.11);1.0496182876829383
(5.12);2.689857430407139
(5.13);1.5914550615130032
(5.14);1.9115810684664003
(5.15);1.398407100457645
(5.16);1.3925777226383704
(5.17);0.5264240766864039
(5.18);0.2139313711507957
(5.19);0.7885493385214466
(5.20);0.3610519704199297
(5.21);0.46912664854484676
(5.22);0.7114560747255713
(5.23);0.5543466446007517
(5.24);0.39763435598433816
(5.25);0.6414672815285168
(5.26);0.6524148284443138
(5.27);0.6850480004404939
(5.28);0.579572256370119
(5.29);0.45523999820793715
(5.30);1.6429811541782338
(5.31);2.315823071998506
(6.7);0.7709363801479147
(6.8);0.7908859288264
(6.9);0.6669504798909937
(6.10);0.60224065628037
(6.11);0.6368084530991566
(6.12);0.8980651567711982
(6.13);2.179227850834898
(6.14);0.699086920401985
(6.15);0.7122333109099045
(6.16);0.9573847225807008
(6.17);0.5589365291195443
(6.18);0.2034843947265042
(6.19);0.5123723993904289
(6.20);0.24289156590624428
(6.21);2.10711486914872
(6.22);0.9665480799946169
(6.23);1.1956678046813605
(6.24);0.752654468964822
(6.25);0.5016688885034897
(6.26);1.2439634295008994
(6.27);0.984600745069549
(6.28);0.3939334324867091
(6.29);0.4328877236014326
(6.30);0.7682673101201424
(6.31);1.4294011062292664
(7.8);0.7235192935578735
(7.9);0.794557075423422
(7.10);1.0881197551883273
(7.11);2.113293777905043
(7.12);1.2308235563019483
(7.13);1.1805420308672558
(7.14);1.1524525318492134
(7.15);0.9061796138612233
(7.16);0.8978044138206758
(7.17);0.6735285656966645
(7.18);0.2885606286705662
(7.19);0.48264633478747165
(7.20);0.289369038861914
(7.21);0.47704904869893205
(7.22);0.6992702286992988
(7.23);0.5862472810581706
(7.24);0.47946254938104294
(7.25);1.1579515380328986
(7.26);0.6012223360914914
(7.27);0.5163452759852488
(7.28);1.3203158968809392
(7.29);0.7434601265131128
(7.30);4.226276129326325
(7.31);3.029764432534233
(8.9);2.609539063189755
(8.10);1.110580820023689
(8.11);0.7957137942542459
(8.12);0.5516381544974139
(8.13);0.7589716695256964
(8.14);0.5022879900219455
(8.15);0.47384657570183963
(8.16);0.5282433602939853
(8.17);1.3694175117779672
(8.18);0.3816441239617499
(8.19);0.2729809195860287
(8.20);0.1793229165553795
(8.21);0.5123919347182613
(8.22);0.46842939205775624
(8.23);0.5351824061563856
(8.24);0.8980998174409762
(8.25);0.5634492808787543
(8.26);0.44345616704665414
(8.27);0.3466516304385751
(8.28);0.5084824530240264
(8.29);0.7557012378408683
(8.30);0.8085784806338312
(8.31);1.0877304294975274
(9.10);1.7668570592754502
(9.11);0.9827007715861202
(9.12);0.5502865820463817
(9.13);0.6998095767010533
(9.14);0.5154469475692617
(9.15);0.475810040434706
(9.16);0.5127743615885109
(9.17);2.117545899345677
(9.18);0.5414576005303277
(9.19);0.2683239304756959
(9.20);0.1835687954686105
(9.21);0.4324233978399181
(9.22);0.4358784784291284
(9.23);0.4702491217870415
(9.24);0.6556056088539362
(9.25);0.6091391661064857
(9.26);0.40510027852960007
(9.27);0.3250904795423584
(9.28);0.613523897984424
(9.29);0.9240273712956509
(9.30);0.9297100547200412
(9.31);1.0888981671754265
(10.11);1.869247777639883
(10.12);0.6217217303368068
(10.13);0.7075927306784286
(10.14);0.6064763457837355
(10.15);0.5364225454656928
(10.16);0.550158535200121
(10.17);1.448676228829456
(10.18);0.6631492421312497
(10.19);0.29268306727339133
(10.20);0.2078197132618347
(10.21);0.39085853524589215
(10.22);0.44205093198285206
(10.23);0.44269405191986844
(10.24);0.5048335983009808
(10.25);0.7368776479337248
(10.26);0.40222142984304093
(10.27);0.33369590767509344
(10.28);0.9742022675820369
(10.29);1.0639164016562463
(10.30);1.4299951718559494
(10.31);1.2341858778603934
(11.12);0.8379520801299918
(11.13);0.8395019015174282
(11.14);0.8493639426125127
(11.15);0.7026368673718633
(11.16);0.6846780073708209
(11.17);0.8643716655025845
(11.18);0.4332851836835569
(11.19);0.3741983876497363
(11.20);0.2649040647320752
(11.21);0.41431069678803883
(11.22);0.5211185530848834
(11.23);0.48354127638892636
(11.24);0.46755354297804247
(11.25);0.9178451943735683
(11.26);0.46619351967006495
(11.27);0.40115553697977185
(11.28);1.5757918337813877
(11.29);0.8821390895725912
(11.30);4.167549934503222
(11.31);1.6353723729979455
(12.13);1.7167582904988565
(12.14);2.993419230415626
(12.15);2.723200512231724
(12.16);2.8172679722937755
(12.17);0.49675859813816564
(12.18);0.2284672978046839
(12.19);1.8649380158354245
(12.20);0.6006562802525078
(12.21);0.5222519878388261
(12.22);0.6989829976870944
(12.23);0.5744206864064528
(12.24);0.4170129658300857
(12.25);0.5494628394816071
(12.26);0.6962063752758345
(12.27);0.9010166958904252
(12.28);0.49813146544594694
(12.29);0.42776866769202815
(12.30);1.181574491279705
(12.31);1.5794370967732876
(13.14);1.131762901769317
(13.15);1.1323641096677113
(13.16);1.6348215121438867
(13.17);0.5879614794382144
(13.18);0.25575402566628375
(13.19);1.1823475768056397
(13.20);0.3877352588459134
(13.21);1.2571795141582036
(13.22);1.8465392786556618
(13.23);1.3636029132186136
(13.24);0.7143689757708164
(13.25);0.747160457513363
(13.26);2.490305331677969
(13.27);6.4293274898840025
(13.28);0.5813873519716389
(13.29);0.567425251135701
(13.30);1.0754365650262196
(13.31);2.278420780540774
(14.15);3.521208614994238
(14.16);1.8070330763498186
(14.17);0.47953783523459764
(14.18);0.23636566855361965
(14.19);0.9269528540842764
(14.20);0.7740820642718235
(14.21);0.4228774078637246
(14.22);0.536519999855424
(14.23);0.46193668837481067
(14.24);0.36466847297840027
(14.25);0.4922169127160764
(14.26);0.5242693689428315
(14.27);0.6048782860750502
(14.28);0.47848496617265135
(14.29);0.39987383981676966
(14.30);1.2141252216242424
(14.31);1.253733585938671
(15.16);2.7188375944751884
(15.17);0.444955506952611
(15.18);0.2196702243740727
(15.19);1.1262659296800999
(15.20);1.178374326078821
(15.21);0.42187167074630416
(15.22);0.5099973745709188
(15.23);0.44702914143077876
(15.24);0.3517239152842427
(15.25);0.43470323578141795
(15.26);0.5133068015217034
(15.27);0.633149292454533
(15.28);0.411934112850751
(15.29);0.3611001302542321
(15.30);0.9500042339599162
(15.31);1.0816678617251114
(16.17);0.46780637141813886
(16.18);0.22684608325901537
(16.19);2.7656209803634746
(16.20);0.7772400741136234
(16.21);0.5481927886853899
(16.22);0.6470174473015077
(16.23);0.5647510703833818
(16.24);0.42038637002535145
(16.25);0.4796402880890724
(16.26);0.6806178276637249
(16.27);0.9830118787256087
(16.28);0.4317312587623893
(16.29);0.3949271980477224
(16.30);0.897934051693
(16.31);1.2121928860256406
(17.18);1.1151744559040082
(17.19);0.2731125891795527
(17.20);0.20259025502025008
(17.21);0.3862759419313943
(17.22);0.3890851211921326
(17.23);0.40850795438782933
(17.24);0.5077525891439654
(17.25);0.4995289979886217
(17.26);0.36891904053590474
(17.27);0.3145141397803151
(17.28);0.5283475796692113
(17.29);0.6406532780269601
(17.30);0.8090940582046454
(17.31);0.8377396546576787
(18.19);0.0
(18.20);0.0
(18.21);0.0
(18.22);0.0
(18.23);0.0
(18.24);0.0
(18.25);0.0
(18.26);0.0
(18.27);0.0
(18.28);0.0
(18.29);0.0
(18.30);0.4426586236572303
(18.31);0.4125458176927792
(19.20);0.0
(19.21);0.0
(19.22);0.0
(19.23);0.0
(19.24);0.0
(19.25);0.0
(19.26);0.0
(19.27);0.0
(19.28);0.0
(19.29);0.0
(19.30);0.5563320108587911
(19.31);0.8564543991729784
(20.21);0.0
(20.22);0.0
(20.23);0.0
(20.24);0.0
(20.25);0.0
(20.26);0.0
(20.27);0.0
(20.28);0.0
(20.29);0.0
(20.30);0.38284834963057424
(20.31);0.42478172856702157
(21.22);0.0
(21.23);0.0
(21.24);0.0
(21.25);0.0
(21.26);0.0
(21.27);0.0
(21.28);0.0
(21.29);0.0
(21.30);0.5449355979627499
(21.31);1.157742023584532
(22.23);0.0
(22.24);0.0
(22.25);0.0
(22.26);0.0
(22.27);0.0
(22.28);0.0
(22.29);0.0
(22.30);0.7244242609494063
(22.31);2.3129022168991527
(23.24);0.0
(23.25);0.0
(23.26);0.0
(23.27);0.0
(23.28);0.0
(23.29);0.0
(23.30);0.6426034983748341
(23.31);1.649180995709798
(24.25);0.0
(24.26);0.0
(24.27);0.0
(24.28);0.0
(24.29);0.0
(24.30);0.5715103111057518
(24.31);1.0785452418414732
(25.26);0.0
(25.27);0.0
(25.28);0.0
(25.29);0.0
(25.30);1.1648736800202781
(26.27);0.0
(26.28);0.0
(26.29);0.0
(26.30);0.6451984011522924
(26.31);1.6758498342591952
(27.28);0.0
(27.29);0.0
(27.30);0.571966042922047
(27.31);1.147711994502915
(28.29);0.0
(28.30);1.6559252288207014
(28.31);1.6001841520719486
(29.30);0.9325574391104057
(29.31);1.3288807024940779
(30.31);2.1373331940139155

****Importance nodes******

0; 0.05789473684210527
1; 0.0018675721561969441
2; 0.0019278164193000714
3; 0.001990004045729106
4; 0.002054197724623593
5; 0.0021204621673533864
6; 0.0021888641727518827
7; 0.0022594726944535565
8; 0.0023323589104036714
9; 0.0024075962946102413
10; 0.002485260691210572
11; 0.002565430390927042
12; 0.0026481862099892047
13; 0.00273361157160176
14; 0.002821792590040526
15; 0.0029128181574611884
16; 0.0030067800335083234
17; 0.0031037729378150434
18; DISCONNECTED
19; DISCONNECTED
20; DISCONNECTED
21; DISCONNECTED
22; DISCONNECTED
23; DISCONNECTED
24; DISCONNECTED
25; DISCONNECTED
26; DISCONNECTED
27; DISCONNECTED
28; DISCONNECTED
29; DISCONNECTED
30; 0.0032038946454864964
31; 0.0034174876218522627
