
****Importance edges******

(0.1);17.10638310394995
(0.2);18.667824851582267
(0.3);25.459073473107548
(0.4);26.550170934030607
(0.5);16.013818935014324
(0.6);27.761854663644378
(0.7);16.48339927161344
(0.8);13.985112987706874
(0.9);12.04856154928439
(0.10);11.167284756587506
(0.11);11.88828837240265
(0.12);13.053833255623326
(0.14);9.910465515292428
(0.15);9.196770400207262
(0.16);11.116604073316076
(0.17);8.129393050554018
(0.30);12.771992652130786
(0.31);33.08456368833999
(1.2);1.977797610747785
(1.3);1.3447581641911204
(1.4);0.838544096085017
(1.6);0.7842433103082576
(1.8);0.6317383327304549
(1.9);0.6384227202839312
(1.10);0.824895866148386
(1.11);1.2983940048830105
(1.12);1.7352049724635308
(1.13);0.5805845822019817
(1.14);1.4053106122659609
(1.15);1.0609433958005534
(1.16);1.0793144462137172
(1.17);0.5710625411973362
(1.18);0.2176839035128639
(1.19);0.5604970805082774
(1.20);0.2928006352353158
(1.21);0.4419858476125825
(1.22);0.687401947938404
(1.23);0.5392141523691877
(1.24);0.3989407029444935
(1.25);0.762804128081826
(1.26);0.601500349009733
(1.27);0.5605607675201427
(1.28);0.7048041565146803
(1.29);0.5057237183157642
(1.30);2.1859915753294037
(1.31);2.866670112121173
(2.3);2.8808776921734687
(2.4);1.1635828166158566
(2.5);3.1092978911803537
(2.6);1.0031568888462254
(2.7);1.351154546421045
(2.8);0.5857320709624949
(2.9);0.5563250383073937
(2.10);0.6432094746172251
(2.11);0.8441075008700112
(2.13);1.0421657046725432
(2.14);1.5118408680597908
(2.15);1.3545465926915077
(2.16);1.7486578090070406
(2.17);0.5032109258776916
(2.18);0.1859582947170042
(2.19);1.1580903502879052
(2.20);0.3380273548972024
(2.21);0.5273930664385256
(2.22);0.8271420907181987
(2.23);0.6127446561155013
(2.24);0.3980499839471521
(2.25);0.5480851432164692
(2.26);0.8064500064353203
(2.27);1.0299618334155556
(2.28);0.45948842509207893
(2.29);0.39732363176163726
(2.30);1.1928640551340448
(2.31);2.1212810784921006
(3.5);1.603983831981326
(3.6);1.5256497500247548
(3.7);1.1149186306347065
(3.8);0.6530862232398869
(3.9);0.5931207001278564
(3.10);0.6402972523159004
(3.11);0.7706982059773518
(3.12);1.7935592708645651
(3.13);4.070066671081337
(3.14);1.074822236193783
(3.15);1.0610429445444984
(3.16);1.5570484581551363
(3.17);0.5234161606008896
(3.18);0.19067304186527792
(3.19);1.0118105451601802
(3.20);0.30330295583310074
(3.21);0.792233694536458
(3.22);1.2785234095939195
(3.23);0.8986082891369171
(3.24);0.49679215172142643
(3.25);0.5689511799841638
(3.26);1.4889801351621683
(3.27);3.0033876141874942
(3.28);0.4471129615186587
(3.29);0.42263505504361204
(3.30);1.0157253493159788
(3.31);2.1153355294030587
(4.5);0.9076010657230191
(4.7);0.8035617760040165
(4.8);0.7269117620428648
(4.9);0.6123108504155697
(4.10);0.5966620063251766
(4.11);0.6428784012997603
(4.12);1.0356387711381252
(4.13);1.3059027295192192
(4.14);0.7435407714641202
(4.15);0.7664111715512634
(4.16);1.0982944496627765
(4.17);0.534665096059418
(4.18);0.19005338240689632
(4.19);0.593130275472682
(4.20);0.25379503995051406
(4.21);1.4646306422305204
(4.22);1.0041680497779033
(4.23);1.0753619152049652
(4.24);0.6180079235607964
(4.25);0.48133852415065265
(4.26);1.3892588143104672
(4.27);1.378585729755088
(4.28);0.3796263260886702
(4.29);0.40124842582090353
(4.30);0.7870117259827342
(4.31);1.452950484932519
(5.6);0.8261484890372015
(5.7);1.995777406118364
(5.8);0.595131778424246
(5.9);0.5887826517122351
(5.10);0.727972181209141
(5.11);1.060750829854438
(5.12);2.7355398271488887
(5.13);0.6886690381381455
(5.14);1.8656212120557625
(5.15);1.364742275821987
(5.16);1.3850568082235981
(5.17);0.534701733307305
(5.18);0.21191734000849038
(5.19);0.7811256356933701
(5.20);0.35765289010503815
(5.21);0.4647101121819369
(5.22);0.7047581571496139
(5.23);0.5491278148430936
(5.24);0.3938908752040534
(5.25);0.6354282650214067
(5.26);0.6462727475745453
(5.27);0.6785986985010948
(5.28);0.574115943126921
(5.29);0.4509541960430573
(5.30);1.646860518663039
(5.31);2.264100795820169
(6.7);0.7774731977142161
(6.8);0.8105689308577129
(6.9);0.6604246482024072
(6.10);0.618600407516578
(6.11);0.6430772925857547
(6.12);0.9125634672041565
(6.13);0.9589107834632885
(6.14);0.6821040189688474
(6.15);0.6949125493318002
(6.16);0.9517482511432033
(6.17);0.5673058000314232
(6.18);0.20135918401252315
(6.19);0.5070211324581598
(6.20);0.24035478288220263
(6.21);2.0851079575055818
(6.22);0.9564533582940009
(6.23);1.1831801343993895
(6.24);0.744793672840777
(6.25);0.49642941007492736
(6.26);1.2309713550387318
(6.27);0.9743174795875549
(6.28);0.38981915358860825
(6.29);0.4283666023165049
(6.30);0.76964547488841
(6.31);1.397127101821261
(7.8);0.7543960606782224
(7.9);0.8011055963542675
(7.10);1.136373719617421
(7.11);2.1703390272880663
(7.12);1.2713342588745118
(7.13);0.5485422888120307
(7.14);1.1437694179620075
(7.15);0.8990615667939458
(7.16);0.9068145040547448
(7.17);0.6939593915118568
(7.18);0.29629719092092077
(7.19);0.49558650417645544
(7.20);0.29712727529491095
(7.21);0.48983914996373507
(7.22);0.718018273708336
(7.23);0.6019650822180289
(7.24);0.4923173587051347
(7.25);1.1889972291868118
(7.26);0.6173416315439065
(7.27);0.5301889433931715
(7.28);1.3557147181734095
(7.29);0.7633929412422898
(7.31);3.006738203227174
(8.10);1.1763297397050847
(8.11);0.8290260969933541
(8.12);0.5778138905413163
(8.13);0.369711034356572
(8.14);0.5058468419458131
(8.15);0.47693391425556236
(8.16);0.540873156598014
(8.17);1.4292441908886662
(8.18);0.4037966400010883
(8.19);0.28882608480641325
(8.20);0.18973170719514346
(8.21);0.542133701562316
(8.22);0.4956193550870232
(8.23);0.5662470448917623
(8.24);0.9502299810191847
(8.25);0.5961546690881934
(8.26);0.4691965603514626
(8.27);0.3667730087625421
(8.29);0.7995658822599594
(8.30);0.8331029094063582
(8.31);1.0937194058053041
(9.10);1.8129774837416155
(9.11);0.9920967424559792
(9.12);0.5588673325154434
(9.13);0.3247064860098214
(9.14);0.5035225874827635
(9.15);0.4647813590545453
(9.16);0.50994817401027
(9.17);2.148281724922337
(9.18);0.5364843207235426
(9.19);0.2658593792646593
(9.20);0.18188271888059004
(9.21);0.4284515955227057
(9.22);0.431874941249374
(9.23);0.4659298907719975
(9.24);0.6495838813307934
(9.25);0.6035442321516347
(9.26);0.40137943864673387
(9.27);0.3221045284435049
(9.28);0.6078886903341157
(9.29);0.915540193976355
(9.30);0.9314365751821844
(9.31);1.0653751081215852
(10.12);0.6520944465664478
(10.13);0.35727502586242166
(10.14);0.612300992261182
(10.15);0.5412546100015524
(10.16);0.5643936790619322
(10.17);1.513979731561863
(10.18);0.7031294539081206
(10.19);0.3103284633165016
(10.20);0.22034883283213547
(10.21);0.4144227739136573
(10.22);0.4687014787286171
(10.23);0.4693833713425007
(10.24);0.5352692120208836
(10.25);0.7813028278877148
(10.26);0.42647071933124014
(10.27);0.3538139025551734
(10.28);1.0329353709273152
(10.30);1.4758339446192597
(10.31);1.2438266625671903
(11.12);0.8653735587540983
(11.13);0.4174652105606956
(11.14);0.8447601386572887
(11.15);0.6985910394345677
(11.16);0.6922881612052894
(11.17);0.8905615459674059
(11.18);0.4450507806288829
(11.19);0.38435951840719385
(11.20);0.272097374293965
(11.21);0.4255610530247878
(11.22);0.5352692120208836
(11.23);0.49667154711744393
(11.24);0.48024967648132055
(11.25);0.9427687251608352
(11.26);0.47885272256348027
(11.27);0.41204867281322993
(11.29);0.9060930426927791
(11.30);4.241373520385015
(11.31);1.6260622232942996
(12.13);0.8769563934607406
(12.15);2.723074635025987
(12.16);2.8637104902342188
(12.17);0.5142955537451974
(12.18);0.23717654922309747
(12.19);1.9360300899122733
(12.20);0.6235535027917282
(12.21);0.5421604119746211
(12.22);0.7256284682754393
(12.23);0.5963177991482876
(12.24);0.43290964250570085
(12.25);0.5704085505750687
(12.26);0.7227460000695906
(12.27);0.9353637600527832
(12.28);0.5171204070304901
(12.29);0.4440753553959054
(12.30);1.2085258758029436
(12.31);1.5787148789519967
(13.14);0.5547230309092008
(13.15);0.5638550248201994
(13.16);0.8541080861557813
(13.17);0.3229076090831478
(13.18);0.0
(13.19);0.0
(13.20);0.0
(13.21);0.0
(13.22);0.0
(13.23);0.0
(13.24);0.0
(13.25);0.0
(13.26);0.0
(13.27);0.0
(13.28);0.0
(13.29);0.0
(13.30);0.5862013764960035
(13.31);1.227447175936722
(14.15);3.3983602175502936
(14.16);1.773986659697349
(14.17);0.47980062827162084
(14.18);0.22808446757741066
(14.19);0.8944765518906648
(14.20);0.746961674134203
(14.21);0.4080616656950458
(14.22);0.5177227270799554
(14.23);0.4457524828676203
(14.24);0.35189211280350324
(14.25);0.47497182292349405
(14.26);0.505901303747691
(14.27);0.5836860432092212
(14.28);0.4617209826668513
(14.29);0.38586404028490634
(14.30);1.2007605908674255
(14.31);1.2130254604466975
(15.16);2.668804487269679
(15.17);0.4450223269908058
(15.18);0.21203771095832682
(15.19);1.0871334535219181
(15.20);1.1374313267342606
(15.21);0.40721360228996617
(15.22);0.49227734986343213
(15.23);0.4314969684705071
(15.24);0.33950315341405773
(15.25);0.4195993304231758
(15.26);0.4954717896980872
(15.27);0.6111503142926132
(15.28);0.3976213280766857
(15.29);0.34855358874435644
(15.30);0.9393385502637378
(15.31);1.0466511655415804
(16.17);0.47503201713763404
(16.18);0.22626305036802927
(16.20);0.7752424353583476
(16.21);0.5467838402838427
(16.22);0.6453545027736626
(16.23);0.5632995643907605
(16.24);0.4193059057866668
(16.25);0.4784075312357011
(16.26);0.678868524462107
(16.27);0.980485371548173
(16.28);0.4306216362363618
(16.29);0.3939121681970905
(16.30);0.9015205737817408
(16.31);1.1911631772329323
(17.19);0.2820976599432798
(17.20);0.2092552270849459
(17.21);0.3989839488489999
(17.22);0.40188554667792487
(17.23);0.42194736737405003
(17.24);0.5244570294542026
(17.25);0.5159628921893417
(17.26);0.3810560265871855
(17.27);0.3248612710151226
(17.28);0.5457295700250305
(17.30);0.8263651643376685
(17.31);0.8375324403469492
(18.19);0.0
(18.20);0.0
(18.21);0.0
(18.22);0.0
(18.23);0.0
(18.24);0.0
(18.25);0.0
(18.26);0.0
(18.27);0.0
(18.28);0.0
(18.29);0.0
(18.30);0.4471536864298564
(18.31);0.4000247358038373
(19.20);0.0
(19.21);0.0
(19.22);0.0
(19.23);0.0
(19.24);0.0
(19.25);0.0
(19.26);0.0
(19.27);0.0
(19.28);0.0
(19.29);0.0
(19.31);0.8304603514665602
(20.21);0.0
(20.22);0.0
(20.23);0.0
(20.24);0.0
(20.25);0.0
(20.26);0.0
(20.27);0.0
(20.28);0.0
(20.29);0.0
(20.30);0.3867360573855198
(20.31);0.41188927740108877
(21.22);0.0
(21.23);0.0
(21.24);0.0
(21.25);0.0
(21.26);0.0
(21.27);0.0
(21.28);0.0
(21.29);0.0
(21.30);0.5504692520902654
(21.31);1.12260366546314
(22.23);0.0
(22.24);0.0
(22.25);0.0
(22.26);0.0
(22.27);0.0
(22.28);0.0
(22.29);0.0
(22.30);0.7317805674866588
(22.31);2.242703861184695
(23.24);0.0
(23.25);0.0
(23.26);0.0
(23.27);0.0
(23.28);0.0
(23.29);0.0
(23.30);0.6491289401232383
(23.31);1.5991270879706418
(24.25);0.0
(24.26);0.0
(24.27);0.0
(24.28);0.0
(24.29);0.0
(24.30);0.5773138233075443
(24.31);1.045810566770588
(25.26);0.0
(25.27);0.0
(25.28);0.0
(25.29);0.0
(25.30);1.1767026155340834
(26.27);0.0
(26.28);0.0
(26.29);0.0
(26.30);0.6517501933437924
(26.31);1.6249865068215739
(27.28);0.0
(27.29);0.0
(27.30);0.5777741829408801
(27.31);1.112878055454735
(28.29);0.0
(28.30);1.6727406424431142
(28.31);1.5516173361058228
(29.30);0.9420272743374872
(29.31);1.2885481542461785
(30.31);2.114353975993508

****Importance nodes******

0; 0.061111111111111116
1; 0.0021072796934865903
2; 0.0021072796934865903
3; 0.0021775223499361433
4; 0.002252609327520148
5; 0.0022549507494018
6; 0.0023252714532474078
7; 0.0024906463684380414
8; 0.0026491955429871665
9; 0.0025608890248875944
10; 0.0028288536315345717
11; 0.0028288536315345717
12; 0.0029512821684167284
13; DISCONNECTED
14; 0.0029231487525857238
15; 0.003018351403179812
16; 0.003219574830058466
17; 0.003441614473510774
18; DISCONNECTED
19; DISCONNECTED
20; DISCONNECTED
21; DISCONNECTED
22; DISCONNECTED
23; DISCONNECTED
24; DISCONNECTED
25; DISCONNECTED
26; DISCONNECTED
27; DISCONNECTED
28; DISCONNECTED
29; DISCONNECTED
30; 0.0034744064771339714
31; 0.003557428022748573
