
****Importance edges******

(0.1);17.113946114344838
(0.2);18.655996396270943
(0.3);25.46941744205758
(0.4);26.560926586892826
(0.5);16.020287166445378
(0.6);27.77306818339912
(0.7);16.489994587229692
(0.8);13.95322399212655
(0.9);12.052879005341307
(0.10);11.138873179920553
(0.11);11.873871345518577
(0.12);13.030993245175912
(0.14);9.911511773318349
(0.15);9.197516007036905
(0.16);11.117251145536656
(0.17);8.101902241171501
(0.30);12.770753633168658
(0.31);33.023172350978946
(1.2);1.9467579623064202
(1.3);1.3446412532643306
(1.4);0.8384638005995595
(1.6);0.7841613144216213
(1.8);0.6089638316995944
(1.9);0.6379754487953045
(1.10);0.793351253002894
(1.11);1.2711360730019303
(1.12);1.6878076687193173
(1.13);0.5808412680954067
(1.14);1.3999115526166974
(1.15);1.0566199562344643
(1.16);1.07478756161969
(1.17);0.545912086953616
(1.18);0.21778014510964472
(1.19);0.560744885390258
(1.20);0.292930087161796
(1.21);0.44218125674960324
(1.22);0.6877058595277876
(1.23);0.5394525477222357
(1.24);0.39911708112245087
(1.25);0.7631413762023019
(1.26);0.6017662821040902
(1.27);0.5608086005591878
(1.28);0.705115761903715
(1.29);0.5059473070028246
(1.30);2.173321340045078
(1.31);2.7927427674466454
(2.3);2.8349029918923314
(2.4);1.145321493331866
(2.5);3.0604734944481273
(2.6);0.987660979098562
(2.7);1.330982371456881
(2.8);0.5562414786274099
(2.9);0.5478306287831596
(2.10);0.6097509605430674
(2.11);0.8147571054592952
(2.12);3.0336594186803754
(2.13);1.008993351380262
(2.14);1.485593816388477
(2.15);1.331054584206911
(2.16);1.7189988075668645
(2.17);0.4748814447407848
(2.18);0.1800392031346144
(2.19);1.1212280911750871
(2.20);0.32726787318634676
(2.21);0.5106060343520157
(2.22);0.8008139842249599
(2.23);0.5932408650010094
(2.24);0.38537996934555796
(2.25);0.5306394779796344
(2.26);0.7807805333312899
(2.27);0.9971779319088737
(2.28);0.4448628120033643
(2.29);0.38467673710268235
(2.30);1.171416330336745
(2.31);2.041109527792338
(3.5);1.602996701500845
(3.6);1.5247351720585234
(3.7);1.1142321868598337
(3.8);0.6295822305858172
(3.9);0.5924314602176791
(3.10);0.6158694139895929
(3.11);0.7544013146644862
(3.12);1.7444571039720316
(3.13);4.0676290002593625
(3.14);1.0702786057693865
(3.15);1.0563209752586407
(3.16);1.5499578125630626
(3.17);0.5004440234958547
(3.18);0.1905588427259875
(3.19);1.0112045450027805
(3.20);0.3031212996526489
(3.21);0.7917592047756199
(3.22);1.277757668031767
(3.23);0.8980700888115078
(3.24);0.49649460973238685
(3.25);0.5686104200402471
(3.26);1.4880883454881135
(3.27);3.0015888057290967
(3.28);0.4468451737135682
(3.29);0.4223819277055899
(3.30);1.0095094570969725
(3.31);2.060627502317187
(4.5);0.9070427554812479
(4.7);0.8030672446339199
(4.8);0.7011449236472809
(4.9);0.6116046892519249
(4.10);0.5742299686029474
(4.11);0.6294795240786618
(4.12);1.0076862995113987
(4.13);1.30512058975657
(4.14);0.7404367169118403
(4.15);0.7630424535610761
(4.16);1.0933525274949751
(4.17);0.5115044660720452
(4.18);0.189939554398082
(4.19);0.5927750340275179
(4.20);0.25364303537328076
(4.21);1.4637534361132594
(4.22);1.0035666269135817
(4.23);1.074717852447374
(4.24);0.6176377822327153
(4.25);0.48105023774882266
(4.26);1.3884267503789656
(4.27);1.377760058216857
(4.28);0.3793989578185299
(4.29);0.4010081075020572
(4.30);0.7822524488093903
(4.31);1.415847828589015
(5.6);0.8256400572571101
(5.7);1.9945184194023244
(5.8);0.5740371722608418
(5.9);0.5880948433489633
(5.10);0.700605354019208
(5.11);1.0386372836231028
(5.12);2.6617001179902644
(5.13);0.6882342432043239
(5.14);1.8578094860052325
(5.15);1.3587270019853097
(5.16);1.3788083705256664
(5.17);0.5115420409986116
(5.18);0.21178354484605108
(5.19);0.7806324677850294
(5.20);0.3574270840123108
(5.21);0.4644167149311783
(5.22);0.7043132042632079
(5.23);0.5487811200177247
(5.24);0.3936421900628131
(5.25);0.6350270839385672
(5.26);0.6458647197688058
(5.27);0.678170261530843
(5.28);0.5737534719111792
(5.29);0.4506694836645901
(5.30);1.636884145931392
(5.31);2.206278801584766
(6.7);0.7769945219031693
(6.8);0.7822489008914745
(6.9);0.6596681135958704
(6.10);0.5956659318903331
(6.11);0.6298574899812355
(6.12);0.8882641009685678
(6.13);0.9583354611747525
(6.14);0.6792898947446496
(6.15);0.6918936572731378
(6.16);0.9475139648520174
(6.17);0.5430363554206252
(6.18);0.20123837357993485
(6.19);0.5067169325646012
(6.20);0.24021057607367255
(6.21);2.083856945312744
(6.22);0.955879510398596
(6.23);1.1824702561558533
(6.24);0.7443468154190697
(6.25);0.49613156494769944
(6.26);1.2302328032679974
(6.27);0.9737329136698663
(6.28);0.3895852719268047
(6.29);0.4281095931575434
(6.30);0.765043429109947
(6.31);1.3618797192683614
(7.8);0.7288610120348056
(7.9);0.8001902198534467
(7.10);1.0955153368963544
(7.11);2.1270388503473745
(7.12);1.2384695864230981
(7.13);0.548196517822181
(7.14);1.139157824327297
(7.15);0.8952445052222191
(7.16);0.9028691973465464
(7.17);0.665078838477653
(7.18);0.2961104214136578
(7.19);0.49527411361040397
(7.20);0.2969399825479606
(7.21);0.48953038221473094
(7.22);0.7175656743476416
(7.23);0.6015856364276521
(7.24);0.4920070288291862
(7.25);1.188247750509872
(7.26);0.616952493219719
(7.27);0.5298547413462129
(7.28);1.354860149930236
(7.29);0.76291174017845
(7.31);2.9328700050360434
(8.9);2.581327860168965
(8.10);1.098574553696184
(8.11);0.7871114921416611
(8.12);0.5456745051349408
(8.13);0.3456508731605079
(8.14);0.48835724539735037
(8.15);0.4605896123284831
(8.16);0.522839157094509
(8.17);1.3312241187905625
(8.18);0.3775182459418915
(8.19);0.2700297776576032
(8.20);0.17738429249851623
(8.21);0.506852568360249
(8.22);0.46336529592420633
(8.23);0.5293966565861998
(8.24);0.8883906405828256
(8.25);0.5573579437997229
(8.26);0.43866205143602877
(8.27);0.3429040492424398
(8.28);0.5029853512878921
(8.29);0.7475315034442765
(8.30);0.8051193885101725
(8.31);1.0374315513805983
(9.10);1.7477559222543366
(9.11);0.9720769907939615
(9.12);0.5443375442623866
(9.13);0.3241736796712499
(9.14);0.5012767506953526
(9.15);0.4626136505253543
(9.16);0.5075242795003156
(9.17);2.058980740796049
(9.18);0.5356040110933337
(9.19);0.26542313432178305
(9.20);0.18158427006705674
(9.21);0.42774855528266964
(9.22);0.43116628368913995
(9.23);0.46516535292064776
(9.24);0.6485179882109483
(9.25);0.6025538848492129
(9.26);0.40072082073087
(9.27);0.3215759916207693
(9.28);0.60689121427093
(9.29);0.9140378968570025
(9.30);0.9256513292685529
(9.31);1.0390436068757334
(10.11);1.84903971511458
(10.12);0.6150004215032349
(10.13);0.3333174207637877
(10.14);0.5899516941407565
(10.15);0.5216757066053639
(10.16);0.5445212403855793
(10.17);1.4089491851253817
(10.18);0.6559800687830722
(10.19);0.28951892938096807
(10.20);0.20557301605570605
(10.21);0.386633042075174
(10.22);0.4372720080864402
(10.23);0.4379081753829056
(10.24);0.49937594360085286
(10.25);0.7289114115893144
(10.26);0.3978730946996135
(10.27);0.3300883881972582
(10.28);0.9636703624108314
(10.29);1.0524146149891462
(10.30);1.423626591692337
(10.31);1.1782473275036807
(11.12);0.8288931483869488
(11.13);0.4020350592356458
(11.14);0.8264290859435417
(11.15);0.6834921314797657
(11.16);0.6776567784013403
(11.17);0.8408710600192489
(11.18);0.428601024532532
(11.19);0.3701530039906255
(11.20);0.262040240060275
(11.21);0.4098316670062484
(11.22);0.5154848450073319
(11.23);0.4783138087071566
(11.24);0.4624989154730913
(11.25);0.9079225542087267
(11.26);0.46115359510411
(11.27);0.39681872499014137
(11.28);1.558756264562136
(11.29);0.8726024609397598
(11.30);4.148621311268948
(11.31);1.562006659490383
(12.13);0.8356216126594164
(12.14);2.9133230362972395
(12.15);2.6496675891872195
(12.16);2.7883545583471583
(12.17);0.48336973551929013
(12.18);0.22599738370648262
(12.19);1.8447765452799263
(12.20);0.5941627057715023
(12.21);0.516606026425655
(12.22);0.6914264328002184
(12.23);0.5682107396644617
(12.24);0.412504722360086
(12.25);0.5435227070131367
(12.26);0.688679827896518
(12.27);0.8912759852448386
(12.28);0.4927462661588507
(12.29);0.4231441464881028
(12.30);1.1761031434535967
(12.31);1.5093144948528874
(13.14);0.5508786801022337
(13.15);0.5597790275968261
(13.16);0.8479339065628232
(13.17);0.2998912202791256
(13.18);0.0
(13.19);0.0
(13.20);0.0
(13.21);0.0
(13.22);0.0
(13.23);0.0
(13.24);0.0
(13.25);0.0
(13.26);0.0
(13.27);0.0
(13.28);0.0
(13.29);0.0
(13.30);0.5805857555823696
(13.31);1.1767209532263772
(14.15);3.374293362458309
(14.16);1.7614149226975695
(14.17);0.4597808244691788
(14.18);0.2265037927935447
(14.19);0.8882776355622081
(14.20);0.7417850678735529
(14.21);0.40523370992901986
(14.22);0.5141347963961097
(14.23);0.44266332157137656
(14.24);0.34945342421037917
(14.25);0.4716801652691331
(14.26);0.5023952980891185
(14.27);0.5796409724510287
(14.28);0.4585211562067895
(14.29);0.3831899188729694
(14.30);1.1907113104820726
(14.31);1.1817152546022018
(15.16);2.6495122238313837
(15.17);0.42661977212812835
(15.18);0.2105049319937478
(15.19);1.079274779318554
(15.20);1.1292090590848323
(15.21);0.40426993514293125
(15.22);0.4887187735932059
(15.23);0.4283777616390337
(15.24);0.3370489518024228
(15.25);0.416566129280241
(15.26);0.4918901214497405
(15.27);0.6067324287112712
(15.28);0.39474700159584714
(15.29);0.3460339633133835
(15.30);0.9313665675127695
(15.31);1.0197780228357853
(16.17);0.45587816719071583
(16.18);0.22462743921896455
(16.20);0.7696383600644021
(16.21);0.5428312473004016
(16.22);0.6406893618320957
(16.23);0.5592275824817293
(16.24);0.4162748257527955
(16.25);0.4749492171600583
(16.26);0.673961117240498
(16.27);0.9733976353818367
(16.28);0.4275087570096783
(16.29);0.3910646545044773
(16.30);0.8939036366677796
(16.31);1.1612320571468753
(17.18);1.0697592476735938
(17.19);0.261990145473754
(17.20);0.194339816204613
(17.21);0.3705449482340963
(17.22);0.3732397243533283
(17.23);0.39187156739556767
(17.24);0.4870744885621044
(17.25);0.47918580115455045
(17.26);0.3538949024224462
(17.27);0.3017056280053985
(17.28);0.5068307531120058
(17.29);0.6145628292446608
(17.30);0.7930768226327715
(17.31);0.7905847499524252
(18.19);0.0
(18.20);0.0
(18.21);0.0
(18.22);0.0
(18.23);0.0
(18.24);0.0
(18.25);0.0
(18.26);0.0
(18.27);0.0
(18.28);0.0
(18.29);0.0
(18.30);0.4428700977284214
(18.31);0.3834930721723277
(19.20);0.0
(19.21);0.0
(19.22);0.0
(19.23);0.0
(19.24);0.0
(19.25);0.0
(19.26);0.0
(19.27);0.0
(19.28);0.0
(19.29);0.0
(19.31);0.7961402458306859
(20.21);0.0
(20.22);0.0
(20.23);0.0
(20.24);0.0
(20.25);0.0
(20.26);0.0
(20.27);0.0
(20.28);0.0
(20.29);0.0
(20.30);0.38303125016570044
(20.31);0.39486729256373254
(21.22);0.0
(21.23);0.0
(21.24);0.0
(21.25);0.0
(21.26);0.0
(21.27);0.0
(21.28);0.0
(21.29);0.0
(21.30);0.5451959334521752
(21.31);1.0762102689356887
(22.23);0.0
(22.24);0.0
(22.25);0.0
(22.26);0.0
(22.27);0.0
(22.28);0.0
(22.29);0.0
(22.30);0.7247703446797238
(22.31);2.1500205280310816
(23.24);0.0
(23.25);0.0
(23.26);0.0
(23.27);0.0
(23.28);0.0
(23.29);0.0
(23.30);0.6429104933608126
(23.31);1.533040596920924
(24.25);0.0
(24.26);0.0
(24.27);0.0
(24.28);0.0
(24.29);0.0
(24.30);0.5717833422989964
(24.31);1.002590768181413
(25.26);0.0
(25.27);0.0
(25.28);0.0
(25.29);0.0
(25.30);1.1654301824046707
(25.31);2.5970838354761554
(26.27);0.0
(26.28);0.0
(26.29);0.0
(26.30);0.6455066358173946
(26.31);1.5578313338232483
(27.28);0.0
(27.29);0.0
(27.30);0.5722392918349009
(27.31);1.066886585355526
(28.29);0.0
(28.30);1.6567163243309013
(28.31);1.4874942617319948
(29.30);0.933002955604897
(29.31);1.235296835634106
(30.31);2.0601407737527277

****Importance nodes******

0; 0.061111111111111116
1; 0.0021072796934865903
2; 0.0020393029291805712
3; 0.0021752564577926094
4; 0.0022502653011647685
5; 0.0022525311933083024
6; 0.002322849379495973
7; 0.0024879764266225292
8; 0.0024756958868439507
9; 0.0025555570444840783
10; 0.0026379943684996937
11; 0.002723090961031942
12; 0.0028109326049361983
13; DISCONNECTED
14; 0.002901607850256721
15; 0.002995208103490809
16; 0.0031948886437235297
17; 0.0031948886437235292
18; DISCONNECTED
19; DISCONNECTED
20; DISCONNECTED
21; DISCONNECTED
22; DISCONNECTED
23; DISCONNECTED
24; DISCONNECTED
25; DISCONNECTED
26; DISCONNECTED
27; DISCONNECTED
28; DISCONNECTED
29; DISCONNECTED
30; 0.0034396020749148416
31; 0.003408904473357025
