
****Importance edges******

(0.1);17.121004418146626
(0.2);18.683780774635377
(0.3);25.48083407031531
(0.4);26.572864123399928
(0.5);16.02750640341222
(0.6);27.78558351370305
(0.7);16.497488103736227
(0.8);13.959545934850757
(0.9);12.058355108453341
(0.10);11.143948449618925
(0.11);11.879297349819371
(0.12);13.061723401826107
(0.14);9.916537343339648
(0.15);9.202334096707732
(0.16);11.123153356407226
(0.17);8.106203586427998
(0.30);12.777665666052227
(0.31);33.0992764987081
(1.2);1.9794880908515258
(1.3);1.3459075674003032
(1.4);0.8392608236727325
(1.6);0.7849136254635412
(1.8);0.6095584531241914
(1.9);0.6386036442956177
(1.10);0.7941389458898498
(1.11);1.2724085261539755
(1.12);1.731187846176992
(1.13);0.5810808244258662
(1.14);1.4021816183831226
(1.15);1.0585348079420334
(1.16);1.0767752004342952
(1.17);0.5469216595353418
(1.18);0.21786996416224144
(1.19);0.560976153370766
(1.20);0.29305090030062786
(1.21);0.4423636255396382
(1.22);0.6879894900154839
(1.23);0.539675034105156
(1.24);0.3992816889570335
(1.25);0.7634561185557582
(1.26);0.6020144685368618
(1.27);0.5610398948177391
(1.28);0.7054065727564368
(1.29);0.5061559748212614
(1.30);2.1774754741881646
(1.31);2.8557018356488846
(2.3);2.8833400606147412
(2.4);1.1645773640811052
(2.5);3.11195549688939
(2.6);1.00401431568925
(2.7);1.3523094168008003
(2.8);0.5651674381986024
(2.9);0.5564826964773402
(2.10);0.6192268807745519
(2.11);0.8272139096901497
(2.13);1.0430564734645447
(2.14);1.5084746792708539
(2.15);1.3514714574016609
(2.16);1.7445438346441928
(2.17);0.4819383777130622
(2.18);0.18611723858246157
(2.19);1.1590802031853185
(2.20);0.33831627653148316
(2.21);0.5278438443547392
(2.22);0.8278490726862863
(2.23);0.6132683864730504
(2.24);0.3983902086367261
(2.25);0.5485536072416698
(2.26);0.807139302288006
(2.27);1.0308421712102518
(2.28);0.45988116297197934
(2.29);0.3976632356172537
(2.30);1.1882169416428872
(2.31);2.1131647635921214
(3.5);1.6053548027722453
(3.6);1.5269537664386075
(3.7);1.1158715834303494
(3.8);0.6304986467906365
(3.9);0.5932938093628954
(3.10);0.616765889384592
(3.11);0.755499452548004
(3.12);1.7894849133763895
(3.13);4.07354547330608
(3.14);1.0724746991107188
(3.15);1.058678955642726
(3.16);1.5534502698327866
(3.17);0.5015716537795835
(3.18);0.19083601555977592
(3.19);1.0126753685304044
(3.20);0.30356219753177366
(3.21);0.7929108393013463
(3.22);1.2796162000666857
(3.23);0.8993763553058655
(3.24);0.4972167741618702
(3.25);0.5694374788069232
(3.26);1.4902528090089149
(3.27);3.0059546953579916
(3.28);0.4474951217364001
(3.29);0.42299629329560107
(3.30);1.0118282938311471
(3.31);2.107363239542891
(4.5);0.908376818274949
(4.7);0.804248603203665
(4.8);0.702165494204564
(4.9);0.6124949367952568
(4.10);0.5750658228592519
(4.11);0.6303958100272626
(4.12);1.0333328699719084
(4.13);1.307018921878678
(4.14);0.7419495713533371
(4.15);0.764737274716717
(4.16);1.0958041045735591
(4.17);0.5126513904107932
(4.18);0.19021582646075783
(4.19);0.5936372408589095
(4.20);0.2540119658195377
(4.21);1.4658825038702377
(4.22);1.0050263408890547
(4.23);1.0762810577461919
(4.24);0.6185361525833497
(4.25);0.4817499379342565
(4.26);1.3904462534962443
(4.27);1.3797640463506724
(4.28);0.3799508035516935
(4.29);0.4015913843100944
(4.30);0.7840405898458511
(4.31);1.4475614141723503
(5.6);0.8268546217455551
(5.7);1.9974832540667098
(5.8);0.5748816142889956
(5.9);0.5889598231399333
(5.10);0.7016356474671377
(5.11);1.0401644292645693
(5.12);2.729452802636642
(5.13);0.6892576632334071
(5.14);1.861631251660954
(5.15);1.3617634224527995
(5.16);1.3819180888243157
(5.17);0.5126957558145547
(5.18);0.21209847181134786
(5.19);0.7817932860831195
(5.20);0.3579585862447657
(5.21);0.4651073131869243
(5.22);0.7053605340743994
(5.23);0.5495971700695123
(5.24);0.39422754498460066
(5.25);0.6359713837073308
(5.26);0.6468251353494255
(5.27);0.6791787161894601
(5.28);0.574606656420244
(5.29);0.4513396394736523
(5.30);1.6406463870801435
(5.31);2.2557072877645243
(6.7);0.7781377262609113
(6.8);0.7833879098740626
(6.9);0.6606286413953315
(6.10);0.5965332720674765
(6.11);0.6307746207241695
(6.12);0.9105703207767439
(6.13);0.9597303918963748
(6.14);0.6806725762194561
(6.15);0.6934235253239808
(6.16);0.9496291349633773
(6.17);0.5442485953568956
(6.18);0.2015312914579103
(6.19);0.5074544979005786
(6.20);0.2405602209796567
(6.21);2.086890158827476
(6.22);0.9572708662956112
(6.23);1.184191432251846
(6.24);0.7454302692642367
(6.25);0.496853722469726
(6.26);1.2320235014123846
(6.27);0.9751502565638335
(6.28);0.3901523431524026
(6.29);0.42873273948564083
(6.30);0.7667845447780562
(6.31);1.392023840519045
(7.8);0.7299333910113049
(7.9);0.8013673588455102
(7.10);1.0971266647787832
(7.11);2.1301668874040627
(7.12);1.2686749193131184
(7.13);0.5490111435726279
(7.14);1.1414723225395387
(7.15);0.8972160013313017
(7.16);0.9048763571021669
(7.17);0.66655736879282
(7.18);0.29655044459223884
(7.19);0.4960100961155092
(7.20);0.2973812384630507
(7.21);0.49025782947499896
(7.22);0.7186319844334528
(7.23);0.6024795989659035
(7.24);0.4927381564121875
(7.25);1.1900134990763196
(7.26);0.6178692910676437
(7.27);0.5306421110252684
(7.28);1.3568734862621998
(7.29);0.7640454349916468
(7.31);2.9961261183701042
(8.9);2.585087647980138
(8.10);1.100174663190366
(8.11);0.7882579455774501
(8.12);0.5590045907900832
(8.13);0.34615432487614745
(8.14);0.4893434522566026
(8.15);0.46159851339829727
(8.16);0.5239955815765548
(8.17);1.334168542790123
(8.18);0.37806811352031483
(8.19);0.270423084793189
(8.20);0.17764265847794894
(8.21);0.5075908155771127
(8.22);0.46404020251728917
(8.23);0.5301677399992842
(8.24);0.8896846103855631
(8.25);0.5581697537351805
(8.26);0.4393009769517149
(8.27);0.34340350011988824
(8.28);0.5037179657775709
(8.29);0.7486203073418697
(8.30);0.8069349682430894
(8.31);1.0598374774211454
(9.10);1.7503015854824735
(9.11);0.9734928524820115
(9.12);0.5574488834734489
(9.13);0.3246458491574814
(9.14);0.502284918341677
(9.15);0.4636221003051322
(9.16);0.5086415067258687
(9.17);2.0635132320155267
(9.18);0.5363841357197313
(9.19);0.26580973173183114
(9.20);0.18184875345013782
(9.21);0.4283715849369862
(9.22);0.43179429137581066
(9.23);0.4658428813551709
(9.24);0.6494625757098963
(9.25);0.6034315241397457
(9.26);0.40130448361256554
(9.27);0.32204437749004144
(9.28);0.6077751710225433
(9.29);0.9153692227209431
(9.30);0.9277288677594207
(9.31);1.0612041426401166
(10.11);1.8517329014744124
(10.12);0.6296032411073698
(10.13);0.33380290840570126
(10.14);0.5911333351949807
(10.15);0.5228073831665591
(10.16);0.5457141782269522
(10.17);1.4120359128319402
(10.18);0.6569355250445723
(10.19);0.2899406230986035
(10.20);0.2058724398259286
(10.21);0.3871961856500068
(10.22);0.43790890895887064
(10.23);0.4385460028536516
(10.24);0.5001033008710838
(10.25);0.7299730947187636
(10.26);0.3984526097759152
(10.27);0.3305691726484331
(10.28);0.9650739795717851
(10.29);1.0539474910343756
(10.30);1.426806575372684
(10.31);1.203057582036444
(11.12);0.8482906452178538
(11.13);0.4026206363483801
(11.14);0.82807754644227
(11.15);0.6849675881840287
(11.16);0.679134234852078
(11.17);0.842704363265761
(11.18);0.42922529583597985
(11.19);0.37069214385509125
(11.20);0.2624219101750318
(11.21);0.4104286001312572
(11.22);0.5162356654153124
(11.23);0.4790104882942957
(11.24);0.46317256015492686
(11.25);0.9092449728776129
(11.26);0.4618252802831627
(11.27);0.3973967043427392
(11.28);1.5610266436544329
(11.29);0.8738734347464061
(11.30);4.157843649421617
(11.31);1.5944728302026208
(12.13);0.8729413534986092
(12.15);2.7107814484377206
(12.16);2.8507882471931585
(12.17);0.4941928051947886
(12.18);0.23609066475915824
(12.19);1.9271662076977756
(12.20);0.6206986376571508
(12.21);0.5396781953716114
(12.22);0.7223062651197169
(12.23);0.5935876294254099
(12.24);0.4309276174841451
(12.25);0.5677970032479974
(12.26);0.7194369939498012
(12.27);0.9310813089483205
(12.28);0.5147528330952941
(12.29);0.4420422094933183
(12.30);1.2015560786557662
(12.31);1.569743478886411
(13.14);0.5522557205431291
(13.15);0.5613447750445645
(13.16);0.850305646632742
(13.17);0.3007300404020713
(13.18);0.0
(13.19);0.0
(13.20);0.0
(13.21);0.0
(13.22);0.0
(13.23);0.0
(13.24);0.0
(13.25);0.0
(13.26);0.0
(13.27);0.0
(13.28);0.0
(13.29);0.0
(13.30);0.582228687101443
(13.31);1.2193473762056501
(14.15);3.3832378004840327
(14.16);1.7660924505724513
(14.17);0.46100179608414454
(14.18);0.2270699880266494
(14.19);0.8904980776869335
(14.20);0.7436393201323708
(14.21);0.4062466792573714
(14.22);0.5154199875503173
(14.23);0.4437698543117464
(14.24);0.3503269586467776
(14.25);0.4728592318879815
(14.26);0.5036511438275233
(14.27);0.5810899104642349
(14.28);0.4596673290355976
(14.29);0.38414778497650703
(14.30);1.1939009296974992
(14.31);1.206197790877072
(15.16);2.6569231249150227
(15.17);0.42781306231306443
(15.18);0.2110937314016508
(15.19);1.0822935986165565
(15.20);1.1323675486227762
(15.21);0.40540071101687714
(15.22);0.49008575973361296
(15.23);0.4295759690635484
(15.24);0.3379917051211977
(15.25);0.4177312986088149
(15.26);0.4932659781079187
(15.27);0.6084295086390296
(15.28);0.3958511410504896
(15.29);0.34700184843979615
(15.30);0.9339879557028484
(15.31);1.0407758696515992
(16.17);0.4571532954852196
(16.18);0.22525574042767363
(16.20);0.7717911011256845
(16.21);0.5443495904288715
(16.22);0.6424814220623409
(16.23);0.5607917874926507
(16.24);0.41743918028172156
(16.25);0.4762776887317179
(16.26);0.6758462412754667
(16.27);0.9761203077009063
(16.28);0.4287045337575985
(16.29);0.3921584941349467
(16.30);0.8964191128657022
(16.31);1.1845177536955191
(17.18);1.072751451256015
(17.19);0.26272295320927996
(17.20);0.19488340046950164
(17.21);0.3715813925779665
(17.22);0.37428370620507734
(17.23);0.392967664026992
(17.24);0.4884368755036063
(17.25);0.4805261227960583
(17.26);0.3548847752346064
(17.27);0.30254952317425793
(17.28);0.5082483999315504
(17.29);0.6162818114392881
(17.30);0.7953085686382957
(17.31);0.8064380124162682
(18.19);0.0
(18.20);0.0
(18.21);0.0
(18.22);0.0
(18.23);0.0
(18.24);0.0
(18.25);0.0
(18.26);0.0
(18.27);0.0
(18.28);0.0
(18.29);0.0
(18.30);0.44412332386326386
(18.31);0.39738501304345586
(19.20);0.0
(19.21);0.0
(19.22);0.0
(19.23);0.0
(19.24);0.0
(19.25);0.0
(19.26);0.0
(19.27);0.0
(19.28);0.0
(19.29);0.0
(19.31);0.8249802276263295
(20.21);0.0
(20.22);0.0
(20.23);0.0
(20.24);0.0
(20.25);0.0
(20.26);0.0
(20.27);0.0
(20.28);0.0
(20.29);0.0
(20.30);0.38411514536574043
(20.31);0.4091712617310631
(21.22);0.0
(21.23);0.0
(21.24);0.0
(21.25);0.0
(21.26);0.0
(21.27);0.0
(21.28);0.0
(21.29);0.0
(21.30);0.5467387194653125
(21.31);1.1151957174504856
(22.23);0.0
(22.24);0.0
(22.25);0.0
(22.26);0.0
(22.27);0.0
(22.28);0.0
(22.29);0.0
(22.30);0.7268212872526596
(22.31);2.2279044853029304
(23.24);0.0
(23.25);0.0
(23.26);0.0
(23.27);0.0
(23.28);0.0
(23.29);0.0
(23.30);0.6447297903437812
(23.31);1.5885746101035518
(24.25);0.0
(24.26);0.0
(24.27);0.0
(24.28);0.0
(24.29);0.0
(24.30);0.5734013649013627
(24.31);1.0389093686469162
(25.26);0.0
(25.27);0.0
(25.28);0.0
(25.29);0.0
(25.30);1.168728096556959
(26.27);0.0
(26.28);0.0
(26.29);0.0
(26.30);0.647333279319338
(26.31);1.6142633852657282
(27.28);0.0
(27.29);0.0
(27.30);0.5738586046753696
(27.31);1.1055342857585695
(28.29);0.0
(28.30);1.6614044715016436
(28.31);1.541378370284646
(29.30);0.935643151214957
(29.31);1.2800451553409333
(30.31);2.1002155017928015

****Importance nodes******

0; 0.061111111111111116
1; 0.0021072796934865903
2; 0.0021072796934865903
3; 0.0021775223499361433
4; 0.002252609327520148
5; 0.0022549507494018
6; 0.0023252714532474078
7; 0.0024906463684380414
8; 0.0024782797015041234
9; 0.002558224208004256
10; 0.0026407475695527805
11; 0.002725932975022225
12; 0.0029352612243870556
13; DISCONNECTED
14; 0.002907661840023707
15; 0.0030023476859716764
16; 0.003202504198369788
17; 0.003202504198369788
18; DISCONNECTED
19; DISCONNECTED
20; DISCONNECTED
21; DISCONNECTED
22; DISCONNECTED
23; DISCONNECTED
24; DISCONNECTED
25; DISCONNECTED
26; DISCONNECTED
27; DISCONNECTED
28; DISCONNECTED
29; DISCONNECTED
30; 0.0034479133785998337
31; 0.003530934924214435
