
****Mix criterion 0.5*C(weight)+0.5*C(distance) ******

(0.1);0.6481572716565454
(0.2);0.6810023763987396
(0.3);0.8105909842518442
(0.4);0.8300552343722376
(0.5);0.6238280322539164
(0.6);0.8514087051947716
(0.7);0.6338690838874828
(0.8);0.5748660774179679
(0.9);0.524198741832573
(0.10);0.49720401353961874
(0.11);0.518691258395346
(0.12);0.5506267616415778
(0.14);0.45667648366748254
(0.15);0.4305919164114774
(0.16);0.49506064006244765
(0.17);0.3851132568811835
(0.30);0.5418763342744874
(0.31);0.9415762037986583
(1.2);0.46924054115546315
(1.3);0.4296286193393561
(1.4);0.3646727683672933
(1.6);0.3509667645539759
(1.8);0.29504894359260486
(1.9);0.30150866205397386
(1.10);0.3416642785462801
(1.11);0.41101131475662517
(1.12);0.4431800964277079
(1.13);0.40545742969948506
(1.14);0.4192963393561956
(1.15);0.37847447618710356
(1.16);0.375784196751926
(1.17);0.2316706969984219
(1.18);0.21395131556317049
(1.19);0.3960998998019982
(1.20);0.28931533774208257
(1.21);0.36417751093696127
(1.22);0.4187640582745821
(1.23);0.3913427859824686
(1.24);0.348150897009272
(1.25);0.42896115349403957
(1.26);0.4043800074476608
(1.27);0.39611362956223056
(1.28);0.4212894818414307
(1.29);0.3831011602601842
(1.30);0.46022761613660024
(1.31);0.486912788325139
(2.3);0.5012141672803245
(2.4);0.41093027582575153
(2.5);0.5070688670475434
(2.6);0.38938601917789956
(2.7);0.4235579209964514
(2.8);0.27753237143517445
(2.9);0.2695517755690896
(2.10);0.29090594289852323
(2.11);0.34604108455307275
(2.13);0.45819589893974305
(2.14);0.42808281115101765
(2.15);0.4127107000811105
(2.16);0.43965316760765183
(2.17);0.19339327545144927
(2.18);0.16410887895055248
(2.19);0.46312018467362126
(2.20);0.31877988757820663
(2.21);0.38854593008092486
(2.22);0.43635634877276464
(2.23);0.40647153842421885
(2.24);0.34778414495891463
(2.25);0.3933674765003671
(2.26);0.4340897310004333
(2.27);0.4544174032437301
(2.28);0.36987025409660024
(2.29);0.3474838981538477
(2.30);0.38476139159852696
(2.31);0.4559239174380938
(3.5);0.44558527601167297
(3.6);0.4390500747542452
(3.7);0.39766822574477073
(3.8);0.2993124627103813
(3.9);0.281554979655547
(3.10);0.28675233415647966
(3.11);0.32650733168552776
(3.12);0.4456461176269489
(3.13);0.5463007162473866
(3.14);0.38112172770365327
(3.15);0.3766049590627261
(3.16);0.424809597353229
(3.17);0.20198682299352688
(3.18);0.16154430763401673
(3.19);0.45097099157236564
(3.20);0.29000056923888234
(3.21);0.429823254857324
(3.22);0.4684218211281102
(3.23);0.44115636611165315
(3.24);0.3765009819503049
(3.25);0.39420737969538777
(3.26);0.4787986405716599
(3.27);0.5237337895772474
(3.28);0.36119350193943994
(3.29);0.3523927413089537
(3.30);0.35689749387294084
(3.31);0.45467707678976077
(4.5);0.37234642954917396
(4.7);0.3441202513459652
(4.8);0.3188370133648502
(4.9);0.28548155297969463
(4.10);0.26626287661485837
(4.11);0.28452720829681166
(4.12);0.37258214661417033
(4.13);0.47063954090661164
(4.14);0.3130643064713773
(4.15);0.31578577194297747
(4.16);0.37473272551284736
(4.17);0.2045860161560627
(4.18);0.14861342428736904
(4.19);0.3954523909520537
(4.20);0.23855045083181114
(4.21);0.47617153089833253
(4.22);0.4481309462672386
(4.23);0.45364617999531787
(4.24);0.40039790938437564
(4.25);0.36739872407179586
(4.26);0.4725380691637277
(4.27);0.4720015073363007
(4.28);0.3283843106940253
(4.29);0.3382682413109038
(4.30);0.30470740716531874
(4.31);0.40805014770792375
(5.6);0.3546729707310186
(5.7);0.4624846843888111
(5.8);0.2742646179039567
(5.9);0.27607048369500375
(5.10);0.31181272156984874
(5.11);0.379293618573374
(5.12);0.48707691818199284
(5.13);0.4172030693224495
(5.14);0.44912784365079794
(5.15);0.41059051233140237
(5.16);0.4083731582730605
(5.17);0.20448280809584027
(5.18);0.18516328809583396
(5.19);0.42552436226962254
(5.20);0.31696023517774574
(5.21);0.3619916318082924
(5.22);0.41502020727089683
(5.23);0.38556374682305206
(5.24);0.33484504747386507
(5.25);0.4035378373439759
(5.26);0.40548159322548327
(5.27);0.4109381575470309
(5.28);0.39128356229183986
(5.29);0.3573596023848458
(5.30);0.4257660402142067
(5.31);0.46101632112711394
(6.7);0.33542723926172985
(6.8);0.3373415045817407
(6.9);0.299379611611772
(6.10);0.27184118939238044
(6.11);0.281386079237476
(6.12);0.34916930628890236
(6.13);0.44546875867899877
(6.14);0.29125866229382963
(6.15);0.29158877953074047
(6.16);0.3485119328937164
(6.17);0.21886033268578436
(6.18);0.15788938489062976
(6.19);0.37058886167946126
(6.20);0.21447719349712707
(6.21);0.4981897354777616
(6.22);0.4417940651975867
(6.23);0.45914598346786384
(6.24);0.4179440958167962
(6.25);0.3675041363279512
(6.26);0.4621490097358008
(6.27);0.44339643270307566
(6.28);0.3276044914375241
(6.29);0.3442307918038898
(6.30);0.2970851190885254
(6.31);0.40118200963574646
(7.8);0.31726597519131244
(7.9);0.3326138841607166
(7.10);0.38332870063347335
(7.11);0.4624232803416815
(7.12);0.3973263955890544
(7.13);0.3790437184913021
(7.14);0.38251417839692853
(7.15);0.33913579906472574
(7.16);0.33442650025130316
(7.17);0.2667366602286758
(7.18);0.2532346952201062
(7.19);0.35727950046642265
(7.20);0.2539491422177865
(7.21);0.3554301620077457
(7.22);0.40717551004956526
(7.23);0.38543288545060916
(7.24);0.3562326268653216
(7.25);0.4553641323523306
(7.26);0.388745583507403
(7.27);0.3676060576658883
(7.28);0.46558392977974267
(7.29);0.4140239118460914
(7.31);0.48802437120915
(8.10);0.38433238180432194
(8.11);0.3240052931134824
(8.12);0.2326723381664593
(8.13);0.3014287197218424
(8.14);0.19393411564446453
(8.15);0.16881484122913346
(8.16);0.19916581277200648
(8.17);0.39914826697506123
(8.18);0.30980701703710983
(8.19);0.23006995476089317
(8.20);0.08543718888385568
(8.21);0.3618659014901089
(8.22);0.34747870883267257
(8.23);0.36843798697088403
(8.24);0.43055639752971575
(8.25);0.375890271034235
(8.26);0.3380955297125422
(8.27);0.2894715390906768
(8.28);0.36068250138196506
(8.29);0.41265273138810576
(8.30);0.30313249669549264
(8.31);0.3547011115241787
(9.10);0.4418400671936586
(9.11);0.36007401607177253
(9.12);0.22766822700322825
(9.13);0.2804053438729139
(9.14);0.19756474611072924
(9.15);0.16530741437005977
(9.16);0.18502070235307652
(9.17);0.451665011776045
(9.18);0.3654354538933469
(9.19);0.2161131850513219
(9.20);0.08191591606194104
(9.21);0.3278275297744935
(9.22);0.3292953757919955
(9.23);0.3427641654695735
(9.24);0.3919862999909955
(9.25);0.3823017514422132
(9.26);0.3153688256584065
(9.27);0.26723671063980725
(9.28);0.3832737957357479
(9.29);0.43023635513678643
(9.30);0.3295822453924308
(9.31);0.3525703556496229
(10.11);0.44542893859416843
(10.12);0.25720088633298716
(10.13);0.2796591324776447
(10.14);0.24152883003119754
(10.15);0.20038818099472827
(10.16);0.2031932581388502
(10.17);0.403453338231937
(10.18);0.3896818883435473
(10.19);0.23192520082972526
(10.20);0.1193958507709137
(10.21);0.30183135296767544
(10.22);0.32622523108557067
(10.23);0.32649693134023644
(10.24);0.3496001079879837
(10.25);0.40281790798357076
(10.26);0.30776524511873166
(10.27);0.26602586020859403
(10.28);0.43273582278035067
(10.29);0.4409820761695703
(10.30);0.39999725811757986
(10.31);0.3720364465541038
(11.12);0.32269367094325924
(11.13);0.3131959874549015
(11.14);0.3186963591174216
(11.15);0.27209872426564063
(11.16);0.26156739767067566
(11.17);0.31231377378379926
(11.18);0.31650747015903363
(11.19);0.2856239312879484
(11.20);0.19322743385374147
(11.21);0.3075225430649605
(11.22);0.3498440445708845
(11.23);0.3370056554844605
(11.24);0.3309450544819903
(11.25);0.4240629719201816
(11.26);0.3304110728119942
(11.27);0.3008100823278885
(11.28);0.4713646347674377
(11.29);0.41989800678757017
(11.30);0.5205660091846425
(11.31);0.412311003849038
(12.13);0.417401106539573
(12.15);0.4785850024084841
(12.16);0.4817664759307315
(12.17);0.15363249636181436
(12.18);0.13164916153409328
(12.19);0.4835770638760573
(12.20);0.3679198932099444
(12.21);0.3454571136698209
(12.22);0.3893562635697952
(12.23);0.36104882476695194
(12.24);0.3027525855341585
(12.25);0.3539397329730825
(12.26);0.3888280515876429
(12.27);0.41977140669956603
(12.28);0.33720185986810236
(12.29);0.30804398869707333
(12.30);0.3668169058859576
(12.31);0.40637693762824706
(13.14);0.3583476522591417
(13.15);0.35610826124878736
(13.16);0.4055542046697101
(13.17);0.20115358358816293
(13.18);0.15704231656661433
(13.19);0.42581337516321316
(13.20);0.2737811315780803
(13.21);0.43022913454582556
(13.22);0.4524973548986985
(13.23);0.43567432133782824
(13.24);0.37721529462807485
(13.25);0.3826040125344529
(13.26);0.46477677325228084
(13.27);0.48635576505851785
(13.28);0.349130947045096
(13.29);0.34541869543101184
(13.30);0.3400872540972717
(13.31);0.4359360944437011
(14.15);0.501388448902381
(14.16);0.42813645408383383
(14.17);0.12936065035795535
(14.18);0.12037362331360417
(14.19);0.4157866597592706
(14.20);0.39427615935830895
(14.21);0.29203226429442625
(14.22);0.33903438320182305
(14.23);0.3107037299573382
(14.24);0.25701032157507414
(14.25);0.3232014215944973
(14.26);0.33491306003838994
(14.27);0.35909894297401834
(14.28);0.31772288958575867
(14.29);0.2793810530462346
(14.30);0.36638909662877467
(14.31);0.3661600116739903
(15.16);0.4736395116272068
(15.17);0.09325928991534736
(15.18);0.07772288753662039
(15.19);0.4333792151692638
(15.20);0.43780599981057844
(15.21);0.28458584083692623
(15.22);0.32414810571747327
(15.23);0.2974191476864072
(15.24);0.23938215248579794
(15.25);0.29131178043939787
(15.26);0.32537772509847784
(15.27);0.36158306357953746
(15.28);0.27909691868732706
(15.29);0.2464181778066074
(15.30);0.3173655969327985
(15.31);0.3368954830886126
(16.17);0.10774893958235991
(16.18);0.07810531235548074
(16.20);0.3875403034806144
(16.21);0.3322376045521119
(16.22);0.3606022237904378
(16.23);0.3376462371119701
(16.24);0.2768133417450975
(16.25);0.3060546978819073
(16.26);0.36846796549529426
(16.27);0.41661345599619076
(16.28);0.2830143308048392
(16.29);0.26163643603564757
(16.30);0.30219013410658285
(16.31);0.3559572267794236
(17.18);0.4269152770062362
(17.19);0.139324227301508
(17.20);0.011363711667708075
(17.21);0.24779712453773461
(17.22);0.2496994352689107
(17.23);0.26215169878882166
(17.24);0.31124588574810225
(17.25);0.30789730756244277
(17.26);0.23541474857705466
(17.27);0.18792727047233143
(17.28);0.31919091701582103
(17.29);0.3538669953919859
(17.30);0.2737898500536484
(17.31);0.2743128002539593
(18.19);0.10732817961284896
(18.20);0.0
(18.21);0.18803161881408834
(18.22);0.2034468040824998
(18.23);0.20819183108250347
(18.24);0.24399656096575814
(18.25);0.27284638890572005
(18.26);0.1865425145386694
(18.27);0.14339989413659812
(18.28);0.2980573069448516
(18.29);0.3113861206892689
(18.30);0.2744760071405863
(18.31);0.24020479603469025
(19.20);0.34734794579813444
(19.21);0.356235184047909
(19.22);0.38560589508745663
(19.23);0.3632687627059239
(19.24);0.30466663021647417
(19.25);0.3327148376958611
(19.26);0.3921743155274524
(19.27);0.4333138210745641
(19.28);0.30866550294188116
(19.29);0.2899193059838615
(19.31);0.38443837791782975
(20.21);0.2040121829148257
(20.22);0.2390557185316491
(20.23);0.21400483108442625
(20.24);0.156491719312733
(20.25);0.20594847610002393
(20.26);0.24189541880333798
(20.27);0.2806639895897276
(20.28);0.19580156669596463
(20.29);0.16224147551091206
(20.30);0.23728734109552868
(20.31);0.24803949826341004
(21.22);0.4491211020988572
(21.23);0.47123175263996653
(21.24);0.43702391354658693
(21.25);0.39058273746720723
(21.26);0.45850608739819965
(21.27);0.42214098696571045
(21.28);0.3522376018318006
(21.29);0.37085051349327436
(21.30);0.3196156015865731
(21.31);0.4221460481523531
(22.23);0.47266078682940443
(22.24);0.4174289888538597
(22.25);0.42583268002620656
(22.26);0.48121236965587183
(22.27);0.43905737975981124
(22.28);0.38923028247682495
(22.29);0.39205820630933147
(22.30);0.3690800321485768
(22.31);0.48627596906572146
(23.24);0.44133164346823295
(23.25);0.4185989878543546
(23.26);0.47082403719426563
(23.27);0.42394561024839766
(23.28);0.38024949193096075
(23.29);0.39467635923936234
(23.30);0.3497698799000658
(23.31);0.45752812122482417
(24.25);0.4083718328712664
(24.26);0.41219784006169036
(24.27);0.36605092185645655
(24.28);0.3756281229222737
(24.29);0.4117465388067217
(24.30);0.32879083749804544
(24.31);0.4140376646943607
(25.26);0.4072188906242786
(25.27);0.3690778909355585
(25.28);0.4616346012637311
(25.29);0.4560023965488816
(25.30);0.4294192751693404
(26.27);0.4525803517447442
(26.28);0.3704492715997102
(26.29);0.375005162204562
(26.30);0.3504526569961772
(26.31);0.4589746725454096
(27.28);0.3359731277896
(27.29);0.3317845800673908
(27.30);0.32894107505464937
(27.31);0.42117222832843704
(28.29);0.4518388607763606
(28.30);0.46303957411024776
(28.31);0.4547785477408673
(29.30);0.40390966717071397
(29.31);0.4368365284223972
(30.31);0.43708625204632934
