
****Importance edges******

(0.1);17.42416918550945
(0.2);19.0337858713535
(0.3);25.956313105070066
(0.4);27.06562591154011
(0.5);16.342157841393803
(0.6);28.3319178483466
(0.7);16.797847719277993
(0.8);14.233688499166224
(0.9);12.295063528841023
(0.10);11.362613711570663
(0.11);12.112289328373647
(0.12);13.29254809456232
(0.13);28.73021506344461
(0.14);10.125082098676693
(0.15);9.396048269707231
(0.16);11.33945075500522
(0.17);8.27699545163487
(0.30);13.018620043741796
(0.31);33.79787441483966
(1.2);1.9190923296620046
(1.3);1.3044814103365643
(1.4);0.8127229641742169
(1.5);4.2447378080118385
(1.6);0.7733065421571755
(1.7);3.2493206866985345
(1.8);0.601041010228152
(1.9);0.6299774082017755
(1.10);0.7837800220559172
(1.11);1.2563989200954337
(1.12);1.6690308604245743
(1.13);1.3659123925993728
(1.14);1.4115339158942048
(1.15);1.0661496758356932
(1.16);1.0641528499993793
(1.17);0.5512658593989186
(1.18);0.20786983837708742
(1.19);0.5352276197546222
(1.20);0.27960000597599016
(1.21);0.42205934947669743
(1.22);0.6564111057922438
(1.23);0.5149042115417484
(1.24);0.3809548529076839
(1.25);0.7284138526502214
(1.26);0.5743822961398986
(1.27);0.5352884355000656
(1.28);0.6730287528749145
(1.29);0.4829236608371703
(1.30);2.1400632520317453
(1.31);2.8817750008841725
(2.3);2.8382362479247583
(2.4);1.1450768016759834
(2.5);3.1090955766961668
(2.6);1.0038578739031085
(2.7);1.325824210475755
(2.8);0.5652638217830218
(2.9);0.5567015914915804
(2.10);0.6196080066424957
(2.11);0.8279061452789432
(2.12);3.0825366269903887
(2.13);2.4839538830293555
(2.14);1.53804456149841
(2.15);1.378347917919313
(2.16);1.7454024894651012
(2.17);0.49165307954351595
(2.18);0.18330275872566737
(2.19);1.1415524990934234
(2.20);0.3332002305769242
(2.21);0.5198617472702125
(2.22);0.8153302724005782
(2.23);0.6039944925893715
(2.24);0.392365719847337
(2.25);0.5402583354564642
(2.26);0.7949336768165641
(2.27);1.0152536929558862
(2.28);0.4529268030235845
(2.29);0.39164974017235715
(2.30);1.1816740186642287
(2.31);2.1567662470024844
(3.4);1.9283681090192195
(3.5);1.6027098796953185
(3.6);1.5256025705840355
(3.7);1.0935585453926528
(3.8);0.63015849056213
(3.9);0.5931110704846485
(3.10);0.6167183359257549
(3.11);0.7556151203505345
(3.12);1.7476646400911318
(3.13);9.513129428501369
(3.14);1.0925128147273875
(3.15);1.0787739964192804
(3.16);1.553253809585927
(3.17);0.511243030562914
(3.18);0.18775460026924531
(3.19);0.99632377286446
(3.20);0.29866060076369144
(3.21);0.7801077655362408
(3.22);1.2589543301710573
(3.23);0.8848541905821258
(3.24);0.48918825100225316
(3.25);0.5602428131718756
(3.26);1.4661898050787272
(3.27);2.957417763093143
(3.28);0.4402694504892214
(3.29);0.41616620285289546
(3.30);1.005733774415949
(3.31);2.1490940029864936
(4.5);0.905700330949949
(4.6);5.4112167366292585
(4.7);0.7874076808820966
(4.8);0.7009053446290399
(4.9);0.6115480679387284
(4.10);0.5743195705302848
(4.11);0.6297338525965684
(4.12);1.008342579347839
(4.13);2.9906924112349422
(4.14);0.7547508429595866
(4.15);0.7781754905241565
(4.16);1.0944664839982097
(4.17);0.521838506228891
(4.18);0.18674196418887234
(4.19);0.5827957979959446
(4.20);0.24937301121157301
(4.21);1.4391114721429572
(4.22);0.986671805660169
(4.23);1.056625216116101
(4.24);0.607239987357583
(4.25);0.47295186384646115
(4.26);1.3650528944315525
(4.27);1.3545657736627243
(4.28);0.37301186063516867
(4.29);0.394257225083565
(4.30);0.7785580262081878
(4.31);1.4743580265668035
(5.6);0.837511738365982
(5.7);1.9847181507346634
(5.8);0.5822304602785826
(5.9);0.5964924552592193
(5.10);0.7106139150274035
(5.11);1.053481295752532
(5.12);2.699757163559329
(5.13);1.5973122419920054
(5.14);1.9186164385431448
(5.15);1.4035537885222844
(5.16);1.3977029563001846
(5.17);0.5283615243091556
(5.18);0.2147187227268807
(5.19);0.7914515101906403
(5.20);0.36238078365769627
(5.21);0.4708532190993583
(5.22);0.7140745128664439
(5.23);0.5563868582542049
(5.24);0.3990978067873021
(5.25);0.6438281333867626
(5.26);0.6548159715804214
(5.27);0.6875692464828076
(5.28);0.5817053101950603
(5.29);0.4569154604281709
(5.30);1.6490279709412987
(5.31);2.3243462116197007
(6.7);0.7737737292038548
(6.8);0.793796700066799
(6.9);0.6694051199406881
(6.10);0.6044571387315135
(6.11);0.6391521586366602
(6.12);0.9013703897195365
(6.13);2.1872482663250308
(6.14);0.7016598351906763
(6.15);0.7148546095855899
(6.16);0.9609082748591193
(6.17);0.560993635353036
(6.18);0.2042332973209894
(6.19);0.514258131314795
(6.20);0.2437855023878612
(6.21);2.1148698805072312
(6.22);0.9701053570318835
(6.23);1.2000683324086676
(6.24);0.7554245333980983
(6.25);0.5035152272985493
(6.26);1.2485417041201894
(6.27);0.9882244630136485
(6.28);0.3953832624357835
(6.29);0.4344809206609007
(6.30);0.771094835948747
(6.31);1.43466186442379
(7.8);0.7261821290880078
(7.9);0.7974813579270065
(7.10);1.092124463799356
(7.11);2.1210715300776837
(7.12);1.2353534710205045
(7.13);1.1848868897985938
(7.14);1.1566940103777412
(7.15);0.9095147112027292
(7.16);0.9011086871324169
(7.17);0.6760074156890096
(7.18);0.28962264526288584
(7.19);0.4844226631040825
(7.20);0.2904340307216517
(7.21);0.47880477680155886
(7.22);0.7018438181346117
(7.23);0.5884049015989715
(7.24);0.4812271601153087
(7.25);1.1622132550667112
(7.26);0.6034350707238771
(7.27);0.5182456296578499
(7.28);1.325175178606416
(7.29);0.7461963521504169
(7.30);4.2418304874996755
(7.31);3.040915157125441
(8.9);2.619143193164734
(8.10);1.114668194186308
(8.11);0.7986423339380169
(8.12);0.5536683998421511
(8.13);0.7617649837413272
(8.14);0.5041366073540597
(8.15);0.47559051744443864
(8.16);0.530187503595861
(8.17);1.3744575067558742
(8.18);0.383048724422582
(8.19);0.27398559672207007
(8.20);0.17998289540849732
(8.21);0.5142777385403163
(8.22);0.4701533964341935
(8.23);0.537152087875871
(8.24);0.9014051779542098
(8.25);0.5655229958133964
(8.26);0.4450882601341269
(8.27);0.34792744476215953
(8.28);0.5103538684160112
(8.29);0.758482515581775
(8.30);0.8115543674226215
(8.31);1.0917337052369083
(9.10);1.7733597880844796
(9.11);0.9863174968806209
(9.12);0.5523118530729823
(9.13);0.7023851511491156
(9.14);0.517343995040017
(9.15);0.4775612084996704
(9.16);0.5146615728918409
(9.17);2.1253393009974
(9.18);0.5434503774328805
(9.19);0.2693114680604124
(9.20);0.18424440082585541
(9.21);0.43401488599798393
(9.22);0.4374826826425011
(9.23);0.47197982348450607
(9.24);0.6580184953167515
(9.25);0.6113810377866842
(9.26);0.40659120686356526
(9.27);0.32628694035154693
(9.28);0.6157819072022649
(9.29);0.9274281554032912
(9.30);0.9331317533374445
(9.31);1.0929057406486842
(10.11);1.8761273445584754
(10.12);0.6240099108015685
(10.13);0.7101969501939163
(10.14);0.6087084172379708
(10.15);0.5383967913855313
(10.16);0.5521833349639719
(10.17);1.4540079270552466
(10.18);0.6655898921311207
(10.19);0.29376025606095185
(10.20);0.20858457153342919
(10.21);0.392297048363892
(10.22);0.44367785325266995
(10.23);0.4443233401239666
(10.24);0.5066915844726431
(10.25);0.7395896474612436
(10.26);0.4037017628817089
(10.27);0.334924039843965
(10.28);0.9777877150396966
(10.29);1.0678320324081114
(10.30);1.4352581164456004
(10.31);1.2387281672445447
(11.12);0.8410360733163346
(11.13);0.8425915986559567
(11.14);0.8524899359405989
(11.15);0.7052228473614494
(11.16);0.6871978916931353
(11.17);0.8675528931528151
(11.18);0.4348798435524317
(11.19);0.37557558487284387
(11.20);0.2658790158659652
(11.21);0.41583552308326693
(11.22);0.5230364742943412
(11.23);0.48532089844257364
(11.24);0.46927432388543167
(11.25);0.9212232256389438
(11.26);0.4679092951568406
(11.27);0.402631947113532
(11.28);1.5815913674226463
(11.29);0.8853857083305834
(11.30);4.18288815718507
(11.31);1.641391186454052
(12.13);1.72307663613704
(12.14);3.004436190369991
(12.15);2.733222961037466
(12.16);2.8276366263453387
(12.17);0.4985868651336694
(12.18);0.22930814730722643
(12.19);1.8718017211357274
(12.20);0.6028669315768
(12.21);0.5241740805339109
(12.22);0.7015555299993266
(12.23);0.5765347804280311
(12.24);0.4185477375380777
(12.25);0.5514850788116259
(12.26);0.6987686885256638
(12.27);0.904332791663439
(12.28);0.49996478513303444
(12.29);0.42934302461263935
(12.30);1.185923150071384
(12.31);1.5852500464158858
(13.14);1.1359282343227854
(13.15);1.1365316549026758
(13.16);1.64083829821542
(13.17);0.5901254089031763
(13.18);0.25669530105808447
(13.19);1.1866990808560764
(13.20);0.38916227707850753
(13.21);1.2618064291663653
(13.22);1.8533352693676903
(13.23);1.3686215081871842
(13.24);0.7169981345330575
(13.25);0.7499103018239334
(13.26);2.4994706346313507
(13.27);6.452989943432053
(13.28);0.5835270860621949
(13.29);0.5695135992044711
(13.30);1.079394594509684
(13.31);2.2868062650206493
(14.15);3.5341680474413164
(14.16);1.8136836687012263
(14.17);0.4813027230504113
(14.18);0.23723558716661677
(14.19);0.9303644051190486
(14.20);0.7769309906824056
(14.21);0.42443376302463987
(14.22);0.5384946044457414
(14.23);0.46363679704838623
(14.24);0.3660105963678009
(14.25);0.4940284645231722
(14.26);0.5261988863937306
(14.27);0.6071044760411074
(14.28);0.4802459790162677
(14.29);0.40134553280093216
(14.30);1.2185936799044288
(14.31);1.2583478185758454
(15.16);2.7288439860278326
(15.17);0.4465931182005653
(15.18);0.22047869718687002
(15.19);1.1304110312145512
(15.20);1.18271120700407
(15.21);0.4234243243991131
(15.22);0.5118743654699515
(15.23);0.44867438446908636
(15.24);0.3530183976107764
(15.25);0.4363031146396733
(15.26);0.5151959724133739
(15.27);0.6354795308418697
(15.28);0.4134501923824788
(15.29);0.3624291207391281
(15.30);0.9535006231377731
(15.31);1.085648824830936
(16.17);0.4695280828336144
(16.18);0.2276809660544741
(16.19);2.7757995531741355
(16.20);0.7801006232423363
(16.21);0.5502103537290206
(16.22);0.6493987259524459
(16.23);0.56682957641534
(16.24);0.42193355718740067
(16.25);0.48140555297168086
(16.26);0.6831227689280187
(16.27);0.986629749016728
(16.28);0.43332019957646056
(16.29);0.3963806854448677
(16.30);0.9012388021230924
(16.31);1.2166542325509173
(17.18);1.1192787364531513
(17.19);0.2741177509114784
(17.20);0.20333586682898858
(17.21);0.38769758930385484
(17.22);0.3905171074490052
(17.23);0.410011424309049
(17.24);0.5096213183498468
(17.25);0.5013674611450573
(17.26);0.37027680768548726
(17.27);0.3156716754999478
(17.28);0.530292106539373
(17.29);0.6430111340322067
(17.30);0.8120718425216513
(17.31);0.8408228660347454
(18.19);0.0
(18.20);0.0
(18.21);0.0
(18.22);0.0
(18.23);0.0
(18.24);0.0
(18.25);0.0
(18.26);0.0
(18.27);0.0
(18.28);0.0
(18.29);0.0
(18.30);0.4442877814713896
(18.31);0.4140641485388837
(19.20);0.0
(19.21);0.0
(19.22);0.0
(19.23);0.0
(19.24);0.0
(19.25);0.0
(19.26);0.0
(19.27);0.0
(19.28);0.0
(19.29);0.0
(19.30);0.5583795314408354
(19.31);0.8596064881695866
(20.21);0.0
(20.22);0.0
(20.23);0.0
(20.24);0.0
(20.25);0.0
(20.26);0.0
(20.27);0.0
(20.28);0.0
(20.29);0.0
(20.30);0.38425738211543914
(20.31);0.4263450923770147
(21.22);0.0
(21.23);0.0
(21.24);0.0
(21.25);0.0
(21.26);0.0
(21.27);0.0
(21.28);0.0
(21.29);0.0
(21.30);0.5469411752636048
(21.31);1.1620029695227811
(22.24);0.0
(22.25);0.0
(22.27);0.0
(22.28);0.0
(22.29);0.0
(22.30);0.7270904271154272
(22.31);2.3214146066249324
(23.24);0.0
(23.25);0.0
(23.26);0.0
(23.27);0.0
(23.28);0.0
(23.29);0.0
(23.30);0.6449685319579008
(23.31);1.6552506303278376
(24.25);0.0
(24.26);0.0
(24.27);0.0
(24.28);0.0
(24.29);0.0
(24.30);0.5736136938016948
(24.31);1.08251471247813
(25.26);0.0
(25.27);0.0
(25.28);0.0
(25.29);0.0
(25.30);1.1691608732587928
(26.27);0.0
(26.28);0.0
(26.29);0.0
(26.30);0.6475729849980467
(26.31);1.682017620690834
(27.28);0.0
(27.29);0.0
(27.30);0.5740711028902941
(27.31);1.1519360259897535
(28.29);0.0
(28.30);1.6620196848688131
(28.31);1.6060734590369934
(29.30);0.9359896172221226
(29.31);1.3337715060723903
(30.31);2.1451994206915326

****Importance nodes******

0; 0.05789473684210527
1; 0.0018675721561969441
2; 0.0019278164193000714
3; 0.001990004045729106
4; 0.002054197724623593
5; 0.0021204621673533864
6; 0.0021888641727518827
7; 0.0022594726944535565
8; 0.0023323589104036714
9; 0.0024075962946102413
10; 0.002485260691210572
11; 0.002565430390927042
12; 0.0026481862099892047
13; 0.00273361157160176
14; 0.002821792590040526
15; 0.0029128181574611884
16; 0.0030067800335083234
17; 0.0031037729378150434
18; DISCONNECTED
19; DISCONNECTED
20; DISCONNECTED
21; DISCONNECTED
22; DISCONNECTED
23; DISCONNECTED
24; DISCONNECTED
25; DISCONNECTED
26; DISCONNECTED
27; DISCONNECTED
28; DISCONNECTED
29; DISCONNECTED
30; 0.0032038946454864964
31; 0.0034174876218522627
