
****Mix criterion 0.5*C(weight)+0.5*C(distance) ******

(0.1);0.6473111049648224
(0.2);0.6803625406016376
(0.3);0.8096909235495577
(0.4);0.8290708156998163
(0.5);0.6234922905866279
(0.6);0.8508392133535855
(0.7);0.633175568632185
(0.8);0.5743010436558016
(0.9);0.5239382144474112
(0.10);0.4969616467325037
(0.11);0.5184311474477131
(0.12);0.5499647339937781
(0.13);0.8570677488329064
(0.14);0.4566667631919618
(0.15);0.43058548426013454
(0.16);0.4947882600094155
(0.17);0.3851094585238234
(0.30);0.5414512519132071
(0.31);0.9415762037986583
(1.2);0.46773068397396433
(1.3);0.4285966794178352
(1.4);0.36401884293850795
(1.5);0.5339779356036497
(1.6);0.35055064510501377
(1.7);0.509111983725223
(1.8);0.2945672596084779
(1.9);0.3011766890339994
(1.10);0.34125680188348906
(1.11);0.41036697732630373
(1.12);0.4417052510104971
(1.13);0.41688715748014166
(1.14);0.41898529266359286
(1.15);0.3782477286533476
(1.16);0.3752519511941923
(1.17);0.23155946963902518
(1.18);0.21373553510259122
(1.19);0.39554430374627864
(1.20);0.28902509737561816
(1.21);0.3637393898438152
(1.22);0.4180826670162686
(1.23);0.3908082867555095
(1.24);0.3477554446711064
(1.25);0.4282050193774005
(1.26);0.4037837666588226
(1.27);0.39555797037638263
(1.28);0.4205908405406424
(1.29);0.38259985862463364
(1.30);0.45897431251276977
(1.31);0.4863811181641609
(2.3);0.4996490953509574
(2.4);0.4102791619781965
(2.5);0.5060575578467295
(2.6);0.3890710750446626
(2.7);0.4227450215499804
(2.8);0.2772040211654668
(2.9);0.26937693523155304
(2.10);0.2907133474795562
(2.11);0.3457864067246055
(2.12);0.5000697208194006
(2.13);0.4791875032051308
(2.14);0.42803679275202405
(2.15);0.4126749802781446
(2.16);0.43910608599026263
(2.17);0.19338235003993545
(2.18);0.1640092888692915
(2.19);0.4624999686608415
(2.20);0.3185988568164766
(2.21);0.38826348439371844
(2.22);0.4359133723077763
(2.23);0.4061433826396778
(2.24);0.34757096904058543
(2.25);0.3930739491584761
(2.26);0.43365783619414877
(2.27);0.4538658065384492
(2.28);0.3696241747826173
(2.29);0.34727111123388665
(2.30);0.38428270762579786
(2.31);0.45589009772394706
(3.4);0.46420225130946663
(3.5);0.4450462724393045
(3.6);0.438554622859854
(3.7);0.39699067060695814
(3.8);0.29894212200995657
(3.9);0.2813624937063869
(3.10);0.2865542634545495
(3.11);0.32626718710355296
(3.12);0.4444536611280713
(3.13);0.6255045754836763
(3.14);0.38107457229116515
(3.15);0.3765629276984306
(3.16);0.424308416747592
(3.17);0.20196901896239847
(3.18);0.16143929922364203
(3.19);0.4504137622131011
(3.20);0.289833532719496
(3.21);0.4293869519584207
(3.22);0.4677177063274289
(3.23);0.44066148006447686
(3.24);0.37622738609412854
(3.25);0.39389404405860096
(3.26);0.47797862199145946
(3.27);0.5220797489429785
(3.28);0.36094726565512997
(3.29);0.3521599856196093
(3.30);0.3564822608051146
(3.31);0.4546177016252832
(4.5);0.3720239838744971
(4.6);0.5560009509661249
(4.7);0.3436206828524944
(4.8);0.31841452585774943
(4.9);0.2852717018296709
(4.10);0.26606788974222123
(4.11);0.28431569187543065
(4.12);0.3718812585380137
(4.13);0.49514054059377416
(4.14);0.3130160800950465
(4.15);0.3157395707329688
(4.16);0.3743615956473661
(4.17);0.20455756033206587
(4.18);0.14850280319751363
(4.19);0.39510715785665657
(4.20);0.2384027287362416
(4.21);0.475319038636278
(4.22);0.44754646751365035
(4.23);0.4530202626580811
(4.24);0.40003819618602166
(4.25);0.36711855967031765
(4.26);0.47172944727979177
(4.27);0.4711990977503554
(4.28);0.3281633481549855
(4.29);0.33803469356971155
(4.30);0.3043745111646088
(4.31);0.40798190318044486
(5.6);0.35457316448695486
(5.7);0.46167386372050606
(5.8);0.2740427717624923
(5.9);0.27599360451471017
(5.10);0.31172111440803085
(5.11);0.37915778277776974
(5.12);0.4857628202030111
(5.13);0.430422053262336
(5.14);0.44937470076265734
(5.15);0.4107724802866089
(5.16);0.40816360598906654
(5.17);0.20455018416535695
(5.18);0.18513600846558143
(5.19);0.42542380976871985
(5.20);0.3169141953463642
(5.21);0.36193181074771086
(5.22);0.4149294853793153
(5.23);0.38549305886637186
(5.24);0.33479434281026843
(5.25);0.4034560401294531
(5.26);0.4053984000257413
(5.27);0.4108508031022072
(5.28);0.39120965767105725
(5.29);0.35730155209161174
(5.30);0.4253631630471459
(5.31);0.4613076775645976
(6.7);0.3351203826756291
(6.8);0.33704805655281445
(6.9);0.29929829765166766
(6.10);0.2717676740828906
(6.11);0.2813082485265146
(6.12);0.3487414785747111
(6.13);0.46332960848670485
(6.14);0.29135124551609404
(6.15);0.2916837557949073
(6.16);0.3483744358663579
(6.17);0.21893362281181622
(6.18);0.15786660513548137
(6.19);0.3705315024022617
(6.20);0.21445000217168714
(6.21);0.4979538473112354
(6.22);0.44168586167352275
(6.23);0.45901213035413463
(6.24);0.417859837343131
(6.25);0.3674479752918136
(6.26);0.4620097500034972
(6.27);0.4432862082117983
(6.28);0.3275603912147583
(6.29);0.34418233071003723
(6.30);0.2969027327529043
(6.31);0.40136611406535966
(7.8);0.3167998872298432
(7.9);0.33230047675004065
(7.10);0.38290419195732406
(7.11);0.4616079197392518
(7.12);0.39642733778045347
(7.13);0.3882798050520933
(7.14);0.3823742600275796
(7.15);0.3390306469201333
(7.16);0.3340809864616081
(7.17);0.2666630058161925
(7.18);0.2530398667231009
(7.19);0.3569536304389522
(7.20);0.25375376790362214
(7.21);0.35510807111965736
(7.22);0.4067033813039158
(7.23);0.3850370668069909
(7.24);0.3559089064454687
(7.25);0.4545823141299371
(7.26);0.388339654103082
(7.27);0.3672574350054807
(7.28);0.464692487440756
(7.29);0.41352194725133956
(7.30);0.5232475688321138
(7.31);0.4877263518980613
(8.9);0.48323879240693796
(8.10);0.3839271121396791
(8.11);0.3237179706377749
(8.12);0.23228559399073617
(8.13);0.3072951164723671
(8.14);0.19388306211357664
(8.15);0.168769025307772
(8.16);0.19897450180845186
(8.17);0.39902395711075694
(8.18);0.3095726166438221
(8.19);0.22990229376235144
(8.20);0.0853270512987941
(8.21);0.361551197650918
(8.22);0.3471910061619592
(8.23);0.3681092855482563
(8.24);0.43000479739439984
(8.25);0.3755442084991574
(8.26);0.3378231652414675
(8.27);0.28925863058925627
(8.28);0.36037019869083103
(8.29);0.41218859043522244
(8.30);0.30277208518652743
(8.31);0.35461307428303895
(9.10);0.44160863750529106
(9.11);0.35994529817004256
(9.12);0.22740976508501312
(9.13);0.2858873584718426
(9.14);0.19762322290965492
(9.15);0.16536196663411035
(9.16);0.18494337476402206
(9.17);0.45190463717803797
(9.18);0.36536453170804783
(9.19);0.21607803895770583
(9.20);0.08189187151973754
(9.21);0.32777088930565673
(9.22);0.3292382827635021
(9.23);0.342702570442891
(9.24);0.3919004262634336
(9.25);0.38222196406685965
(9.26);0.3153157640761322
(9.27);0.2671941290467028
(9.28);0.38319343403145995
(9.29);0.43011532250120377
(9.30);0.32935848587114797
(9.31);0.35269219314587985
(10.11);0.4451840973782988
(10.12);0.25691205818588886
(10.13);0.28511825012042724
(10.14);0.24159546459035072
(10.15);0.2004477868176144
(10.16);0.20311044711487547
(10.17);0.4036123583103734
(10.18);0.3895950265220763
(10.19);0.23188686408330092
(10.20);0.11936862975084062
(10.21);0.30178015682335074
(10.22);0.32616732956552735
(10.23);0.3264389455818865
(10.24);0.3495339829544282
(10.25);0.40272138893380893
(10.26);0.3077125606190577
(10.27);0.26598215144363346
(10.28);0.43260821804514593
(10.29);0.440842720334308
(10.30);0.39965523298670586
(10.31);0.3721705964448794
(11.12);0.322308688652793
(11.13);0.31957313996769227
(11.14);0.31878663578106503
(11.15);0.2721743099655942
(11.16);0.26146453095854516
(11.17);0.31240571239984577
(11.18);0.3164507168101944
(11.19);0.28557491735341034
(11.20);0.193192735707207
(11.21);0.3074682750669119
(11.22);0.3497757864717305
(11.23);0.336942319400582
(11.24);0.33088381253251936
(11.25);0.4239427490497528
(11.26);0.3303500090035725
(11.27);0.30075753744293426
(11.28);0.4711582315323205
(11.29);0.4197824608391728
(11.30);0.5195754836147997
(11.31);0.41248350849594667
(12.13);0.4296919714779981
(12.14);0.48860446634845023
(12.15);0.47802972391267534
(12.16);0.4804908916517936
(12.17);0.15353574853853838
(12.18);0.13147150151229953
(12.19);0.482126856639744
(12.20);0.36745281276182074
(12.21);0.34505100172105263
(12.22);0.38881272260880956
(12.23);0.3606021455588274
(12.24);0.30242830922280217
(12.25);0.3535124614074136
(12.26);0.3882866697750467
(12.27);0.4190707609293986
(12.28);0.3368145044441198
(12.29);0.3077113485706522
(12.30);0.3661921109641516
(12.31);0.40609255445334697
(13.14);0.36680175327191594
(13.15);0.3644338471817769
(13.16);0.41697105248183547
(13.17);0.20533647258615814
(13.18);0.1608398231480545
(13.19);0.4433691993297032
(13.20);0.2795383320502443
(13.21);0.44889608403618086
(13.22);0.47991528134311934
(13.23);0.45592147492193447
(13.24);0.387822442961318
(13.25);0.39369805786729595
(13.26);0.5017535162857704
(13.27);0.5818201996591555
(13.28);0.3577635474107271
(13.29);0.35384398265786793
(13.30);0.34725155098896027
(13.31);0.4513290029061912
(14.15);0.502514558442368
(14.16);0.4282627848602074
(14.17);0.12951017553189867
(14.18);0.1204497335990079
(14.19);0.41608514069650604
(14.20);0.3945254155518931
(14.21);0.2921684317860939
(14.22);0.3392071438678017
(14.23);0.31085247462658655
(14.24);0.257127745656693
(14.25);0.3233599165651781
(14.26);0.3350818759732203
(14.27);0.3592937151643682
(14.28);0.31787696283827305
(14.29);0.2795098133364247
(14.30);0.36636359280485153
(14.31);0.36653692909555735
(15.16);0.47383434621135084
(15.17);0.09339716980619533
(15.18);0.07779267273512502
(15.19);0.4337370091838859
(15.20);0.43818034770635034
(15.21);0.28471986172378244
(15.22);0.32431012252299474
(15.23);0.2975611606399652
(15.24);0.23949388871822033
(15.25);0.291449877678958
(15.26);0.3255407932482011
(15.27);0.36178420348906737
(15.28);0.2792277825944316
(15.29);0.24653289269043677
(15.30);0.31734853582437766
(15.31);0.3372188532312632
(16.17);0.10778246304842512
(16.18);0.07806750357225153
(16.19);0.5061784686947591
(16.20);0.38741075969014194
(16.21);0.3321462364225967
(16.22);0.36049438440410553
(16.23);0.33755210918834977
(16.24);0.2767432753066188
(16.25);0.30597475550238806
(16.26);0.3683545258822387
(16.27);0.4164496159047045
(16.28);0.28294237349642415
(16.29);0.26157061291625405
(16.30);0.30196801088427117
(16.31);0.356045153108262
(17.18);0.4272526681417385
(17.19);0.13940685631627375
(17.20);0.011425004459899562
(17.21);0.24791399062803599
(17.22);0.24981715126406379
(17.23);0.2622752910768829
(17.24);0.31139950406467914
(17.25);0.308048437867621
(17.26);0.23552636341304362
(17.27);0.18802242534445948
(17.28);0.3193507662563598
(17.29);0.35406082222848884
(17.30);0.2737775147051901
(17.31);0.2745576711508888
(18.19);0.10732817961284896
(18.20);0.0
(18.21);0.18803161881408834
(18.22);0.2034468040824998
(18.23);0.20819183108250347
(18.24);0.24399656096575814
(18.25);0.27284638890572005
(18.26);0.1865425145386694
(18.27);0.14339989413659812
(18.28);0.2980573069448516
(18.29);0.3113861206892689
(18.30);0.2743329813153422
(18.31);0.2403215440195848
(19.20);0.34734794579813444
(19.21);0.356235184047909
(19.22);0.38560589508745663
(19.23);0.3632687627059239
(19.24);0.30466663021647417
(19.25);0.3327148376958611
(19.26);0.3921743155274524
(19.27);0.4333138210745641
(19.28);0.30866550294188116
(19.29);0.2899193059838615
(19.30);0.32347322809402557
(19.31);0.3846807493611199
(20.21);0.2040121829148257
(20.22);0.2390557185316491
(20.23);0.21400483108442625
(20.24);0.156491719312733
(20.25);0.20594847610002393
(20.26);0.24189541880333798
(20.27);0.2806639895897276
(20.28);0.19580156669596463
(20.29);0.16224147551091206
(20.30);0.23716364035138218
(20.31);0.24815970893748152
(21.22);0.4491211020988572
(21.23);0.47123175263996653
(21.24);0.43702391354658693
(21.25);0.39058273746720723
(21.27);0.42214098696571045
(21.28);0.3522376018318006
(21.29);0.37085051349327436
(21.30);0.31943952941845494
(21.31);0.42247368218107056
(22.24);0.4174289888538597
(22.25);0.42583268002620656
(22.27);0.43905737975981124
(22.28);0.38923028247682495
(22.29);0.39205820630933147
(22.30);0.36884596604839986
(22.31);0.48693050648072006
(23.25);0.4185989878543546
(23.26);0.47082403719426563
(23.27);0.42394561024839766
(23.28);0.38024949193096075
(23.29);0.39467635923936234
(23.30);0.3495622506102522
(23.31);0.4579948295265888
(24.25);0.4083718328712664
(24.26);0.41219784006169036
(24.27);0.36605092185645655
(24.28);0.3756281229222737
(24.30);0.3286061788705774
(24.31);0.414342886510223
(25.26);0.4072188906242786
(25.27);0.3690778909355585
(25.28);0.4616346012637311
(25.29);0.4560023965488816
(25.30);0.42904289705201476
(26.27);0.4525803517447442
(26.28);0.3704492715997102
(26.29);0.375005162204562
(26.30);0.3502441892767221
(26.31);0.45944892796806747
(27.28);0.3359731277896
(27.29);0.3317845800673908
(27.30);0.32875626917732415
(27.31);0.42149702391925625
(28.30);0.4625045341048416
(28.31);0.4552313902306043
(29.30);0.40360835191288763
(29.31);0.4372125936678264
(30.31);0.4370642794382623
