
****Mix criterion 0.5*C(weight)+0.5*C(distance) ******

(0.1);0.6481720100548538
(0.2);0.6810184600931444
(0.3);0.8106129191028956
(0.4);0.8300781092834335
(0.5);0.6238418293284044
(0.6);0.8514326240599888
(0.7);0.6338832855397237
(0.8);0.5746041625179051
(0.9);0.52420149865813
(0.10);0.4972063434546526
(0.11);0.5186935029605143
(0.12);0.5506283534082648
(0.14);0.4566779333604139
(0.15);0.4305930522738277
(0.16);0.4950614934260811
(0.17);0.38511387878570313
(0.30);0.5418763201293744
(0.31);0.9415762037986583
(1.2);0.4692422451725417
(1.3);0.4296297779467211
(1.4);0.3646734908342702
(1.6);0.3509674402368604
(1.8);0.294883594118272
(1.9);0.30150370210035604
(1.10);0.34165801247637484
(1.11);0.41100111834053915
(1.12);0.4431653380429208
(1.13);0.4054579299155022
(1.14);0.4192847544251399
(1.15);0.37846559315950323
(1.16);0.37577489705438294
(1.17);0.23166597344422846
(1.18);0.2139515031137506
(1.19);0.3961003827111657
(1.20);0.2893155900112128
(1.21);0.36417789174004683
(1.22);0.4187646505215606
(1.23);0.3913432505548392
(1.24);0.3481512407258219
(1.25);0.4289618107055029
(1.26);0.4043805256841385
(1.27);0.39611411252626905
(1.28);0.42129008908168275
(1.29);0.38310159597810006
(1.30);0.4602076788512833
(1.31);0.48688706230999734
(2.3);0.5012166493668444
(2.4);0.41093127833732346
(2.5);0.507071545934746
(2.6);0.38938688347081896
(2.7);0.4235590851147668
(2.8);0.27737906351476543
(2.9);0.2695474534384718
(2.10);0.2909010569538881
(2.11);0.3460344556936758
(2.13);0.45819679684160614
(2.14);0.4280703480186178
(2.15);0.41269935878352904
(2.16);0.4396381006465942
(2.17);0.19338911313312573
(2.18);0.16410903916720376
(2.19);0.4631211824530324
(2.20);0.3187801788134587
(2.21);0.38854638446856665
(2.22);0.43635706141608127
(2.23);0.40647206634848826
(2.24);0.34778448790804506
(2.25);0.39336794871574415
(2.26);0.43409042581600815
(2.27);0.4544182906310668
(2.28);0.3698706499794345
(2.29);0.3474842404771727
(2.30);0.384750512109658
(2.31);0.45590488067871426
(3.5);0.44558665796088176
(3.6);0.43905138921292175
(3.7);0.39766918632859255
(3.8);0.299144021512041
(3.9);0.28155044754146474
(3.10);0.2867475463163802
(3.11);0.32650137355168957
(3.12);0.4456310930110247
(3.13);0.5463042229070573
(3.14);0.3811130019858357
(3.15);0.37659620766047547
(3.16);0.42479637342333626
(3.17);0.20198255330526288
(3.18);0.16154447191276697
(3.19);0.45097186332104194
(3.20);0.29000083055652875
(3.21);0.429823937424508
(3.22);0.46842292266939706
(3.23);0.4411571403283188
(3.24);0.37650140997302395
(3.25);0.39420786988837936
(3.26);0.47879992343678524
(3.27);0.5237363772150119
(3.28);0.3611938871599086
(3.29);0.3523931054399183
(3.30);0.3568883559821409
(3.31);0.4546583482212788
(4.5);0.3723472115137734
(4.7);0.34412094367311863
(4.8);0.31865241288569246
(4.9);0.28547695544549956
(4.10);0.26625848858153284
(4.11);0.28452231993989874
(4.12);0.3725736091394957
(4.13);0.47064066603718213
(4.14);0.31305836705692375
(4.15);0.3157795500974134
(4.16);0.3747235387320787
(4.17);0.2045817182930461
(4.18);0.14861358803223743
(4.19);0.3954529019771018
(4.20);0.2385506694947725
(4.21);0.47617279278459157
(4.22);0.448131811431347
(4.23);0.4536471064981406
(4.24);0.40039844184333434
(4.25);0.3673991387800862
(4.26);0.4725392661116526
(4.27);0.47200269508858383
(4.28);0.328384637769829
(4.29);0.3382685870157255
(4.30);0.3047004285979939
(4.31);0.40803746613310377
(5.6);0.35467368251827486
(5.7);0.46248640389679635
(5.8);0.2741135555780726
(5.9);0.27606606521824567
(5.10);0.311807370596285
(5.11);0.3792855569090487
(5.12);0.48705437846878497
(5.13);0.41720366266111875
(5.14);0.4491129485069767
(5.15);0.4105794385819088
(5.16);0.4083615783086559
(5.17);0.20447851189431376
(5.18);0.18516347067809852
(5.19);0.4255250352664026
(5.20);0.31696054332182966
(5.21);0.36199203218999143
(5.22);0.4150208144715171
(5.23);0.38556421993676687
(5.24);0.33484538683961956
(5.25);0.403538384811831
(5.26);0.40548215003665206
(5.27);0.4109387422093671
(5.28);0.39128405693465207
(5.29);0.3573599909148185
(5.30);0.4257514437685313
(5.31);0.46099656845425946
(6.7);0.33542790911166787
(6.8);0.33713867620993854
(6.9);0.29937473501922957
(6.10);0.2718367116675719
(6.11);0.28138126611593806
(6.12);0.34916189783052687
(6.13);0.4454695848506672
(6.14);0.29125329720757126
(6.15);0.2915832229748613
(6.16);0.34850408698144153
(6.17);0.2188558360601253
(6.18);0.1578895583762719
(6.19);0.3705892985151942
(6.20);0.2144774005803254
(6.21);0.4981915319505406
(6.22);0.44179488925200383
(6.23);0.45914700286395627
(6.24);0.417944737510937
(6.25);0.3675045640381418
(6.26);0.46215007030752
(6.27);0.44339727214873786
(6.28);0.32760482729519314
(6.29);0.344231160873001
(6.30);0.29707838832126887
(6.31);0.40116998078667476
(7.8);0.3170832976150782
(7.9);0.33260818502747874
(7.10);0.38332076117765845
(7.11);0.4624075995379237
(7.12);0.39731642145763907
(7.13);0.37904419110054344
(7.14);0.3825054869955656
(7.15);0.33912884918120656
(7.16);0.33441926388498794
(7.17);0.26673132971776914
(7.18);0.2532349505017745
(7.19);0.3572799274503883
(7.20);0.25394939821463314
(7.21);0.35543058403994593
(7.22);0.40717612867474434
(7.23);0.3854334040874885
(7.24);0.35623305103267966
(7.25);0.455365156760275
(7.26);0.3887461153923025
(7.27);0.36760651446238224
(7.28);0.46558509782697904
(7.29);0.41402456956486017
(7.31);0.48799926276260436
(8.9);0.48354214984090904
(8.10);0.3840562165292367
(8.11);0.32381047191442003
(8.12);0.2325390806314704
(8.13);0.30125472658410934
(8.14);0.19381700759881323
(8.15);0.16870615978833847
(8.16);0.1990465122738488
(8.17);0.39884451065081467
(8.18);0.30961698255647246
(8.19);0.22993402763920995
(8.20);0.08534789748599467
(8.21);0.3616107629223087
(8.22);0.3472454608127348
(8.23);0.3681715001990075
(8.24);0.4301092009880888
(8.25);0.37560970915804054
(8.26);0.3378747167690194
(8.27);0.28929892864440904
(8.28);0.36042930948719526
(8.29);0.4122764402749102
(8.30);0.3029557044567743
(8.31);0.3544721312307387
(9.10);0.44181403363492033
(9.11);0.3600595365766006
(9.12);0.22765981962349727
(9.13);0.28040051516976167
(9.14);0.1975572752474029
(9.15);0.16530051549293148
(9.16);0.1850131334697949
(9.17);0.4516343054915662
(9.18);0.365427475846581
(9.19);0.21610923146222524
(9.20);0.08191321128795027
(9.21);0.3278211582800546
(9.22);0.3292889533890561
(9.23);0.3427572366362141
(9.24);0.39197664004310234
(9.25);0.3822927761489503
(9.26);0.31536285675342884
(9.27);0.26723192063030987
(9.28);0.383264755836141
(9.29);0.4302227401583024
(9.30);0.329568231139152
(9.31);0.35255455614220754
(10.11);0.44540139637078363
(10.12);0.25719139266889285
(10.13);0.2796541675746274
(10.14);0.24152003765819646
(10.15);0.20038040146828803
(10.16);0.2031851376451542
(10.17);0.40343232644740556
(10.18);0.38967211724482903
(10.19);0.23192088832363794
(10.20);0.11939278867447314
(10.21);0.30182559390607944
(10.22);0.32621871773530126
(10.23);0.32649040851398786
(10.24);0.3495926695735033
(10.25);0.4028070505418611
(10.26);0.3077593186318296
(10.27);0.2660209434033734
(10.28);0.43272146850544035
(10.29);0.44096640001173415
(10.30);0.3999757092974975
(10.31);0.37201853532624696
(11.12);0.3226808823519109
(11.13);0.3131899989737892
(11.14);0.3186840424940328
(11.15);0.27208853181459913
(11.16);0.26155729188702764
(11.17);0.31230123401251786
(11.18);0.3165010859667072
(11.19);0.2856184177034434
(11.20);0.19322353065427608
(11.21);0.30751643845009985
(11.22);0.34983636620755
(11.23);0.3369985307993281
(11.24);0.3309381653663369
(11.25);0.42404944803229555
(11.26);0.33040420373545293
(11.27);0.3008041715462662
(11.28);0.47134141643800426
(11.29);0.41988500900731224
(11.30);0.5205032271121666
(11.31);0.41228726550742756
(12.13);0.41738778259225345
(12.15);0.4785441440776744
(12.16);0.48172352468050766
(12.17);0.15362505063207432
(12.18);0.1316455580164374
(12.19);0.48354764900079167
(12.20);0.3679104193135408
(12.21);0.34544887641102245
(12.22);0.3893452388078379
(12.23);0.3610397646734276
(12.24);0.3027460081657581
(12.25);0.35393106652907785
(12.26);0.38881707062017157
(12.27);0.4197571953458927
(12.28);0.3371940030520594
(12.29);0.3080372416835555
(12.30);0.36679855646378695
(12.31);0.40635329061131714
(13.14);0.3583394381422955
(13.15);0.3560999050477294
(13.16);0.40554154698541367
(13.17);0.20114910690860077
(13.18);0.15704231656661433
(13.19);0.42581337516321316
(13.20);0.2737811315780803
(13.21);0.43022913454582556
(13.22);0.4524973548986985
(13.23);0.43567432133782824
(13.24);0.37721529462807485
(13.25);0.3826040125344529
(13.26);0.46477677325228084
(13.27);0.48635576505851785
(13.28);0.349130947045096
(13.29);0.34541869543101184
(13.30);0.3400783586439149
(13.31);0.43591792762155085
(14.15);0.5013381063351867
(14.16);0.42811017428439846
(14.17);0.12935379056149537
(14.18);0.12037024593000352
(14.19);0.4157734147081297
(14.20);0.39426509864849685
(14.21);0.29202622188043637
(14.22);0.33902671697068204
(14.23);0.3106971294327976
(14.24);0.25700511089736516
(14.25);0.3231943884016519
(14.26);0.3349055688541591
(14.27);0.3590902999844663
(14.28);0.31771605260605773
(14.29);0.2793753393258065
(14.30);0.36637107682943965
(14.31);0.36614205441110265
(15.16);0.47359996056195375
(15.17);0.0932529214727737
(15.18);0.07771974518678464
(15.19);0.4333631041029178
(15.20);0.4377891433413844
(15.21);0.28457980602552174
(15.22);0.32414081028100356
(15.23);0.29741275300113224
(15.24);0.23937712112758555
(15.25);0.2913055620743671
(15.26);0.32537038232114857
(15.27);0.3615740064732281
(15.28);0.2790910260312079
(15.29);0.24641301232303664
(15.30);0.3173514977232869
(15.31);0.33687998287539667
(16.17);0.10774213437988686
(16.18);0.07810195918940502
(16.20);0.3875288145670226
(16.21);0.33222950134206053
(16.22);0.36059265978596605
(16.23);0.3376378891427073
(16.24);0.2768071277285519
(16.25);0.3060476079929418
(16.26);0.3684579048207723
(16.27);0.4165989254297537
(16.28);0.2830079490917855
(16.29);0.26163059834841995
(16.30);0.302176607682055
(16.31);0.3559395860698227
(17.18);0.4268993079846823
(17.19);0.13932031639698525
(17.20);0.01136081062551516
(17.21);0.24779159316207425
(17.22);0.2496938636665002
(17.23);0.26214584905625826
(17.24);0.31123861485698995
(17.25);0.30789015443111567
(17.26);0.23540946574791632
(17.27);0.18792276670787506
(17.28);0.31918335120955366
(17.29);0.35385782139597904
(17.30);0.2737778493263373
(17.31);0.2743007901859432
(18.19);0.10732817961284896
(18.20);0.0
(18.21);0.18803161881408834
(18.22);0.2034468040824998
(18.23);0.20819183108250347
(18.24);0.24399656096575814
(18.25);0.27284638890572005
(18.26);0.1865425145386694
(18.27);0.14339989413659812
(18.28);0.2980573069448516
(18.29);0.3113861206892689
(18.30);0.2744692216997456
(18.31);0.24019887547177438
(19.20);0.34734794579813444
(19.21);0.356235184047909
(19.22);0.38560589508745663
(19.23);0.3632687627059239
(19.24);0.30466663021647417
(19.25);0.3327148376958611
(19.26);0.3921743155274524
(19.27);0.4333138210745641
(19.28);0.30866550294188116
(19.29);0.2899193059838615
(19.31);0.38442608669601286
(20.21);0.2040121829148257
(20.22);0.2390557185316491
(20.23);0.21400483108442625
(20.24);0.156491719312733
(20.25);0.20594847610002393
(20.26);0.24189541880333798
(20.27);0.2806639895897276
(20.28);0.19580156669596463
(20.29);0.16224147551091206
(20.30);0.23728147247648784
(20.31);0.24803340209944075
(21.22);0.4491211020988572
(21.23);0.47123175263996653
(21.24);0.43702391354658693
(21.25);0.39058273746720723
(21.26);0.45850608739819965
(21.27);0.42214098696571045
(21.28);0.3522376018318006
(21.29);0.37085051349327436
(21.30);0.3196072483589065
(21.31);0.42212943306574446
(22.23);0.47266078682940443
(22.24);0.4174289888538597
(22.25);0.42583268002620656
(22.26);0.48121236965587183
(22.27);0.43905737975981124
(22.28);0.38923028247682495
(22.29);0.39205820630933147
(22.30);0.3690689275688769
(22.31);0.48624277594508813
(23.24);0.44133164346823295
(23.25);0.4185989878543546
(23.26);0.47082403719426563
(23.27);0.42394561024839766
(23.28);0.38024949193096075
(23.29);0.39467635923936234
(23.30);0.3497600295373049
(23.31);0.45750445335709644
(24.25);0.4083718328712664
(24.26);0.41219784006169036
(24.27);0.36605092185645655
(24.28);0.3756281229222737
(24.29);0.4117465388067217
(24.30);0.32878207691099565
(24.31);0.41402218618339753
(25.26);0.4072188906242786
(25.27);0.3690778909355585
(25.28);0.4616346012637311
(25.29);0.4560023965488816
(25.30);0.4294014190133315
(26.27);0.4525803517447442
(26.28);0.3704492715997102
(26.29);0.375005162204562
(26.30);0.35044276685658077
(26.31);0.45895062194555913
(27.28);0.3359731277896
(27.29);0.3317845800673908
(27.30);0.32893230748176194
(27.31);0.42115575718564185
(28.29);0.4518388607763606
(28.30);0.4630141907062512
(28.31);0.4547555830408436
(29.30);0.40389537215194443
(29.31);0.43681745727570415
(30.31);0.43705456759223416
