
****Mix criterion 0.5*C(weight)+0.5*C(distance) ******

(0.1);0.6484516409190089
(0.2);0.681323615190129
(0.3);0.8110019412492231
(0.4);0.8308976590272454
(0.5);0.6243534594362223
(0.6);0.8523051067769163
(0.7);0.6340360996614027
(0.8);0.5750307608566487
(0.9);0.5245690287317236
(0.10);0.4975450813878365
(0.11);0.5190535814622531
(0.12);0.5506483914164026
(0.14);0.45696965973252546
(0.15);0.4308607769342272
(0.16);0.49511329537244403
(0.17);0.38534130580664516
(0.30);0.541807168968762
(0.31);0.9415762037986583
(1.2);0.468308942605538
(1.3);0.4289847841784957
(1.4);0.36446840713682904
(1.6);0.3507854568300638
(1.7);0.5100604061908878
(1.8);0.2947405130458538
(1.9);0.3013560061922844
(1.10);0.3414770755000811
(1.11);0.4107155724541888
(1.12);0.442162380711552
(1.13);0.40518395795902534
(1.14);0.41896703953499814
(1.15);0.3782264482912418
(1.16);0.37522328292212065
(1.17);0.23154079915800285
(1.18);0.21384878029477264
(1.19);0.39583588984233337
(1.20);0.28917742037090155
(1.21);0.3639693231160812
(1.22);0.41844027253713595
(1.23);0.3910888008832266
(1.24);0.34796298466760994
(1.25);0.42860185119953975
(1.26);0.40409668379013797
(1.27);0.3958495896041838
(1.28);0.42095749917211095
(1.29);0.38286295010152815
(1.30);0.45888712144654137
(1.31);0.4853576479460361
(2.3);0.49983487812503224
(2.4);0.41064669954483696
(2.5);0.5063603999363065
(2.6);0.38915410123884564
(2.7);0.4228442447798422
(2.8);0.2772464023028032
(2.9);0.26941875041913177
(2.10);0.29075997202155107
(2.11);0.345848817571808
(2.12);0.5003025105004728
(2.13);0.4577050094503541
(2.14);0.42772854859640114
(2.15);0.4123940334780082
(2.16);0.4387443996836145
(2.17);0.19327881160934587
(2.18);0.16402128734018573
(2.19);0.46257469140113083
(2.20);0.31862066714435333
(2.21);0.3882975130471168
(2.22);0.43596674148023495
(2.23);0.4061829183803834
(2.24);0.3475966521710643
(2.25);0.39310931291381945
(2.26);0.4337098702641781
(2.27);0.45393226212247784
(2.28);0.36965382206725755
(2.29);0.34729674749839706
(2.30);0.3840299029917476
(2.31);0.4547731432884484
(3.4);0.46481362678613564
(3.5);0.4452016100597872
(3.6);0.43868040942569486
(3.7);0.3970723611893495
(3.8);0.29898928238028655
(3.9);0.28140696271495474
(3.10);0.2866005866432993
(3.11);0.32632404597001863
(3.12);0.4445854070167036
(3.13);0.5443215658946063
(3.14);0.38085937248597146
(3.15);0.3763467273437996
(3.16);0.4239918191150715
(3.17);0.20186307800915704
(3.18);0.16145158909926774
(3.19);0.450478978699056
(3.20);0.2898530821826379
(3.21);0.42943801556697847
(3.22);0.4678001138536042
(3.23);0.4407194000724742
(3.24);0.37625940694876403
(3.25);0.39393071594032425
(3.26);0.4780745945552328
(3.27);0.5222733329959365
(3.28);0.36097608442591134
(3.29);0.35218722666118885
(3.30);0.3562704608572923
(3.31);0.4535191378904987
(4.5);0.37233206851016315
(4.7);0.34386512069370173
(4.8);0.3186294599230241
(4.9);0.28545692632625486
(4.10);0.26623967651059033
(4.11);0.28450169030180106
(4.12);0.37217531176007407
(4.13);0.47059898396641286
(4.14);0.3130275117211557
(4.15);0.3157456927634318
(4.16);0.37436228289550133
(4.17);0.2045541328069673
(4.18);0.1486075218694549
(4.19);0.39543397032349636
(4.20);0.2385425688127102
(4.21);0.47612604440379697
(4.22);0.4480997601898809
(4.23);0.4536127828762973
(4.24);0.4003787161398623
(4.25);0.36738377531849437
(4.26);0.47249492346429767
(4.27);0.4719586931069276
(4.28);0.3283725207790056
(4.29);0.33825577988629457
(4.30);0.3043638309541225
(4.31);0.40751237980834215
(5.6);0.35466692285532453
(5.7);0.46188018544609416
(5.8);0.2741030964335967
(5.9);0.2760552010491206
(5.10);0.31179425094511726
(5.11);0.3792658454435942
(5.12);0.48603882792607594
(5.13);0.4172026524474178
(5.14);0.4490602771243773
(5.15);0.41053692748312565
(5.16);0.40792354784321605
(5.17);0.2044573741161341
(5.18);0.1851631598149865
(5.19);0.42552388942743546
(5.20);0.31696001867816226
(5.21);0.3619913505032939
(5.22);0.4150197806565685
(5.23);0.3855634144171175
(5.24);0.33484480903818403
(5.25);0.4035374526974136
(5.26);0.40548120201438304
(5.27);0.4109377467679218
(5.28);0.39128321475973266
(5.29);0.357359329406776
(5.30);0.42506710067909076
(5.31);0.4602053860719337
(6.7);0.33519021747583816
(6.8);0.33711960366434407
(6.9);0.2993585531337502
(6.10);0.2718220113602079
(6.11);0.2813656286984564
(6.12);0.3488222926076
(6.13);0.4454554943357716
(6.14);0.2912302869099896
(6.15);0.29155784837587284
(6.16);0.34820161251624754
(6.17);0.21883064701818583
(6.18);0.15788659954565842
(6.19);0.37058184819870754
(6.20);0.21447386873700192
(6.21);0.49816089276570635
(6.22);0.44178083484723085
(6.23);0.4591296168697685
(6.24);0.41793379329535174
(6.25);0.3674972693595149
(6.26);0.462131982055189
(6.27);0.44338295524335325
(6.28);0.32759909917878755
(6.29);0.34422486632913435
(6.30);0.2967583492120158
(6.31);0.4006802662692031
(7.8);0.31686004675878277
(7.9);0.33236654296250895
(7.10);0.3829946674601681
(7.11);0.461783636903012
(7.12);0.3965296788873378
(7.13);0.37872744722592927
(7.14);0.3821714587460034
(7.15);0.3388678743016374
(7.16);0.3339164530591053
(7.17);0.2665371351341867
(7.18);0.2530638601005352
(7.19);0.3569937617476868
(7.20);0.25377782849913444
(7.21);0.355147737022566
(7.22);0.4067615245599901
(7.23);0.3850858123768528
(7.24);0.35594877302728867
(7.25);0.4546785960393253
(7.26);0.3883896448259961
(7.27);0.367300368329927
(7.28);0.46480226969966054
(7.29);0.4135837648302136
(7.30);0.5224425269410872
(7.31);0.4862761872234431
(8.9);0.4834557716114855
(8.10);0.38401945524590564
(8.11);0.3237841330296548
(8.12);0.23233146186435774
(8.13);0.3012431601686675
(8.14);0.19379651320239694
(8.15);0.1686856407950332
(8.16);0.19887961603344334
(8.17);0.39877299496444607
(8.18);0.30960434977232953
(8.19);0.2299249917106688
(8.20);0.08534196172659347
(8.21);0.3615938022610501
(8.22);0.3472299553535268
(8.23);0.368153785151429
(8.24);0.43007947302840027
(8.25);0.37559105844997537
(8.26);0.3378600379473544
(8.27);0.28928745414514345
(8.28);0.36041247823350575
(8.29);0.41225142584388724
(8.30);0.3026209760428383
(8.31);0.3541001897216756
(9.10);0.44175554898275415
(9.11);0.36002700824472
(9.12);0.22745552057744084
(9.13);0.280389667439449
(9.14);0.19753630104929357
(9.15);0.16527998012090264
(9.16);0.18485313998660982
(9.17);0.4515242727496736
(9.18);0.3654095530840895
(9.19);0.21610034968446096
(9.20);0.08190713498591147
(9.21);0.32780684465356263
(9.22);0.3292745253961046
(9.23);0.3427416709422182
(9.24);0.3919549388727724
(9.25);0.3822726130621496
(9.26);0.31534944754822014
(9.27);0.26722115982568295
(9.28);0.38324444761053733
(9.29);0.4301921539718769
(9.30);0.32918810537814813
(9.31);0.3521865589835706
(10.11);0.44533952248827924
(10.12);0.2569637534022592
(10.13);0.27964301386994467
(10.14);0.2414954267233608
(10.15);0.2003573277590992
(10.16);0.20301564966173366
(10.17);0.40335742946282754
(10.18);0.38965016637304983
(10.19);0.23191120023523568
(10.20);0.11938590964394853
(10.21);0.30181265611614333
(10.22);0.3262040854282558
(10.23);0.32647575491905967
(10.24);0.3495759591003819
(10.25);0.40278265918959966
(10.26);0.3077460047192555
(10.27);0.2660098977508758
(10.28);0.4326892214821399
(10.29);0.440931183365114
(10.30);0.3993983699377042
(10.31);0.37160638802726337
(11.12);0.322378363093908
(11.13);0.31317654579059656
(11.14);0.3186496696665928
(11.15);0.2720584104849813
(11.16);0.2613490709942757
(11.17);0.312256773090147
(11.18);0.3164867438142826
(11.19);0.28560603138026686
(11.20);0.19321476207732644
(11.21);0.3075027243712709
(11.22);0.3498191166869085
(11.23);0.3369825251223498
(11.24);0.330922688898568
(11.25);0.4240190664818167
(11.26);0.33038877228575136
(11.27);0.30079089291576144
(11.28);0.4712892562268535
(11.29);0.4198558093629239
(11.30);0.5188421046300756
(11.31);0.41174773745486043
(12.13);0.41681445154531926
(12.14);0.4881328243007994
(12.15);0.4775905880200662
(12.16);0.48002618518690565
(12.17);0.1534519781685628
(12.18);0.13149049822066158
(12.19);0.4822819233995846
(12.20);0.36750275641805263
(12.21);0.3450944261796067
(12.22);0.38887084198206207
(12.23);0.3606499077653298
(12.24);0.3024629832167225
(12.25);0.3535581484068998
(12.26);0.3883445582763683
(12.27);0.4191456790974062
(12.28);0.3368559233179191
(12.29);0.30774691688482514
(12.30);0.365988514645447
(12.31);0.40539343602051936
(13.14);0.3583123232762898
(13.15);0.3560698375603724
(13.16);0.405083123352313
(13.17);0.20112828836198235
(13.18);0.15704231656661433
(13.19);0.42581337516321316
(13.20);0.2737811315780803
(13.21);0.43022913454582556
(13.22);0.4524973548986985
(13.23);0.43567432133782824
(13.24);0.37721529462807485
(13.25);0.3826040125344529
(13.26);0.46477677325228084
(13.28);0.349130947045096
(13.29);0.34541869543101184
(13.30);0.33967722844057185
(13.31);0.4352182570709015
(14.15);0.5011643208479875
(14.16);0.42756986255404617
(14.17);0.12932629264285186
(14.18);0.12035909715947887
(14.19);0.41572969268741244
(14.20);0.3942285871561358
(14.21);0.29200627582308725
(14.22);0.3390014106798113
(14.23);0.310675341048016
(14.24);0.2569879104081922
(14.25);0.32317117177530424
(14.26);0.3348808403945515
(14.27);0.3590617694061972
(14.28);0.31769348368088346
(14.29);0.2793564782885577
(14.30);0.3658980260924614
(14.31);0.36573574728693464
(15.16);0.47279178465522964
(15.17);0.09322654780704545
(15.18);0.07770843830662429
(15.19);0.43330513286930217
(15.20);0.43772848998098035
(15.21);0.28455809141928523
(15.22);0.32411455966277436
(15.23);0.2973897434879188
(15.24);0.2393590171712074
(15.25);0.29128318700097555
(15.26);0.32534396135987886
(15.27);0.3615414169714247
(15.28);0.2790698229316015
(15.29);0.24639442575350815
(15.30);0.31698424856628926
(15.31);0.336531602916228
(16.17);0.10760307868963144
(16.18);0.07798051749921683
(16.19);0.5051179676487282
(16.20);0.3871127203284698
(16.21);0.33193602720377924
(16.22);0.3602462800237384
(16.23);0.337335550554632
(16.24);0.27658207455340117
(16.25);0.3057908333269169
(16.26);0.36809353714831256
(16.27);0.416072671582597
(16.28);0.28277682244847774
(16.29);0.2614191747005299
(16.30);0.301623690383433
(16.31);0.35527943834417125
(17.18);0.4268250449477469
(17.19);0.1393021289553788
(17.20);0.011347319491897758
(17.21);0.24776586981054746
(17.22);0.24966795324273366
(17.23);0.2621186452038525
(17.24);0.311204801986652
(17.25);0.3078568891960383
(17.26);0.2353848982480167
(17.27);0.1879018222044787
(17.28);0.3191481668528676
(17.29);0.3538151582433243
(17.30);0.2734672606605629
(17.31);0.2740315828055546
(18.19);0.10732817961284896
(18.20);0.0
(18.21);0.18803161881408834
(18.22);0.2034468040824998
(18.23);0.20819183108250347
(18.24);0.24399656096575814
(18.25);0.27284638890572005
(18.26);0.1865425145386694
(18.27);0.14339989413659812
(18.28);0.2980573069448516
(18.29);0.3113861206892689
(18.30);0.2741632400757594
(18.31);0.23997085300965934
(19.20);0.34734794579813444
(19.21);0.356235184047909
(19.22);0.38560589508745663
(19.23);0.3632687627059239
(19.24);0.30466663021647417
(19.25);0.3327148376958611
(19.26);0.3921743155274524
(19.27);0.4333138210745641
(19.28);0.30866550294188116
(19.29);0.2899193059838615
(19.30);0.3232598978207722
(19.31);0.3839527069345094
(20.21);0.2040121829148257
(20.22);0.2390557185316491
(20.23);0.21400483108442625
(20.24);0.156491719312733
(20.25);0.20594847610002393
(20.26);0.24189541880333798
(20.27);0.2806639895897276
(20.28);0.19580156669596463
(20.29);0.16224147551091206
(20.30);0.23701683387351077
(20.31);0.24779861660058142
(21.22);0.4491211020988572
(21.23);0.47123175263996653
(21.24);0.43702391354658693
(21.25);0.39058273746720723
(21.26);0.45850608739819965
(21.27);0.42214098696571045
(21.28);0.3522376018318006
(21.29);0.37085051349327436
(21.30);0.3192305691973103
(21.31);0.42148952550786833
(22.23);0.47266078682940443
(22.24);0.4174289888538597
(22.25);0.42583268002620656
(22.26);0.48121236965587183
(22.27);0.43905737975981124
(22.28);0.38923028247682495
(22.29);0.39205820630933147
(22.30);0.3685681793625301
(22.31);0.48496438785942486
(23.24);0.44133164346823295
(23.25);0.4185989878543546
(23.26);0.47082403719426563
(23.27);0.42394561024839766
(23.28);0.38024949193096075
(23.29);0.39467635923936234
(23.30);0.34931583879639616
(23.31);0.4565929174864429
(24.25);0.4083718328712664
(24.26);0.41219784006169036
(24.27);0.36605092185645655
(24.28);0.3756281229222737
(24.29);0.4117465388067217
(24.30);0.3283870283481275
(24.31);0.4134260522971724
(25.26);0.4072188906242786
(25.27);0.3690778909355585
(25.28);0.4616346012637311
(25.29);0.4560023965488816
(25.30);0.4285962162649775
(25.31);0.4998578281678148
(26.27);0.4525803517447442
(26.28);0.3704492715997102
(26.29);0.375005162204562
(26.30);0.3499967824251767
(26.31);0.4580243456655571
(27.28);0.3359731277896
(27.29);0.3317845800673908
(27.30);0.328536943900607
(27.31);0.420521393428789
(28.29);0.4518388607763606
(28.30);0.4618695553967026
(28.31);0.4538711287219669
(29.30);0.4032507547776755
(29.31);0.43608295789007345
(30.31);0.4357299679654428
