
****Importance edges******

(0.1);17.491882108068065
(0.2);19.10775400463908
(0.3);26.057183212590168
(0.4);27.170806974225883
(0.5);16.405665906345057
(0.6);28.44201991053259
(0.7);16.86312666312071
(0.8);14.289002737498404
(0.9);12.342843981137941
(0.10);11.406770524680288
(0.11);12.159359492842766
(0.12);13.344204920787488
(0.13);28.841864968066822
(0.14);10.164429679198207
(0.15);9.432562715938205
(0.16);11.383517553407835
(0.17);8.309161091561084
(0.30);13.069212344669122
(0.31);33.929218000208486
(1.2);1.9265502089397901
(1.3);1.309550819831895
(1.4);0.8158813269373897
(1.5);4.261233492794018
(1.6);0.7763117268202531
(1.7);3.261948031950066
(1.8);0.6033767453181198
(1.9);0.6324255944539338
(1.10);0.7868259082253765
(1.11);1.261281473855868
(1.12);1.6755169635033862
(1.13);1.371220532062278
(1.14);1.4170193474070767
(1.15);1.0702928926322677
(1.16);1.068288306832665
(1.17);0.5534081608222617
(1.18);0.2086776516001136
(1.19);0.5373075941844973
(1.20);0.2806865733382829
(1.21);0.4236995351143588
(1.22);0.658962017339297
(1.23);0.5169052061734022
(1.24);0.38243530033554285
(1.25);0.7312445776202329
(1.26);0.5766144314872702
(1.27);0.537368646269006
(1.28);0.675644243079236
(1.29);0.4848003742746859
(1.30);2.1483798573006996
(1.31);2.8929740087329083
(2.3);2.8492660576799698
(2.4);1.1495267410659222
(2.5);3.121177986237234
(2.6);1.0077590154583678
(2.7);1.330976561278509
(2.8);0.5674605213778245
(2.9);0.5588650169812891
(2.10);0.6220158958522363
(2.11);0.831123512150455
(2.12);3.0945158244881426
(2.13);2.493606898626829
(2.14);1.5440216322657812
(2.15);1.3837043836900034
(2.16);1.7521853840952253
(2.17);0.4935637168052639
(2.18);0.184015100609761
(2.19);1.1459887425174136
(2.20);0.33449509641353076
(2.21);0.5218820076257747
(2.22);0.8184987675527413
(2.23);0.606341705352695
(2.24);0.3938905116075532
(2.25);0.5423578599985488
(2.26);0.7980229077534561
(2.27);1.0191991203651678
(2.28);0.45468694419366457
(2.29);0.39317174952867395
(2.30);1.186266180302666
(2.31);2.165147762603341
(3.4);1.9358620353602878
(3.5);1.60893824954253
(3.6);1.5315312899173559
(3.7);1.097808277147959
(3.8);0.6326073805273728
(3.9);0.5954159886449809
(3.10);0.6191149954437162
(3.11);0.7585515535074717
(3.12);1.7544563257762855
(3.13);9.550098869593455
(3.14);1.09675848261722
(3.15);1.082966273210218
(3.16);1.5592899857618236
(3.17);0.513229797298738
(3.18);0.18848424267415426
(3.19);1.000195635778382
(3.20);0.29982124044272074
(3.21);0.7831393807686652
(3.22);1.2638468146365205
(3.23);0.8882928660589676
(3.24);0.49108930957233676
(3.25);0.5624200003776724
(3.26);1.4718876375360757
(3.27);2.9689107300078774
(3.28);0.44198040329784616
(3.29);0.41778348684303984
(3.30);1.009642206000638
(3.31);2.157445703101781
(4.5);0.9092200176402004
(4.6);5.43224553266161
(4.7);0.7904676646752962
(4.8);0.7036291674303735
(4.9);0.6139246350234675
(4.10);0.5765514621165737
(4.11);0.6321810923552866
(4.12);1.0122611491379396
(4.13);3.0023146883996406
(4.14);0.7576839174055622
(4.15);0.7811995966474312
(4.16);1.0987197441384753
(4.17);0.5238664485648601
(4.18);0.18746767133880526
(4.19);0.585060629467508
(4.20);0.2503421119598842
(4.21);1.444704074156227
(4.22);0.9905061595886765
(4.23);1.0607314194403807
(4.24);0.6095998125980675
(4.25);0.47478982539226733
(4.26);1.3703576937562703
(4.27);1.3598298184706026
(4.28);0.37446144040931595
(4.29);0.39578936751549565
(4.30);0.7815836189222363
(4.31);1.480087601952218
(5.6);0.8407664340061661
(5.7);1.9924310617498489
(5.8);0.584493094763382
(5.9);0.5988105139855634
(5.10);0.7133754667826138
(5.11);1.0575752813329502
(5.12);2.7102488229203496
(5.13);1.6035196358133352
(5.14);1.9260724684370005
(5.15);1.4090082080689046
(5.16);1.4031346386393697
(5.17);0.5304148160671495
(5.18);0.21555315173690096
(5.19);0.7945272089082014
(5.20);0.3637890494796874
(5.21);0.4726830249983887
(5.22);0.7168495130214595
(5.23);0.5585490606435694
(5.24);0.4006487604423421
(5.25);0.646330145624645
(5.26);0.6573606841978037
(5.27);0.6902412432159141
(5.28);0.5839659038682399
(5.29);0.45869110211635744
(5.30);1.6554363398055199
(5.31);2.3333789679796255
(6.7);0.7767807294255381
(6.8);0.7968815125423121
(6.9);0.6720065281664863
(6.10);0.6068061494068098
(6.11);0.6416359993386277
(6.12);0.9048732496117872
(6.13);2.1957482396033723
(6.14);0.7043865900549638
(6.15);0.71763264131291
(6.16);0.964642507860919
(6.17);0.5631737403659125
(6.18);0.20502697840260378
(6.19);0.5162566151822391
(6.20);0.2447328892427725
(6.21);2.123088580573541
(6.22);0.9738753312679593
(6.23);1.2047319770962441
(6.24);0.7583602259056873
(6.25);0.5054719626372709
(6.26);1.2533937235664079
(6.27);0.9920648508004144
(6.28);0.3969197808169612
(6.29);0.436169378378493
(6.30);0.7740914255913319
(6.31);1.4402371745972196
(7.8);0.7290041812471019
(7.9);0.8005804895330149
(7.10);1.0963686224995086
(7.11);2.1293143306800144
(7.12);1.24015423902414
(7.13);1.189491537133881
(7.14);1.1611890959749276
(7.15);0.9130492211440588
(7.16);0.9046105300093465
(7.17);0.6786344814216856
(7.18);0.29074816209764065
(7.19);0.48630520188818044
(7.20);0.291562700721424
(7.21);0.48066548364083944
(7.22);0.7045712879840846
(7.23);0.5906915308844709
(7.24);0.4830972806977632
(7.25);1.1667297892726793
(7.26);0.6057801094903199
(7.27);0.5202596095391143
(7.28);1.3303250071744377
(7.29);0.749096182568082
(7.30);4.2583148740003365
(7.31);3.05273260737799
(8.9);2.6293215746026384
(8.10);1.1189999611881034
(8.11);0.8017459772701161
(8.12);0.5558200378963111
(8.13);0.7647253161854611
(8.14);0.5060957574684375
(8.15);0.47743873319202845
(8.16);0.5322478913819477
(8.17);1.3797988538080175
(8.18);0.3845373089477238
(8.19);0.27505034565187536
(8.20);0.18068233580814672
(8.21);0.5162762986043657
(8.22);0.4719804827178766
(8.23);0.5392395410761526
(8.24);0.9049081730387336
(8.25);0.5677207025971709
(8.26);0.44681793955639026
(8.27);0.34927954275158846
(8.28);0.5123371797349969
(8.29);0.7614300918646297
(8.30);0.8147081888443679
(8.31);1.0959763453909543
(9.10);1.7802513289505422
(9.11);0.9901504739123191
(9.12);0.5544582193838901
(9.13);0.7051147246994938
(9.14);0.5193544710345592
(9.15);0.4794170826468883
(9.16);0.5166616245934798
(9.17);2.133598686794624
(9.18);0.5455623067265977
(9.19);0.27035805262847823
(9.20);0.18496040207171996
(9.21);0.4357015326353059
(9.22);0.43918280565526097
(9.23);0.4738140075363583
(9.24);0.6605756534194503
(9.25);0.613756955767318
(9.26);0.40817128098992667
(9.27);0.3275549401103122
(9.28);0.6181749276184153
(9.29);0.9310322796629275
(9.30);0.9367580426300939
(9.31);1.0971529355073038
(10.11);1.8834182554902767
(10.12);0.6264349064679935
(10.13);0.7129568815615386
(10.14);0.6110739490161797
(10.15);0.5404890816894624
(10.16);0.5543292018343228
(10.17);1.4596584189160686
(10.18);0.6681764738121085
(10.19);0.2949018522689361
(10.20);0.20939516231619726
(10.21);0.3938215732564722
(10.22);0.4454020516232445
(10.23);0.4460500469528822
(10.24);0.5086606636095142
(10.25);0.7424638032382286
(10.26);0.4052706081974166
(10.27);0.3362256046607158
(10.28);0.9815875440658238
(10.29);1.0719817870934705
(10.30);1.440835743743396
(10.31);1.2435420498214864
(11.12);0.8443044650482533
(11.13);0.845866035391556
(11.14);0.8558028390925236
(11.15);0.7079634486229238
(11.16);0.6898684452860927
(11.17);0.8709243332050853
(11.18);0.43656985154393224
(11.19);0.377035127662095
(11.20);0.2669122614124022
(11.21);0.41745152200246216
(11.22);0.5250690721130469
(11.23);0.4872069279032867
(11.24);0.4710979939619611
(11.25);0.9248032366152354
(11.26);0.46972766052795745
(11.27);0.4041966349654611
(11.28);1.5877376675785657
(11.29);0.8888264493647413
(11.30);4.199143484991136
(11.31);1.6477698776337262
(12.13);1.7297727691682974
(12.14);3.016111877912099
(12.15);2.7438446734833066
(12.16);2.8386252443887665
(12.17);0.5005244481213057
(12.18);0.23019927299909512
(12.19);1.8790758220491732
(12.20);0.6052097624697047
(12.21);0.5262110992602869
(12.22);0.7042818795180696
(12.23);0.5787752806506723
(12.24);0.4201742765275275
(12.25);0.553628232154332
(12.26);0.7014842079624167
(12.27);0.9078471638918749
(12.28);0.5019077229234861
(12.29);0.431011515699196
(12.30);1.1905318244687857
(12.31);1.5914105647445456
(13.14);1.1403426210142789
(13.15);1.1409483865766223
(13.16);1.6472148407888627
(13.17);0.5924187243368996
(13.18);0.2576928573178206
(13.19);1.1913107706363393
(13.20);0.3906746197819098
(13.21);1.2667099973142897
(13.22);1.8605376068928683
(13.23);1.373940175677684
(13.24);0.7197844963183117
(13.25);0.7528245652044531
(13.26);2.5091839506419116
(13.27);6.478067225663365
(13.28);0.5857947594283514
(13.29);0.571726814068746
(13.30);1.083589283037445
(13.31);2.2956931355440764
(14.15);3.547902352059097
(14.16);1.8207319141869696
(14.17);0.4831731372817117
(14.18);0.23815752007319804
(14.19);0.9339799400834078
(14.20);0.7799502604935147
(14.21);0.4260831759878043
(14.22);0.5405872748658261
(14.23);0.4654385588540493
(14.24);0.3674329681838469
(14.25);0.49594833288555173
(14.26);0.5282437738179435
(14.27);0.6094637746643868
(14.28);0.4821122865824992
(14.29);0.4029052214548048
(14.30);1.223329316857863
(14.31);1.2632379460467085
(15.16);2.7394486811230867
(15.17);0.4483286457259221
(15.18);0.2213355103174986
(15.19);1.1348039772311502
(15.20);1.1873073993112286
(15.21);0.4250698145330884
(15.22);0.5138635856674706
(15.23);0.45041800010585686
(15.24);0.35439027980295945
(15.25);0.4379986536750868
(15.26);0.5171981008713292
(15.27);0.6379490991639717
(15.28);0.4150569215504854
(15.29);0.36383757440623343
(15.30);0.9572060688991592
(15.31);1.0898678182313652
(16.17);0.471352739055298
(16.18);0.22856576827708672
(16.19);2.786586724612911
(16.20);0.7831322107187404
(16.21);0.5523485532997632
(16.22);0.651922386344624
(16.23);0.5690323607663818
(16.24);0.42357325397744744
(16.25);0.483276366815406
(16.26);0.685777485985571
(16.27);0.9904639395068408
(16.28);0.43500414655864467
(16.29);0.3979210799607555
(16.30);0.9047411506462996
(16.31);1.2213823325224125
(17.18);1.1236284207104636
(17.19);0.2751830134121919
(17.20);0.20412606036174138
(17.21);0.3892042400119142
(17.22);0.39203471522547817
(17.23);0.41160478991097826
(17.24);0.5116017828699193
(17.25);0.503315849943885
(17.26);0.37171575863557965
(17.27);0.3168984227548386
(17.28);0.5323529008281135
(17.29);0.6455099712886344
(17.30);0.815227674928882
(17.31);0.8440904292113399
(18.19);0.0
(18.20);0.0
(18.21);0.0
(18.22);0.0
(18.23);0.0
(18.24);0.0
(18.25);0.0
(18.26);0.0
(18.27);0.0
(18.28);0.0
(18.29);0.0
(18.30);0.44601435011407303
(18.31);0.4156732636321662
(19.20);0.0
(19.21);0.0
(19.22);0.0
(19.23);0.0
(19.24);0.0
(19.25);0.0
(19.26);0.0
(19.27);0.0
(19.28);0.0
(19.29);0.0
(19.30);0.5605494776556721
(19.31);0.8629470473058419
(20.21);0.0
(20.22);0.0
(20.23);0.0
(20.24);0.0
(20.25);0.0
(20.26);0.0
(20.27);0.0
(20.28);0.0
(20.29);0.0
(20.30);0.3857506636648055
(20.31);0.42800193305136824
(21.22);0.0
(21.23);0.0
(21.24);0.0
(21.25);0.0
(21.26);0.0
(21.27);0.0
(21.28);0.0
(21.29);0.0
(21.30);0.5490666703188033
(21.31);1.1665186865277337
(22.24);0.0
(22.25);0.0
(22.27);0.0
(22.28);0.0
(22.29);0.0
(22.30);0.7299160090562478
(22.31);2.3304359703302135
(23.25);0.0
(23.26);0.0
(23.27);0.0
(23.28);0.0
(23.29);0.0
(23.30);0.6474749759548708
(23.31);1.6616831813753616
(24.25);0.0
(24.26);0.0
(24.27);0.0
(24.28);0.0
(24.30);0.5758428422456422
(24.31);1.0867215262500918
(25.26);0.0
(25.27);0.0
(25.28);0.0
(25.29);0.0
(25.30);1.1737044069462053
(26.27);0.0
(26.28);0.0
(26.29);0.0
(26.30);0.650089550288327
(26.31);1.6885541922587215
(27.28);0.0
(27.29);0.0
(27.30);0.5763020288942425
(27.31);1.1564126213493298
(28.30);1.6684785414727772
(28.31);1.6123149002556463
(29.30);0.9396270126004536
(29.31);1.3389547412522163
(30.31);2.153535985878633

****Importance nodes******

0; 0.05789473684210527
1; 0.0018675721561969441
2; 0.0019278164193000714
3; 0.001990004045729106
4; 0.002054197724623593
5; 0.0021204621673533864
6; 0.0021888641727518827
7; 0.0022594726944535565
8; 0.0023323589104036714
9; 0.0024075962946102413
10; 0.002485260691210572
11; 0.002565430390927042
12; 0.0026481862099892047
13; 0.00273361157160176
14; 0.002821792590040526
15; 0.0029128181574611884
16; 0.0030067800335083234
17; 0.0031037729378150434
18; DISCONNECTED
19; DISCONNECTED
20; DISCONNECTED
21; DISCONNECTED
22; DISCONNECTED
23; DISCONNECTED
24; DISCONNECTED
25; DISCONNECTED
26; DISCONNECTED
27; DISCONNECTED
28; DISCONNECTED
29; DISCONNECTED
30; 0.0032038946454864964
31; 0.0034174876218522627
