
****Mix criterion 0.5*C(weight)+0.5*C(distance) ******

(0.1);0.6477754196919178
(0.2);0.6808697479753928
(0.3);0.810382600627958
(0.4);0.8297920534572661
(0.5);0.6239277721569393
(0.6);0.8515941949291078
(0.7);0.6336231933078025
(0.8);0.5746803392836555
(0.9);0.5242658501014406
(0.10);0.4972644347064041
(0.11);0.5187539125824021
(0.12);0.5503189503569927
(0.13);0.8578333441289892
(0.14);0.4569365737454185
(0.15);0.4308358677097944
(0.16);0.4950904307428758
(0.17);0.38533002174513853
(0.30);0.5417981687129931
(0.31);0.9415762037986583
(1.2);0.4677818234470624
(1.3);0.4286314408990624
(1.4);0.3640405001686058
(1.5);0.5340910482723764
(1.6);0.350571251976553
(1.7);0.5091985707774851
(1.8);0.2945832759929417
(1.9);0.3011934765080678
(1.10);0.3412776878495956
(1.11);0.4104004575178409
(1.12);0.44174972691062303
(1.13);0.41692355595820124
(1.14);0.4190229068521356
(1.15);0.37827613913252217
(1.16);0.3752803084624715
(1.17);0.23157415962821998
(1.18);0.21374107436396145
(1.19);0.39555856635263614
(1.20);0.28903254808383205
(1.21);0.3637506367715501
(1.22);0.418100158888633
(1.23);0.39082200778897264
(1.24);0.34776559625691117
(1.25);0.42822442996022975
(1.26);0.4037990726488093
(1.27);0.39557223460334234
(1.28);0.4206087752357427
(1.29);0.38261272744870223
(1.30);0.45903134036151566
(1.31);0.4855670342184527
(2.3);0.49972472793204964
(2.4);0.4103096756868855
(2.5);0.5061404082167436
(2.6);0.38909782558810607
(2.7);0.42278035176859274
(2.8);0.27721908416872126
(2.9);0.2693917700707224
(2.10);0.2907298586325097
(2.11);0.34580846855216313
(2.12);0.5001518634534329
(2.13);0.47925369496193926
(2.14);0.42807777816333575
(2.15);0.41271171013484753
(2.16);0.43915259702168913
(2.17);0.19339545148328255
(2.18);0.16401417347351496
(2.19);0.46253038845483213
(2.20);0.3186077358495301
(2.21);0.3882773375343038
(2.22);0.43593509901674543
(2.23);0.4061594777277711
(2.24);0.3475814247002036
(2.25);0.39308834582203683
(2.26);0.43367901937994546
(2.27);0.4538928607547139
(2.28);0.36963624425822333
(2.29);0.3472815478142647
(2.30);0.38431419656760335
(2.31);0.455288338916617
(3.4);0.4642536379611196
(3.5);0.4450889810351911
(3.6);0.4385952767202289
(3.7);0.3970198114705575
(3.8);0.29895891430946064
(3.9);0.2813782987758796
(3.10);0.2865706976043096
(3.11);0.32628732253868675
(3.12);0.4445002324406991
(3.13);0.625758078881594
(3.14);0.38110368528840577
(3.15);0.3765916745872155
(3.16);0.42434980745098966
(3.17);0.20198264243366346
(3.18);0.16144430245938068
(3.19);0.4504403119897803
(3.20);0.2898414913494807
(3.21);0.42940774006719096
(3.22);0.4677512546148689
(3.23);0.4406850594287292
(3.24);0.37624042185536594
(3.25);0.3939089732633243
(3.26);0.478017692635917
(3.27);0.5221585574420786
(3.28);0.3609589978408988
(3.29);0.3521710755083063
(3.30);0.3565090613370669
(3.31);0.45402563782442307
(4.5);0.37204811874127425
(4.6);0.5561451476618509
(4.7);0.3436416654875096
(4.8);0.31843320340101394
(4.9);0.2852879982034749
(4.10);0.26608319406071224
(4.11);0.2843324728592927
(4.12);0.371908128588721
(4.13);0.4952202357870407
(4.14);0.3130361924991412
(4.15);0.3157603073509773
(4.16);0.37439076070547717
(4.17);0.20457146614880972
(4.18);0.14850777944878946
(4.19);0.39512268804745176
(4.20);0.23840937396336337
(4.21);0.47535738770436464
(4.22);0.4475727600872187
(4.23);0.4530484193319311
(4.24);0.40005437775921515
(4.25);0.36713116276853447
(4.26);0.47176582285416785
(4.27);0.47123519386666574
(4.28);0.3281732880779987
(4.29);0.33804519963366914
(4.30);0.3043952579763286
(4.31);0.4075809516961838
(5.6);0.35459548228185794
(5.7);0.46172675197340973
(5.8);0.2740582868883151
(5.9);0.27600949969046457
(5.10);0.31174005066275345
(5.11);0.3791858556732478
(5.12);0.4858347626294921
(5.13);0.43046461802337743
(5.14);0.44942582755433264
(5.15);0.4108098818227937
(5.16);0.4082008516137965
(5.17);0.20456426380578946
(5.18);0.18514173023423988
(5.19);0.4254449001626463
(5.20);0.3169238519752041
(5.21);0.3619443579217884
(5.22);0.4149485138511487
(5.23);0.3855078853186118
(5.24);0.33480497786478786
(5.25);0.4034731966940426
(5.26);0.4054158493913842
(5.27);0.41086912526859803
(5.28);0.3912251588028172
(5.29);0.3573137278559225
(5.30);0.42540710591547715
(5.31);0.46068387649724973
(6.7);0.33514100199664715
(6.8);0.33706920944075053
(6.9);0.2993161357851403
(6.10);0.271783781499458
(6.11);0.28132528048694555
(6.12);0.3487654980583409
(6.13);0.46338789370943523
(6.14);0.29136994316482673
(6.15);0.2917028050545551
(6.16);0.3484000419000606
(6.17);0.21894857202425372
(6.18);0.15787204749125167
(6.19);0.37054520621914705
(6.20);0.21445649850432752
(6.21);0.4980102038135716
(6.22);0.44171171278867827
(6.23);0.45904410946282703
(6.24);0.4178799676995532
(6.25);0.36746139283458784
(6.26);0.46204302081798737
(6.27);0.4433125421601759
(6.28);0.32757092728506626
(6.29);0.3441939086445692
(6.30);0.29692328068747187
(6.31);0.4009862479374866
(7.8);0.3168192383422836
(7.9);0.33232172782578073
(7.10);0.3829332946058902
(7.11);0.46166444150153224
(7.12);0.3964602571583392
(7.13);0.3883113796096529
(7.14);0.38240508330862355
(7.15);0.33905488343152307
(7.16);0.33410499897145546
(7.17);0.2666810198859245
(7.18);0.2530475845119989
(7.19);0.35696653920804317
(7.20);0.2537615073141087
(7.21);0.3551208301847758
(7.22);0.40672208385537817
(7.23);0.38505274646771953
(7.24);0.3559217300616274
(7.25);0.4546132844863775
(7.26);0.388355734283847
(7.27);0.3672712450801845
(7.28);0.46472780036413597
(7.29);0.4135418316975889
(7.30);0.5233606040273199
(7.31);0.48693220841061136
(8.9);0.4833085866533098
(8.10);0.3839568155277073
(8.11);0.32373925265090164
(8.12);0.23230034800220364
(8.13);0.30731541578746047
(8.14);0.1938964962147249
(8.15);0.16878169872014337
(8.16);0.19898863010710532
(8.17);0.39906058329679533
(8.18);0.3095828240265702
(8.19);0.22990959485924828
(8.20);0.08533184743616362
(8.21);0.36156490199029157
(8.22);0.34720353468734444
(8.23);0.36812359943733963
(8.24);0.4300288178050575
(8.25);0.37555927840881403
(8.26);0.337835025837622
(8.27);0.2892679020692817
(8.28);0.3603837984679345
(8.29);0.4122088022799583
(8.30);0.3027937112761631
(8.31);0.35433194785859556
(9.10);0.44165589353553736
(9.11);0.35997158130208273
(9.12);0.22742448294757522
(9.13);0.28590607544860625
(9.14);0.19763700895783398
(9.15);0.1653746925609442
(9.16);0.1849570893317136
(9.17);0.4519612726667675
(9.18);0.3653790134323126
(9.19);0.21608521549963816
(9.20);0.08189678121659467
(9.21);0.3277824548214183
(9.22);0.32924994068820645
(9.23);0.34271514763842914
(9.24);0.3919179609690958
(9.25);0.3822382559896876
(9.26);0.3153265988128272
(9.27);0.2672028238561971
(9.28);0.38320984322751106
(9.29);0.4301400363653939
(9.30);0.3293833517233319
(9.31);0.3524147760346763
(10.11);0.44523409193165225
(10.12);0.25692868663963914
(10.13);0.2851371752639794
(10.14);0.24161168529388163
(10.15);0.20046213387523304
(10.16);0.20312516155272045
(10.17);0.4036511043353148
(10.18);0.3896127629883509
(10.19);0.23189469213017488
(10.20);0.11937418805823402
(10.21);0.30179061065302903
(10.22);0.3261791525775263
(10.23);0.32645078579465164
(10.24);0.349547485139942
(10.25);0.4027410973263106
(10.26);0.3077233183586013
(10.27);0.26599107641230785
(10.28);0.4326342738777789
(10.29);0.44087117564448275
(10.30);0.3996934793715724
(10.31);0.37186073597790315
(11.12);0.32233110036325685
(11.13);0.3195955931293907
(11.14);0.3188093527110801
(11.15);0.2721931025605483
(11.16);0.26148284322917026
(11.17);0.3124288307236256
(11.18);0.3164623053751198
(11.19);0.2855849255938801
(11.20);0.1931998207820463
(11.21);0.30747935614374033
(11.22);0.3497897242116157
(11.23);0.3369552521056146
(11.24);0.3308963176326081
(11.25);0.42396729756658896
(11.26);0.3303624777287308
(11.27);0.30076826667430556
(11.28);0.47120037736758663
(11.29);0.41980605436717183
(11.30);0.519686948130123
(11.31);0.4120790121046084
(12.13);0.42973788757589376
(12.14);0.4886845277823674
(12.15);0.47810255812702057
(12.16);0.4805662417769277
(12.17);0.15354903475159987
(12.18);0.13147761205614839
(12.19);0.48217673592500987
(12.20);0.36746887780296156
(12.21);0.3450649697755729
(12.22);0.3888314174780447
(12.23);0.3606175089076554
(12.24);0.30243946257401577
(12.25);0.3535271572383103
(12.26);0.38830529038125533
(12.27);0.4190948593543447
(12.28);0.3368278273756349
(12.29);0.30772278959186705
(12.30);0.3662237131357053
(12.31);0.4057077994569244
(13.14);0.3668320231919623
(13.15);0.36446413318161786
(13.16);0.41701477711389867
(13.17);0.20535219809451782
(13.18);0.160846663497651
(13.19);0.4434008221780586
(13.20);0.279548702345353
(13.21);0.44892970832561285
(13.22);0.47996466853918307
(13.23);0.4559579455918014
(13.24);0.38784154934106096
(13.25);0.3937180412819099
(13.26);0.5018201215289384
(13.27);0.5819921572562515
(13.28);0.3577790970886964
(13.29);0.35385915890808545
(13.30);0.3472803144152816
(13.31);0.4507825281068207
(14.15);0.5026087360329886
(14.16);0.428311115430733
(14.17);0.12952300116163884
(14.18);0.12045605539121158
(14.19);0.41610993280511466
(14.20);0.3945461190067936
(14.21);0.2921797419865833
(14.22);0.33922149353191733
(14.23);0.31086482949932687
(14.24);0.25713749901183763
(14.25);0.32337308130716613
(14.26);0.33509589798424033
(14.27);0.35930989312649136
(14.28);0.3178897603081732
(14.29);0.2795205082877621
(14.30);0.3663960655721841
(14.31);0.3662409473791882
(15.16);0.4739070637359093
(15.17);0.0934090705034161
(15.18);0.07779854799408428
(15.19);0.43376713208293927
(15.20);0.43821186428688086
(15.21);0.28473114502501395
(15.22);0.3243237628179081
(15.23);0.29757311679822795
(15.24);0.23950329586063276
(15.25);0.2914615041708411
(15.26);0.32555452205643204
(15.27);0.36180113758226834
(15.28);0.27923880010758817
(15.29);0.24654255060735067
(15.30);0.31737394446090456
(15.31);0.33696758073831834
(16.17);0.10779497491061628
(16.18);0.07807357075539771
(16.19);0.5062524374790542
(16.20);0.3874315476085862
(16.21);0.3321608982849511
(16.22);0.3605116894123964
(16.23);0.3375672139154263
(16.24);0.2767545188822735
(16.25);0.30598758387231323
(16.26);0.36837272956005257
(16.27);0.41647590735755835
(16.28);0.2829539205003627
(16.29);0.2615811755656309
(16.30);0.30199202686138893
(16.31);0.3557681523304286
(17.18);0.4272824943902974
(17.19);0.139414160934781
(17.20);0.011430422901175599
(17.21);0.24792432189252595
(17.22);0.24982755766233972
(17.23);0.26228621695464255
(17.24);0.31141308432097903
(17.25);0.3080617981772815
(17.26);0.23553623045307748
(17.27);0.18803083728113784
(17.28);0.3193648973424453
(17.29);0.35407795702189215
(17.30);0.27379915458436754
(17.31);0.2743694179882687
(18.19);0.10732817961284896
(18.20);0.0
(18.21);0.18803161881408834
(18.22);0.2034468040824998
(18.23);0.20819183108250347
(18.24);0.24399656096575814
(18.25);0.27284638890572005
(18.26);0.1865425145386694
(18.27);0.14339989413659812
(18.28);0.2980573069448516
(18.29);0.3113861206892689
(18.30);0.27434482058054954
(18.31);0.240134622138682
(19.20);0.34734794579813444
(19.21);0.356235184047909
(19.22);0.38560589508745663
(19.23);0.3632687627059239
(19.24);0.30466663021647417
(19.25);0.3327148376958611
(19.26);0.3921743155274524
(19.27);0.4333138210745641
(19.28);0.30866550294188116
(19.29);0.2899193059838615
(19.30);0.32348810764650215
(19.31);0.3842926953309125
(20.21);0.2040121829148257
(20.22);0.2390557185316491
(20.23);0.21400483108442625
(20.24);0.156491719312733
(20.25);0.20594847610002393
(20.26);0.24189541880333798
(20.27);0.2806639895897276
(20.28);0.19580156669596463
(20.29);0.16224147551091206
(20.30);0.23717387994212605
(20.31);0.24796724304333925
(21.22);0.4491211020988572
(21.23);0.47123175263996653
(21.24);0.43702391354658693
(21.25);0.39058273746720723
(21.26);0.45850608739819965
(21.27);0.42214098696571045
(21.28);0.3522376018318006
(21.29);0.37085051349327436
(21.30);0.3194541041645921
(21.31);0.421949116648304
(22.23);0.47266078682940443
(22.24);0.4174289888538597
(22.25);0.42583268002620656
(22.26);0.48121236965587183
(22.27);0.43905737975981124
(22.28);0.38923028247682495
(22.29);0.39205820630933147
(22.30);0.36886534136492977
(22.31);0.4858825452260286
(23.24);0.44133164346823295
(23.25);0.4185989878543546
(23.26);0.47082403719426563
(23.27);0.42394561024839766
(23.28);0.38024949193096075
(23.29);0.39467635923936234
(23.30);0.3495794375638861
(23.31);0.4572475961274205
(24.25);0.4083718328712664
(24.26);0.41219784006169036
(24.27);0.36605092185645655
(24.28);0.3756281229222737
(24.29);0.4117465388067217
(24.30);0.328621464379049
(24.31);0.4138542045345548
(25.26);0.4072188906242786
(25.27);0.3690778909355585
(25.28);0.4616346012637311
(25.29);0.4560023965488816
(25.30);0.4290740525467771
(25.31);0.5009669020692689
(26.27);0.4525803517447442
(26.28);0.3704492715997102
(26.29);0.375005162204562
(26.30);0.350261445633143
(26.31);0.458689611088109
(27.28);0.3359731277896
(27.29);0.3317845800673908
(27.30);0.32877156687471415
(27.31);0.4209770029287466
(28.29);0.4518388607763606
(28.30);0.46254882317298546
(28.31);0.4545063569890387
(29.30);0.4036332939206848
(29.31);0.43661048629028754
(30.31);0.43659211421089833
