
****Importance edges******

(0.1);17.126051373770682
(0.2);18.66919239880102
(0.3);25.48743280236673
(0.4);26.57971400767685
(0.5);16.03161884476963
(0.6);27.792712991976025
(0.7);16.5016585051289
(0.8);13.963093568384597
(0.9);12.061404404814528
(0.10);11.146752072880345
(0.11);11.882270126960696
(0.12);13.040210497161826
(0.14);9.918522513010801
(0.15);9.204021713937854
(0.16);11.107284921336724
(0.17);8.10721382899988
(0.30);12.75638558823443
(0.31);33.042820076743354
(1.2);1.9481349685220293
(1.3);1.3455923624414137
(1.4);0.8390568737433933
(1.6);0.7847159776231626
(1.8);0.6093945719341626
(1.9);0.6384267099050094
(1.10);0.7939124165515726
(1.11);1.2720351895368565
(1.12);1.6890015108381526
(1.13);0.5812521163117417
(1.14);1.400901756302302
(1.15);1.0573673384337117
(1.16);1.0546418286492798
(1.17);0.5459556907161595
(1.18);0.21793418820039287
(1.19);0.5611415187712452
(1.20);0.29313728628904795
(1.21);0.4424940261594422
(1.22);0.6881922965997894
(1.23);0.5398341203294229
(1.24);0.3993993898182942
(1.25);0.7636811713071715
(1.26);0.6021919312740669
(1.27);0.5612052790080189
(1.28);0.705614513574783
(1.29);0.5063051802464447
(1.30);2.1285141161375147
(1.31);2.7910477242103777
(2.3);2.8369082124261977
(2.4);1.1461316170584541
(2.5);3.0626382684499087
(2.6);0.9883595843353024
(2.7);1.3319238192556564
(2.8);0.556634926600029
(2.9);0.5482181274838412
(2.10);0.6101822575398684
(2.11);0.8153334100745335
(2.12);3.035805226200594
(2.13);1.0097070457086073
(2.14);1.4866446259696608
(2.15);1.3319960830841502
(2.16);1.686343785775339
(2.17);0.47491550531464166
(2.18);0.18016655081037578
(2.19);1.1220211728424323
(2.20);0.32749936056396245
(2.21);0.5109672028673854
(2.22);0.8013804264099543
(2.23);0.5936604838618419
(2.24);0.3856525613284521
(2.25);0.5310148168114631
(2.26);0.7813328051946857
(2.27);0.9978832688007182
(2.28);0.4451774781658163
(2.29);0.3849488316661806
(2.30);1.1469553946850128
(2.31);2.0398372147443644
(3.5);1.6041305540209354
(3.6);1.5258136676135614
(3.7);1.1150203200929554
(3.8);0.6300275548950223
(3.9);0.5928505065597706
(3.10);0.6163050387706327
(3.11);0.7549349276351125
(3.12);1.7456910161077686
(3.13);4.070506168620606
(3.14);1.0710356491826474
(3.15);1.0570681459787676
(3.16);1.5212871555333969
(3.17);0.5004879703827461
(3.18);0.1906936312903358
(3.19);1.011919803381419
(3.20);0.3033357073611504
(3.21);0.7923192422159958
(3.22);1.2786614682395943
(3.23);0.8987053234520179
(3.24);0.49684579677096863
(3.25);0.5690126169737207
(3.26);1.4891409195321335
(3.27);3.00371192864536
(3.28);0.4471612420659429
(3.29);0.4226806923959485
(3.30);0.9889570857205731
(3.31);2.0594097810662784
(4.5);0.9076843367852951
(4.7);0.8036352806244356
(4.8);0.7016408666132782
(4.9);0.6120372974522776
(4.10);0.5746361404287549
(4.11);0.6299247757401616
(4.12);1.0083990693187799
(4.13);1.3060437446628352
(4.14);0.7409604522611719
(4.15);0.7635821786946938
(4.16);1.0734172715814752
(4.17);0.5115537494503748
(4.18);0.19007390491933854
(4.19);0.5931943233907147
(4.20);0.25382244547100097
(4.21);1.4647887972720028
(4.22);1.0042764827404458
(4.23);1.075478035886456
(4.24);0.6180746578390294
(4.25);0.4813905004729137
(4.26);1.3894088304845604
(4.27);1.378734593418724
(4.28);0.3796673192343953
(4.29);0.40129175378332665
(4.30);0.7665439915530382
(4.31);1.4150355016083649
(5.6);0.8262240597436605
(5.7);1.995929208166948
(5.8);0.5744432077154278
(5.9);0.5885108222586886
(5.10);0.7011009153297832
(5.11);1.039371946083976
(5.12);2.6635828264098653
(5.13);0.6887210540195546
(5.14);1.859123576025245
(5.15);1.3596880744777693
(5.16);1.3536792194775937
(5.17);0.5115914580019562
(5.18);0.21193334634334213
(5.19);0.7811846349167731
(5.20);0.35767990399601785
(5.21);0.46474521221511145
(5.22);0.7048113882587452
(5.23);0.549169291032255
(5.24);0.3939206261873533
(5.25);0.635476259572413
(5.26);0.646321561220483
(5.27);0.6786499537593842
(5.28);0.574159306695136
(5.29);0.4509882570777247
(5.30);1.6040273252410995
(5.31);2.2050141048230802
(6.7);0.7775441157956157
(6.8);0.7828022113797514
(6.9);0.6601347186439804
(6.10);0.5960872660810856
(6.11);0.6303030089905037
(6.12);0.8888923995099474
(6.13);0.9590133235039312
(6.14);0.6797703789267487
(6.15);0.6923830565128238
(6.16);0.9304738834272606
(6.17);0.5430930414314993
(6.18);0.20138071612924197
(6.19);0.5070753501898045
(6.20);0.24038048494920455
(6.21);2.0853309261679374
(6.22);0.9565556355526612
(6.23);1.1833066564295527
(6.24);0.744873316510241
(6.25);0.4964824951927123
(6.26);1.231102987569049
(6.27);0.9744216671258314
(6.28);0.38986083845913183
(6.29);0.4284124092148828
(6.30);0.7498808749146302
(6.31);1.361120449472161
(7.8);0.7293765595056878
(7.9);0.800756220829296
(7.10);1.0962902310832072
(7.11);2.1285433751904628
(7.12);1.2393455968729679
(7.13);0.5485842753282668
(7.14);1.1399635882871884
(7.15);0.8958777412341167
(7.16);0.8871223677617741
(7.17);0.665159916204124
(7.18);0.29631987009638466
(7.19);0.495624437351761
(7.20);0.29715001800668145
(7.21);0.4898766432251344
(7.22);0.7180732322530494
(7.23);0.6020111578209744
(7.24);0.4923550416535531
(7.25);1.189088237396181
(7.26);0.6173888840984765
(7.27);0.530229525107898
(7.28);1.3558184872705001
(7.29);0.7634513728541742
(7.31);2.9313387618568427
(8.9);2.5831537186356055
(8.10);1.0993516117681372
(8.11);0.7876682421013593
(8.12);0.546060478738141
(8.13);0.34589536344126615
(8.14);0.48870267660932964
(8.15);0.4609154025763215
(8.16);0.5136998352248231
(8.17);1.3313847164816524
(8.18);0.3777852770681193
(8.19);0.27022077863945787
(8.20);0.1775097622682828
(8.21);0.5072110819251312
(8.22);0.46369304950474344
(8.23);0.5297711163294019
(8.24);0.8890190286298544
(8.25);0.5577521814850395
(8.26);0.43897233159569665
(8.27);0.3431465966039027
(8.28);0.5033411294423902
(8.29);0.7480602571704905
(8.30);0.7895895871779516
(8.31);1.0368872495571202
(9.10);1.7489921677532176
(9.11);0.9727645729609753
(9.12);0.5447225721889968
(9.13);0.3244029784235793
(9.14);0.5016313203002098
(9.15);0.4629408724422711
(9.16);0.49878085739528794
(9.17);2.0592459107663674
(9.18);0.5359828615034313
(9.19);0.26561087687263124
(9.20);0.18171271061969888
(9.21);0.42805111596599377
(9.22);0.4314712618446666
(9.23);0.46549437974096125
(9.24);0.6489767064070422
(9.25);0.6029800911166288
(9.26);0.40100426380471604
(9.27);0.32180345294252893
(9.28);0.6073204884747244
(9.29);0.9146844260556211
(9.30);0.9080431727355888
(9.31);1.0385155991317645
(10.11);1.8503476019859424
(10.12);0.6154354316171828
(10.13);0.33355318718624455
(10.14);0.5903689864623857
(10.15);0.5220447050655919
(10.16);0.5352784738094581
(10.17);1.4091421600434366
(10.18);0.6564440651552559
(10.19);0.2897237156836381
(10.20);0.20571842464082613
(10.21);0.38690652039780354
(10.22);0.43758130502252846
(10.23);0.43821792230113776
(10.24);0.4997291687020613
(10.25);0.7294269947094665
(10.26);0.39815452348276636
(10.27);0.33032187061831353
(10.28);0.9643519982918867
(10.29);1.0531590226116125
(10.30);1.3969267126567648
(10.31);1.1776681056355394
(11.12);0.8294794518923174
(11.13);0.4023194319138006
(11.14);0.8270136465361467
(11.15);0.6839755880427235
(11.16);0.6663264462765894
(11.17);0.8409931252744492
(11.18);0.4289041881955168
(11.19);0.3704148254379191
(11.20);0.2622255897782621
(11.21);0.4101215544826311
(11.22);0.5158494644666439
(11.23);0.47865213586459177
(11.24);0.4628260562341155
(11.25);0.9085647578234769
(11.26);0.4614797842755962
(11.27);0.39709940798276877
(11.28);1.5598588243597487
(11.29);0.8732196814857829
(11.30);4.071929513001614
(11.31);1.5612647718384354
(12.13);0.8362126754298319
(12.14);2.915383725919028
(12.15);2.651541786601718
(12.16);2.7424443656523243
(12.17);0.48344387842367675
(12.18);0.22615723912153715
(12.19);1.8460814166704356
(12.20);0.5945829766807638
(12.21);0.516971438933621
(12.22);0.6919155015566006
(12.23);0.5686126538908027
(12.24);0.41279650057682177
(12.25);0.5439071585784433
(12.26);0.6891669538885209
(12.27);0.8919064141914609
(12.28);0.49309480187020077
(12.29);0.4234434503209852
(12.30);1.154678826753251
(12.31);1.5086228352236928
(13.14);0.5512683347903021
(13.15);0.56017497779469
(13.16);0.8211616240891343
(13.17);0.2997910608906899
(13.18);0.0
(13.19);0.0
(13.20);0.0
(13.21);0.0
(13.22);0.0
(13.23);0.0
(13.24);0.0
(13.25);0.0
(13.26);0.0
(13.27);0.0
(13.28);0.0
(13.29);0.0
(13.30);0.5610308763264689
(13.31);1.175050724537662
(14.15);3.376680111619406
(14.16);1.7328631493078543
(14.17);0.4598551372703429
(14.18);0.22666400640847514
(14.19);0.8889059436770528
(14.20);0.7423097569560609
(14.21);0.40552034511847374
(14.22);0.5144984609214416
(14.23);0.4429764319615885
(14.24);0.3497006041611078
(14.25);0.4720138002314299
(14.26);0.5027506588794974
(14.27);0.580050971658604
(14.28);0.45884548336728403
(14.29);0.38346096176081856
(14.30);1.1693430887056047
(14.31);1.1811935126043973
(15.16);2.6072425226082596
(15.17);0.42669224552174695
(15.18);0.21065382908593092
(15.19);1.0800381860225445
(15.20);1.130007785954422
(15.21);0.40455588862264175
(15.22);0.4890644605260208
(15.23);0.4286807673807987
(15.24);0.3372873576600501
(15.25);0.41686078026425516
(15.26);0.49223805158165607
(15.27);0.6071615906007939
(15.28);0.39502621919008085
(15.29);0.34627872456646186
(15.30);0.9149051891825624
(15.31);1.0193449013580267
(16.17);0.44860519303797486
(16.18);0.21753515383260824
(16.19);2.652105677835844
(16.20);0.7453381458392688
(16.21);0.5256921384903985
(16.22);0.6204605250794925
(16.23);0.5415707831847552
(16.24);0.40313155227890496
(16.25);0.4599533849329807
(16.26);0.6526817730989404
(16.27);0.9426640177590901
(16.28);0.41401078846041517
(16.29);0.37871735559964953
(16.30);0.864703118354184
(16.31);1.1426432258697536
(17.18);1.0694019633492287
(17.19);0.26190264450349415
(17.20);0.19427490947902878
(17.21);0.3704211915086792
(17.22);0.373115067611139
(17.23);0.3917406878836594
(17.24);0.48691181263297373
(17.25);0.4790257599344505
(17.26);0.3537767065747513
(17.27);0.30160486263067193
(17.28);0.5066614788724169
(17.29);0.6143575740288689
(17.30);0.7791007089800133
(17.31);0.7898777482220967
(18.19);0.0
(18.20);0.0
(18.21);0.0
(18.22);0.0
(18.23);0.0
(18.24);0.0
(18.25);0.0
(18.26);0.0
(18.27);0.0
(18.28);0.0
(18.29);0.0
(18.30);0.4279536599690393
(18.31);0.3829487450493087
(19.20);0.0
(19.21);0.0
(19.22);0.0
(19.23);0.0
(19.24);0.0
(19.25);0.0
(19.26);0.0
(19.27);0.0
(19.28);0.0
(19.29);0.0
(19.30);0.5378508572540855
(19.31);0.7950102104767801
(20.21);0.0
(20.22);0.0
(20.23);0.0
(20.24);0.0
(20.25);0.0
(20.26);0.0
(20.27);0.0
(20.28);0.0
(20.29);0.0
(20.30);0.3701302621958632
(20.31);0.3943068209595965
(21.22);0.0
(21.23);0.0
(21.24);0.0
(21.25);0.0
(21.26);0.0
(21.27);0.0
(21.28);0.0
(21.29);0.0
(21.30);0.5268330291835863
(21.31);1.074682704340754
(22.23);0.0
(22.24);0.0
(22.25);0.0
(22.26);0.0
(22.27);0.0
(22.28);0.0
(22.29);0.0
(22.30);0.7003591419552387
(22.31);2.1469688053967575
(23.24);0.0
(23.25);0.0
(23.26);0.0
(23.27);0.0
(23.28);0.0
(23.29);0.0
(23.30);0.621256436317316
(23.31);1.5308646108649926
(24.25);0.0
(24.26);0.0
(24.27);0.0
(24.28);0.0
(24.29);0.0
(24.30);0.5525249397087078
(24.31);1.001167698540759
(25.26);0.0
(25.27);0.0
(25.28);0.0
(25.29);0.0
(25.30);1.1261769863367685
(25.31);2.5933975546148194
(26.27);0.0
(26.28);0.0
(26.29);0.0
(26.30);0.6237651373377596
(26.31);1.5556201599856472
(27.28);0.0
(27.29);0.0
(27.30);0.5529655322744563
(27.31);1.065372254725498
(28.29);0.0
(28.30);1.6009159755071967
(28.31);1.4853829237946252
(29.30);0.9015782091883208
(29.31);1.2335434647875188
(30.31);2.023835638142956

****Importance nodes******

0; 0.061111111111111116
1; 0.0021072796934865903
2; 0.0020393029291805712
3; 0.0021752564577926094
4; 0.0022502653011647685
5; 0.0022525311933083024
6; 0.002322849379495973
7; 0.0024879764266225292
8; 0.0024756958868439507
9; 0.0025555570444840783
10; 0.0026379943684996937
11; 0.002723090961031942
12; 0.0028109326049361983
13; DISCONNECTED
14; 0.002901607850256721
15; 0.002995208103490809
16; 0.003091827719732448
17; 0.003191564097788333
18; DISCONNECTED
19; DISCONNECTED
20; DISCONNECTED
21; DISCONNECTED
22; DISCONNECTED
23; DISCONNECTED
24; DISCONNECTED
25; DISCONNECTED
26; DISCONNECTED
27; DISCONNECTED
28; DISCONNECTED
29; DISCONNECTED
30; 0.0033214024900868042
31; 0.003401659794171402
