
****Mix criterion 0.5*C(weight)+0.5*C(distance) ******

(0.1);0.6486285298172542
(0.2);0.6815166502081436
(0.3);0.8112923479513114
(0.4);0.830786656359273
(0.5);0.6242691917211972
(0.6);0.8521735074611043
(0.7);0.6343231796700785
(0.8);0.5749763841725319
(0.9);0.5245230263719607
(0.10);0.4975034891462354
(0.11);0.5190102562228331
(0.12);0.5509766352449086
(0.14);0.4569423509822572
(0.15);0.4308384261591884
(0.16);0.4953580846308604
(0.17);0.3853300251077801
(0.30);0.5422170277626084
(0.31);0.9415762037986583
(1.2);0.4692950268558378
(1.3);0.42966566564278585
(1.4);0.3646958691447044
(1.6);0.35098836941677586
(1.8);0.29489984757358295
(1.9);0.30152073002563673
(1.10);0.3416791876430903
(1.11);0.41103504623541315
(1.12);0.44321149897162015
(1.13);0.40547342403450504
(1.14);0.41932214262992235
(1.15);0.37849381825934036
(1.16);0.37580360852169264
(1.17);0.2316805567326831
(1.18);0.21395731246592672
(1.19);0.3961153407529952
(1.20);0.2893234040111458
(1.21);0.36418968706071225
(1.22);0.4187829952863212
(1.23);0.3913576406170298
(1.24);0.34816188729639225
(1.25);0.428982167735811
(1.26);0.4043965779843089
(1.27);0.39612907226772015
(1.28);0.4213088982609298
(1.29);0.3831150922777166
(1.30);0.4602657397314648
(1.31);0.4860902027005514
(2.3);0.5012935316388912
(2.4);0.4109623309887079
(2.5);0.5071545240795641
(2.6);0.38941365481937135
(2.7);0.423595143511726
(2.8);0.2773941333143111
(2.9);0.26956229166537554
(2.10);0.2909175682111473
(2.11);0.34605651278146593
(2.13);0.4582246092223407
(2.14);0.42811057045448364
(2.15);0.4127353948368794
(2.16);0.439684617703505
(2.17);0.19340196368723528
(2.18);0.16411400185487449
(2.19);0.46315208852641676
(2.20);0.31878919978339754
(2.21);0.3885604590602509
(2.22);0.4363791354400542
(2.23);0.4064884187266107
(2.24);0.34779511070790814
(2.25);0.39338257551895767
(2.26);0.4341119476282515
(2.27);0.4544457773258646
(2.28);0.36988291239314136
(2.29);0.3474948438928021
(2.30);0.3847821950940572
(2.31);0.4553152198019413
(3.5);0.4456294636383543
(3.6);0.43909210438088886
(3.7);0.3976989402739626
(3.8);0.2991608333231589
(3.9);0.281566267311279
(3.10);0.28676399195300306
(3.11);0.32652151842299193
(3.12);0.4456788083907724
(3.13);0.5464128411847109
(3.14);0.38114159878324666
(3.15);0.3766244366039115
(3.16);0.4248377951022731
(3.17);0.20199592736712385
(3.18);0.16154956042336793
(3.19);0.4509988656105887
(3.20);0.2900089248329454
(3.21);0.4298450798446092
(3.22);0.4684570427519197
(3.23);0.4411811215779
(3.24);0.3765146679150265
(3.25);0.3942230535456098
(3.26);0.47883965999906103
(3.27);0.5238165289216405
(3.28);0.36120581930837725
(3.29);0.3524043843440407
(3.30);0.3569153356850256
(3.31);0.45407823351312004
(4.5);0.37237143275448575
(4.7);0.3441423884068666
(4.8);0.31867113564381755
(4.9);0.2854932872001203
(4.10);0.26627382231467167
(4.11);0.28453912900894535
(4.12);0.3726011622470564
(4.13);0.4706755167943629
(4.14);0.31307815062999894
(4.15);0.31579994128886607
(4.16);0.3747527575919796
(4.17);0.20459538778843483
(4.18);0.14861866000592425
(4.19);0.3954687309042798
(4.20);0.2385574425484702
(4.21);0.47621187952950617
(4.22);0.4481586097648526
(4.23);0.45367580478947667
(4.24);0.40041493468280315
(4.25);0.3674119843095791
(4.26);0.47257634140103244
(4.27);0.4720394855442852
(4.28);0.32839476889568614
(4.29);0.3382792951727278
(4.30);0.3047213344990174
(4.31);0.407644656181676
(5.6);0.3546957300259
(5.7);0.4625396654086956
(5.8);0.27412888439941707
(5.9);0.2760817694253095
(5.10);0.31182607922641264
(5.11);0.37931329217542137
(5.12);0.48712715744334223
(5.13);0.41722204124084267
(5.14);0.4491625876190246
(5.15);0.4106157490634016
(5.16);0.40839842620041267
(5.17);0.20449218257267537
(5.18);0.18516912613741573
(5.19);0.4255458812446228
(5.20);0.31697008804039584
(5.21);0.3620044339553857
(5.22);0.4150396224231745
(5.23);0.3855788745658627
(5.24);0.3348558986449303
(5.25);0.40355534254970044
(5.26);0.40549939718231554
(5.27);0.41095685204092663
(5.28);0.3912993784244348
(5.29);0.3573720255746984
(5.30);0.42579519047173403
(5.31);0.460384732260831
(6.7);0.33544865761690923
(6.8);0.3371595647077012
(6.9);0.2993923502258517
(6.10);0.27185261781542264
(6.11);0.28139808528571036
(6.12);0.349186177559469
(6.13);0.4454951753989654
(6.14);0.2912714468718771
(6.15);0.2916017126344217
(6.16);0.34852940818669764
(6.17);0.2188703480731691
(6.18);0.15789493206902058
(6.19);0.3706028294390321
(6.20);0.2144838149525341
(6.21);0.4982471774358285
(6.22);0.44182041421874996
(6.23);0.4591785785109268
(6.24);0.4179646138944189
(6.25);0.3675178122996217
(6.26);0.46218292136359124
(6.27);0.4434232738570815
(6.28);0.3276152304380605
(6.29);0.34424259273550056
(6.30);0.29709883410176424
(6.31);0.4007973889211802
(7.8);0.3171027607850006
(7.9);0.33262955293483515
(7.10);0.3833500153027142
(7.11);0.4624643989673006
(7.12);0.39735024979846434
(7.13);0.3790588301036473
(7.14);0.382535923566969
(7.15);0.3391527728264405
(7.16);0.33444339178831983
(7.17);0.26674910300981414
(7.18);0.25324285781464
(7.19);0.3572931532171538
(7.20);0.25395732768004353
(7.21);0.35544365642649295
(7.22);0.4071952905004629
(7.23);0.3854494687900406
(7.24);0.35624618955543197
(7.25);0.4553968876486378
(7.26);0.3887625904503694
(7.27);0.36762066366791535
(7.28);0.4656212779216994
(7.29);0.4140449423088842
(7.31);0.48722153225136977
(8.9);0.4836110794182876
(8.10);0.3840855519270657
(8.11);0.3238314902683224
(8.12);0.23255398610294484
(8.13);0.30126395655019583
(8.14);0.19383005560412297
(8.15);0.16871846799400878
(8.16);0.19906048425426293
(8.17);0.3988800853338929
(8.18);0.3096270634816997
(8.19);0.22994123828406476
(8.20);0.08535263420483778
(8.21);0.3616242974809633
(8.22);0.3472578341243597
(8.23);0.3681856367557647
(8.24);0.430132923813983
(8.25);0.3756245923691613
(8.26);0.3378864304262747
(8.27);0.2893080852616526
(8.28);0.3604427407789838
(8.29);0.41229640171855503
(8.30);0.30297722082059136
(8.31);0.3541963956775746
(9.10);0.44186070421828205
(9.11);0.3600854940914087
(9.12);0.22767468361311016
(9.13);0.2804091716271927
(9.14);0.197570668327971
(9.15);0.1653128776561496
(9.16);0.1850266960444036
(9.17);0.4516893276472401
(9.18);0.3654417781592382
(9.19);0.2161163190952058
(9.20);0.08191806015941192
(9.21);0.3278325805126175
(9.22);0.3293004668857232
(9.23);0.3427696580150256
(9.24);0.3919939575142921
(9.25);0.38230886623392996
(9.26);0.31537355726042215
(9.27);0.26724050772129493
(9.28);0.3832809617414659
(9.29);0.43024714784665175
(9.30);0.3295929683889031
(9.31);0.3522824613256736
(10.11);0.4454507715501577
(10.12);0.2572081806046364
(10.13);0.27966306819872117
(10.14);0.24153579982045864
(10.15);0.20039434176621188
(10.16);0.20319968873695338
(10.17);0.403469977410146
(10.18);0.3896896339770534
(10.19);0.2319286193901767
(10.20);0.11939827812094596
(10.21);0.301835918225048
(10.22);0.3262303942740246
(10.23);0.32650210204038005
(10.24);0.34960600448274776
(10.25);0.40282651477045545
(10.26);0.30776994309557604
(10.27);0.2660297578021358
(10.28);0.43274720153681473
(10.29);0.44099450279393304
(10.30);0.40001375410975687
(10.31);0.3717146225370113
(11.12);0.3227035014363024
(11.13);0.3132007345750865
(11.14);0.3187061226101007
(11.15);0.2721067960024337
(11.16);0.26157540053252304
(11.17);0.3123237041425579
(11.18);0.3165125309628818
(11.19);0.2856283019535319
(11.20);0.19323052795333376
(11.21);0.3075273822453608
(11.22);0.34985013127515713
(11.23);0.3370113032832877
(11.24);0.33095051554287724
(11.25);0.42407369242175097
(11.26);0.33041651798770566
(11.27);0.30081476785502326
(11.28);0.4713830401357183
(11.29);0.419908310239124
(11.30);0.5206140931424866
(11.31);0.41189053729061287
(12.13);0.4174110589707623
(12.15);0.47861642519346276
(12.16);0.48179953898092354
(12.17);0.15363822794203216
(12.18);0.13165185321101525
(12.19);0.48359903555719674
(12.20);0.3679269698141811
(12.21);0.34546326655750603
(12.22);0.3893644986057142
(12.23);0.3610555922777509
(12.24);0.3027574985531642
(12.25);0.35394620644416014
(12.26);0.3888362539109131
(12.27);0.41978202198617354
(12.28);0.3372077285809664
(12.29);0.308049028433884
(12.30);0.36683059512706523
(12.31);0.40597671439041355
(13.14);0.35835416365980427
(13.15);0.35611487291860133
(13.16);0.4055642197984267
(13.17);0.20115712566750288
(13.18);0.15704231656661433
(13.19);0.42581337516321316
(13.20);0.2737811315780803
(13.21);0.43022913454582556
(13.22);0.4524973548986985
(13.23);0.43567432133782824
(13.24);0.37721529462807485
(13.25);0.3826040125344529
(13.26);0.46477677325228084
(13.27);0.48635576505851785
(13.28);0.349130947045096
(13.29);0.34541869543101184
(13.30);0.34009388336988344
(13.31);0.435355212925014
(14.15);0.5014283180353357
(14.16);0.4281572659202757
(14.17);0.12936608285611048
(14.18);0.12037630059446423
(14.19);0.4157971592245678
(14.20);0.3942849272775566
(14.21);0.2920370541676644
(14.22);0.3390404602888021
(14.23);0.31070896224958233
(14.24);0.2570144521238503
(14.25);0.32320699686660626
(14.26);0.33491899836418654
(14.27);0.359105794345742
(14.28);0.3177283093180303
(14.29);0.27938558236127575
(14.30);0.3664029113734561
(14.31);0.36585131335231375
(15.16);0.4736708055827293
(15.17);0.09326432881271643
(15.18);0.07772537385539251
(15.19);0.4333919627145051
(15.20);0.4378193371402774
(15.21);0.28459061575559075
(15.22);0.3241538780794297
(15.23);0.29742420734776637
(15.24);0.2393861334430518
(15.25);0.2913167005910411
(15.26);0.325383534917902
(15.27);0.36159022982601385
(15.28);0.2791015811285868
(15.29);0.24642226488775382
(15.30);0.31737640186729676
(15.31);0.33663315298718954
(16.17);0.10775432405689052
(16.18);0.07810796547820606
(16.20);0.3875493938438864
(16.21);0.3322440160480682
(16.22);0.3606097911095136
(16.23);0.3376528422685479
(16.24);0.2768182584560924
(16.25);0.3060603076086878
(16.26);0.368475925794189
(16.27);0.4166249530038412
(16.28);0.28301938020219886
(16.29);0.26164105498391826
(16.30);0.30220051007880827
(16.31);0.35566795584256466
(17.18);0.42692791216149817
(17.19);0.1393273217231476
(17.20);0.011366007056840405
(17.21);0.24780150112336605
(17.22);0.2497038436831192
(17.23);0.2621563272677131
(17.24);0.3112516386890565
(17.25);0.30790296732842287
(17.26);0.23541892850543408
(17.27);0.1879308339820291
(17.28);0.3191969033022411
(17.29);0.3538742541249977
(17.30);0.2737990556802358
(17.31);0.2741158601248287
(18.19);0.10732817961284896
(18.20);0.0
(18.21);0.18803161881408834
(18.22);0.2034468040824998
(18.23);0.20819183108250347
(18.24);0.24399656096575814
(18.25);0.27284638890572005
(18.26);0.1865425145386694
(18.27);0.14339989413659812
(18.28);0.2980573069448516
(18.29);0.3113861206892689
(18.30);0.27448106394155186
(18.31);0.24001548688917138
(19.20);0.34734794579813444
(19.21);0.356235184047909
(19.22);0.38560589508745663
(19.23);0.3632687627059239
(19.24);0.30466663021647417
(19.25);0.3327148376958611
(19.26);0.3921743155274524
(19.27);0.4333138210745641
(19.28);0.30866550294188116
(19.29);0.2899193059838615
(19.31);0.3840453678725696
(20.21);0.2040121829148257
(20.22);0.2390557185316491
(20.23);0.21400483108442625
(20.24);0.156491719312733
(20.25);0.20594847610002393
(20.26);0.24189541880333798
(20.27);0.2806639895897276
(20.28);0.19580156669596463
(20.29);0.16224147551091206
(20.30);0.2372917146416444
(20.31);0.24784457429952939
(21.22);0.4491211020988572
(21.23);0.47123175263996653
(21.24);0.43702391354658693
(21.25);0.39058273746720723
(21.26);0.45850608739819965
(21.27);0.42214098696571045
(21.28);0.3522376018318006
(21.29);0.37085051349327436
(21.30);0.31962182676939044
(21.31);0.4216147831538571
(22.23);0.47266078682940443
(22.24);0.4174289888538597
(22.25);0.42583268002620656
(22.26);0.48121236965587183
(22.27);0.43905737975981124
(22.28);0.38923028247682495
(22.29);0.39205820630933147
(22.30);0.3690883077567012
(22.31);0.4852146238197591
(23.24);0.44133164346823295
(23.25);0.4185989878543546
(23.26);0.47082403719426563
(23.27);0.42394561024839766
(23.28);0.38024949193096075
(23.29);0.39467635923936234
(23.30);0.3497772208120404
(23.31);0.456771344567022
(24.25);0.4083718328712664
(24.26);0.41219784006169036
(24.27);0.36605092185645655
(24.28);0.3756281229222737
(24.29);0.4117465388067217
(24.30);0.32879736626251216
(24.31);0.41354274153824105
(25.26);0.4072188906242786
(25.27);0.3690778909355585
(25.28);0.4616346012637311
(25.29);0.4560023965488816
(25.30);0.4294325823411317
(25.31);0.5001600968016097
(26.27);0.4525803517447442
(26.28);0.3704492715997102
(26.29);0.375005162204562
(26.30);0.35046002755155237
(26.31);0.45820565808317154
(27.28);0.3359731277896
(27.29);0.3317845800673908
(27.30);0.3289476090252614
(27.31);0.4206455659126204
(28.29);0.4518388607763606
(28.30);0.46305849090944357
(28.31);0.4540442547690084
(29.30);0.40392032043059983
(29.31);0.4362267312568542
(30.31);0.4365918572919863
