
****Importance edges******

(0.1);17.04934637375663
(0.2);18.624337531943723
(0.3);25.39794971011004
(0.4);26.483399356115573
(0.5);15.990610890316573
(0.6);27.722451250702523
(0.7);16.43649812226124
(0.8);13.927498224722141
(0.9);12.030576296566423
(0.10);11.118185023184534
(0.11);11.85173387264493
(0.12);13.006603312970844
(0.14);9.892886042975828
(0.15);9.180160871058105
(0.16);11.07840162205118
(0.17);8.0860655152098
(0.30);12.71769334735607
(0.31);32.955617405262466
(1.2);1.8778094670268441
(1.3);1.2764198491283394
(1.4);0.7952399437004941
(1.5);4.153426449437815
(1.6);0.7566714343714194
(1.7);3.1794224032792124
(1.8);0.58811162007853
(1.9);0.6164255480832845
(1.10);0.766919612326482
(1.11);1.229371693092552
(1.12);1.6331272352160429
(1.13);0.5424832272992333
(1.14);1.355197317601079
(1.15);1.0233506982917682
(1.16);1.0211889798920257
(1.17);0.5288831677905632
(1.18);0.20339821298883645
(1.19);0.5237139849162371
(1.20);0.2735853455758156
(1.21);0.41298015204621197
(1.22);0.6422906129458221
(1.23);0.5038277669607379
(1.24);0.3727598814518001
(1.25);0.7127444611593996
(1.26);0.5620263791967113
(1.27);0.5237734924140124
(1.28);0.65855078684639
(1.29);0.4725351710050417
(1.30);2.0526863236468285
(1.31);2.705823144333925
(2.3);2.777181073383027
(2.4);1.1204442982890181
(2.5);3.0422137682346957
(2.6);0.982263224144457
(2.7);1.2973035301971352
(2.8);0.5531040583643412
(2.9);0.5447260158639241
(2.10);0.6062792095697811
(2.11);0.8100965093682123
(2.12);3.0162261456378268
(2.13);1.0051847202019883
(2.14);1.4770176769090497
(2.15);1.3233358264026915
(2.16);1.6753359278510638
(2.17);0.47180318763428464
(2.18);0.179359612013987
(2.19);1.1169958093070607
(2.20);0.3260325403432117
(2.21);0.5086786578637686
(2.22);0.7977911643975103
(2.23);0.5910015681299464
(2.24);0.38392528169600715
(2.25);0.5286364815699042
(2.26);0.7778333334527505
(2.27);0.9934139002068216
(2.28);0.44318359541236013
(2.29);0.3832247039327097
(2.30);1.133695271766667
(2.31);2.0260423349783143
(3.4);1.8868857089677924
(3.5);1.568232928907271
(3.6);1.4927843260505056
(3.7);1.0700342852436366
(3.8);0.6166027350613832
(3.9);0.5803522665064558
(3.10);0.6034517004684126
(3.11);0.7393605844241803
(3.12);1.7100694717117566
(3.13);3.9215564377505543
(3.14);1.049420346083214
(3.15);1.0359701545635254
(3.16);1.4912609414496514
(3.17);0.4907199469092053
(3.18);0.18371568705374625
(3.19);0.9748911941294115
(3.20);0.2922359153198006
(3.21);0.763326352142271
(3.22);1.231872132054229
(3.23);0.8658195076555457
(3.24);0.4786649994334152
(3.25);0.5481910599857306
(3.26);1.4346496277852256
(3.27);2.8937987962610148
(3.28);0.4307985235483559
(3.29);0.4072137767917698
(3.30);0.9651285030523372
(3.31);2.0198014623147955
(4.5);0.8862172129293527
(4.6);5.294812479379847
(4.7);0.7704692341876369
(4.8);0.6858277068232199
(4.9);0.5983926535309395
(4.10);0.561965002919115
(4.11);0.6161872317635658
(4.12);0.9866514561282845
(4.13);1.25554650512546
(4.14);0.7251590489338227
(4.15);0.7474815687018809
(4.16);1.051039992024004
(4.17);0.5010110886456034
(4.18);0.18272483445692916
(4.19);0.5702588926573396
(4.20);0.244008583660254
(4.21);1.4081537947540714
(4.22);0.965446856766632
(4.23);1.0338954532070643
(4.24);0.594177246916598
(4.25);0.46277788392562247
(4.26);1.3356883400224004
(4.27);1.3254268146350168
(4.28);0.3649877561322865
(4.29);0.38577609751378766
(4.30);0.7473039835202248
(4.31);1.3863270883517949
(5.6);0.8194954701980055
(5.7);1.9420235677175348
(5.8);0.5697057162930129
(5.9);0.5836609120797867
(5.10);0.6953274297513787
(5.11);1.0308191637909485
(5.12);2.641680904064747
(5.13);0.6827624585976503
(5.14);1.8438477475496027
(5.15);1.3485241386696694
(5.16);1.3425727372251217
(5.17);0.507397074661442
(5.18);0.21009976646379558
(5.19);0.7744260740130361
(5.20);0.35458537127334405
(5.21);0.46072438451179815
(5.22);0.6987135843846307
(5.23);0.5444180530610946
(5.24);0.390512550267364
(5.25);0.6299783211706206
(5.26);0.6407297927195926
(5.27);0.6727784902925051
(5.28);0.5691918630597912
(5.29);0.447086450173068
(5.30);1.5832126013444614
(5.31);2.186626512964812
(6.7);0.7571285714489672
(6.8);0.7767208149608057
(6.9);0.6550051042735671
(6.10);0.5914542619853539
(6.11);0.6254029344017789
(6.12);0.8819804159246089
(6.13);0.9516756634991467
(6.14);0.6744833022188376
(6.15);0.6869966478087173
(6.16);0.9232335905410713
(6.17);0.5388661139957108
(6.18);0.19983989996927717
(6.19);0.5031955849922728
(6.20);0.2385412714293152
(6.21);2.069375517667693
(6.22);0.9492367799566814
(6.23);1.1742528698830275
(6.24);0.739174097313558
(6.25);0.49268377867984814
(6.26);1.221683498879725
(6.27);0.966966113882274
(6.28);0.38687791193279186
(6.29);0.42513451460840973
(6.30);0.7404991583338859
(6.31);1.3503173894001765
(7.8);0.7105607456767528
(7.9);0.7803262097121206
(7.10);1.0686310531266818
(7.11);2.0754437594581376
(7.12);1.2087789665728779
(7.13);0.5246512967577233
(7.14);1.1121699780250494
(7.15);0.8742875893158729
(7.16);0.865992383724238
(7.17);0.6495029441914809
(7.18);0.2833923812492073
(7.19);0.4740019272441217
(7.20);0.28418631245946174
(7.21);0.4685048910043816
(7.22);0.6867459922053658
(7.23);0.5757473351280328
(7.24);0.4708751648307214
(7.25);1.1372121181124866
(7.26);0.5904541803576905
(7.27);0.5070973056247872
(7.28);1.2966684600810137
(7.29);0.7301444295677713
(7.30);4.074518081812159
(7.31);2.863548226209328
(8.9);2.5628010740316336
(8.10);1.0906898304394834
(8.11);0.7814622112013508
(8.12);0.5417580732034434
(8.13);0.34317005702551
(8.14);0.48485219267479507
(8.15);0.4572838543206152
(8.16);0.5096523989054033
(8.17);1.3208947484359166
(8.18);0.3748087103135702
(8.19);0.2680917115875899
(8.20);0.17611116446935268
(8.21);0.5032147704338155
(8.22);0.460039616194206
(8.23);0.5255970545326472
(8.24);0.8820144558065889
(8.25);0.5533576571309679
(8.26);0.435513672596238
(8.27);0.34044294769700345
(8.28);0.4993753092714119
(8.29);0.74216629722273
(8.30);0.7797354567112288
(8.31);1.0285658292185653
(9.10);1.7352118744053584
(9.11);0.9651001697572562
(9.12);0.540430708007805
(9.13);0.32184701031347684
(9.14);0.49767897169987796
(9.15);0.45929336552795275
(9.16);0.4948509675662023
(9.17);2.043021131005235
(9.18);0.5317598574230697
(9.19);0.2635181311947653
(9.20);0.18028099782901738
(9.21);0.4246785051249358
(9.22);0.42807170370540487
(9.23);0.46182675376591154
(9.24);0.6438634248526113
(9.25);0.598229216474817
(9.26);0.3978447548653078
(9.27);0.3192679664699973
(9.28);0.6025354158816906
(9.29);0.9074776357999754
(9.30);0.8967675075611874
(9.31);1.0301831487880364
(10.11);1.835768730095607
(10.12);0.6105864214610962
(10.13);0.3309251246647042
(10.14);0.5857174745991959
(10.15);0.5179315195927593
(10.16);0.5310610195933169
(10.17);1.3980395418086276
(10.18);0.6512719483493121
(10.19);0.28744098516856603
(10.20);0.20409757104818152
(10.21);0.383858087450199
(10.22);0.4341336059087607
(10.23);0.4347652072856345
(10.24);0.4957918071368333
(10.25);0.7236798460667963
(10.26);0.3950174676213796
(10.27);0.3277192676105588
(10.28);0.9567538776873056
(10.29);1.0448611922718825
(10.30);1.379668017699128
(10.31);1.1682214974825966
(11.12);0.8229439908514703
(11.13);0.39914956077684843
(11.14);0.8204976135532255
(11.15);0.6785865506188958
(11.16);0.6610764662798673
(11.17);0.8343669481059702
(11.18);0.42552485600613815
(11.19);0.3674963304045835
(11.20);0.26015951674655613
(11.21);0.40689021049307467
(11.22);0.5117850912380215
(11.23);0.4748808400489754
(11.24);0.4591794539556548
(11.25);0.9014061843780522
(11.26);0.45784378926162544
(11.27);0.3939706653667893
(11.28);1.5475687109005574
(11.29);0.8663395915746563
(11.30);4.0218783776173685
(11.31);1.5487442517204881
(12.13);0.8296241633821053
(12.14);2.8924134441159084
(12.15);2.6306503130335894
(12.16);2.7208366714924237
(12.17);0.4796348285121135
(12.18);0.22437534829589653
(12.19);1.831536158015315
(12.20);0.5898982628270534
(12.21);0.5128982256783998
(12.22);0.6864639056265686
(12.23);0.5641325599736379
(12.24);0.40954408071137094
(12.25);0.5396217190336566
(12.26);0.6837370137405129
(12.27);0.8848790916836736
(12.28);0.48920971242076944
(12.29);0.4201071432355459
(12.30);1.1405587915421596
(12.31);1.496527472271967
(13.14);0.5469248966052386
(13.15);0.5557613642505779
(13.16);0.8146916991377324
(13.17);0.29742900985449416
(13.18);0.0
(13.19);0.0
(13.20);0.0
(13.21);0.0
(13.22);0.0
(13.23);0.0
(13.24);0.0
(13.25);0.0
(13.26);0.0
(13.27);0.0
(13.28);0.0
(13.29);0.0
(13.30);0.5521050991223341
(13.31);1.1654952932965776
(14.15);3.350075279798018
(14.16);1.7192099363493114
(14.17);0.45623194283531804
(14.18);0.22487812276799984
(14.19);0.8819022618490997
(14.20);0.7364611051470746
(14.21);0.4023252540155579
(14.22);0.5104447322374375
(14.23);0.4394862246918438
(14.24);0.34694531628840436
(14.25);0.46829480780175947
(14.26);0.4987894910207019
(14.27);0.5754807553400058
(14.28);0.4552302439861585
(14.29);0.38043967633830883
(14.30);1.1551178405683076
(14.31);1.1717256630813915
(15.16);2.5867000825373534
(15.17);0.4233303412085332
(15.18);0.20899408948664897
(15.19);1.0715285749993002
(15.20);1.1211044649087814
(15.21);0.4013683964636656
(15.22);0.4852111260993041
(15.23);0.4253031955219826
(15.24);0.3346298736433831
(15.25);0.4135763379761925
(15.26);0.488359712459939
(15.27);0.6023777699626602
(15.28);0.3919138112097019
(15.29);0.3435503976518945
(15.30);0.9038333276649034
(15.31);1.0111763843881545
(16.17);0.44507063681101483
(16.18);0.21582119633836974
(16.19);2.631209761373822
(16.20);0.7394656333818751
(16.21);0.5215502149228577
(16.22);0.6155719222578195
(16.23);0.5373037519203995
(16.24);0.39995528245299855
(16.25);0.4563294164055175
(16.26);0.6475392993578153
(16.27);0.9352367765554435
(16.28);0.4107488012317977
(16.29);0.37573344500684625
(16.30);0.8542937946522424
(16.31);1.1334889450437617
(17.18);1.0609761550274794
(17.19);0.2598391159546644
(17.20);0.19274421923803758
(17.21);0.3675026463171301
(17.22);0.37017529739433297
(17.23);0.38865416657449664
(17.24);0.4830754388993852
(17.25);0.47525152033819323
(17.26);0.3509893031282839
(17.27);0.2992285206670995
(17.28);0.5026694976985437
(17.29);0.609517056302896
(17.30);0.7697714903572325
(17.31);0.7835512295970843
(18.19);0.0
(18.20);0.0
(18.21);0.0
(18.22);0.0
(18.23);0.0
(18.24);0.0
(18.25);0.0
(18.26);0.0
(18.27);0.0
(18.28);0.0
(18.29);0.0
(18.30);0.42114508813500895
(18.31);0.37983463233420195
(19.20);0.0
(19.21);0.0
(19.22);0.0
(19.23);0.0
(19.24);0.0
(19.25);0.0
(19.26);0.0
(19.27);0.0
(19.28);0.0
(19.29);0.0
(19.30);0.5292938648968426
(19.31);0.7885452424174993
(20.21);0.0
(20.22);0.0
(20.23);0.0
(20.24);0.0
(20.25);0.0
(20.26);0.0
(20.27);0.0
(20.28);0.0
(20.29);0.0
(20.30);0.3642416375296054
(20.31);0.39110034515656045
(21.22);0.0
(21.23);0.0
(21.24);0.0
(21.25);0.0
(21.26);0.0
(21.27);0.0
(21.28);0.0
(21.29);0.0
(21.30);0.5184513260711612
(21.31);1.0659434588997956
(22.23);0.0
(22.24);0.0
(22.25);0.0
(22.26);0.0
(22.27);0.0
(22.28);0.0
(22.29);0.0
(22.30);0.6892167076833435
(22.31);2.129509803527035
(23.24);0.0
(23.25);0.0
(23.26);0.0
(23.27);0.0
(23.28);0.0
(23.29);0.0
(23.30);0.6113724945037885
(23.31);1.5184157257036432
(24.25);0.0
(24.26);0.0
(24.27);0.0
(24.28);0.0
(24.29);0.0
(24.30);0.5437344885594592
(24.31);0.9930262720436477
(25.26);0.0
(25.27);0.0
(25.28);0.0
(25.29);0.0
(25.30);1.1082599602039385
(25.31);2.572308225025522
(26.27);0.0
(26.28);0.0
(26.29);0.0
(26.30);0.6138412830928044
(26.31);1.5429699644106127
(27.28);0.0
(27.29);0.0
(27.30);0.5441680714734299
(27.31);1.0567087212170243
(28.29);0.0
(28.30);1.5754460416356741
(28.31);1.4733038925676245
(29.30);0.8872344599101882
(29.31);1.2235123746273013
(30.31);1.999601537330073

****Importance nodes******

0; 0.061111111111111116
1; 0.001971326164874552
2; 0.0020349173314834087
3; 0.0021005598260473895
4; 0.002168319820436015
5; 0.0022382656210952413
6; 0.002310467737904765
7; 0.0023849989552565316
8; 0.002461934405426097
9; 0.00254135164431081
10; 0.0026233307296111585
11; 0.002707954301534099
12; 0.0027953076660997152
13; DISCONNECTED
14; 0.00288547888113519
15; 0.0029785588450427767
16; 0.0030746413884312532
17; 0.003173823368703229
18; DISCONNECTED
19; DISCONNECTED
20; DISCONNECTED
21; DISCONNECTED
22; DISCONNECTED
23; DISCONNECTED
24; DISCONNECTED
25; DISCONNECTED
26; DISCONNECTED
27; DISCONNECTED
28; DISCONNECTED
29; DISCONNECTED
30; 0.0032762047676936556
31; 0.0033818887924579673
