
****Importance edges******

(0.1);17.431002579074757
(0.2);19.04125052281045
(0.3);25.96649262646147
(0.4);27.076240482138903
(0.5);16.348566892812418
(0.6);28.343029032074014
(0.7);16.804435482705554
(0.8);14.239270653148157
(0.9);12.299885394785306
(0.10);11.367069890261023
(0.11);12.117039514111426
(0.12);13.297761153024325
(0.13);28.74148245098282
(0.14);10.129052943434033
(0.15);9.399733202693243
(0.16);11.343897849670016
(0.17);8.280241515585299
(0.30);13.023725673369755
(0.31);33.81112923204721
(1.2);1.9198449574078171
(1.3);1.304993000575419
(1.4);0.8130416970684304
(1.5);4.246402505118189
(1.6);0.773609816757699
(1.7);3.2505950020954817
(1.8);0.6012767259014821
(1.9);0.630224472123255
(1.10);0.784087404135505
(1.11);1.2568916533904695
(1.12);1.6696854193088746
(1.13);1.3664480747805425
(1.14);1.412087489879592
(1.15);1.0665677973688892
(1.16);1.064570188419379
(1.17);0.5514820543024623
(1.18);0.20795136056622965
(1.19);0.5354375247970874
(1.20);0.27970965923184155
(1.21);0.42222487229802597
(1.22);0.6566685364552935
(1.23);0.5151061461699329
(1.24);0.3811042554079016
(1.25);0.7286995212798464
(1.26);0.5746075568249092
(1.27);0.5354983643931901
(1.28);0.6732927006304831
(1.29);0.4831130533643759
(1.30);2.1409025399369583
(1.31);2.882905172574888
(2.3);2.8393493446300817
(2.4);1.1455258767719063
(2.5);3.1103148987471365
(2.6);1.0042515658985764
(2.7);1.326344170913015
(2.8);0.5654855063937111
(2.9);0.5569199181751997
(2.10);0.6198510039022518
(2.11);0.8282308326982166
(2.12);3.0837455331785364
(2.13);2.4849280376246248
(2.14);1.5386477503045906
(2.15);1.3788884770525942
(2.16);1.746086999699902
(2.17);0.49184589556557967
(2.18);0.18337464622163022
(2.19);1.1420001920318192
(2.20);0.3333309047162386
(2.21);0.5200656261398919
(2.22);0.8156500278263724
(2.23);0.6042313665565145
(2.24);0.39251959745014864
(2.25);0.5404702134400745
(2.26);0.7952454331255261
(2.27);1.0156518541524826
(2.28);0.45310443141254153
(2.29);0.3918033369829628
(2.30);1.1821374464207812
(2.31);2.1576120854718672
(3.4);1.929124374531074
(3.5);1.6033384288825059
(3.6);1.5262008799024338
(3.7);1.0939874161094034
(3.8);0.6304056255003119
(3.9);0.593343676201995
(3.10);0.616960199917286
(3.11);0.7559114567466219
(3.12);1.748350037493944
(3.13);9.516860278261296
(3.14);1.0929412753305123
(3.15);1.079197068946129
(3.16);1.5538629631400913
(3.17);0.5114435293527364
(3.18);0.18782823368405419
(3.19);0.996714510143579
(3.20);0.29877772918489426
(3.21);0.780413707433872
(3.22);1.2594480656443081
(3.23);0.8852012118298985
(3.24);0.4893801003702794
(3.25);0.5604625286483371
(3.26);1.4667648139570773
(3.27);2.958577600288081
(3.28);0.4404421149300876
(3.29);0.41632941450576655
(3.30);1.0061282021002382
(3.31);2.14993683256275
(4.5);0.9060555276165859
(4.6);5.413338902296665
(4.7);0.7877164856533615
(4.8);0.7011802249989951
(4.9);0.6117879042596364
(4.10);0.5745448066156273
(4.11);0.6299808210006499
(4.12);1.0087380301506854
(4.13);2.991865298048722
(4.14);0.7550468404042153
(4.15);0.7784806746240703
(4.16);1.094895710789431
(4.17);0.5220431603419583
(4.18);0.18681520046905736
(4.19);0.5830243582798533
(4.20);0.24947081007429248
(4.21);1.4396758614672804
(4.22);0.9870587576402654
(4.23);1.0570396023560344
(4.24);0.6074781341396779
(4.25);0.47313734564411236
(4.26);1.3655882395355745
(4.27);1.3550970059380185
(4.28);0.37315814806047487
(4.29);0.3944118444950433
(4.30);0.7788633603305707
(4.31);1.4749362388502378
(5.6);0.8378401928973223
(5.7);1.985496515550557
(5.8);0.5824587988489004
(5.9);0.596726387084727
(5.10);0.7108926028949664
(5.11);1.0538944490128637
(5.12);2.7008159516732957
(5.13);1.5979386743389372
(5.14);1.9193688796544455
(5.15);1.404104232869153
(5.16);1.3982511060734166
(5.17);0.5285687366130497
(5.18);0.21480293090476346
(5.19);0.7917619008669136
(5.20);0.36252290179767027
(5.21);0.47103787785257295
(5.22);0.71435455790787
(5.23);0.5566050615060522
(5.24);0.3992543245733608
(5.25);0.6440806292720475
(5.26);0.6550727766653021
(5.27);0.6878388967148844
(5.28);0.5819334428125338
(5.29);0.457094653084873
(5.30);1.6496746851120387
(5.31);2.3252577714350884
(6.7);0.7740771870253356
(6.8);0.7941080104773355
(6.9);0.66966764658345
(6.10);0.6046941941387662
(6.11);0.6394028207027581
(6.12);0.9017238882740726
(6.13);2.188106059202826
(6.14);0.7019350114559993
(6.15);0.7151349605645815
(6.16);0.9612851229229992
(6.17);0.5612136452862033
(6.18);0.20431339333503037
(6.19);0.5144598125638703
(6.20);0.24388110994685563
(6.21);2.115699288100733
(6.22);0.9704858119984207
(6.23);1.2005389740291261
(6.24);0.7557207950499819
(6.25);0.5037126954060742
(6.26);1.249031355979978
(6.27);0.9886120239133814
(6.28);0.3955383234554851
(6.29);0.43465131496182163
(6.30);0.7713972431645008
(6.31);1.4352245087053261
(7.8);0.7264669224824772
(7.9);0.7977941133830453
(7.10);1.092552772099395
(7.11);2.1219033698280256
(7.12);1.2358379507319832
(7.13);1.1853515775757935
(7.14);1.1571476414991675
(7.15);0.9098714037892688
(7.16);0.9014620830526892
(7.17);0.6762725316136364
(7.18);0.2897362291875732
(7.19);0.4846126435085254
(7.20);0.2905479328546917
(7.21);0.47899255398886686
(7.22);0.7021190665541851
(7.23);0.5886356616556246
(7.24);0.4814158873105266
(7.25);1.1626690507201012
(7.26);0.6036717252975021
(7.27);0.5184488747201107
(7.28);1.325694884506995
(7.29);0.7464889947032384
(7.30);4.243494044415923
(7.31);3.0421077402463985
(8.9);2.620170366170933
(8.10);1.1151053436643983
(8.11);0.7989555447044878
(8.12);0.5538855369716471
(8.13);0.7620637319848018
(8.14);0.5043343191538047
(8.15);0.47577703406666755
(8.16);0.5303954320105191
(8.17);1.3749965401515247
(8.18);0.3831989480952748
(8.19);0.2740930481244121
(8.20);0.18005348092372367
(8.21);0.514479427478934
(8.22);0.4703377807316424
(8.23);0.5373627476543548
(8.24);0.9017586901519616
(8.25);0.5657447820667024
(8.26);0.4452628144110289
(8.27);0.34806389460587484
(8.28);0.5105540184950957
(8.29);0.7587799765101094
(8.30);0.8118726420177084
(8.31);1.0921618602896381
(9.10);1.7740552625852064
(9.11);0.9867043099082478
(9.12);0.5525284581932981
(9.13);0.7026606118681392
(9.14);0.5175468865000986
(9.15);0.47774849798558267
(9.16);0.5148634123622379
(9.17);2.1261728144779517
(9.18);0.5436635072683794
(9.19);0.2694170863675647
(9.20);0.18431665761409266
(9.21);0.4341850975298883
(9.22);0.437654254171489
(9.23);0.4721649240683225
(9.24);0.658276556364247
(9.25);0.6116208086018711
(9.26);0.40675066340390936
(9.27);0.32641490324348765
(9.28);0.6160234039460986
(9.29);0.9277918732667912
(9.30);0.933497708032383
(9.31);1.0933343553491113
(10.11);1.8768631223386099
(10.12);0.6242546343957762
(10.13);0.7104754745366202
(10.14);0.6089471399074545
(10.15);0.5386079393106155
(10.16);0.552399889682182
(10.17);1.454578158456633
(10.18);0.6658509225215857
(10.19);0.29387546266977993
(10.20);0.208666374025919
(10.21);0.39245089903518876
(10.22);0.44385185439758573
(10.23);0.44449759441528996
(10.24);0.5068902982808061
(10.25);0.739879699003106
(10.26);0.4038600862427489
(10.27);0.3350553900251053
(10.28);0.9781711828658554
(10.29);1.068250813726256
(10.30);1.435820994564669
(10.31);1.2392139704410756
(11.12);0.8413659100178957
(11.13);0.8429220454019184
(11.14);0.8528242646067593
(11.15);0.7054994209653875
(11.16);0.6874673962876552
(11.17);0.8678931291947473
(11.18);0.43505039430254056
(11.19);0.3757228777370047
(11.20);0.2659832880373855
(11.21);0.41599860505047065
(11.22);0.5232415982253483
(11.23);0.4855112311160697
(11.24);0.4694583634290714
(11.25);0.9215845100591805
(11.26);0.46809279936485365
(11.27);0.4027898509152743
(11.28);1.582211634372423
(11.29);0.8857329380284649
(11.30);4.184528598156079
(11.31);1.6420349056381494
(12.13);1.7237523906406005
(12.14);3.005614467205579
(12.15);2.734294873735033
(12.16);2.8287455661014773
(12.17);0.49878240044095873
(12.18);0.2293980771513182
(12.19);1.8725358024971146
(12.20);0.6031033633381719
(12.21);0.5243796506102162
(12.22);0.701830665358342
(12.23);0.5767608852722168
(12.24);0.4187118831788837
(12.25);0.5517013596884235
(12.26);0.6990427309439261
(12.27);0.9046874520098611
(12.28);0.5001608608316365
(12.29);0.4295114039385321
(12.30);1.1863882442481204
(12.31);1.5858717482227984
(13.14);1.136373721542545
(13.15);1.136977378771326
(13.16);1.6414818005683505
(13.17);0.590356843706695
(13.18);0.25679597156924744
(13.19);1.1871644793365859
(13.20);0.3893148983582791
(13.21);1.2623012831729998
(13.22);1.8540621085741522
(13.23);1.3691582528266453
(13.24);0.7172793261575584
(13.25);0.7502044009098916
(13.26);2.50045087457103
(13.27);6.4555206706929615
(13.28);0.5837559331419395
(13.29);0.5697369504886974
(13.30);1.0798179104220826
(13.31);2.2877031024566343
(14.15);3.5355540739965563
(14.16);1.814394957381866
(14.17);0.4814914798798268
(14.18);0.23732862598628998
(14.19);0.9307292745180796
(14.20);0.7772356867155933
(14.21);0.42460021704114265
(14.22);0.5387057907310555
(14.23);0.46381862567228554
(14.24);0.36615413804416014
(14.25);0.49422221212138523
(14.26);0.5264052505564101
(14.27);0.6073425696785072
(14.28);0.48043432141284537
(14.29);0.4015029320979722
(14.30);1.2190715867774813
(14.31);1.258841316187974
(15.16);2.72991418138328
(15.17);0.4467682626512264
(15.18);0.22056516430588172
(15.19);1.130854354703012
(15.20);1.1831750415241271
(15.21);0.4235903825349667
(15.22);0.5120751118560779
(15.23);0.4488503451487094
(15.24);0.3531568440193819
(15.25);0.43647422356683996
(15.26);0.5153980214640506
(15.27);0.6357287525804046
(15.28);0.4136123388730301
(15.29);0.3625712578358912
(15.30);0.953874566076073
(15.31);1.0860745935212417
(16.17);0.46971222189618933
(16.18);0.22777025775221962
(16.19);2.7768881635178078
(16.20);0.7804065623389097
(16.21);0.5504261346853869
(16.22);0.6496534065072542
(16.23);0.5670518750821438
(16.24);0.42209903067563276
(16.25);0.481594350128834
(16.26);0.6833906753448933
(16.27);0.9870166845030911
(16.28);0.43349013866692604
(16.29);0.3965361376329459
(16.30);0.901592249071734
(16.31);1.2171313788134106
(17.18);1.1197176940891818
(17.19);0.27422525414192067
(17.20);0.2034156108896202
(17.21);0.38784963616381285
(17.22);0.39067026006482136
(17.23);0.4101722221869131
(17.24);0.5098211811381655
(17.25);0.5015640869437606
(17.26);0.3704220224804128
(17.27);0.3157954753077403
(17.28);0.5305000759771108
(17.29);0.6432633095074867
(17.30);0.8123903200596145
(17.31);0.8411526191208841
(18.19);0.0
(18.20);0.0
(18.21);0.0
(18.22);0.0
(18.23);0.0
(18.24);0.0
(18.25);0.0
(18.26);0.0
(18.27);0.0
(18.28);0.0
(18.29);0.0
(18.30);0.4444620218173555
(18.31);0.41422653581015756
(19.20);0.0
(19.21);0.0
(19.23);0.0
(19.24);0.0
(19.25);0.0
(19.26);0.0
(19.27);0.0
(19.28);0.0
(19.29);0.0
(19.30);0.5585985161772967
(19.31);0.8599436077982137
(20.21);0.0
(20.23);0.0
(20.24);0.0
(20.25);0.0
(20.26);0.0
(20.27);0.0
(20.28);0.0
(20.29);0.0
(20.30);0.38440807979831937
(20.31);0.42651229597678647
(21.22);0.0
(21.23);0.0
(21.24);0.0
(21.25);0.0
(21.26);0.0
(21.27);0.0
(21.28);0.0
(21.29);0.0
(21.30);0.5471556741167699
(21.31);1.162458682706593
(22.25);0.0
(22.27);0.0
(22.28);0.0
(22.29);0.0
(22.30);0.7273755767253253
(22.31);2.322325016726351
(23.24);0.0
(23.25);0.0
(23.26);0.0
(23.27);0.0
(23.28);0.0
(23.29);0.0
(23.30);0.6452214750835779
(23.31);1.655899784895027
(24.25);0.0
(24.26);0.0
(24.27);0.0
(24.28);0.0
(24.29);0.0
(24.30);0.5738386530569949
(24.31);1.0829392520353303
(25.26);0.0
(25.27);0.0
(25.28);0.0
(25.29);0.0
(25.30);1.1696193936222647
(26.27);0.0
(26.28);0.0
(26.29);0.0
(26.30);0.6478269495355601
(26.31);1.6826772727100259
(27.28);0.0
(27.29);0.0
(27.30);0.5742962415318417
(27.31);1.1523877911295337
(28.29);0.0
(28.30);1.6626714941171672
(28.31);1.606703327349425
(29.30);0.9363566927113137
(29.31);1.3342945832722355
(30.31);2.146040722894328

****Importance nodes******

0; 0.05789473684210527
1; 0.0018675721561969441
2; 0.0019278164193000714
3; 0.001990004045729106
4; 0.002054197724623593
5; 0.0021204621673533864
6; 0.0021888641727518827
7; 0.0022594726944535565
8; 0.0023323589104036714
9; 0.0024075962946102413
10; 0.002485260691210572
11; 0.002565430390927042
12; 0.0026481862099892047
13; 0.00273361157160176
14; 0.002821792590040526
15; 0.0029128181574611884
16; 0.0030067800335083234
17; 0.0031037729378150434
18; DISCONNECTED
19; DISCONNECTED
20; DISCONNECTED
21; DISCONNECTED
22; DISCONNECTED
23; DISCONNECTED
24; DISCONNECTED
25; DISCONNECTED
26; DISCONNECTED
27; DISCONNECTED
28; DISCONNECTED
29; DISCONNECTED
30; 0.0032038946454864964
31; 0.0034174876218522627
