
****Importance edges******

(0.1);17.124618121393812
(0.2);18.68772433060943
(0.3);25.486212269547785
(0.4);26.578472815683657
(0.5);16.030889303767818
(0.6);27.791448172745014
(0.7);16.50097020238388
(0.8);13.962492354070214
(0.9);12.060900246340516
(0.10);11.146300585142948
(0.11);11.881804694269432
(0.12);13.064480319067536
(0.14);9.918630411148245
(0.15);9.20427641876985
(0.16);11.125501102743906
(0.17);8.107914549961865
(0.30);12.780362627677908
(0.31);33.047928532498574
(1.2);1.9799058982632272
(1.3);1.3461916459758316
(1.4);0.8394379651236468
(1.6);0.7850792959375287
(1.8);0.6096871116600814
(1.9);0.63873843335394
(1.10);0.7943065635375877
(1.11);1.2726770914034438
(1.12);1.731553245249875
(1.13);0.5812034722338347
(1.14);1.4024775746333367
(1.15);1.0587582312050203
(1.16);1.0770024736679946
(1.17);0.5470370974225561
(1.18);0.21791594963001706
(1.19);0.5610945577177026
(1.20);0.2931127540893509
(1.21);0.44245699452845494
(1.22);0.6881347028659321
(1.23);0.5397889424586346
(1.24);0.3993659647098273
(1.25);0.7636172600277962
(1.26);0.6021415347758903
(1.27);0.5611583126184819
(1.28);0.7055554618029143
(1.29);0.506262808360061
(1.30);2.177935070482842
(1.31);2.7986025752137214
(2.3);2.8839486426281153
(2.4);1.1648231695782238
(2.5);3.1126123324002957
(2.6);1.0042262313984114
(2.7);1.352594846604528
(2.8);0.5652867271933799
(2.9);0.5566001523974571
(2.10);0.619357580010131
(2.11);0.8273885084180372
(2.13);1.0432766297400236
(2.14);1.5087930706288397
(2.15);1.3517567103386272
(2.16);1.7449120527443776
(2.17);0.4820400996820513
(2.18);0.18615652205281158
(2.19);1.159324848405406
(2.20);0.33838768441137257
(2.21);0.5279552555177623
(2.22);0.8280238054770198
(2.23);0.613397828058688
(2.24);0.39847429622618263
(2.25);0.5486693895814981
(2.26);0.8073096639003491
(2.27);1.0310597494323266
(2.28);0.45997822935963767
(2.29);0.39774716976566815
(2.30);1.1884677367081475
(2.31);2.070912402483372
(3.5);1.6056936424642387
(3.6);1.5272760581482123
(3.7);1.1161071086755978
(3.8);0.6306317251399907
(3.9);0.5934190349462237
(3.10);0.6168960691826217
(3.11);0.7556589146191676
(3.12);1.7898626171187821
(3.13);4.074405270088144
(3.14);1.0727010646444248
(3.15);1.0589024093307395
(3.16);1.5537781541173374
(3.17);0.5016775197130118
(3.18);0.19087629501489817
(3.19);1.0128891123142516
(3.20);0.3036262699233315
(3.21);0.7930781977345743
(3.22);1.2798862866284548
(3.23);0.8995661852466932
(3.24);0.49732172091776483
(3.25);0.5695576690723991
(3.26);1.490567354305646
(3.27);3.0065891574478436
(3.28);0.44758957382198006
(3.29);0.4230855744523192
(3.30);1.0120418588242812
(3.31);2.0657508407201832
(4.5);0.9085685479292203
(4.7);0.8044183546807371
(4.8);0.7023136991617323
(4.9);0.6126242151300977
(4.10);0.57518720109038
(4.11);0.6305288666710243
(4.12);1.0335509739018205
(4.13);1.3072947922894769
(4.14);0.7421061734725681
(4.15);0.7648986866003539
(4.16);1.096035394207874
(4.17);0.512759594926659
(4.18);0.19025597501355057
(4.19);0.593762538929779
(4.20);0.2540655797222789
(4.21);1.4661919053653167
(4.22);1.0052384702047699
(4.23);1.0765082266819779
(4.24);0.6186667060280251
(4.25);0.4818516201295604
(4.26);1.390739732781605
(4.27);1.3800552709595137
(4.28);0.3800309991651652
(4.29);0.401676147566623
(4.30);0.7842060760495956
(4.31);1.4193526554515326
(5.6);0.8270291446391059
(5.7);1.9979048596889692
(5.8);0.575002953639513
(5.9);0.5890841339556636
(5.10);0.7017837405903954
(5.11);1.0403839751208661
(5.12);2.7300289039105525
(5.13);0.6894031437551651
(5.14);1.8620241832165383
(5.15);1.3620508476985052
(5.16);1.3822097680834855
(5.17);0.5128039696945559
(5.18);0.2121432390993871
(5.19);0.7819582979520232
(5.20);0.3580341399958119
(5.21);0.4652054826498193
(5.22);0.7055094134035652
(5.23);0.5497131726724914
(5.24);0.3943107539672425
(5.25);0.6361056171785857
(5.26);0.6469616597048248
(5.27);0.6793220693638516
(5.28);0.5747279377358401
(5.29);0.4514349030154933
(5.30);1.6409926757108613
(5.31);2.2117680993192153
(6.7);0.7783019665566012
(6.8);0.7835532583176805
(6.9);0.6607680792348581
(6.10);0.5966591813990599
(6.11);0.630907757322904
(6.12);0.9107625134101092
(6.13);0.9599329606679792
(6.14);0.6808162447005147
(6.15);0.6935698851276428
(6.16);0.9498295716787024
(6.17);0.5443634690446936
(6.18);0.20157382834795273
(6.19);0.5075616055165849
(6.20);0.2406109956439501
(6.21);2.0873306354233168
(6.22);0.9574729159390479
(6.23);1.1844413776592244
(6.24);0.7455876060488552
(6.25);0.49695859259687586
(6.26);1.2322835426587346
(6.27);0.9753560799818161
(6.28);0.3902346919886573
(6.29);0.4288232314249579
(6.30);0.7669463887757377
(6.31);1.3652375707304034
(7.8);0.7300874568944098
(7.9);0.8015365021829056
(7.10);1.0973582335637828
(7.11);2.130616498350363
(7.12);1.2689426965161126
(7.13);0.5491270224839239
(7.14);1.1417132512921861
(7.15);0.8974053752896426
(7.16);0.9050673479196504
(7.17);0.666698057999435
(7.18);0.29661303702422503
(7.19);0.4961147881797826
(7.20);0.2974440062493814
(7.21);0.4903613074174761
(7.22);0.7187836649465963
(7.23);0.6026067633792739
(7.24);0.4928421578733373
(7.25);1.190264673338108
(7.26);0.6179997037589166
(7.27);0.5307541128139994
(7.28);1.3571598793968296
(7.29);0.7642067008497702
(7.31);2.940073367395285
(8.9);2.585633278329831
(8.10);1.100406875311556
(8.11);0.7884243219317797
(8.12);0.559122579002433
(8.13);0.3462273871204692
(8.14);0.48944673720293047
(8.15);0.4616959422643861
(8.16);0.5241061804928571
(8.17);1.3344501436283465
(8.18);0.3781479117573877
(8.19);0.2704801625647825
(8.20);0.17768015323211767
(8.21);0.5076979519654748
(8.22);0.4641381467468277
(8.23);0.5302796416632752
(8.24);0.8898723947051626
(8.25);0.5582875657397973
(8.26);0.4393936995121518
(8.27);0.34347598175199173
(8.28);0.5038242847296684
(8.29);0.7487783174427655
(8.30);0.8071052867269697
(8.31);1.0399683399371566
(9.10);1.7506710188619958
(9.11);0.9736983260743433
(9.12);0.5575665433251229
(9.13);0.32471437164194744
(9.14);0.5023909348227252
(9.15);0.4637199562865
(9.16);0.508748864881945
(9.17);2.0639487744805023
(9.18);0.5364973494685072
(9.19);0.2658658357703112
(9.20);0.1818871359781011
(9.21);0.42846200064798545
(9.22);0.43188542951202924
(9.23);0.4659412060732725
(9.24);0.6495996567456491
(9.25);0.6035588894744526
(9.26);0.401389186313419
(9.27);0.32211235088600876
(9.28);0.6079034531639085
(9.29);0.9155624282509303
(9.30);0.9279246820200825
(9.31);1.0415735226125802
(10.11);1.8521237438009224
(10.12);0.6297361304648667
(10.13);0.3338733636561389
(10.14);0.591258104770453
(10.15);0.5229177312917076
(10.16);0.545829361253002
(10.17);1.4123339490124538
(10.18);0.6570741833838885
(10.19);0.2900018204060507
(10.20);0.20591589299527163
(10.21);0.38727791053478616
(10.22);0.43800133769772415
(10.23);0.4386385660629031
(10.24);0.5002088568815927
(10.25);0.7301271689820671
(10.26);0.3985367105362812
(10.27);0.3306389453593935
(10.28);0.9652776762059647
(10.29);1.0541699460596587
(10.30);1.4271077291735124
(10.31);1.1811038640558447
(11.12);0.8484696925788795
(11.13);0.40270561684750394
(11.14);0.8282523274565969
(11.15);0.6851121632064505
(11.16);0.6792775786378642
(11.17);0.8428822315391156
(11.18);0.4293158917383845
(11.19);0.3707703852579458
(11.20);0.2624772991513892
(11.21);0.41051522864491263
(11.22);0.5163446264584184
(11.23);0.479111592278309
(11.24);0.46327032125256806
(11.25);0.9094368857718992
(11.26);0.46192275701257834
(11.27);0.3974805822348202
(11.28);1.5613561270721894
(11.29);0.8740578818262412
(11.30);4.15872123888601
(11.31);1.5657771819946544
(12.13);0.8731256038455337
(12.15);2.711353608778515
(12.16);2.851389958546904
(12.17);0.49429711368634965
(12.18);0.2361404960413093
(12.19);1.9275729716125867
(12.20);0.6208296475341208
(12.21);0.5397921043923334
(12.22);0.7224587211574571
(12.23);0.5937129170248727
(12.24);0.43101857269288
(12.25);0.5679168472608992
(12.26);0.7195888443750265
(12.27);0.931277830803427
(12.28);0.5148614811593342
(12.29);0.4421355106413599
(12.30);1.2018096891915189
(12.31);1.5424181575533447
(13.14);0.55237228428214
(13.15);0.5614632571958931
(13.16);0.8504851192969204
(13.17);0.30079351501471585
(13.18);0.0
(13.19);0.0
(13.20);0.0
(13.21);0.0
(13.22);0.0
(13.23);0.0
(13.24);0.0
(13.25);0.0
(13.26);0.0
(13.27);0.0
(13.28);0.0
(13.29);0.0
(13.30);0.5823515771869658
(13.31);1.18026265347325
(14.15);3.383951895120481
(14.16);1.7664652169048225
(14.17);0.46109909900205637
(14.18);0.22711791532887007
(14.19);0.890686033703786
(14.20);0.7437962789041966
(14.21);0.4063324250996208
(14.22);0.51552877642959
(14.23);0.44386352011103963
(14.24);0.3504009016022912
(14.25);0.47295903753606156
(14.26);0.5037574486756179
(14.27);0.581212560189979
(14.28);0.45976435028966606
(14.29);0.3842288664401913
(14.30);1.1941529244731028
(14.31);1.1851097982029721
(15.16);2.6574839174648948
(15.17);0.4279033601375793
(15.18);0.21113828662072534
(15.19);1.0825220366098078
(15.20);1.1326065556452338
(15.21);0.40548627830195183
(15.22);0.4901892013576026
(15.23);0.429666638981995
(15.24);0.33806304449431435
(15.25);0.41781946849145524
(15.26);0.49337009097555656
(15.27);0.6085579288903976
(15.28);0.3959346927229778
(15.29);0.3470750895695722
(15.30);0.934185091059275
(15.31);1.022846847748732
(16.17);0.45724978610621403
(16.18);0.22530328479953113
(16.20);0.7719540018492734
(16.21);0.5444644854335391
(16.22);0.642617029597066
(16.23);0.5609101529257737
(16.24);0.41752728850740983
(16.25);0.476378215908062
(16.26);0.6759888910696638
(16.27);0.9763263358660438
(16.28);0.42879501974357725
(16.29);0.39224126640630735
(16.30);0.8966083186260586
(16.31);1.1647265407457257
(17.18);1.0729778752033574
(17.19);0.2627784057263131
(17.20);0.1949245341997373
(17.21);0.37165982167313855
(17.22);0.37436270567330054
(17.23);0.3930506070885584
(17.24);0.4885399691002169
(17.25);0.48062754668264196
(17.26);0.354959680201238
(17.27);0.3026133818222453
(17.28);0.5083556751151992
(17.29);0.6164118890637538
(17.30);0.7954764331564519
(17.31);0.7929638484497556
(18.19);0.0
(18.20);0.0
(18.21);0.0
(18.22);0.0
(18.23);0.0
(18.24);0.0
(18.25);0.0
(18.26);0.0
(18.27);0.0
(18.28);0.0
(18.29);0.0
(18.30);0.44421706426881474
(18.31);0.38464731142052216
(19.20);0.0
(19.21);0.0
(19.22);0.0
(19.23);0.0
(19.24);0.0
(19.25);0.0
(19.26);0.0
(19.27);0.0
(19.28);0.0
(19.29);0.0
(19.31);0.7985364724785353
(20.21);0.0
(20.22);0.0
(20.23);0.0
(20.24);0.0
(20.25);0.0
(20.26);0.0
(20.27);0.0
(20.28);0.0
(20.29);0.0
(20.30);0.38419621994023384
(20.31);0.3960557659938355
(21.22);0.0
(21.23);0.0
(21.24);0.0
(21.25);0.0
(21.26);0.0
(21.27);0.0
(21.28);0.0
(21.29);0.0
(21.30);0.5468541187396564
(21.31);1.0794494516533295
(22.23);0.0
(22.24);0.0
(22.25);0.0
(22.26);0.0
(22.27);0.0
(22.28);0.0
(22.29);0.0
(22.30);0.7269746962689604
(22.31);2.1564916699054835
(23.24);0.0
(23.25);0.0
(23.26);0.0
(23.27);0.0
(23.28);0.0
(23.29);0.0
(23.30);0.6448658724380334
(23.31);1.5376547497034452
(24.25);0.0
(24.26);0.0
(24.27);0.0
(24.28);0.0
(24.29);0.0
(24.30);0.5735223918179897
(24.31);1.0056083705802183
(25.26);0.0
(25.27);0.0
(25.28);0.0
(25.29);0.0
(25.30);1.168974778142598
(25.31);2.604900550591184
(26.27);0.0
(26.28);0.0
(26.29);0.0
(26.30);0.647469910927879
(26.31);1.562520101882031
(27.28);0.0
(27.29);0.0
(27.30);0.5739797281008705
(27.31);1.070097705606575
(28.29);0.0
(28.30);1.661755141508316
(28.31);1.491971328941135
(29.30);0.9358406359308751
(29.31);1.2390148378467212
(30.31);2.066374136448348

****Importance nodes******

0; 0.061111111111111116
1; 0.0021072796934865903
2; 0.0021072796934865903
3; 0.0021775223499361433
4; 0.002252609327520148
5; 0.0022549507494018
6; 0.0023252714532474078
7; 0.0024906463684380414
8; 0.0024782797015041234
9; 0.002558224208004256
10; 0.0026407475695527805
11; 0.002725932975022225
12; 0.0029352612243870556
13; DISCONNECTED
14; 0.002907661840023707
15; 0.0030023476859716764
16; 0.003202504198369788
17; 0.003202504198369788
18; DISCONNECTED
19; DISCONNECTED
20; DISCONNECTED
21; DISCONNECTED
22; DISCONNECTED
23; DISCONNECTED
24; DISCONNECTED
25; DISCONNECTED
26; DISCONNECTED
27; DISCONNECTED
28; DISCONNECTED
29; DISCONNECTED
30; 0.0034479133785998337
31; 0.0034170337976268724
