
****Importance edges******

(0.1);17.123653329750475
(0.2);18.686671474414954
(0.3);25.484776390251458
(0.4);26.576975399023993
(0.5);16.029986132209427
(0.6);27.789882417715425
(0.7);16.500040546724094
(0.8);13.999232048274843
(0.9);12.060725510377935
(0.10);11.17855900013467
(0.11);11.900290525243816
(0.12);13.06701211678393
(0.14);9.920470901948239
(0.15);9.206055256069664
(0.16);11.127827150767024
(0.17);8.109609700448695
(0.30);12.78337133949014
(0.31);33.11404407498881
(1.2);1.9797943514449738
(1.3);1.346115802272856
(1.4);0.8393906716466122
(1.6);0.7850350649982628
(1.8);0.6323761217701839
(1.9);0.6390672577334021
(1.10);0.8257286627590859
(1.11);1.2997048347355937
(1.12);1.7369567970019233
(1.13);0.5811707275472604
(1.14);1.4067293827591871
(1.15);1.0620145007732242
(1.16);1.0804040981923158
(1.17);0.5487648695046096
(1.18);0.21790367236428987
(1.19);0.5610629459564024
(1.20);0.29309624027668096
(1.21);0.44243206674274715
(1.22);0.6880959337321559
(1.23);0.5397585310440758
(1.24);0.399343464649233
(1.25);0.7635742382479257
(1.26);0.6021076104502942
(1.27);0.5611266972652654
(1.28);0.7055157111930828
(1.29);0.5062342857896086
(1.30);2.18519689707364
(1.31);2.8656856747674495
(2.3);2.8837861625348076
(2.4);1.1647575440762705
(2.5);3.112436969519444
(2.6);1.004169653840348
(2.7);1.3525186421487216
(2.8);0.5863234130985071
(2.9);0.5568866917540441
(2.10);0.6438588446679353
(2.11);0.8449596931219536
(2.13);1.0432178521038202
(2.14);1.5133671891416465
(2.15);1.3559141129540297
(2.16);1.750423215231483
(2.17);0.48356258404478464
(2.18);0.18614603409590905
(2.19);1.1592595326758681
(2.20);0.3383686198338261
(2.21);0.5279255108066705
(2.22);0.8279771550675131
(2.23);0.6133632695596688
(2.24);0.3984518464017043
(2.25);0.5486384778473928
(2.26);0.8072641805142791
(2.27);1.0310016600884953
(2.28);0.4599523144371174
(2.29);0.3977247609070979
(2.30);1.192430410678414
(2.31);2.1205526136706396
(3.5);1.6056031785603415
(3.6);1.527190012248238
(3.7);1.1160442278099405
(3.8);0.6537455646374242
(3.9);0.5937195016603564
(3.10);0.6409436822514254
(3.11);0.7714762858297911
(3.12);1.795370008611185
(3.13);4.074175720317849
(3.14);1.0759073529365624
(3.15);1.062114150019378
(3.16);1.5586204198194633
(3.17);0.5032409706090079
(3.18);0.1908655411485616
(3.19);1.0128320466942033
(3.20);0.3036091637849147
(3.21);0.7930335161415447
(3.22);1.2798141785332549
(3.23);0.8995155041785373
(3.24);0.4972937020833015
(3.25);0.569525580504022
(3.26);1.4904833765540213
(3.27);3.0064197678548323
(3.28);0.44756435686955476
(3.29);0.42306173804185127
(3.30);1.0153734339625233
(3.31);2.114644160830543
(4.5);0.9085173596728616
(4.7);0.8043730341894513
(4.8);0.7276456360705452
(4.9);0.612929025899103
(4.10);0.5972643830820408
(4.11);0.643527437106176
(4.12);1.0366843291217533
(4.13);1.3072211400140195
(4.14);0.7442914337716959
(4.15);0.7671849233086223
(4.16);1.099403263432811
(4.17);0.5143351893542392
(4.18);0.19024525609570453
(4.19);0.5937290866722381
(4.20);0.2540512658061122
(4.21);1.4661093009131883
(4.22);1.0051818356177245
(4.23);1.0764475767957309
(4.24);0.6186318506832953
(4.25);0.4818244728721363
(4.26);1.39066137926372
(4.27);1.3799775193983796
(4.28);0.3800095884259823
(4.29);0.4016535173515868
(4.30);0.7867530447385738
(4.31);1.452500702324936
(5.6);0.8269825502682482
(5.7);1.997792298819048
(5.8);0.5957326102968868
(5.9);0.5893770736470599
(5.10);0.7287071258125436
(5.11);1.0618217404167913
(5.12);2.7383015676181692
(5.13);0.6893643031581211
(5.14);1.8675047019434068
(5.15);1.3661200894205572
(5.16);1.3864551309245
(5.17);0.5143790120419157
(5.18);0.2121312870650221
(5.19);0.7819142428480813
(5.20);0.35801396854767514
(5.21);0.4651792732267003
(5.22);0.7054696653880753
(5.23);0.5496822021322162
(5.24);0.3942885387144638
(5.25);0.6360697793351148
(5.26);0.6469252102378399
(5.27);0.6792837967290395
(5.28);0.5746955578773469
(5.29);0.45140946941931887
(5.30);1.6463201161961205
(5.31);2.2634011126039897
(6.7);0.7782581174483756
(6.8);0.8113872633116128
(6.9);0.6610913983113801
(6.10);0.6192249327977664
(6.11);0.6437265291884111
(6.12);0.9134847710847114
(6.13);0.9598788785686265
(6.14);0.6827926560907601
(6.15);0.6956141176625019
(6.16);0.952709115114425
(6.17);0.5460137843230066
(6.18);0.20156247178842382
(6.19);0.5075330097726092
(6.20);0.24059743975171086
(6.21);2.087213036353973
(6.22);0.9574189724372734
(6.23);1.1843746468781298
(6.24);0.7455456000498546
(6.25);0.49693059422086394
(6.26);1.2322141164761622
(6.27);0.9753011289523346
(6.28);0.3902127063789869
(6.29);0.42879907175802606
(6.30);0.7694054061062934
(6.31);1.396717364734991
(7.8);0.7551576822455502
(7.9);0.8019143748350854
(7.10);1.1375209773756696
(7.11);2.1725301535382617
(7.12);1.2726177698063836
(7.13);0.5490960849670306
(7.14);1.1449241422536305
(7.15);0.899969239454657
(7.16);0.9077300039093343
(7.17);0.6686594452724631
(7.18);0.2965963260075239
(7.19);0.49608683734325126
(7.20);0.29742724841632745
(7.21);0.49033368072891237
(7.22);0.7187431690670156
(7.23);0.602572812842952
(7.24);0.49281439141501215
(7.25);1.1901976144757114
(7.26);0.6179648859927307
(7.27);0.5307242104168143
(7.28);1.3570834177495663
(7.29);0.7641636458611254
(7.31);3.0059635266345226
(8.10);1.1775173361769473
(8.11);0.829863063393709
(8.12);0.5783972386576125
(8.13);0.3700842864347866
(8.14);0.5063575337225494
(8.15);0.47741541618037436
(8.16);0.5414192101668561
(8.17);1.3785316213804004
(8.18);0.4042043041524133
(8.19);0.28911767722962617
(8.20);0.18992325612777686
(8.21);0.542681027749457
(8.22);0.49611972141937133
(8.23);0.5668187153766763
(8.24);0.9511893121784899
(8.25);0.5967565336486109
(8.26);0.46967025081500835
(8.27);0.36714329467513845
(8.29);0.8003731062795033
(8.30);0.8329012842804989
(8.31);1.0934730177458554
(9.10);1.8148078256862117
(9.11);0.9930983413710781
(9.12);0.5594315526060629
(9.13);0.32503430249202037
(9.14);0.5040309327436319
(9.15);0.46525059202857444
(9.16);0.5104630064010921
(9.17);2.0709028937561307
(9.18);0.5370259434208151
(9.19);0.2661277850102332
(9.20);0.182066343648327
(9.21);0.4288841507714867
(9.22);0.4323109526322387
(9.23);0.4664002832782304
(9.24);0.6502396868414495
(9.25);0.6041535570513825
(9.26);0.4017846624450666
(9.27);0.3224297180469289
(9.28);0.6085024013026976
(9.29);0.9164645030943813
(9.30);0.931194094290489
(9.31);1.065116117358491
(10.12);0.6527527866882045
(10.13);0.35763572282168177
(10.14);0.6129191577921408
(10.15);0.5418010486773087
(10.16);0.5649634784297215
(10.17);1.461843493920459
(10.18);0.7038393178438341
(10.19);0.31064176406518934
(10.20);0.22057129213722462
(10.21);0.41484116597461357
(10.22);0.4691746693687131
(10.23);0.4698572504062886
(10.24);0.5358096079713014
(10.25);0.7820916139317439
(10.26);0.42690127473125705
(10.27);0.35417110524094064
(10.28);1.0339781996179196
(10.30);1.4755294157274847
(10.31);1.2435896680082745
(11.12);0.8662472207474415
(11.13);0.4178866741983586
(11.14);0.8456129897978977
(11.15);0.6992963214874685
(11.16);0.6929870800118189
(11.17);0.8598936793989718
(11.18);0.4455000940475908
(11.19);0.38474755927072046
(11.20);0.2723720777812675
(11.21);0.42599069004583356
(11.22);0.5358096079713014
(11.23);0.49717297571957986
(11.24);0.4807345259262945
(11.25);0.943720523601351
(11.26);0.47933616167469484
(11.27);0.4124646680342564
(11.29);0.9070078141759442
(11.30);4.240498340096287
(11.31);1.625752398854145
(12.13);0.877841749227664
(12.15);2.7258237909131675
(12.16);2.866601628968406
(12.17);0.4969341029768389
(12.18);0.23741599741824088
(12.19);1.9379846630447832
(12.20);0.6241830286082894
(12.21);0.5427077651280031
(12.22);0.7263610467181326
(12.23);0.5969198284012036
(12.24);0.4333466985000549
(12.25);0.5709844224240224
(12.26);0.7234756684361753
(12.27);0.936308082604405
(12.28);0.5176424803490407
(12.29);0.44452368404688514
(12.30);1.208304502056669
(12.31);1.5784497139809193
(13.14);0.555283067004636
(13.15);0.5644242803745871
(13.16);0.8549703747773053
(13.17);0.30237982820359244
(13.18);0.0
(13.19);0.0
(13.20);0.0
(13.21);0.0
(13.22);0.0
(13.23);0.0
(13.24);0.0
(13.25);0.0
(13.26);0.0
(13.27);0.0
(13.28);0.0
(13.29);0.0
(13.30);0.5855000779842227
(13.31);1.2260419167419225
(14.15);3.401791126816851
(14.16);1.7757776373688958
(14.17);0.46352991317514064
(14.18);0.2283147366081414
(14.19);0.8953795956218006
(14.20);0.7477157901094064
(14.21);0.40847363572192225
(14.22);0.518245408487498
(14.23);0.446202504709379
(14.24);0.35224737529286826
(14.25);0.47545134396432015
(14.26);0.5064120505078573
(14.27);0.5842753197208943
(14.28);0.4621871259526085
(14.29);0.3862536000804241
(14.30);1.200534341347761
(14.31);1.2128155167041634
(15.16);2.671498853216737
(15.17);0.43016002030433076
(15.18);0.21225177953870555
(15.19);1.0882309993972523
(15.20);1.1385796522292484
(15.21);0.40762471613079737
(15.22);0.4927743421812683
(15.23);0.4319325982604192
(15.24);0.3398459082842032
(15.25);0.42002294862102185
(15.26);0.49597200705168437
(15.27);0.6117673181245606
(15.28);0.39802275776975765
(15.29);0.3489054807337162
(15.30);0.9391780589261837
(15.31);1.0464879378855756
(16.17);0.4596612123175664
(16.18);0.22649148053625517
(16.20);0.7760251029642017
(16.21);0.5473358611481248
(16.22);0.6460060383973277
(16.23);0.5638682591645915
(16.24);0.4197292277494936
(16.25);0.4788905208916036
(16.26);0.6795538951003703
(16.27);0.9814752478801745
(16.28);0.4310563823102222
(16.29);0.3943098532044355
(16.30);0.9013985336394426
(16.31);1.191018635222118
(17.18);1.07863650436205
(17.19);0.26416423630426034
(17.20);0.1959525196582055
(17.21);0.37361986684521215
(17.22);0.3763370052103236
(17.23);0.39512346215622834
(17.24);0.4911164122666832
(17.25);0.48316226162223364
(17.26);0.3568316528140622
(17.27);0.3042092925542027
(17.28);0.5110366215845273
(17.29);0.6196626982088722
(17.30);0.7997263414762167
(17.31);0.8108639131348585
(18.19);0.0
(18.20);0.0
(18.21);0.0
(18.22);0.0
(18.23);0.0
(18.24);0.0
(18.25);0.0
(18.26);0.0
(18.27);0.0
(18.28);0.0
(18.29);0.0
(18.30);0.44661873679069825
(18.31);0.3995667621743761
(19.20);0.0
(19.21);0.0
(19.22);0.0
(19.23);0.0
(19.24);0.0
(19.25);0.0
(19.26);0.0
(19.27);0.0
(19.28);0.0
(19.29);0.0
(19.31);0.8295095879081006
(20.21);0.0
(20.22);0.0
(20.23);0.0
(20.24);0.0
(20.25);0.0
(20.26);0.0
(20.27);0.0
(20.28);0.0
(20.29);0.0
(20.30);0.3862733880156222
(20.31);0.411417720493668
(21.22);0.0
(21.23);0.0
(21.24);0.0
(21.25);0.0
(21.26);0.0
(21.27);0.0
(21.28);0.0
(21.29);0.0
(21.30);0.5498107014918694
(21.31);1.121318437753195
(22.23);0.0
(22.24);0.0
(22.25);0.0
(22.26);0.0
(22.27);0.0
(22.28);0.0
(22.29);0.0
(22.30);0.7309051061801771
(22.31);2.2401362718953743
(23.24);0.0
(23.25);0.0
(23.26);0.0
(23.27);0.0
(23.28);0.0
(23.29);0.0
(23.30);0.6483523585969658
(23.31);1.5972963060941765
(24.25);0.0
(24.26);0.0
(24.27);0.0
(24.28);0.0
(24.29);0.0
(24.30);0.5766231573668804
(24.31);1.0446132566591761
(25.26);0.0
(25.27);0.0
(25.28);0.0
(25.29);0.0
(25.30);1.1752948743956788
(26.27);0.0
(26.28);0.0
(26.29);0.0
(26.30);0.6509704758969023
(26.31);1.6231261194461304
(27.28);0.0
(27.29);0.0
(27.30);0.5770829662517215
(27.31);1.1116039622385239
(28.29);0.0
(28.30);1.6707394691771063
(28.31);1.549840946399513
(29.30);0.9409002856403628
(29.31);1.287072942785193
(30.31);2.1118795480767902

****Importance nodes******

0; 0.061111111111111116
1; 0.0021072796934865903
2; 0.0021072796934865903
3; 0.0021775223499361433
4; 0.002252609327520148
5; 0.0022549507494018
6; 0.0023252714532474078
7; 0.0024906463684380414
8; 0.0026491955429871665
9; 0.0025608890248875944
10; 0.0028288536315345717
11; 0.0028288536315345717
12; 0.0029512821684167284
13; DISCONNECTED
14; 0.0029231487525857238
15; 0.003018351403179812
16; 0.003219574830058466
17; 0.003219574830058466
18; DISCONNECTED
19; DISCONNECTED
20; DISCONNECTED
21; DISCONNECTED
22; DISCONNECTED
23; DISCONNECTED
24; DISCONNECTED
25; DISCONNECTED
26; DISCONNECTED
27; DISCONNECTED
28; DISCONNECTED
29; DISCONNECTED
30; 0.003466749937704582
31; 0.0035497714833191835
