
****Importance edges******

0.0;0.0
0.1;26.438197217347916
0.2;4.256468035314363
0.3;3.562392616687101
0.4;0.0
0.5;56.663629782831336
0.6;0.0
1.0;26.438197217347916
1.1;0.0
1.2;0.0
1.3;0.0
1.4;2.605056669959891
1.5;9.677397323185359
1.6;10.927788183170474
2.0;4.256468035314363
2.1;0.0
2.2;0.0
2.3;5.762842608272221
2.4;1.170218997615535
2.5;10.910084735144993
2.6;16.55293124844475
3.0;3.562392616687101
3.1;0.0
3.2;5.762842608272221
3.3;0.0
3.4;0.0
3.5;11.3596965815391
3.6;15.528378072738647
4.0;0.0
4.1;2.605056669959891
4.2;1.170218997615535
4.3;0.0
4.4;0.0
4.5;9.803456002662093
4.6;0.0
5.0;56.663629782831336
5.1;9.677397323185359
5.2;10.910084735144993
5.3;11.3596965815391
5.4;9.803456002662093
5.5;0.0
5.6;25.104139777203763
6.0;0.0
6.1;10.927788183170474
6.2;16.55293124844475
6.3;15.528378072738647
6.4;0.0
6.5;25.104139777203763
6.6;0.0

****Importance nodes******

0;25.0
1;6.25
2;5.0
3;7.5
4;3.75
5;7.916666666666667
6;6.666666666666667
