
****Importance edges******

0.0;0.0
0.1;0.0
0.2;3.583210310372586
0.3;2.9066443619510163
0.4;0.0
0.5;46.191456644567616
0.6;0.0
1.0;0.0
1.1;0.0
1.2;0.0
1.3;0.0
1.4;0.6579022213812364
1.5;4.528604377745498
1.6;0.0
2.0;3.583210310372586
2.1;0.0
2.2;0.0
2.3;5.2394226927278265
2.4;1.013268457341978
2.5;0.0
2.6;1.5676545107880064
3.0;2.9066443619510163
3.1;0.0
3.2;5.2394226927278265
3.3;0.0
3.4;0.0
3.5;9.537055200323527
3.6;1.3495134537629718
4.0;0.0
4.1;0.6579022213812364
4.2;1.013268457341978
4.3;0.0
4.4;0.0
4.5;0.0
4.6;0.0
5.0;46.191456644567616
5.1;4.528604377745498
5.2;0.0
5.3;9.537055200323527
5.4;0.0
5.5;0.0
5.6;2.173715606803182
6.0;0.0
6.1;0.0
6.2;1.5676545107880064
6.3;1.3495134537629718
6.4;0.0
6.5;2.173715606803182
6.6;0.0

****Importance nodes******

0;33.333333333333336
1;0.0
2;8.333333333333334
3;10.416666666666668
4;4.166666666666667
5;10.9375
6;9.895833333333334
