
****Importance edges******

0.0;0.0
0.1;0.0
0.2;4.129950722476946
0.3;3.456505684752977
0.4;0.0
0.5;52.659580604687136
0.6;0.0
1.0;0.0
1.1;0.0
1.2;0.0
1.3;0.0
1.4;0.4212708591149895
1.5;4.326649870509087
1.6;0.0
2.0;4.129950722476946
2.1;0.0
2.2;0.0
2.3;5.59155050527638
2.4;0.8650940512961549
2.5;9.447540469012772
2.6;1.5614782824179814
3.0;3.456505684752977
3.1;0.0
3.2;5.59155050527638
3.3;0.0
3.4;0.0
3.5;10.029069015694972
3.6;1.4722153842466383
4.0;0.0
4.1;0.4212708591149895
4.2;0.8650940512961549
4.3;0.0
4.4;0.0
4.5;6.6810915541279
4.6;0.0
5.0;52.659580604687136
5.1;4.326649870509087
5.2;9.447540469012772
5.3;10.029069015694972
5.4;6.6810915541279
5.5;0.0
5.6;2.149686256696479
6.0;0.0
6.1;0.0
6.2;1.5614782824179814
6.3;1.4722153842466383
6.4;0.0
6.5;2.149686256696479
6.6;0.0

****Importance nodes******

0;33.333333333333336
1;0.0
2;6.666666666666667
3;10.0
4;2.2222222222222223
5;8.703703703703704
6;8.456790123456791
