
****Importance edges******

0.0;0.0
0.1;0.708197142158453
0.2;0.42228714829979797
0.3;0.5466099904446211
0.4;0.0
0.5;0.34805465328351026
0.6;0.0
1.0;0.708197142158453
1.1;0.0
1.2;0.0
1.3;0.0
1.4;0.22999522034579784
1.5;0.8770918777535823
1.6;0.708197142158453
2.0;0.42228714829979797
2.1;0.0
2.2;0.0
2.3;0.1299598617270646
2.4;0.4479988455463153
2.5;0.709346311170643
2.6;0.42228714829979797
3.0;0.5466099904446211
3.1;0.0
3.2;0.1299598617270646
3.3;0.0
3.4;0.0
3.5;0.8131295367076208
3.6;0.5466099904446211
4.0;0.0
4.1;0.22999522034579784
4.2;0.4479988455463153
4.3;0.0
4.4;0.0
4.5;0.7130230534018018
4.6;0.0
5.0;0.34805465328351026
5.1;0.8770918777535823
5.2;0.709346311170643
5.3;0.8131295367076208
5.4;0.7130230534018018
5.5;0.0
5.6;0.34805465328351026
6.0;0.0
6.1;0.708197142158453
6.2;0.42228714829979797
6.3;0.5466099904446211
6.4;0.0
6.5;0.34805465328351026
6.6;0.0
