
****Importance edges******

0.0;0.0
0.1;0.0
0.2;0.0
0.3;0.7291335499430961
0.4;0.5522276281750437
0.5;0.42228714829979797
0.6;0.5466099904446211
0.7;0.6305140253007566
0.8;0.5278589837791277
0.9;0.7075916605126157
0.10;0.749256634142354
0.11;0.5839943804580356
0.12;0.36158565615376187
0.13;0.0
0.14;0.0
0.15;0.8938901966225589
0.16;0.0
0.17;0.23733338770401102
0.18;0.0
0.19;0.3998671855764678
0.20;0.0
0.21;0.0
0.22;0.8735167223634374
0.23;0.0
0.24;0.0
0.25;0.0
0.26;0.0
0.27;0.16563466207478986
0.28;0.5470020133043944
0.29;0.0
0.30;0.5037581191404408
0.31;0.07051637234140201
1.0;0.0
1.1;0.0
1.2;0.0
1.3;0.0
1.4;0.0
1.5;0.0
1.6;0.0
1.7;0.0
1.8;0.0
1.9;0.0
1.10;0.0
1.11;0.0
1.12;0.0
1.13;0.0
1.14;0.0
1.15;0.0
1.16;0.0
1.17;0.0
1.18;0.0
1.19;0.0
1.20;0.0
1.21;0.0
1.22;0.0
1.23;0.0
1.24;0.0
1.25;0.0
1.26;0.0
1.27;0.0
1.28;0.0
1.29;0.0
1.30;0.0
1.31;0.0
2.0;0.0
2.1;0.0
2.2;0.0
2.3;0.0
2.4;0.0
2.5;0.3149509111274911
2.6;0.18518518191469718
2.7;0.0
2.8;0.5241917529855645
2.9;0.6178777715934782
2.10;0.7175179034501238
2.11;0.7870370054768296
2.12;0.4140865762061679
2.13;0.857319385444142
2.14;0.8841016756564124
2.15;0.0
2.16;1.0160322258686658
2.17;0.0
2.18;0.7685742454214394
2.19;0.9091064215220888
2.20;0.0
2.21;0.0
2.22;1.2567034371782797
2.23;1.4309973481887996
2.24;0.0
2.25;1.1171516964047128
2.26;0.9778057923791033
2.27;0.0
2.28;1.1934390555412187
2.29;1.3447299817266258
2.30;0.0
2.31;0.0
3.0;0.7291335499430961
3.1;0.0
3.2;0.0
3.3;0.0
3.4;0.18748571152502397
3.5;0.0
3.6;0.3708330413211869
3.7;0.7870913996013746
3.8;0.80831788765019
3.9;0.0
3.10;1.048915110390213
3.11;1.045640571623793
3.12;0.0
3.13;0.4525685114319491
3.14;0.5300471411628429
3.15;0.8573193873515308
3.16;0.0
3.17;0.5343162374522697
3.18;0.9118372678496615
3.19;0.0
3.20;1.1112653278878015
3.21;1.3209624149812071
3.22;0.0
3.23;1.6905946038745339
3.24;1.6008077899646025
3.25;1.2465658747350086
3.26;0.0
3.27;0.808530080556299
3.28;0.0
3.29;1.394187358848624
3.30;1.224499744560375
3.31;0.6620856110571296
4.0;0.5522276281750437
4.1;0.0
4.2;0.0
4.3;0.18748571152502397
4.4;0.0
4.5;0.20889838969441282
4.6;0.22868683352225214
4.7;0.0
4.8;0.6399614771556079
4.9;0.0
4.10;0.0
4.11;0.8668664844022342
4.12;0.41096927489087315
4.13;0.561465469624571
4.14;0.0
4.15;0.8607127155993739
4.16;0.7032771023686255
4.17;0.38176903266675893
4.18;0.7243558303253445
4.19;0.0
4.20;0.9267587960621527
4.21;0.0
4.22;1.2973870125581268
4.23;1.5080089424341365
4.24;1.4133645373135866
4.25;0.0
4.26;0.8773362134417504
4.27;0.6482142840103797
4.28;0.9074546051410198
4.29;1.2166679979861523
4.30;0.0
4.31;0.4833475217907791
5.0;0.42228714829979797
5.1;0.0
5.2;0.3149509111274911
5.3;0.0
5.4;0.20889838969441282
5.5;0.0
5.6;0.0
5.7;0.4479988455463153
5.8;0.43528365220521725
5.9;0.6029193357821433
5.10;0.6891776003992162
5.11;0.6579940357625707
5.12;0.20222529053781738
5.13;0.0
5.14;0.6835566110869096
5.15;0.9746441852121895
5.16;0.7205583194738284
5.17;0.3425925808144166
5.18;0.0
5.19;0.6759259340685542
5.20;0.7210935417959778
5.21;0.93192503252165
5.22;1.0932200840997728
5.23;0.0
5.24;1.217478134532327
5.25;0.0
5.26;0.709346311170643
5.27;0.5567887484456155
5.28;0.8827915347919557
5.29;1.065780494516972
5.30;0.0
5.31;0.3525820773697109
6.0;0.5466099904446211
6.1;0.0
6.2;0.18518518191469718
6.3;0.3708330413211869
6.4;0.22868683352225214
6.5;0.0
6.6;0.0
6.7;0.4167694397698518
6.8;0.0
6.9;0.0
6.10;0.6782051893292631
6.11;0.6919708852615599
6.12;0.2618913333745266
6.13;0.7885606093000413
6.14;0.0
6.15;0.0
6.16;0.8425925043523113
6.17;0.4693996604556317
6.18;0.6176695925681526
6.19;0.7612890077841272
6.20;0.7755699423507022
6.21;0.0
6.22;1.1483346883520962
6.23;1.3419537541374589
6.24;1.2886679441541526
6.25;0.0
6.26;0.8131295367076208
6.27;0.0
6.28;1.0114653965684697
6.29;1.176035166710255
6.30;0.9766213016242886
6.31;0.47799659006955414
7.0;0.6305140253007566
7.1;0.0
7.2;0.0
7.3;0.7870913996013746
7.4;0.0
7.5;0.4479988455463153
7.6;0.4167694397698518
7.7;0.0
7.8;0.0
7.9;0.16896571576609662
7.10;0.26723842138339804
7.11;0.3648900502304907
7.12;0.30231151736398454
7.13;1.1967390223670438
7.14;1.1272363158542384
7.15;1.4025560975511395
7.16;0.0
7.17;0.7090439976419743
7.18;0.4818374450021147
7.19;0.58925559063036
7.20;0.0
7.21;0.6986293990805634
7.22;0.8327672696104803
7.23;0.0
7.24;1.0119315482390123
7.25;0.7837622279537414
7.26;0.7130230534018018
7.27;0.0
7.28;1.1768003921918833
7.29;1.0696748395323488
7.30;0.8476647631174806
7.31;0.5909263909858649
8.0;0.5278589837791277
8.1;0.0
8.2;0.5241917529855645
8.3;0.80831788765019
8.4;0.6399614771556079
8.5;0.43528365220521725
8.6;0.0
8.7;0.0
8.8;0.0
8.9;0.18748578566173132
8.10;0.25826534977702603
8.11;0.0
8.12;0.24931312536099753
8.13;1.188796533757882
8.14;1.0892919132652277
8.15;0.0
8.16;0.9973386451439264
8.17;0.6399615027078325
8.18;0.0
8.19;0.4597107736255225
8.20;0.0
8.21;0.5905637056427293
8.22;0.7343473821455943
8.23;0.9084460838277515
8.24;0.9023384488946523
8.25;0.0
8.26;0.5836272080311561
8.27;0.691041018817567
8.28;1.074233651390728
8.29;0.9397577725579661
8.30;0.0
8.31;0.49759361458329704
9.0;0.7075916605126157
9.1;0.0
9.2;0.6178777715934782
9.3;0.0
9.4;0.0
9.5;0.6029193357821433
9.6;0.0
9.7;0.16896571576609662
9.8;0.18748578566173132
9.9;0.0
9.10;0.0997252921219807
9.11;0.0
9.12;0.0
9.13;1.3566000069832933
9.14;0.0
9.15;1.5326801380788655
9.16;1.1831579981649125
9.17;0.827396600807108
9.18;0.0
9.19;0.0
9.20;0.41253094338882473
9.21;0.5933155695493257
9.22;0.0
9.23;0.8396876395152898
9.24;0.0
9.25;0.7320087549668829
9.26;0.0
9.27;0.0
9.28;1.2508570572355078
9.29;1.039060538358141
9.30;0.818174902894157
9.31;0.6820499069281876
10.0;0.749256634142354
10.1;0.0
10.2;0.7175179034501238
10.3;1.048915110390213
10.4;0.0
10.5;0.6891776003992162
10.6;0.6782051893292631
10.7;0.26723842138339804
10.8;0.25826534977702603
10.9;0.0997252921219807
10.10;0.0
10.11;0.0
10.12;0.0
10.13;0.0
10.14;1.347214299550633
10.15;1.59871775321415
10.16;0.0
10.17;0.8902863481422751
10.18;0.5007710016371756
10.19;0.0
10.20;0.3714105776644292
10.21;0.0
10.22;0.6296295686446545
10.23;0.7465052462596341
10.24;0.0
10.25;0.0
10.26;0.0
10.27;0.0
10.28;0.0
10.29;1.0123127110570687
10.30;0.7954344771327595
10.31;0.7320087047038304
11.0;0.5839943804580356
11.1;0.0
11.2;0.7870370054768296
11.3;1.045640571623793
11.4;0.8668664844022342
11.5;0.6579940357625707
11.6;0.6919708852615599
11.7;0.3648900502304907
11.8;0.0
11.9;0.0
11.10;0.0
11.11;0.0
11.12;0.0
11.13;0.0
11.14;0.0
11.15;1.4699201629085399
11.16;0.0
11.17;0.7682953961837864
11.18;0.2964409316828522
11.19;0.0
11.20;0.14011800158035354
11.21;0.0
11.22;0.0
11.23;0.6501291492063567
11.24;0.0
11.25;0.46333317994427614
11.26;0.0
11.27;0.0
11.28;0.0
11.29;0.0
11.30;0.5594002549831145
11.31;0.5856069637630643
12.0;0.36158565615376187
12.1;0.0
12.2;0.4140865762061679
12.3;0.0
12.4;0.41096927489087315
12.5;0.20222529053781738
12.6;0.2618913333745266
12.7;0.30231151736398454
12.8;0.24931312536099753
12.9;0.0
12.10;0.0
12.11;0.0
12.12;0.0
12.13;0.9448528631839483
12.14;0.8403511444894292
12.15;0.0
12.16;0.0
12.17;0.0
12.18;0.3574122374962176
12.19;0.0
12.20;0.5218148473879763
12.21;0.7352225215297796
12.22;0.0
12.23;0.0
12.24;1.0281530581211955
12.25;0.0
12.26;0.5641313845481528
12.27;0.0
12.28;0.8945134552755519
12.29;0.9320169752197494
12.30;0.0
12.31;0.30779206073190807
13.0;0.0
13.1;0.0
13.2;0.857319385444142
13.3;0.4525685114319491
13.4;0.561465469624571
13.5;0.0
13.6;0.7885606093000413
13.7;1.1967390223670438
13.8;1.188796533757882
13.9;1.3566000069832933
13.10;0.0
13.11;0.0
13.12;0.9448528631839483
13.13;0.0
13.14;0.0
13.15;0.5278589659663158
13.16;0.0
13.17;0.6827408940610759
13.18;1.1860890910480095
13.19;1.3100134467348306
13.20;1.4234284653558191
13.21;1.6129193953383802
13.22;0.0
13.23;0.0
13.24;1.8536333749894018
13.25;0.0
13.26;0.0
13.27;0.0
13.28;0.9558139345281257
13.29;0.0
13.30;0.0
13.31;0.0
14.0;0.0
14.1;0.0
14.2;0.8841016756564124
14.3;0.5300471411628429
14.4;0.0
14.5;0.6835566110869096
14.6;0.0
14.7;1.1272363158542384
14.8;1.0892919132652277
14.9;0.0
14.10;1.347214299550633
14.11;0.0
14.12;0.8403511444894292
14.13;0.0
14.14;0.0
14.15;0.32736418982086557
14.16;0.43291367633573197
14.17;0.0
14.18;1.0094291744491148
14.19;0.0
14.20;0.0
14.21;0.0
14.22;0.0
14.23;1.8280413163555174
14.24;0.0
14.25;0.0
14.26;1.0487516888007986
14.27;0.0
14.28;0.6740842480191386
14.29;1.2799564839489108
14.30;0.0
14.31;0.0
15.0;0.8938901966225589
15.1;0.0
15.2;0.0
15.3;0.8573193873515308
15.4;0.8607127155993739
15.5;0.9746441852121895
15.6;0.0
15.7;1.4025560975511395
15.8;0.0
15.9;1.5326801380788655
15.10;1.59871775321415
15.11;1.4699201629085399
15.12;0.0
15.13;0.5278589659663158
15.14;0.32736418982086557
15.15;0.0
15.16;0.4459849948562856
15.17;0.7088626343762848
15.18;0.0
15.19;0.0
15.20;0.0
15.21;0.0
15.22;0.0
15.23;1.9884784045797106
15.24;0.0
15.25;1.3796606411704384
15.26;1.1765090904922346
15.27;0.0
15.28;0.617669664710922
15.29;1.3249802092722631
15.30;0.0
15.31;0.8843440986458999
16.0;0.0
16.1;0.0
16.2;1.0160322258686658
16.3;0.0
16.4;0.7032771023686255
16.5;0.7205583194738284
16.6;0.8425925043523113
16.7;0.0
16.8;0.9973386451439264
16.9;1.1831579981649125
16.10;0.0
16.11;0.0
16.12;0.0
16.13;0.0
16.14;0.43291367633573197
16.15;0.4459849948562856
16.16;0.0
16.17;0.0
16.18;0.0
16.19;0.0
16.20;0.0
16.21;1.1586289770052933
16.22;0.0
16.23;1.5504766412742106
16.24;1.3156295970862826
16.25;0.0
16.26;0.7352225382108936
16.27;0.36383116060976056
16.28;0.2446267755523042
16.29;0.0
16.30;0.0
16.31;0.0
17.0;0.23733338770401102
17.1;0.0
17.2;0.0
17.3;0.5343162374522697
17.4;0.38176903266675893
17.5;0.3425925808144166
17.6;0.4693996604556317
17.7;0.7090439976419743
17.8;0.6399615027078325
17.9;0.827396600807108
17.10;0.8902863481422751
17.11;0.7682953961837864
17.12;0.0
17.13;0.6827408940610759
17.14;0.0
17.15;0.7088626343762848
17.16;0.0
17.17;0.0
17.18;0.0
17.19;0.0
17.20;0.0
17.21;0.9417627304233439
17.22;0.0
17.23;1.3387556271923395
17.24;0.0
17.25;0.789212625855598
17.26;0.5839943804580356
17.27;0.0
17.28;0.0
17.29;0.0
17.30;0.0
17.31;0.19532431809127224
18.0;0.0
18.1;0.0
18.2;0.7685742454214394
18.3;0.9118372678496615
18.4;0.7243558303253445
18.5;0.0
18.6;0.6176695925681526
18.7;0.4818374450021147
18.8;0.0
18.9;0.0
18.10;0.5007710016371756
18.11;0.2964409316828522
18.12;0.3574122374962176
18.13;1.1860890910480095
18.14;1.0094291744491148
18.15;0.0
18.16;0.0
18.17;0.0
18.18;0.0
18.19;0.0
18.20;0.0
18.21;0.42683075437360535
18.22;0.5906361248660543
18.23;0.8211557906003885
18.24;0.6891775019302147
18.25;0.0
18.26;0.0
18.27;0.4272322973714317
18.28;0.0
18.29;0.0
18.30;0.0
18.31;0.0
19.0;0.3998671855764678
19.1;0.0
19.2;0.9091064215220888
19.3;0.0
19.4;0.0
19.5;0.6759259340685542
19.6;0.7612890077841272
19.7;0.58925559063036
19.8;0.4597107736255225
19.9;0.0
19.10;0.0
19.11;0.0
19.12;0.0
19.13;1.3100134467348306
19.14;0.0
19.15;0.0
19.16;0.0
19.17;0.0
19.18;0.0
19.19;0.0
19.20;0.0
19.21;0.0
19.22;0.0
19.23;0.0
19.24;0.5507507674257315
19.25;0.0
19.26;0.15930236005982137
19.27;0.0
19.28;0.8178080927690868
19.29;0.0
19.30;0.0
19.31;0.43793459171803517
20.0;0.0
20.1;0.0
20.2;0.0
20.3;1.1112653278878015
20.4;0.9267587960621527
20.5;0.7210935417959778
20.6;0.7755699423507022
20.7;0.0
20.8;0.0
20.9;0.41253094338882473
20.10;0.3714105776644292
20.11;0.14011800158035354
20.12;0.5218148473879763
20.13;1.4234284653558191
20.14;0.0
20.15;0.0
20.16;0.0
20.17;0.0
20.18;0.0
20.19;0.0
20.20;0.0
20.21;0.0
20.22;0.0
20.23;0.0
20.24;0.5252538909297588
20.25;0.32618360048449596
20.26;0.36758199803709385
20.27;0.0
20.28;0.0
20.29;0.0
20.30;0.0
20.31;0.0
21.0;0.0
21.1;0.0
21.2;0.0
21.3;1.3209624149812071
21.4;0.0
21.5;0.93192503252165
21.6;0.0
21.7;0.6986293990805634
21.8;0.5905637056427293
21.9;0.5933155695493257
21.10;0.0
21.11;0.0
21.12;0.7352225215297796
21.13;1.6129193953383802
21.14;0.0
21.15;0.0
21.16;1.1586289770052933
21.17;0.9417627304233439
21.18;0.42683075437360535
21.19;0.0
21.20;0.0
21.21;0.0
21.22;0.0
21.23;0.0
21.24;0.0
21.25;0.0
21.26;0.4304310441207959
21.27;0.796188611820116
21.28;0.0
21.29;0.0
21.30;0.40677565347572686
21.31;0.0
22.0;0.8735167223634374
22.1;0.0
22.2;1.2567034371782797
22.3;0.0
22.4;1.2973870125581268
22.5;1.0932200840997728
22.6;1.1483346883520962
22.7;0.8327672696104803
22.8;0.7343473821455943
22.9;0.0
22.10;0.6296295686446545
22.11;0.0
22.12;0.0
22.13;0.0
22.14;0.0
22.15;0.0
22.16;0.0
22.17;0.0
22.18;0.5906361248660543
22.19;0.0
22.20;0.0
22.21;0.0
22.22;0.0
22.23;0.0
22.24;0.2137665755941544
22.25;0.0
22.26;0.0
22.27;0.0
22.28;0.0
22.29;0.0
22.30;0.5135342209742729
22.31;0.908823415170619
23.0;0.0
23.1;0.0
23.2;1.4309973481887996
23.3;1.6905946038745339
23.4;1.5080089424341365
23.5;0.0
23.6;1.3419537541374589
23.7;0.0
23.8;0.9084460838277515
23.9;0.8396876395152898
23.10;0.7465052462596341
23.11;0.6501291492063567
23.12;0.0
23.13;0.0
23.14;1.8280413163555174
23.15;1.9884784045797106
23.16;1.5504766412742106
23.17;1.3387556271923395
23.18;0.8211557906003885
23.19;0.0
23.20;0.0
23.21;0.0
23.22;0.0
23.23;0.0
23.24;0.0
23.25;0.0
23.26;0.8159187542070134
23.27;1.1903820396803617
23.28;1.4766703474962508
23.29;0.0
23.30;0.0
23.31;0.0
24.0;0.0
24.1;0.0
24.2;0.0
24.3;1.6008077899646025
24.4;1.4133645373135866
24.5;1.217478134532327
24.6;1.2886679441541526
24.7;1.0119315482390123
24.8;0.9023384488946523
24.9;0.0
24.10;0.0
24.11;0.0
24.12;1.0281530581211955
24.13;1.8536333749894018
24.14;0.0
24.15;0.0
24.16;1.3156295970862826
24.17;0.0
24.18;0.6891775019302147
24.19;0.5507507674257315
24.20;0.5252538909297588
24.21;0.0
24.22;0.2137665755941544
24.23;0.0
24.24;0.0
24.25;0.0
24.26;0.0
24.27;0.9729273753831991
24.28;0.0
24.29;0.0
24.30;0.0
24.31;0.0
25.0;0.0
25.1;0.0
25.2;1.1171516964047128
25.3;1.2465658747350086
25.4;0.0
25.5;0.0
25.6;0.0
25.7;0.7837622279537414
25.8;0.0
25.9;0.7320087549668829
25.10;0.0
25.11;0.46333317994427614
25.12;0.0
25.13;0.0
25.14;0.0
25.15;1.3796606411704384
25.16;0.0
25.17;0.789212625855598
25.18;0.0
25.19;0.0
25.20;0.32618360048449596
25.21;0.0
25.22;0.0
25.23;0.0
25.24;0.0
25.25;0.0
25.26;0.208898303587086
25.27;0.0
25.28;0.849634710816127
25.29;0.3192766291860437
25.30;0.13159880267917073
25.31;0.0
26.0;0.0
26.1;0.0
26.2;0.9778057923791033
26.3;0.0
26.4;0.8773362134417504
26.5;0.709346311170643
26.6;0.8131295367076208
26.7;0.7130230534018018
26.8;0.5836272080311561
26.9;0.0
26.10;0.0
26.11;0.0
26.12;0.5641313845481528
26.13;0.0
26.14;1.0487516888007986
26.15;1.1765090904922346
26.16;0.7352225382108936
26.17;0.5839943804580356
26.18;0.0
26.19;0.15930236005982137
26.20;0.36758199803709385
26.21;0.4304310441207959
26.22;0.0
26.23;0.8159187542070134
26.24;0.0
26.25;0.208898303587086
26.26;0.0
26.27;0.0
26.28;0.0
26.29;0.0
26.30;0.0
26.31;0.0
27.0;0.16563466207478986
27.1;0.0
27.2;0.0
27.3;0.808530080556299
27.4;0.6482142840103797
27.5;0.5567887484456155
27.6;0.0
27.7;0.0
27.8;0.691041018817567
27.9;0.0
27.10;0.0
27.11;0.0
27.12;0.0
27.13;0.0
27.14;0.0
27.15;0.0
27.16;0.36383116060976056
27.17;0.0
27.18;0.4272322973714317
27.19;0.0
27.20;0.0
27.21;0.796188611820116
27.22;0.0
27.23;1.1903820396803617
27.24;0.9729273753831991
27.25;0.0
27.26;0.0
27.27;0.0
27.28;0.0
27.29;0.0
27.30;0.0
27.31;0.21793709296308916
28.0;0.5470020133043944
28.1;0.0
28.2;1.1934390555412187
28.3;0.0
28.4;0.9074546051410198
28.5;0.8827915347919557
28.6;1.0114653965684697
28.7;1.1768003921918833
28.8;1.074233651390728
28.9;1.2508570572355078
28.10;0.0
28.11;0.0
28.12;0.8945134552755519
28.13;0.9558139345281257
28.14;0.6740842480191386
28.15;0.617669664710922
28.16;0.2446267755523042
28.17;0.0
28.18;0.0
28.19;0.8178080927690868
28.20;0.0
28.21;0.0
28.22;0.0
28.23;1.4766703474962508
28.24;0.0
28.25;0.849634710816127
28.26;0.0
28.27;0.0
28.28;0.0
28.29;0.0
28.30;0.7301322598525082
28.31;0.5882362845783138
29.0;0.0
29.1;0.0
29.2;1.3447299817266258
29.3;1.394187358848624
29.4;1.2166679979861523
29.5;1.065780494516972
29.6;1.176035166710255
29.7;1.0696748395323488
29.8;0.9397577725579661
29.9;1.039060538358141
29.10;1.0123127110570687
29.11;0.0
29.12;0.9320169752197494
29.13;0.0
29.14;1.2799564839489108
29.15;1.3249802092722631
29.16;0.0
29.17;0.0
29.18;0.0
29.19;0.0
29.20;0.0
29.21;0.0
29.22;0.0
29.23;0.0
29.24;0.0
29.25;0.3192766291860437
29.26;0.0
29.27;0.0
29.28;0.0
29.29;0.0
29.30;0.0
29.31;0.0
30.0;0.5037581191404408
30.1;0.0
30.2;0.0
30.3;1.224499744560375
30.4;0.0
30.5;0.0
30.6;0.9766213016242886
30.7;0.8476647631174806
30.8;0.0
30.9;0.818174902894157
30.10;0.7954344771327595
30.11;0.5594002549831145
30.12;0.0
30.13;0.0
30.14;0.0
30.15;0.0
30.16;0.0
30.17;0.0
30.18;0.0
30.19;0.0
30.20;0.0
30.21;0.40677565347572686
30.22;0.5135342209742729
30.23;0.0
30.24;0.0
30.25;0.13159880267917073
30.26;0.0
30.27;0.0
30.28;0.7301322598525082
30.29;0.0
30.30;0.0
30.31;0.5654973483047604
31.0;0.07051637234140201
31.1;0.0
31.2;0.0
31.3;0.6620856110571296
31.4;0.4833475217907791
31.5;0.3525820773697109
31.6;0.47799659006955414
31.7;0.5909263909858649
31.8;0.49759361458329704
31.9;0.6820499069281876
31.10;0.7320087047038304
31.11;0.5856069637630643
31.12;0.30779206073190807
31.13;0.0
31.14;0.0
31.15;0.8843440986458999
31.16;0.0
31.17;0.19532431809127224
31.18;0.0
31.19;0.43793459171803517
31.20;0.0
31.21;0.0
31.22;0.908823415170619
31.23;0.0
31.24;0.0
31.25;0.0
31.26;0.0
31.27;0.21793709296308916
31.28;0.5882362845783138
31.29;0.0
31.30;0.5654973483047604
31.31;0.0
