
****Importance edges******

0.0;0.0
0.1;20.56504976935836
0.2;23.63664797966687
0.3;26.229757491631716
0.4;33.395585278071
0.5;0.0
0.6;0.0
0.7;0.0
0.8;0.0
0.9;0.0
0.10;0.0
0.11;0.0
0.12;0.0
0.13;0.0
0.14;0.0
0.15;0.0
0.16;0.0
0.17;0.0
0.18;0.0
0.19;0.0
0.20;0.0
0.21;0.0
0.22;0.0
0.23;0.0
0.24;0.0
0.25;0.0
0.26;46.589776815422645
0.27;0.0
0.28;0.0
0.29;25.117957500044863
0.30;34.2224353880596
0.31;0.0
1.0;20.56504976935836
1.1;0.0
1.2;103.05191379571644
1.3;42.85744720574851
1.4;50.9630496180411
1.5;0.0
1.6;0.0
1.7;0.0
1.8;0.0
1.9;0.0
1.10;0.0
1.11;0.0
1.12;0.0
1.13;0.0
1.14;0.0
1.15;0.0
1.16;0.0
1.17;0.0
1.18;0.0
1.19;0.0
1.20;0.0
1.21;0.0
1.22;0.0
1.23;0.0
1.24;0.0
1.25;0.0
1.26;27.305403404772104
1.27;28.73513724761182
1.28;20.75217130001078
1.29;19.641915326194013
1.30;24.3290588061202
1.31;0.0
2.0;23.63664797966687
2.1;103.05191379571644
2.2;0.0
2.3;72.71894667419214
2.4;84.18370668891139
2.5;0.0
2.6;0.0
2.7;0.0
2.8;0.0
2.9;0.0
2.10;0.0
2.11;0.0
2.12;0.0
2.13;0.0
2.14;0.0
2.15;0.0
2.16;0.0
2.17;0.0
2.18;0.0
2.19;0.0
2.20;0.0
2.21;0.0
2.22;0.0
2.23;0.0
2.24;0.0
2.25;0.0
2.26;27.22940277211621
2.27;31.75089703869676
2.28;23.650249914674887
2.29;20.165680514576188
2.30;24.280479241586104
2.31;0.0
3.0;26.229757491631716
3.1;42.85744720574851
3.2;72.71894667419214
3.3;0.0
3.4;0.0
3.5;0.0
3.6;0.0
3.7;0.0
3.8;0.0
3.9;0.0
3.10;0.0
3.11;0.0
3.12;0.0
3.13;0.0
3.14;0.0
3.15;0.0
3.16;0.0
3.17;0.0
3.18;0.0
3.19;0.0
3.20;0.0
3.21;0.0
3.22;0.0
3.23;0.0
3.24;0.0
3.25;0.0
3.26;26.86128876218202
3.27;0.0
3.28;29.435398946958482
3.29;0.0
3.30;0.0
3.31;0.0
4.0;33.395585278071
4.1;50.9630496180411
4.2;84.18370668891139
4.3;0.0
4.4;0.0
4.5;0.0
4.6;0.0
4.7;0.0
4.8;0.0
4.9;0.0
4.10;0.0
4.11;0.0
4.12;0.0
4.13;0.0
4.14;0.0
4.15;0.0
4.16;0.0
4.17;0.0
4.18;0.0
4.19;0.0
4.20;0.0
4.21;0.0
4.22;0.0
4.23;0.0
4.24;0.0
4.25;0.0
4.26;31.717832335412634
4.27;44.50880626801392
4.28;32.42836272018558
4.29;0.0
4.30;27.709515113525924
4.31;0.0
5.0;0.0
5.1;0.0
5.2;0.0
5.3;0.0
5.4;0.0
5.5;0.0
5.6;0.0
5.7;0.0
5.8;0.0
5.9;0.0
5.10;0.0
5.11;0.0
5.12;0.0
5.13;0.0
5.14;0.0
5.15;0.0
5.16;0.0
5.17;0.0
5.18;0.0
5.19;0.0
5.20;0.0
5.21;0.0
5.22;0.0
5.23;0.0
5.24;0.0
5.25;0.0
5.26;0.0
5.27;0.0
5.28;0.0
5.29;14.920082449663203
5.30;18.800074936012024
5.31;0.0
6.0;0.0
6.1;0.0
6.2;0.0
6.3;0.0
6.4;0.0
6.5;0.0
6.6;0.0
6.7;0.0
6.8;0.0
6.9;0.0
6.10;0.0
6.11;0.0
6.12;0.0
6.13;0.0
6.14;0.0
6.15;0.0
6.16;0.0
6.17;0.0
6.18;0.0
6.19;0.0
6.20;0.0
6.21;0.0
6.22;0.0
6.23;0.0
6.24;0.0
6.25;0.0
6.26;20.550468770298664
6.27;25.861154510594346
6.28;0.0
6.29;14.627556278534152
6.30;18.158762447909357
6.31;0.0
7.0;0.0
7.1;0.0
7.2;0.0
7.3;0.0
7.4;0.0
7.5;0.0
7.6;0.0
7.7;0.0
7.8;0.0
7.9;0.0
7.10;0.0
7.11;0.0
7.12;0.0
7.13;0.0
7.14;0.0
7.15;0.0
7.16;0.0
7.17;0.0
7.18;0.0
7.19;0.0
7.20;0.0
7.21;0.0
7.22;0.0
7.23;0.0
7.24;0.0
7.25;0.0
7.26;24.21248714716514
7.27;22.977332415698548
7.28;16.030013083928534
7.29;16.599800515228214
7.30;0.0
7.31;0.0
8.0;0.0
8.1;0.0
8.2;0.0
8.3;0.0
8.4;0.0
8.5;0.0
8.6;0.0
8.7;0.0
8.8;0.0
8.9;0.0
8.10;0.0
8.11;0.0
8.12;0.0
8.13;0.0
8.14;0.0
8.15;0.0
8.16;0.0
8.17;0.0
8.18;0.0
8.19;0.0
8.20;0.0
8.21;0.0
8.22;0.0
8.23;0.0
8.24;0.0
8.25;0.0
8.26;28.95181876345048
8.27;25.933497045439324
8.28;17.218910705575432
8.29;0.0
8.30;24.96614285080394
8.31;0.0
9.0;0.0
9.1;0.0
9.2;0.0
9.3;0.0
9.4;0.0
9.5;0.0
9.6;0.0
9.7;0.0
9.8;0.0
9.9;0.0
9.10;0.0
9.11;0.0
9.12;0.0
9.13;0.0
9.14;0.0
9.15;0.0
9.16;0.0
9.17;0.0
9.18;0.0
9.19;0.0
9.20;0.0
9.21;0.0
9.22;0.0
9.23;0.0
9.24;0.0
9.25;0.0
9.26;25.074593328005754
9.27;21.62011463636921
9.28;15.459863015660934
9.29;17.545023944637315
9.30;22.93159517632187
9.31;0.0
10.0;0.0
10.1;0.0
10.2;0.0
10.3;0.0
10.4;0.0
10.5;0.0
10.6;0.0
10.7;0.0
10.8;0.0
10.9;0.0
10.10;0.0
10.11;0.0
10.12;0.0
10.13;0.0
10.14;0.0
10.15;0.0
10.16;0.0
10.17;0.0
10.18;0.0
10.19;0.0
10.20;0.0
10.21;0.0
10.22;0.0
10.23;0.0
10.24;0.0
10.25;0.0
10.26;25.04877916306318
10.27;20.5810716204632
10.28;14.934152766032405
10.29;17.846025692681224
10.30;23.38026929479223
10.31;0.0
11.0;0.0
11.1;0.0
11.2;0.0
11.3;0.0
11.4;0.0
11.5;0.0
11.6;0.0
11.7;0.0
11.8;0.0
11.9;0.0
11.10;0.0
11.11;0.0
11.12;0.0
11.13;0.0
11.14;0.0
11.15;0.0
11.16;0.0
11.17;0.0
11.18;0.0
11.19;0.0
11.20;0.0
11.21;0.0
11.22;0.0
11.23;0.0
11.24;0.0
11.25;0.0
11.26;36.92274950591087
11.27;25.580731200840187
11.28;17.452710769675083
11.29;23.088035771538543
11.30;32.99923945975167
11.31;0.0
12.0;0.0
12.1;0.0
12.2;0.0
12.3;0.0
12.4;0.0
12.5;0.0
12.6;0.0
12.7;0.0
12.8;0.0
12.9;0.0
12.10;0.0
12.11;0.0
12.12;0.0
12.13;0.0
12.14;0.0
12.15;0.0
12.16;0.0
12.17;0.0
12.18;0.0
12.19;0.0
12.20;0.0
12.21;0.0
12.22;0.0
12.23;0.0
12.24;0.0
12.25;0.0
12.26;30.922961916480833
12.27;35.232621881716696
12.28;0.0
12.29;19.245294059496246
12.30;25.48625326585303
12.31;0.0
13.0;0.0
13.1;0.0
13.2;0.0
13.3;0.0
13.4;0.0
13.5;0.0
13.6;0.0
13.7;0.0
13.8;0.0
13.9;0.0
13.10;0.0
13.11;0.0
13.12;0.0
13.13;0.0
13.14;0.0
13.15;0.0
13.16;0.0
13.17;0.0
13.18;0.0
13.19;0.0
13.20;0.0
13.21;0.0
13.22;0.0
13.23;0.0
13.24;0.0
13.25;0.0
13.26;14.606113217117098
13.27;21.257261107560865
13.28;21.015264483446938
13.29;12.399831205899202
13.30;13.816866133442502
13.31;0.0
14.0;0.0
14.1;0.0
14.2;0.0
14.3;0.0
14.4;0.0
14.5;0.0
14.6;0.0
14.7;0.0
14.8;0.0
14.9;0.0
14.10;0.0
14.11;0.0
14.12;0.0
14.13;0.0
14.14;0.0
14.15;0.0
14.16;0.0
14.17;0.0
14.18;0.0
14.19;0.0
14.20;0.0
14.21;0.0
14.22;0.0
14.23;0.0
14.24;0.0
14.25;0.0
14.26;17.14486180666397
14.27;27.96743111397867
14.28;0.0
14.29;0.0
14.30;16.06568033282655
14.31;0.0
15.0;0.0
15.1;0.0
15.2;0.0
15.3;0.0
15.4;0.0
15.5;0.0
15.6;0.0
15.7;0.0
15.8;0.0
15.9;0.0
15.10;0.0
15.11;0.0
15.12;0.0
15.13;0.0
15.14;0.0
15.15;0.0
15.16;0.0
15.17;0.0
15.18;0.0
15.19;0.0
15.20;0.0
15.21;0.0
15.22;0.0
15.23;0.0
15.24;0.0
15.25;0.0
15.26;0.0
15.27;23.98119005972386
15.28;31.924143645327284
15.29;14.046125549454148
15.30;14.941950033500012
15.31;0.0
16.0;0.0
16.1;0.0
16.2;0.0
16.3;0.0
16.4;0.0
16.5;0.0
16.6;0.0
16.7;0.0
16.8;0.0
16.9;0.0
16.10;0.0
16.11;0.0
16.12;0.0
16.13;0.0
16.14;0.0
16.15;0.0
16.16;0.0
16.17;0.0
16.18;0.0
16.19;0.0
16.20;0.0
16.21;0.0
16.22;0.0
16.23;0.0
16.24;0.0
16.25;0.0
16.26;25.087921905475852
16.27;53.511762589541206
16.28;81.94225568484124
16.29;21.34529680698924
16.30;23.31135334470935
16.31;0.0
17.0;0.0
17.1;0.0
17.2;0.0
17.3;0.0
17.4;0.0
17.5;0.0
17.6;0.0
17.7;0.0
17.8;0.0
17.9;0.0
17.10;0.0
17.11;0.0
17.12;0.0
17.13;0.0
17.14;0.0
17.15;0.0
17.16;0.0
17.17;0.0
17.18;0.0
17.19;0.0
17.20;0.0
17.21;0.0
17.22;0.0
17.23;0.0
17.24;0.0
17.25;0.0
17.26;31.74961615018354
17.27;71.19177211058074
17.28;37.06162607203469
17.29;21.68547473090646
17.30;26.61186393736802
17.31;0.0
18.0;0.0
18.1;0.0
18.2;0.0
18.3;0.0
18.4;0.0
18.5;0.0
18.6;0.0
18.7;0.0
18.8;0.0
18.9;0.0
18.10;0.0
18.11;0.0
18.12;0.0
18.13;0.0
18.14;0.0
18.15;0.0
18.16;0.0
18.17;0.0
18.18;0.0
18.19;0.0
18.20;0.0
18.21;0.0
18.22;0.0
18.23;0.0
18.24;0.0
18.25;0.0
18.26;79.3891795803405
18.27;45.44567838378877
18.28;25.165704657258342
18.29;31.70486757968467
18.30;51.38938094495986
18.31;0.0
19.0;0.0
19.1;0.0
19.2;0.0
19.3;0.0
19.4;0.0
19.5;0.0
19.6;0.0
19.7;0.0
19.8;0.0
19.9;0.0
19.10;0.0
19.11;0.0
19.12;0.0
19.13;0.0
19.14;0.0
19.15;0.0
19.16;0.0
19.17;0.0
19.18;0.0
19.19;0.0
19.20;0.0
19.21;0.0
19.22;0.0
19.23;0.0
19.24;0.0
19.25;0.0
19.26;118.58354490990713
19.27;41.051201042742576
19.28;25.055637034492207
19.29;40.227185394055915
19.30;76.76482037907245
19.31;0.0
20.0;0.0
20.1;0.0
20.2;0.0
20.3;0.0
20.4;0.0
20.5;0.0
20.6;0.0
20.7;0.0
20.8;0.0
20.9;0.0
20.10;0.0
20.11;0.0
20.12;0.0
20.13;0.0
20.14;0.0
20.15;0.0
20.16;0.0
20.17;0.0
20.18;0.0
20.19;0.0
20.20;0.0
20.21;0.0
20.22;0.0
20.23;0.0
20.24;0.0
20.25;0.0
20.26;52.42663924045499
20.27;30.184693546205196
20.28;20.420081784361674
20.29;30.744135378146186
20.30;47.15071123942178
20.31;0.0
21.0;0.0
21.1;0.0
21.2;0.0
21.3;0.0
21.4;0.0
21.5;0.0
21.6;0.0
21.7;0.0
21.8;0.0
21.9;0.0
21.10;0.0
21.11;0.0
21.12;0.0
21.13;0.0
21.14;0.0
21.15;0.0
21.16;0.0
21.17;0.0
21.18;0.0
21.19;0.0
21.20;0.0
21.21;0.0
21.22;0.0
21.23;0.0
21.24;0.0
21.25;0.0
21.26;0.0
21.27;0.0
21.28;18.183776870492192
21.29;33.08659818726841
21.30;0.0
21.31;0.0
22.0;0.0
22.1;0.0
22.2;0.0
22.3;0.0
22.4;0.0
22.5;0.0
22.6;0.0
22.7;0.0
22.8;0.0
22.9;0.0
22.10;0.0
22.11;0.0
22.12;0.0
22.13;0.0
22.14;0.0
22.15;0.0
22.16;0.0
22.17;0.0
22.18;0.0
22.19;0.0
22.20;0.0
22.21;0.0
22.22;0.0
22.23;0.0
22.24;0.0
22.25;0.0
22.26;33.31705733449907
22.27;21.210007475275194
22.28;16.726911535341454
22.29;30.799636047994753
22.30;0.0
22.31;0.0
23.0;0.0
23.1;0.0
23.2;0.0
23.3;0.0
23.4;0.0
23.5;0.0
23.6;0.0
23.7;0.0
23.8;0.0
23.9;0.0
23.10;0.0
23.11;0.0
23.12;0.0
23.13;0.0
23.14;0.0
23.15;0.0
23.16;0.0
23.17;0.0
23.18;0.0
23.19;0.0
23.20;0.0
23.21;0.0
23.22;0.0
23.23;0.0
23.24;0.0
23.25;0.0
23.26;23.993681837313275
23.27;17.306154977370046
23.28;14.341020118221342
23.29;23.74968592312249
23.30;27.470007306737934
23.31;0.0
24.0;0.0
24.1;0.0
24.2;0.0
24.3;0.0
24.4;0.0
24.5;0.0
24.6;0.0
24.7;0.0
24.8;0.0
24.9;0.0
24.10;0.0
24.11;0.0
24.12;0.0
24.13;0.0
24.14;0.0
24.15;0.0
24.16;0.0
24.17;0.0
24.18;0.0
24.19;0.0
24.20;0.0
24.21;0.0
24.22;0.0
24.23;0.0
24.24;0.0
24.25;0.0
24.26;32.91949300579243
24.27;0.0
24.28;17.584895671056067
24.29;38.21960259550436
24.30;42.84241634867312
24.31;0.0
25.0;0.0
25.1;0.0
25.2;0.0
25.3;0.0
25.4;0.0
25.5;0.0
25.6;0.0
25.7;0.0
25.8;0.0
25.9;0.0
25.10;0.0
25.11;0.0
25.12;0.0
25.13;0.0
25.14;0.0
25.15;0.0
25.16;0.0
25.17;0.0
25.18;0.0
25.19;0.0
25.20;0.0
25.21;0.0
25.22;0.0
25.23;0.0
25.24;0.0
25.25;0.0
25.26;0.0
25.27;35.27806588745693
25.28;25.04786126556516
25.29;0.0
25.30;0.0
25.31;0.0
26.0;46.589776815422645
26.1;27.305403404772104
26.2;27.22940277211621
26.3;26.86128876218202
26.4;31.717832335412634
26.5;0.0
26.6;20.550468770298664
26.7;24.21248714716514
26.8;28.95181876345048
26.9;25.074593328005754
26.10;25.04877916306318
26.11;36.92274950591087
26.12;30.922961916480833
26.13;14.606113217117098
26.14;17.14486180666397
26.15;0.0
26.16;25.087921905475852
26.17;31.74961615018354
26.18;79.3891795803405
26.19;118.58354490990713
26.20;52.42663924045499
26.21;0.0
26.22;33.31705733449907
26.23;23.993681837313275
26.24;32.91949300579243
26.25;0.0
26.26;0.0
26.27;70.05102475594819
26.28;40.288095313653606
26.29;70.71775899464876
26.30;161.50469679567638
26.31;0.0
27.0;0.0
27.1;28.73513724761182
27.2;31.75089703869676
27.3;0.0
27.4;44.50880626801392
27.5;0.0
27.6;25.861154510594346
27.7;22.977332415698548
27.8;25.933497045439324
27.9;21.62011463636921
27.10;20.5810716204632
27.11;25.580731200840187
27.12;35.232621881716696
27.13;21.257261107560865
27.14;27.96743111397867
27.15;23.98119005972386
27.16;53.511762589541206
27.17;71.19177211058074
27.18;45.44567838378877
27.19;41.051201042742576
27.20;30.184693546205196
27.21;0.0
27.22;21.210007475275194
27.23;17.306154977370046
27.24;0.0
27.25;35.27806588745693
27.26;70.05102475594819
27.27;0.0
27.28;73.62992510781967
27.29;44.10641329043338
27.30;54.8856922527721
27.31;0.0
28.0;0.0
28.1;20.75217130001078
28.2;23.650249914674887
28.3;29.435398946958482
28.4;32.42836272018558
28.5;0.0
28.6;0.0
28.7;16.030013083928534
28.8;17.218910705575432
28.9;15.459863015660934
28.10;14.934152766032405
28.11;17.452710769675083
28.12;0.0
28.13;21.015264483446938
28.14;0.0
28.15;31.924143645327284
28.16;81.94225568484124
28.17;37.06162607203469
28.18;25.165704657258342
28.19;25.055637034492207
28.20;20.420081784361674
28.21;18.183776870492192
28.22;16.726911535341454
28.23;14.341020118221342
28.24;17.584895671056067
28.25;25.04786126556516
28.26;40.288095313653606
28.27;73.62992510781967
28.28;0.0
28.29;38.19125143252288
28.30;0.0
28.31;0.0
29.0;25.117957500044863
29.1;19.641915326194013
29.2;20.165680514576188
29.3;0.0
29.4;0.0
29.5;14.920082449663203
29.6;14.627556278534152
29.7;16.599800515228214
29.8;0.0
29.9;17.545023944637315
29.10;17.846025692681224
29.11;23.088035771538543
29.12;19.245294059496246
29.13;12.399831205899202
29.14;0.0
29.15;14.046125549454148
29.16;21.34529680698924
29.17;21.68547473090646
29.18;31.70486757968467
29.19;40.227185394055915
29.20;30.744135378146186
29.21;33.08659818726841
29.22;30.799636047994753
29.23;23.74968592312249
29.24;38.21960259550436
29.25;0.0
29.26;70.71775899464876
29.27;44.10641329043338
29.28;38.19125143252288
29.29;0.0
29.30;121.92248526721815
29.31;0.0
30.0;34.2224353880596
30.1;24.3290588061202
30.2;24.280479241586104
30.3;0.0
30.4;27.709515113525924
30.5;18.800074936012024
30.6;18.158762447909357
30.7;0.0
30.8;24.96614285080394
30.9;22.93159517632187
30.10;23.38026929479223
30.11;32.99923945975167
30.12;25.48625326585303
30.13;13.816866133442502
30.14;16.06568033282655
30.15;14.941950033500012
30.16;23.31135334470935
30.17;26.61186393736802
30.18;51.38938094495986
30.19;76.76482037907245
30.20;47.15071123942178
30.21;0.0
30.22;0.0
30.23;27.470007306737934
30.24;42.84241634867312
30.25;0.0
30.26;161.50469679567638
30.27;54.8856922527721
30.28;0.0
30.29;121.92248526721815
30.30;0.0
30.31;0.0
31.0;0.0
31.1;0.0
31.2;0.0
31.3;0.0
31.4;0.0
31.5;0.0
31.6;0.0
31.7;0.0
31.8;0.0
31.9;0.0
31.10;0.0
31.11;0.0
31.12;0.0
31.13;0.0
31.14;0.0
31.15;0.0
31.16;0.0
31.17;0.0
31.18;0.0
31.19;0.0
31.20;0.0
31.21;0.0
31.22;0.0
31.23;0.0
31.24;0.0
31.25;0.0
31.26;0.0
31.27;0.0
31.28;0.0
31.29;0.0
31.30;0.0
31.31;0.0

****Importance nodes******

0;0.09881765940671972
1;0.3225806451612903
2;0.4
3;0.45454545454545453
4;0.43478260869565216
5;0.07547996107858407
6;0.11312277245667138
7;0.1291484134823124
8;0.11852984733141803
9;0.14286178344568237
10;0.13809972399749296
11;0.13411581798205047
12;0.1343725038591606
13;0.164521906493673
14;0.14988372940182199
15;0.1538710741109729
16;0.16332366631384065
17;0.1661126688021344
18;0.16177902028382252
19;0.17621183423304257
20;0.18721979073336198
21;0.16417516422004094
22;0.18137682632427204
23;0.19606799464888136
24;0.19695657742148145
25;0.19909371825344654
26;0.37037037037037035
27;0.4
28;0.4166666666666667
29;0.38461538461538464
30;0.4
31;0.21475783065222567
