
****Importance edges******

0.0;0.0
0.1;18.50580679284789
0.2;27.966080334207824
0.3;25.644114385924695
0.4;43.20225201041267
0.5;0.0
0.6;0.0
0.7;0.0
0.8;0.0
0.9;0.0
0.10;0.0
0.11;0.0
0.12;0.0
0.13;0.0
0.14;0.0
0.15;0.0
0.16;0.0
0.17;0.0
0.18;0.0
0.19;0.0
0.20;0.0
0.21;0.0
0.22;0.0
0.23;0.0
0.24;0.0
0.25;0.0
0.26;51.646070430236314
0.27;0.0
0.28;0.0
0.29;26.041012430829273
0.30;32.12957722388085
0.31;0.0
1.0;18.50580679284789
1.1;0.0
1.2;103.16392770905783
1.3;37.18065383037636
1.4;55.41169967516784
1.5;0.0
1.6;0.0
1.7;0.0
1.8;0.0
1.9;0.0
1.10;0.0
1.11;0.0
1.12;0.0
1.13;0.0
1.14;0.0
1.15;0.0
1.16;0.0
1.17;0.0
1.18;0.0
1.19;0.0
1.20;0.0
1.21;0.0
1.22;0.0
1.23;0.0
1.24;0.0
1.25;0.0
1.26;25.742579188371007
1.27;23.919863142676697
1.28;17.32577993651745
1.29;17.619512372828414
1.30;20.25213076303974
1.31;0.0
2.0;27.966080334207824
2.1;103.16392770905783
2.2;0.0
2.3;75.32513154672726
2.4;104.31983646373078
2.5;0.0
2.6;0.0
2.7;0.0
2.8;0.0
2.9;0.0
2.10;0.0
2.11;0.0
2.12;0.0
2.13;0.0
2.14;0.0
2.15;0.0
2.16;0.0
2.17;0.0
2.18;0.0
2.19;0.0
2.20;0.0
2.21;0.0
2.22;0.0
2.23;0.0
2.24;0.0
2.25;0.0
2.26;0.0
2.27;32.2460672842442
2.28;0.0
2.29;0.0
2.30;24.659144790890505
2.31;0.0
3.0;25.644114385924695
3.1;37.18065383037636
3.2;75.32513154672726
3.3;0.0
3.4;0.0
3.5;0.0
3.6;0.0
3.7;0.0
3.8;0.0
3.9;0.0
3.10;0.0
3.11;0.0
3.12;0.0
3.13;0.0
3.14;0.0
3.15;0.0
3.16;0.0
3.17;0.0
3.18;0.0
3.19;0.0
3.20;0.0
3.21;0.0
3.22;0.0
3.23;0.0
3.24;0.0
3.25;0.0
3.26;26.54151629979955
3.27;0.0
3.28;26.319710096927793
3.29;0.0
3.30;0.0
3.31;0.0
4.0;43.20225201041267
4.1;55.41169967516784
4.2;104.31983646373078
4.3;0.0
4.4;0.0
4.5;0.0
4.6;0.0
4.7;0.0
4.8;0.0
4.9;0.0
4.10;0.0
4.11;0.0
4.12;0.0
4.13;0.0
4.14;0.0
4.15;0.0
4.16;0.0
4.17;0.0
4.18;0.0
4.19;0.0
4.20;0.0
4.21;0.0
4.22;0.0
4.23;0.0
4.24;0.0
4.25;0.0
4.26;0.0
4.27;0.0
4.28;35.35456803613087
4.29;0.0
4.30;30.292066049276606
4.31;0.0
5.0;0.0
5.1;0.0
5.2;0.0
5.3;0.0
5.4;0.0
5.5;0.0
5.6;0.0
5.7;0.0
5.8;0.0
5.9;0.0
5.10;0.0
5.11;0.0
5.12;0.0
5.13;0.0
5.14;0.0
5.15;0.0
5.16;0.0
5.17;0.0
5.18;0.0
5.19;0.0
5.20;0.0
5.21;0.0
5.22;0.0
5.23;0.0
5.24;0.0
5.25;0.0
5.26;0.0
5.27;0.0
5.28;0.0
5.29;16.041011861395045
5.30;18.258226195961328
5.31;0.0
6.0;0.0
6.1;0.0
6.2;0.0
6.3;0.0
6.4;0.0
6.5;0.0
6.6;0.0
6.7;0.0
6.8;0.0
6.9;0.0
6.10;0.0
6.11;0.0
6.12;0.0
6.13;0.0
6.14;0.0
6.15;0.0
6.16;0.0
6.17;0.0
6.18;0.0
6.19;0.0
6.20;0.0
6.21;0.0
6.22;0.0
6.23;0.0
6.24;0.0
6.25;0.0
6.26;21.429077206560954
6.27;22.799186508739364
6.28;0.0
6.29;14.260695866503166
6.30;0.0
6.31;0.0
7.0;0.0
7.1;0.0
7.2;0.0
7.3;0.0
7.4;0.0
7.5;0.0
7.6;0.0
7.7;0.0
7.8;0.0
7.9;0.0
7.10;0.0
7.11;0.0
7.12;0.0
7.13;0.0
7.14;0.0
7.15;0.0
7.16;0.0
7.17;0.0
7.18;0.0
7.19;0.0
7.20;0.0
7.21;0.0
7.22;0.0
7.23;0.0
7.24;0.0
7.25;0.0
7.26;26.1795726867132
7.27;21.203806561629666
7.28;0.0
7.29;0.0
7.30;0.0
7.31;0.0
8.0;0.0
8.1;0.0
8.2;0.0
8.3;0.0
8.4;0.0
8.5;0.0
8.6;0.0
8.7;0.0
8.8;0.0
8.9;0.0
8.10;0.0
8.11;0.0
8.12;0.0
8.13;0.0
8.14;0.0
8.15;0.0
8.16;0.0
8.17;0.0
8.18;0.0
8.19;0.0
8.20;0.0
8.21;0.0
8.22;0.0
8.23;0.0
8.24;0.0
8.25;0.0
8.26;30.75103341776511
8.27;23.38069606831336
8.28;15.545482623053186
8.29;0.0
8.30;22.508564771267345
8.31;0.0
9.0;0.0
9.1;0.0
9.2;0.0
9.3;0.0
9.4;0.0
9.5;0.0
9.6;0.0
9.7;0.0
9.8;0.0
9.9;0.0
9.10;0.0
9.11;0.0
9.12;0.0
9.13;0.0
9.14;0.0
9.15;0.0
9.16;0.0
9.17;0.0
9.18;0.0
9.19;0.0
9.20;0.0
9.21;0.0
9.22;0.0
9.23;0.0
9.24;0.0
9.25;0.0
9.26;26.59347605398434
9.27;19.61541648960611
9.28;14.04223439378845
9.29;0.0
9.30;20.805291633279495
9.31;0.0
10.0;0.0
10.1;0.0
10.2;0.0
10.3;0.0
10.4;0.0
10.5;0.0
10.6;0.0
10.7;0.0
10.8;0.0
10.9;0.0
10.10;0.0
10.11;0.0
10.12;0.0
10.13;0.0
10.14;0.0
10.15;0.0
10.16;0.0
10.17;0.0
10.18;0.0
10.19;0.0
10.20;0.0
10.21;0.0
10.22;0.0
10.23;0.0
10.24;0.0
10.25;0.0
10.26;26.36216181872699
10.27;18.48646034585922
10.28;13.433769398922298
10.29;0.0
10.30;21.000773388492732
10.31;0.0
11.0;0.0
11.1;0.0
11.2;0.0
11.3;0.0
11.4;0.0
11.5;0.0
11.6;0.0
11.7;0.0
11.8;0.0
11.9;0.0
11.10;0.0
11.11;0.0
11.12;0.0
11.13;0.0
11.14;0.0
11.15;0.0
11.16;0.0
11.17;0.0
11.18;0.0
11.19;0.0
11.20;0.0
11.21;0.0
11.22;0.0
11.23;0.0
11.24;0.0
11.25;0.0
11.26;39.553747967459614
11.27;23.40267824819644
11.28;15.98090718161656
11.29;23.212377728210164
11.30;0.0
11.31;0.0
12.0;0.0
12.1;0.0
12.2;0.0
12.3;0.0
12.4;0.0
12.5;0.0
12.6;0.0
12.7;0.0
12.8;0.0
12.9;0.0
12.10;0.0
12.11;0.0
12.12;0.0
12.13;0.0
12.14;0.0
12.15;0.0
12.16;0.0
12.17;0.0
12.18;0.0
12.19;0.0
12.20;0.0
12.21;0.0
12.22;0.0
12.23;0.0
12.24;0.0
12.25;0.0
12.26;0.0
12.27;31.44389138848131
12.28;0.0
12.29;18.904394504111973
12.30;22.7455958935226
12.31;0.0
13.0;0.0
13.1;0.0
13.2;0.0
13.3;0.0
13.4;0.0
13.5;0.0
13.6;0.0
13.7;0.0
13.8;0.0
13.9;0.0
13.10;0.0
13.11;0.0
13.12;0.0
13.13;0.0
13.14;0.0
13.15;0.0
13.16;0.0
13.17;0.0
13.18;0.0
13.19;0.0
13.20;0.0
13.21;0.0
13.22;0.0
13.23;0.0
13.24;0.0
13.25;0.0
13.26;14.61668248520495
13.27;18.20575037621751
13.28;18.04989015158246
13.29;11.659925282551882
13.30;11.833434915921357
13.31;0.0
14.0;0.0
14.1;0.0
14.2;0.0
14.3;0.0
14.4;0.0
14.5;0.0
14.6;0.0
14.7;0.0
14.8;0.0
14.9;0.0
14.10;0.0
14.11;0.0
14.12;0.0
14.13;0.0
14.14;0.0
14.15;0.0
14.16;0.0
14.17;0.0
14.18;0.0
14.19;0.0
14.20;0.0
14.21;0.0
14.22;0.0
14.23;0.0
14.24;0.0
14.25;0.0
14.26;18.194752821977012
14.27;25.446449480773516
14.28;0.0
14.29;0.0
14.30;14.617521405431976
14.31;0.0
15.0;0.0
15.1;0.0
15.2;0.0
15.3;0.0
15.4;0.0
15.5;0.0
15.6;0.0
15.7;0.0
15.8;0.0
15.9;0.0
15.10;0.0
15.11;0.0
15.12;0.0
15.13;0.0
15.14;0.0
15.15;0.0
15.16;0.0
15.17;0.0
15.18;0.0
15.19;0.0
15.20;0.0
15.21;0.0
15.22;0.0
15.23;0.0
15.24;0.0
15.25;0.0
15.26;0.0
15.27;20.789975371872675
15.28;27.745709397730188
15.29;0.0
15.30;12.953601236243
15.31;0.0
16.0;0.0
16.1;0.0
16.2;0.0
16.3;0.0
16.4;0.0
16.5;0.0
16.6;0.0
16.7;0.0
16.8;0.0
16.9;0.0
16.10;0.0
16.11;0.0
16.12;0.0
16.13;0.0
16.14;0.0
16.15;0.0
16.16;0.0
16.17;0.0
16.18;0.0
16.19;0.0
16.20;0.0
16.21;0.0
16.22;0.0
16.23;0.0
16.24;0.0
16.25;0.0
16.26;0.0
16.27;46.517162159560826
16.28;71.40205149837821
16.29;20.357293362398497
16.30;20.264292395156602
16.31;0.0
17.0;0.0
17.1;0.0
17.2;0.0
17.3;0.0
17.4;0.0
17.5;0.0
17.6;0.0
17.7;0.0
17.8;0.0
17.9;0.0
17.10;0.0
17.11;0.0
17.12;0.0
17.13;0.0
17.14;0.0
17.15;0.0
17.16;0.0
17.17;0.0
17.18;0.0
17.19;0.0
17.20;0.0
17.21;0.0
17.22;0.0
17.23;0.0
17.24;0.0
17.25;0.0
17.26;0.0
17.27;64.52111449301054
17.28;33.62651432994518
17.29;21.49748962442193
17.30;24.11833655872924
17.31;0.0
18.0;0.0
18.1;0.0
18.2;0.0
18.3;0.0
18.4;0.0
18.5;0.0
18.6;0.0
18.7;0.0
18.8;0.0
18.9;0.0
18.10;0.0
18.11;0.0
18.12;0.0
18.13;0.0
18.14;0.0
18.15;0.0
18.16;0.0
18.17;0.0
18.18;0.0
18.19;0.0
18.20;0.0
18.21;0.0
18.22;0.0
18.23;0.0
18.24;0.0
18.25;0.0
18.26;83.80881881131765
18.27;41.255269384082496
18.28;22.869861343923244
18.29;31.500072819353637
18.30;46.65092105043423
18.31;0.0
19.0;0.0
19.1;0.0
19.2;0.0
19.3;0.0
19.4;0.0
19.5;0.0
19.6;0.0
19.7;0.0
19.8;0.0
19.9;0.0
19.10;0.0
19.11;0.0
19.12;0.0
19.13;0.0
19.14;0.0
19.15;0.0
19.16;0.0
19.17;0.0
19.18;0.0
19.19;0.0
19.20;0.0
19.21;0.0
19.22;0.0
19.23;0.0
19.24;0.0
19.25;0.0
19.26;0.0
19.27;37.19677101706698
19.28;22.728176272778843
19.29;39.808878220255615
19.30;69.55712313590006
19.31;0.0
20.0;0.0
20.1;0.0
20.2;0.0
20.3;0.0
20.4;0.0
20.5;0.0
20.6;0.0
20.7;0.0
20.8;0.0
20.9;0.0
20.10;0.0
20.11;0.0
20.12;0.0
20.13;0.0
20.14;0.0
20.15;0.0
20.16;0.0
20.17;0.0
20.18;0.0
20.19;0.0
20.20;0.0
20.21;0.0
20.22;0.0
20.23;0.0
20.24;0.0
20.25;0.0
20.26;0.0
20.27;26.72426989644001
20.28;18.11086137643628
20.29;29.719969559505174
20.30;41.74527500312589
20.31;0.0
21.0;0.0
21.1;0.0
21.2;0.0
21.3;0.0
21.4;0.0
21.5;0.0
21.6;0.0
21.7;0.0
21.8;0.0
21.9;0.0
21.10;0.0
21.11;0.0
21.12;0.0
21.13;0.0
21.14;0.0
21.15;0.0
21.16;0.0
21.17;0.0
21.18;0.0
21.19;0.0
21.20;0.0
21.21;0.0
21.22;0.0
21.23;0.0
21.24;0.0
21.25;0.0
21.26;0.0
21.27;0.0
21.28;16.656044930201208
21.29;33.113218494564364
21.30;0.0
21.31;0.0
22.0;0.0
22.1;0.0
22.2;0.0
22.3;0.0
22.4;0.0
22.5;0.0
22.6;0.0
22.7;0.0
22.8;0.0
22.9;0.0
22.10;0.0
22.11;0.0
22.12;0.0
22.13;0.0
22.14;0.0
22.15;0.0
22.16;0.0
22.17;0.0
22.18;0.0
22.19;0.0
22.20;0.0
22.21;0.0
22.22;0.0
22.23;0.0
22.24;0.0
22.25;0.0
22.26;35.57428881134253
22.27;19.60317365108631
22.28;15.467863513438923
22.29;31.029627159498883
22.30;0.0
22.31;0.0
23.0;0.0
23.1;0.0
23.2;0.0
23.3;0.0
23.4;0.0
23.5;0.0
23.6;0.0
23.7;0.0
23.8;0.0
23.9;0.0
23.10;0.0
23.11;0.0
23.12;0.0
23.13;0.0
23.14;0.0
23.15;0.0
23.16;0.0
23.17;0.0
23.18;0.0
23.19;0.0
23.20;0.0
23.21;0.0
23.22;0.0
23.23;0.0
23.24;0.0
23.25;0.0
23.26;24.019624239815037
23.27;0.0
23.28;12.426878280920826
23.29;22.41873328940853
23.30;23.74573171159827
23.31;0.0
24.0;0.0
24.1;0.0
24.2;0.0
24.3;0.0
24.4;0.0
24.5;0.0
24.6;0.0
24.7;0.0
24.8;0.0
24.9;0.0
24.10;0.0
24.11;0.0
24.12;0.0
24.13;0.0
24.14;0.0
24.15;0.0
24.16;0.0
24.17;0.0
24.18;0.0
24.19;0.0
24.20;0.0
24.21;0.0
24.22;0.0
24.23;0.0
24.24;0.0
24.25;0.0
24.26;34.69633134029383
24.27;0.0
24.28;16.10116964451518
24.29;38.05315183071261
24.30;39.19635647908115
24.31;0.0
25.0;0.0
25.1;0.0
25.2;0.0
25.3;0.0
25.4;0.0
25.5;0.0
25.6;0.0
25.7;0.0
25.8;0.0
25.9;0.0
25.10;0.0
25.11;0.0
25.12;0.0
25.13;0.0
25.14;0.0
25.15;0.0
25.16;0.0
25.17;0.0
25.18;0.0
25.19;0.0
25.20;0.0
25.21;0.0
25.22;0.0
25.23;0.0
25.24;0.0
25.25;0.0
25.26;0.0
25.27;30.959733260607212
25.28;22.02527826474131
25.29;0.0
25.30;0.0
25.31;0.0
26.0;51.646070430236314
26.1;25.742579188371007
26.2;0.0
26.3;26.54151629979955
26.4;0.0
26.5;0.0
26.6;21.429077206560954
26.7;26.1795726867132
26.8;30.75103341776511
26.9;26.59347605398434
26.10;26.36216181872699
26.11;39.553747967459614
26.12;0.0
26.13;14.61668248520495
26.14;18.194752821977012
26.15;0.0
26.16;0.0
26.17;0.0
26.18;83.80881881131765
26.19;0.0
26.20;0.0
26.21;0.0
26.22;35.57428881134253
26.23;24.019624239815037
26.24;34.69633134029383
26.25;0.0
26.26;0.0
26.27;67.50766011781316
26.28;38.806608458953704
26.29;72.61925810953447
26.30;155.640894857676
26.31;0.0
27.0;0.0
27.1;23.919863142676697
27.2;32.2460672842442
27.3;0.0
27.4;0.0
27.5;0.0
27.6;22.799186508739364
27.7;21.203806561629666
27.8;23.38069606831336
27.9;19.61541648960611
27.10;18.48646034585922
27.11;23.40267824819644
27.12;31.44389138848131
27.13;18.20575037621751
27.14;25.446449480773516
27.15;20.789975371872675
27.16;46.517162159560826
27.17;64.52111449301054
27.18;41.255269384082496
27.19;37.19677101706698
27.20;26.72426989644001
27.21;0.0
27.22;19.60317365108631
27.23;0.0
27.24;0.0
27.25;30.959733260607212
27.26;67.50766011781316
27.27;0.0
27.28;63.679410635269925
27.29;40.67035639463844
27.30;47.38041147917679
27.31;0.0
28.0;0.0
28.1;17.32577993651745
28.2;0.0
28.3;26.319710096927793
28.4;35.35456803613087
28.5;0.0
28.6;0.0
28.7;0.0
28.8;15.545482623053186
28.9;14.04223439378845
28.10;13.433769398922298
28.11;15.98090718161656
28.12;0.0
28.13;18.04989015158246
28.14;0.0
28.15;27.745709397730188
28.16;71.40205149837821
28.17;33.62651432994518
28.18;22.869861343923244
28.19;22.728176272778843
28.20;18.11086137643628
28.21;16.656044930201208
28.22;15.467863513438923
28.23;12.426878280920826
28.24;16.10116964451518
28.25;22.02527826474131
28.26;38.806608458953704
28.27;63.679410635269925
28.28;0.0
28.29;35.231607900774094
28.30;0.0
28.31;0.0
29.0;26.041012430829273
29.1;17.619512372828414
29.2;0.0
29.3;0.0
29.4;0.0
29.5;16.041011861395045
29.6;14.260695866503166
29.7;0.0
29.8;0.0
29.9;0.0
29.10;0.0
29.11;23.212377728210164
29.12;18.904394504111973
29.13;11.659925282551882
29.14;0.0
29.15;0.0
29.16;20.357293362398497
29.17;21.49748962442193
29.18;31.500072819353637
29.19;39.808878220255615
29.20;29.719969559505174
29.21;33.113218494564364
29.22;31.029627159498883
29.23;22.41873328940853
29.24;38.05315183071261
29.25;0.0
29.26;72.61925810953447
29.27;40.67035639463844
29.28;35.231607900774094
29.29;0.0
29.30;112.42426119952347
29.31;0.0
30.0;32.12957722388085
30.1;20.25213076303974
30.2;24.659144790890505
30.3;0.0
30.4;30.292066049276606
30.5;18.258226195961328
30.6;0.0
30.7;0.0
30.8;22.508564771267345
30.9;20.805291633279495
30.10;21.000773388492732
30.11;0.0
30.12;22.7455958935226
30.13;11.833434915921357
30.14;14.617521405431976
30.15;12.953601236243
30.16;20.264292395156602
30.17;24.11833655872924
30.18;46.65092105043423
30.19;69.55712313590006
30.20;41.74527500312589
30.21;0.0
30.22;0.0
30.23;23.74573171159827
30.24;39.19635647908115
30.25;0.0
30.26;155.640894857676
30.27;47.38041147917679
30.28;0.0
30.29;112.42426119952347
30.30;0.0
30.31;0.0
31.0;0.0
31.1;0.0
31.2;0.0
31.3;0.0
31.4;0.0
31.5;0.0
31.6;0.0
31.7;0.0
31.8;0.0
31.9;0.0
31.10;0.0
31.11;0.0
31.12;0.0
31.13;0.0
31.14;0.0
31.15;0.0
31.16;0.0
31.17;0.0
31.18;0.0
31.19;0.0
31.20;0.0
31.21;0.0
31.22;0.0
31.23;0.0
31.24;0.0
31.25;0.0
31.26;0.0
31.27;0.0
31.28;0.0
31.29;0.0
31.30;0.0
31.31;0.0

****Importance nodes******

0;0.15488654469236804
1;0.3225806451612903
2;0.5882352941176471
3;0.5263157894736842
4;0.7142857142857143
5;0.14665579329342524
6;0.1348111503950998
7;0.18006036646813092
8;0.15384767712258
9;0.1853738932238183
10;0.17380210496537915
11;0.18048002219037956
12;0.16571034917378516
13;0.1739892479540358
14;0.1951846484365022
15;0.16981220763690144
16;0.18180450491244204
17;0.2112395603040137
18;0.2073501758981724
19;0.2226239577335111
20;0.21984188781120015
21;0.21536717673558553
22;0.24179212150893664
23;0.21399383964104926
24;0.25289830975866373
25;0.22721999855938815
26;0.5
27;0.43478260869565216
28;0.45454545454545453
29;0.47619047619047616
30;0.43478260869565216
31;0.29212034038529583
