
****Importance edges******

0.0;0.0
0.1;22.180650823267463
0.2;23.302030839458766
0.3;25.499123732866643
0.4;30.776747792770326
0.5;0.0
0.6;0.0
0.7;0.0
0.8;0.0
0.9;0.0
0.10;0.0
0.11;0.0
0.12;0.0
0.13;0.0
0.14;0.0
0.15;0.0
0.16;0.0
0.17;0.0
0.18;0.0
0.19;0.0
0.20;0.0
0.21;0.0
0.22;0.0
0.23;0.0
0.24;0.0
0.25;0.0
0.26;46.28246732867504
0.27;0.0
0.28;31.971575502548234
0.29;24.21702475648578
0.30;36.907130428998684
0.31;0.0
1.0;22.180650823267463
1.1;0.0
1.2;104.48538308364482
1.3;42.95113494970174
1.4;49.298871790241414
1.5;0.0
1.6;0.0
1.7;0.0
1.8;0.0
1.9;0.0
1.10;0.0
1.11;0.0
1.12;0.0
1.13;0.0
1.14;0.0
1.15;0.0
1.16;0.0
1.17;0.0
1.18;0.0
1.19;0.0
1.20;0.0
1.21;0.0
1.22;0.0
1.23;0.0
1.24;0.0
1.25;0.0
1.26;27.85777740138764
1.27;30.312397052537484
1.28;20.966688410295383
1.29;19.635611145163164
1.30;26.222785589867996
1.31;0.0
2.0;23.302030839458766
2.1;104.48538308364482
2.2;0.0
2.3;69.44544361702026
2.4;77.63903552384684
2.5;0.0
2.6;0.0
2.7;0.0
2.8;0.0
2.9;0.0
2.10;0.0
2.11;0.0
2.12;0.0
2.13;0.0
2.14;0.0
2.15;0.0
2.16;0.0
2.17;0.0
2.18;0.0
2.19;0.0
2.20;0.0
2.21;0.0
2.22;0.0
2.23;0.0
2.24;0.0
2.25;0.0
2.26;26.305149144936284
2.27;31.73086482810963
2.28;22.708336153993795
2.29;19.127503329916742
2.30;24.768437649425806
2.31;0.0
3.0;25.499123732866643
3.1;42.95113494970174
3.2;69.44544361702026
3.3;0.0
3.4;0.0
3.5;0.0
3.6;0.0
3.7;0.0
3.8;0.0
3.9;0.0
3.10;0.0
3.11;0.0
3.12;0.0
3.13;0.0
3.14;0.0
3.15;0.0
3.16;0.0
3.17;0.0
3.18;0.0
3.19;0.0
3.20;0.0
3.21;0.0
3.22;0.0
3.23;0.0
3.24;0.0
3.25;0.0
3.26;25.737843302871987
3.27;0.0
3.28;28.054278487181122
3.29;19.594083392862856
3.30;0.0
3.31;0.0
4.0;30.776747792770326
4.1;49.298871790241414
4.2;77.63903552384684
4.3;0.0
4.4;0.0
4.5;0.0
4.6;0.0
4.7;0.0
4.8;0.0
4.9;0.0
4.10;0.0
4.11;0.0
4.12;0.0
4.13;0.0
4.14;0.0
4.15;0.0
4.16;0.0
4.17;0.0
4.18;0.0
4.19;0.0
4.20;0.0
4.21;0.0
4.22;0.0
4.23;0.0
4.24;0.0
4.25;0.0
4.26;29.317525948702503
4.27;42.62736132761986
4.28;29.864871585861124
4.29;21.140793746436376
4.30;27.08861987236352
4.31;0.0
5.0;0.0
5.1;0.0
5.2;0.0
5.3;0.0
5.4;0.0
5.5;0.0
5.6;0.0
5.7;0.0
5.8;0.0
5.9;0.0
5.10;0.0
5.11;0.0
5.12;0.0
5.13;0.0
5.14;0.0
5.15;0.0
5.16;0.0
5.17;0.0
5.18;0.0
5.19;0.0
5.20;0.0
5.21;0.0
5.22;0.0
5.23;0.0
5.24;0.0
5.25;0.0
5.26;23.02995811318686
5.27;32.7710521878581
5.28;0.0
5.29;15.327936585485496
5.30;21.53018954040046
5.31;0.0
6.0;0.0
6.1;0.0
6.2;0.0
6.3;0.0
6.4;0.0
6.5;0.0
6.6;0.0
6.7;0.0
6.8;0.0
6.9;0.0
6.10;0.0
6.11;0.0
6.12;0.0
6.13;0.0
6.14;0.0
6.15;0.0
6.16;0.0
6.17;0.0
6.18;0.0
6.19;0.0
6.20;0.0
6.21;0.0
6.22;0.0
6.23;0.0
6.24;0.0
6.25;0.0
6.26;19.993309560946958
6.27;26.49295167282359
6.28;0.0
6.29;13.823694223380475
6.30;19.189207728698886
6.31;0.0
7.0;0.0
7.1;0.0
7.2;0.0
7.3;0.0
7.4;0.0
7.5;0.0
7.6;0.0
7.7;0.0
7.8;0.0
7.9;0.0
7.10;0.0
7.11;0.0
7.12;0.0
7.13;0.0
7.14;0.0
7.15;0.0
7.16;0.0
7.17;0.0
7.18;0.0
7.19;0.0
7.20;0.0
7.21;0.0
7.22;0.0
7.23;0.0
7.24;0.0
7.25;0.0
7.26;23.322043915046955
7.27;23.29318061258508
7.28;15.303226556166218
7.29;15.545990565831943
7.30;0.0
7.31;0.0
8.0;0.0
8.1;0.0
8.2;0.0
8.3;0.0
8.4;0.0
8.5;0.0
8.6;0.0
8.7;0.0
8.8;0.0
8.9;0.0
8.10;0.0
8.11;0.0
8.12;0.0
8.13;0.0
8.14;0.0
8.15;0.0
8.16;0.0
8.17;0.0
8.18;0.0
8.19;0.0
8.20;0.0
8.21;0.0
8.22;0.0
8.23;0.0
8.24;0.0
8.25;0.0
8.26;29.662338131186235
8.27;27.816127209048997
8.28;17.399785989018223
8.29;18.42149976590111
8.30;27.576943463052128
8.31;0.0
9.0;0.0
9.1;0.0
9.2;0.0
9.3;0.0
9.4;0.0
9.5;0.0
9.6;0.0
9.7;0.0
9.8;0.0
9.9;0.0
9.10;0.0
9.11;0.0
9.12;0.0
9.13;0.0
9.14;0.0
9.15;0.0
9.16;0.0
9.17;0.0
9.18;0.0
9.19;0.0
9.20;0.0
9.21;0.0
9.22;0.0
9.23;0.0
9.24;0.0
9.25;0.0
9.26;24.010753651201355
9.27;21.77421085287409
9.28;14.682038889966064
9.29;16.34692424922576
9.30;23.79550183051115
9.31;0.0
10.0;0.0
10.1;0.0
10.2;0.0
10.3;0.0
10.4;0.0
10.5;0.0
10.6;0.0
10.7;0.0
10.8;0.0
10.9;0.0
10.10;0.0
10.11;0.0
10.12;0.0
10.13;0.0
10.14;0.0
10.15;0.0
10.16;0.0
10.17;0.0
10.18;0.0
10.19;0.0
10.20;0.0
10.21;0.0
10.22;0.0
10.23;0.0
10.24;0.0
10.25;0.0
10.26;24.435726401540045
10.27;21.08592730886498
10.28;14.42750095043477
10.29;16.93481925028718
10.30;24.67427781841021
10.31;0.0
11.0;0.0
11.1;0.0
11.2;0.0
11.3;0.0
11.4;0.0
11.5;0.0
11.6;0.0
11.7;0.0
11.8;0.0
11.9;0.0
11.10;0.0
11.11;0.0
11.12;0.0
11.13;0.0
11.14;0.0
11.15;0.0
11.16;0.0
11.17;0.0
11.18;0.0
11.19;0.0
11.20;0.0
11.21;0.0
11.22;0.0
11.23;0.0
11.24;0.0
11.25;0.0
11.26;36.08119641592201
11.27;26.25822138822918
11.28;16.88631138839806
11.29;21.942231411512235
11.30;34.89769653484863
11.31;0.0
12.0;0.0
12.1;0.0
12.2;0.0
12.3;0.0
12.4;0.0
12.5;0.0
12.6;0.0
12.7;0.0
12.8;0.0
12.9;0.0
12.10;0.0
12.11;0.0
12.12;0.0
12.13;0.0
12.14;0.0
12.15;0.0
12.16;0.0
12.17;0.0
12.18;0.0
12.19;0.0
12.20;0.0
12.21;0.0
12.22;0.0
12.23;0.0
12.24;0.0
12.25;0.0
12.26;30.7567108750077
12.27;36.744489630537004
12.28;0.0
12.29;18.616426901424596
12.30;27.370758837338673
12.31;0.0
13.0;0.0
13.1;0.0
13.2;0.0
13.3;0.0
13.4;0.0
13.5;0.0
13.6;0.0
13.7;0.0
13.8;0.0
13.9;0.0
13.10;0.0
13.11;0.0
13.12;0.0
13.13;0.0
13.14;0.0
13.15;0.0
13.16;0.0
13.17;0.0
13.18;0.0
13.19;0.0
13.20;0.0
13.21;0.0
13.22;0.0
13.23;0.0
13.24;0.0
13.25;0.0
13.26;14.090884285450516
13.27;21.51240818380146
13.28;20.10244098662217
13.29;11.652114656084796
13.30;14.388560628179501
13.31;0.0
14.0;0.0
14.1;0.0
14.2;0.0
14.3;0.0
14.4;0.0
14.5;0.0
14.6;0.0
14.7;0.0
14.8;0.0
14.9;0.0
14.10;0.0
14.11;0.0
14.12;0.0
14.13;0.0
14.14;0.0
14.15;0.0
14.16;0.0
14.17;0.0
14.18;0.0
14.19;0.0
14.20;0.0
14.21;0.0
14.22;0.0
14.23;0.0
14.24;0.0
14.25;0.0
14.26;16.909189494562913
14.27;28.907983122618955
14.28;28.35436244662532
14.29;0.0
14.30;17.090445053628827
14.31;0.0
15.0;0.0
15.1;0.0
15.2;0.0
15.3;0.0
15.4;0.0
15.5;0.0
15.6;0.0
15.7;0.0
15.8;0.0
15.9;0.0
15.10;0.0
15.11;0.0
15.12;0.0
15.13;0.0
15.14;0.0
15.15;0.0
15.16;0.0
15.17;0.0
15.18;0.0
15.19;0.0
15.20;0.0
15.21;0.0
15.22;0.0
15.23;0.0
15.24;0.0
15.25;0.0
15.26;15.263357340019818
15.27;24.889778050536954
15.28;31.306647899301826
15.29;13.55301651775442
15.30;15.955404623384316
15.31;0.0
16.0;0.0
16.1;0.0
16.2;0.0
16.3;0.0
16.4;0.0
16.5;0.0
16.6;0.0
16.7;0.0
16.8;0.0
16.9;0.0
16.10;0.0
16.11;0.0
16.12;0.0
16.13;0.0
16.14;0.0
16.15;0.0
16.16;0.0
16.17;0.0
16.18;0.0
16.19;0.0
16.20;0.0
16.21;0.0
16.22;0.0
16.23;0.0
16.24;0.0
16.25;0.0
16.26;24.313584529035893
16.27;54.383007206425674
16.28;78.71412823141986
16.29;20.148679891371753
16.30;24.377092349501382
16.31;0.0
17.0;0.0
17.1;0.0
17.2;0.0
17.3;0.0
17.4;0.0
17.5;0.0
17.6;0.0
17.7;0.0
17.8;0.0
17.9;0.0
17.10;0.0
17.11;0.0
17.12;0.0
17.13;0.0
17.14;0.0
17.15;0.0
17.16;0.0
17.17;0.0
17.18;0.0
17.19;0.0
17.20;0.0
17.21;0.0
17.22;0.0
17.23;0.0
17.24;0.0
17.25;0.0
17.26;30.928666222171724
17.27;72.67220004370711
17.28;35.7739488887414
17.29;20.5783449806886
17.30;27.944749437232243
17.31;0.0
18.0;0.0
18.1;0.0
18.2;0.0
18.3;0.0
18.4;0.0
18.5;0.0
18.6;0.0
18.7;0.0
18.8;0.0
18.9;0.0
18.10;0.0
18.11;0.0
18.12;0.0
18.13;0.0
18.14;0.0
18.15;0.0
18.16;0.0
18.17;0.0
18.18;0.0
18.19;0.0
18.20;0.0
18.21;0.0
18.22;0.0
18.23;0.0
18.24;0.0
18.25;0.0
18.26;78.75981566043004
18.27;47.178912605200864
18.28;24.704760356078683
18.29;30.633501895857158
18.30;54.86616845390586
18.31;0.0
19.0;0.0
19.1;0.0
19.2;0.0
19.3;0.0
19.4;0.0
19.5;0.0
19.6;0.0
19.7;0.0
19.8;0.0
19.9;0.0
19.10;0.0
19.11;0.0
19.12;0.0
19.13;0.0
19.14;0.0
19.15;0.0
19.16;0.0
19.17;0.0
19.18;0.0
19.19;0.0
19.20;0.0
19.21;0.0
19.22;0.0
19.23;0.0
19.24;0.0
19.25;0.0
19.26;116.29854223260602
19.27;42.12782535113597
19.28;24.341065433809028
19.29;38.44996013690276
19.30;80.98720822164539
19.31;0.0
20.0;0.0
20.1;0.0
20.2;0.0
20.3;0.0
20.4;0.0
20.5;0.0
20.6;0.0
20.7;0.0
20.8;0.0
20.9;0.0
20.10;0.0
20.11;0.0
20.12;0.0
20.13;0.0
20.14;0.0
20.15;0.0
20.16;0.0
20.17;0.0
20.18;0.0
20.19;0.0
20.20;0.0
20.21;0.0
20.22;0.0
20.23;0.0
20.24;0.0
20.25;0.0
20.26;51.34163904250083
20.27;30.909701137948847
20.28;19.814261446501046
20.29;29.3578488081544
20.30;49.614685190653645
20.31;0.0
21.0;0.0
21.1;0.0
21.2;0.0
21.3;0.0
21.4;0.0
21.5;0.0
21.6;0.0
21.7;0.0
21.8;0.0
21.9;0.0
21.10;0.0
21.11;0.0
21.12;0.0
21.13;0.0
21.14;0.0
21.15;0.0
21.16;0.0
21.17;0.0
21.18;0.0
21.19;0.0
21.20;0.0
21.21;0.0
21.22;0.0
21.23;0.0
21.24;0.0
21.25;0.0
21.26;0.0
21.27;0.0
21.28;17.553141714026978
21.29;31.397697434924442
21.30;0.0
21.31;0.0
22.0;0.0
22.1;0.0
22.2;0.0
22.3;0.0
22.4;0.0
22.5;0.0
22.6;0.0
22.7;0.0
22.8;0.0
22.9;0.0
22.10;0.0
22.11;0.0
22.12;0.0
22.13;0.0
22.14;0.0
22.15;0.0
22.16;0.0
22.17;0.0
22.18;0.0
22.19;0.0
22.20;0.0
22.21;0.0
22.22;0.0
22.23;0.0
22.24;0.0
22.25;0.0
22.26;33.34220915969519
22.27;22.160761665478894
22.28;16.560218413286883
22.29;30.047130323471904
22.30;0.0
22.31;0.0
23.0;0.0
23.1;0.0
23.2;0.0
23.3;0.0
23.4;0.0
23.5;0.0
23.6;0.0
23.7;0.0
23.8;0.0
23.9;0.0
23.10;0.0
23.11;0.0
23.12;0.0
23.13;0.0
23.14;0.0
23.15;0.0
23.16;0.0
23.17;0.0
23.18;0.0
23.19;0.0
23.20;0.0
23.21;0.0
23.22;0.0
23.23;0.0
23.24;0.0
23.25;0.0
23.26;23.869515851250757
23.27;17.965596105213002
23.28;14.1231749668827
23.29;23.047183001849515
23.30;29.280929341746663
23.31;0.0
24.0;0.0
24.1;0.0
24.2;0.0
24.3;0.0
24.4;0.0
24.5;0.0
24.6;0.0
24.7;0.0
24.8;0.0
24.9;0.0
24.10;0.0
24.11;0.0
24.12;0.0
24.13;0.0
24.14;0.0
24.15;0.0
24.16;0.0
24.17;0.0
24.18;0.0
24.19;0.0
24.20;0.0
24.21;0.0
24.22;0.0
24.23;0.0
24.24;0.0
24.25;0.0
24.26;32.23162661352625
24.27;0.0
24.28;17.06244405874656
24.29;36.504399144788465
24.30;45.02213513138793
24.31;0.0
25.0;0.0
25.1;0.0
25.2;0.0
25.3;0.0
25.4;0.0
25.5;0.0
25.6;0.0
25.7;0.0
25.8;0.0
25.9;0.0
25.10;0.0
25.11;0.0
25.12;0.0
25.13;0.0
25.14;0.0
25.15;0.0
25.16;0.0
25.17;0.0
25.18;0.0
25.19;0.0
25.20;0.0
25.21;0.0
25.22;0.0
25.23;0.0
25.24;0.0
25.25;0.0
25.26;94.18688721059804
25.27;36.77793716947302
25.28;24.781436939455187
25.29;61.62518380566202
25.30;0.0
25.31;0.0
26.0;46.28246732867504
26.1;27.85777740138764
26.2;26.305149144936284
26.3;25.737843302871987
26.4;29.317525948702503
26.5;23.02995811318686
26.6;19.993309560946958
26.7;23.322043915046955
26.8;29.662338131186235
26.9;24.010753651201355
26.10;24.435726401540045
26.11;36.08119641592201
26.12;30.7567108750077
26.13;14.090884285450516
26.14;16.909189494562913
26.15;15.263357340019818
26.16;24.313584529035893
26.17;30.928666222171724
26.18;78.75981566043004
26.19;116.29854223260602
26.20;51.34163904250083
26.21;0.0
26.22;33.34220915969519
26.23;23.869515851250757
26.24;32.23162661352625
26.25;94.18688721059804
26.26;0.0
26.27;70.36583768357517
26.28;38.82620276660023
26.29;67.30572225041348
26.30;165.70687526716313
26.31;0.0
27.0;0.0
27.1;30.312397052537484
27.2;31.73086482810963
27.3;0.0
27.4;42.62736132761986
27.5;32.7710521878581
27.6;26.49295167282359
27.7;23.29318061258508
27.8;27.816127209048997
27.9;21.77421085287409
27.10;21.08592730886498
27.11;26.25822138822918
27.12;36.744489630537004
27.13;21.51240818380146
27.14;28.907983122618955
27.15;24.889778050536954
27.16;54.383007206425674
27.17;72.67220004370711
27.18;47.178912605200864
27.19;42.12782535113597
27.20;30.909701137948847
27.21;0.0
27.22;22.160761665478894
27.23;17.965596105213002
27.24;0.0
27.25;36.77793716947302
27.26;70.36583768357517
27.27;0.0
27.28;73.36717592671872
27.29;43.50026105990876
27.30;58.02023646483308
27.31;0.0
28.0;31.971575502548234
28.1;20.966688410295383
28.2;22.708336153993795
28.3;28.054278487181122
28.4;29.864871585861124
28.5;0.0
28.6;0.0
28.7;15.303226556166218
28.8;17.399785989018223
28.9;14.682038889966064
28.10;14.42750095043477
28.11;16.88631138839806
28.12;0.0
28.13;20.10244098662217
28.14;28.35436244662532
28.15;31.306647899301826
28.16;78.71412823141986
28.17;35.7739488887414
28.18;24.704760356078683
28.19;24.341065433809028
28.20;19.814261446501046
28.21;17.553141714026978
28.22;16.560218413286883
28.23;14.1231749668827
28.24;17.06244405874656
28.25;24.781436939455187
28.26;38.82620276660023
28.27;73.36717592671872
28.28;0.0
28.29;36.15112587557476
28.30;0.0
28.31;0.0
29.0;24.21702475648578
29.1;19.635611145163164
29.2;19.127503329916742
29.3;19.594083392862856
29.4;21.140793746436376
29.5;15.327936585485496
29.6;13.823694223380475
29.7;15.545990565831943
29.8;18.42149976590111
29.9;16.34692424922576
29.10;16.93481925028718
29.11;21.942231411512235
29.12;18.616426901424596
29.13;11.652114656084796
29.14;0.0
29.15;13.55301651775442
29.16;20.148679891371753
29.17;20.5783449806886
29.18;30.633501895857158
29.19;38.44996013690276
29.20;29.3578488081544
29.21;31.397697434924442
29.22;30.047130323471904
29.23;23.047183001849515
29.24;36.504399144788465
29.25;61.62518380566202
29.26;67.30572225041348
29.27;43.50026105990876
29.28;36.15112587557476
29.29;0.0
29.30;122.82363016786904
29.31;0.0
30.0;36.907130428998684
30.1;26.222785589867996
30.2;24.768437649425806
30.3;0.0
30.4;27.08861987236352
30.5;21.53018954040046
30.6;19.189207728698886
30.7;0.0
30.8;27.576943463052128
30.9;23.79550183051115
30.10;24.67427781841021
30.11;34.89769653484863
30.12;27.370758837338673
30.13;14.388560628179501
30.14;17.090445053628827
30.15;15.955404623384316
30.16;24.377092349501382
30.17;27.944749437232243
30.18;54.86616845390586
30.19;80.98720822164539
30.20;49.614685190653645
30.21;0.0
30.22;0.0
30.23;29.280929341746663
30.24;45.02213513138793
30.25;0.0
30.26;165.70687526716313
30.27;58.02023646483308
30.28;0.0
30.29;122.82363016786904
30.30;0.0
30.31;0.0
31.0;0.0
31.1;0.0
31.2;0.0
31.3;0.0
31.4;0.0
31.5;0.0
31.6;0.0
31.7;0.0
31.8;0.0
31.9;0.0
31.10;0.0
31.11;0.0
31.12;0.0
31.13;0.0
31.14;0.0
31.15;0.0
31.16;0.0
31.17;0.0
31.18;0.0
31.19;0.0
31.20;0.0
31.21;0.0
31.22;0.0
31.23;0.0
31.24;0.0
31.25;0.0
31.26;0.0
31.27;0.0
31.28;0.0
31.29;0.0
31.30;0.0
31.31;NaN

****Importance nodes******

0;0.09910011712013937
1;0.3225806451612903
2;0.35714285714285715
3;0.4
4;0.35714285714285715
5;0.10520422682825352
6;0.1030817584892483
7;0.11306803155489528
8;0.13139188982471298
9;0.12263243050306544
10;0.12687087856192714
11;0.1240524493107089
12;0.1324409273604912
13;0.1454250560454736
14;0.14271472450016134
15;0.14872621822327808
16;0.14653615440929751
17;0.15153653162078712
18;0.15647191061030033
19;0.1640048621899622
20;0.1732831273629719
21;0.14983536414775653
22;0.17895486941153804
23;0.1894790422314321
24;0.182024619544498
25;0.19484513236501083
26;0.3333333333333333
27;0.38461538461538464
28;0.37037037037037035
29;0.3333333333333333
30;0.4
31;0.1985494533859937
