
****Importance edges******

0.0;0.0
0.1;14.523406030000935
0.2;25.09217179374934
0.3;0.0
0.4;0.0
0.5;0.0
0.6;0.0
0.7;0.0
0.8;0.0
0.9;0.0
0.10;0.0
0.11;0.0
0.12;0.0
0.13;0.0
0.14;0.0
0.15;0.0
0.16;0.0
0.17;0.0
0.18;0.0
0.19;0.0
0.20;0.0
0.21;0.0
0.22;0.0
0.23;0.0
0.24;0.0
0.25;0.0
0.26;49.79319889584542
0.27;0.0
0.28;0.0
0.29;22.597819715378844
0.30;0.0
0.31;0.0
1.0;14.523406030000935
1.1;0.0
1.2;95.09870477361399
1.3;38.54407025634722
1.4;55.86580688165235
1.5;0.0
1.6;0.0
1.7;0.0
1.8;0.0
1.9;0.0
1.10;0.0
1.11;0.0
1.12;0.0
1.13;0.0
1.14;0.0
1.15;0.0
1.16;0.0
1.17;0.0
1.18;0.0
1.19;0.0
1.20;0.0
1.21;0.0
1.22;0.0
1.23;0.0
1.24;0.0
1.25;0.0
1.26;25.168783737593184
1.27;20.831398759543596
1.28;17.234726582482157
1.29;15.892737723626986
1.30;19.26609419613938
1.31;0.0
2.0;25.09217179374934
2.1;95.09870477361399
2.2;0.0
2.3;79.21202217938854
2.4;107.11345832958173
2.5;0.0
2.6;0.0
2.7;0.0
2.8;0.0
2.9;0.0
2.10;0.0
2.11;0.0
2.12;0.0
2.13;0.0
2.14;0.0
2.15;0.0
2.16;0.0
2.17;0.0
2.18;0.0
2.19;0.0
2.20;0.0
2.21;0.0
2.22;0.0
2.23;0.0
2.24;0.0
2.25;0.0
2.26;0.0
2.27;29.995339579434983
2.28;0.0
2.29;0.0
2.30;24.406264335189583
2.31;0.0
3.0;0.0
3.1;38.54407025634722
3.2;79.21202217938854
3.3;0.0
3.4;0.0
3.5;0.0
3.6;0.0
3.7;0.0
3.8;0.0
3.9;0.0
3.10;0.0
3.11;0.0
3.12;0.0
3.13;0.0
3.14;0.0
3.15;0.0
3.16;0.0
3.17;0.0
3.18;0.0
3.19;0.0
3.20;0.0
3.21;0.0
3.22;0.0
3.23;0.0
3.24;0.0
3.25;0.0
3.26;29.396148529005167
3.27;0.0
3.28;29.664070189515115
3.29;0.0
3.30;0.0
3.31;0.0
4.0;0.0
4.1;55.86580688165235
4.2;107.11345832958173
4.3;0.0
4.4;0.0
4.5;0.0
4.6;0.0
4.7;0.0
4.8;0.0
4.9;0.0
4.10;0.0
4.11;0.0
4.12;0.0
4.13;0.0
4.14;0.0
4.15;0.0
4.16;0.0
4.17;0.0
4.18;0.0
4.19;0.0
4.20;0.0
4.21;0.0
4.22;0.0
4.23;0.0
4.24;0.0
4.25;0.0
4.26;0.0
4.27;0.0
4.28;38.43993572349284
4.29;0.0
4.30;32.11666843726325
4.31;0.0
5.0;0.0
5.1;0.0
5.2;0.0
5.3;0.0
5.4;0.0
5.5;0.0
5.6;0.0
5.7;0.0
5.8;0.0
5.9;0.0
5.10;0.0
5.11;0.0
5.12;0.0
5.13;0.0
5.14;0.0
5.15;0.0
5.16;0.0
5.17;0.0
5.18;0.0
5.19;0.0
5.20;0.0
5.21;0.0
5.22;0.0
5.23;0.0
5.24;0.0
5.25;0.0
5.26;0.0
5.27;0.0
5.28;0.0
5.29;0.0
5.30;18.65636629349607
5.31;0.0
6.0;0.0
6.1;0.0
6.2;0.0
6.3;0.0
6.4;0.0
6.5;0.0
6.6;0.0
6.7;0.0
6.8;0.0
6.9;0.0
6.10;0.0
6.11;0.0
6.12;0.0
6.13;0.0
6.14;0.0
6.15;0.0
6.16;0.0
6.17;0.0
6.18;0.0
6.19;0.0
6.20;0.0
6.21;0.0
6.22;0.0
6.23;0.0
6.24;0.0
6.25;0.0
6.26;0.0
6.27;18.67215618632609
6.28;0.0
6.29;0.0
6.30;0.0
6.31;0.0
7.0;0.0
7.1;0.0
7.2;0.0
7.3;0.0
7.4;0.0
7.5;0.0
7.6;0.0
7.7;0.0
7.8;0.0
7.9;0.0
7.10;0.0
7.11;0.0
7.12;0.0
7.13;0.0
7.14;0.0
7.15;0.0
7.16;0.0
7.17;0.0
7.18;0.0
7.19;0.0
7.20;0.0
7.21;0.0
7.22;0.0
7.23;0.0
7.24;0.0
7.25;0.0
7.26;27.16599259814351
7.27;19.34741408055289
7.28;0.0
7.29;0.0
7.30;0.0
7.31;0.0
8.0;0.0
8.1;0.0
8.2;0.0
8.3;0.0
8.4;0.0
8.5;0.0
8.6;0.0
8.7;0.0
8.8;0.0
8.9;0.0
8.10;0.0
8.11;0.0
8.12;0.0
8.13;0.0
8.14;0.0
8.15;0.0
8.16;0.0
8.17;0.0
8.18;0.0
8.19;0.0
8.20;0.0
8.21;0.0
8.22;0.0
8.23;0.0
8.24;0.0
8.25;0.0
8.26;30.399495077708345
8.27;0.0
8.28;0.0
8.29;0.0
8.30;21.513816541834686
8.31;0.0
9.0;0.0
9.1;0.0
9.2;0.0
9.3;0.0
9.4;0.0
9.5;0.0
9.6;0.0
9.7;0.0
9.8;0.0
9.9;0.0
9.10;0.0
9.11;0.0
9.12;0.0
9.13;0.0
9.14;0.0
9.15;0.0
9.16;0.0
9.17;0.0
9.18;0.0
9.19;0.0
9.20;0.0
9.21;0.0
9.22;0.0
9.23;0.0
9.24;0.0
9.25;0.0
9.26;27.433759524507195
9.27;17.78729504848522
9.28;0.0
9.29;0.0
9.30;0.0
9.31;0.0
10.0;0.0
10.1;0.0
10.2;0.0
10.3;0.0
10.4;0.0
10.5;0.0
10.6;0.0
10.7;0.0
10.8;0.0
10.9;0.0
10.10;0.0
10.11;0.0
10.12;0.0
10.13;0.0
10.14;0.0
10.15;0.0
10.16;0.0
10.17;0.0
10.18;0.0
10.19;0.0
10.20;0.0
10.21;0.0
10.22;0.0
10.23;0.0
10.24;0.0
10.25;0.0
10.26;28.75390497345203
10.27;17.92991302160414
10.28;15.04541415109949
10.29;0.0
10.30;0.0
10.31;0.0
11.0;0.0
11.1;0.0
11.2;0.0
11.3;0.0
11.4;0.0
11.5;0.0
11.6;0.0
11.7;0.0
11.8;0.0
11.9;0.0
11.10;0.0
11.11;0.0
11.12;0.0
11.13;0.0
11.14;0.0
11.15;0.0
11.16;0.0
11.17;0.0
11.18;0.0
11.19;0.0
11.20;0.0
11.21;0.0
11.22;0.0
11.23;0.0
11.24;0.0
11.25;0.0
11.26;38.7791540811811
11.27;19.87363328192813
11.28;16.00418465154863
11.29;20.62226791069053
11.30;0.0
11.31;0.0
12.0;0.0
12.1;0.0
12.2;0.0
12.3;0.0
12.4;0.0
12.5;0.0
12.6;0.0
12.7;0.0
12.8;0.0
12.9;0.0
12.10;0.0
12.11;0.0
12.12;0.0
12.13;0.0
12.14;0.0
12.15;0.0
12.16;0.0
12.17;0.0
12.18;0.0
12.19;0.0
12.20;0.0
12.21;0.0
12.22;0.0
12.23;0.0
12.24;0.0
12.25;0.0
12.26;0.0
12.27;28.23649363118521
12.28;0.0
12.29;17.674935714493426
12.30;22.73277249470543
12.31;0.0
13.0;0.0
13.1;0.0
13.2;0.0
13.3;0.0
13.4;0.0
13.5;0.0
13.6;0.0
13.7;0.0
13.8;0.0
13.9;0.0
13.10;0.0
13.11;0.0
13.12;0.0
13.13;0.0
13.14;0.0
13.15;0.0
13.16;0.0
13.17;0.0
13.18;0.0
13.19;0.0
13.20;0.0
13.21;0.0
13.22;0.0
13.23;0.0
13.24;0.0
13.25;0.0
13.26;15.63567997207498
13.27;17.234816344777826
13.28;0.0
13.29;11.427502501810325
13.30;12.386403944084199
13.31;0.0
14.0;0.0
14.1;0.0
14.2;0.0
14.3;0.0
14.4;0.0
14.5;0.0
14.6;0.0
14.7;0.0
14.8;0.0
14.9;0.0
14.10;0.0
14.11;0.0
14.12;0.0
14.13;0.0
14.14;0.0
14.15;0.0
14.16;0.0
14.17;0.0
14.18;0.0
14.19;0.0
14.20;0.0
14.21;0.0
14.22;0.0
14.23;0.0
14.24;0.0
14.25;0.0
14.26;0.0
14.27;23.127399183475095
14.28;0.0
14.29;0.0
14.30;14.698786853764002
14.31;0.0
15.0;0.0
15.1;0.0
15.2;0.0
15.3;0.0
15.4;0.0
15.5;0.0
15.6;0.0
15.7;0.0
15.8;0.0
15.9;0.0
15.10;0.0
15.11;0.0
15.12;0.0
15.13;0.0
15.14;0.0
15.15;0.0
15.16;0.0
15.17;0.0
15.18;0.0
15.19;0.0
15.20;0.0
15.21;0.0
15.22;0.0
15.23;0.0
15.24;0.0
15.25;0.0
15.26;0.0
15.27;19.510410450928685
15.28;30.25620747849491
15.29;0.0
15.30;13.461442549698146
15.31;0.0
16.0;0.0
16.1;0.0
16.2;0.0
16.3;0.0
16.4;0.0
16.5;0.0
16.6;0.0
16.7;0.0
16.8;0.0
16.9;0.0
16.10;0.0
16.11;0.0
16.12;0.0
16.13;0.0
16.14;0.0
16.15;0.0
16.16;0.0
16.17;0.0
16.18;0.0
16.19;0.0
16.20;0.0
16.21;0.0
16.22;0.0
16.23;0.0
16.24;0.0
16.25;0.0
16.26;0.0
16.27;42.76581879922408
16.28;76.33688536075057
16.29;19.422396126476066
16.30;20.632048626312258
16.31;0.0
17.0;0.0
17.1;0.0
17.2;0.0
17.3;0.0
17.4;0.0
17.5;0.0
17.6;0.0
17.7;0.0
17.8;0.0
17.9;0.0
17.10;0.0
17.11;0.0
17.12;0.0
17.13;0.0
17.14;0.0
17.15;0.0
17.16;0.0
17.17;0.0
17.18;0.0
17.19;0.0
17.20;0.0
17.21;0.0
17.22;0.0
17.23;0.0
17.24;0.0
17.25;0.0
17.26;0.0
17.27;56.345545125060056
17.28;34.224816906151
17.29;19.54759299501653
17.30;23.336406100140184
17.31;0.0
18.0;0.0
18.1;0.0
18.2;0.0
18.3;0.0
18.4;0.0
18.5;0.0
18.6;0.0
18.7;0.0
18.8;0.0
18.9;0.0
18.10;0.0
18.11;0.0
18.12;0.0
18.13;0.0
18.14;0.0
18.15;0.0
18.16;0.0
18.17;0.0
18.18;0.0
18.19;0.0
18.20;0.0
18.21;0.0
18.22;0.0
18.23;0.0
18.24;0.0
18.25;0.0
18.26;86.80916389077004
18.27;37.777538282280354
18.28;24.23722732080486
18.29;29.90446005406501
18.30;47.14375106508305
18.31;0.0
19.0;0.0
19.1;0.0
19.2;0.0
19.3;0.0
19.4;0.0
19.5;0.0
19.6;0.0
19.7;0.0
19.8;0.0
19.9;0.0
19.10;0.0
19.11;0.0
19.12;0.0
19.13;0.0
19.14;0.0
19.15;0.0
19.16;0.0
19.17;0.0
19.18;0.0
19.19;0.0
19.20;0.0
19.21;0.0
19.22;0.0
19.23;0.0
19.24;0.0
19.25;0.0
19.26;0.0
19.27;34.20101532590559
19.28;24.096165755156292
19.29;37.90392094816202
19.30;70.40015873008194
19.31;0.0
20.0;0.0
20.1;0.0
20.2;0.0
20.3;0.0
20.4;0.0
20.5;0.0
20.6;0.0
20.7;0.0
20.8;0.0
20.9;0.0
20.10;0.0
20.11;0.0
20.12;0.0
20.13;0.0
20.14;0.0
20.15;0.0
20.16;0.0
20.17;0.0
20.18;0.0
20.19;0.0
20.20;0.0
20.21;0.0
20.22;0.0
20.23;0.0
20.24;0.0
20.25;0.0
20.26;0.0
20.27;25.02606105907522
20.28;19.51018294964455
20.29;28.776647583154833
20.30;42.977024627774234
20.31;0.0
21.0;0.0
21.1;0.0
21.2;0.0
21.3;0.0
21.4;0.0
21.5;0.0
21.6;0.0
21.7;0.0
21.8;0.0
21.9;0.0
21.10;0.0
21.11;0.0
21.12;0.0
21.13;0.0
21.14;0.0
21.15;0.0
21.16;0.0
21.17;0.0
21.18;0.0
21.19;0.0
21.20;0.0
21.21;0.0
21.22;0.0
21.23;0.0
21.24;0.0
21.25;0.0
21.26;0.0
21.27;0.0
21.28;17.68856351393001
21.29;31.548910194750157
21.30;0.0
21.31;0.0
22.0;0.0
22.1;0.0
22.2;0.0
22.3;0.0
22.4;0.0
22.5;0.0
22.6;0.0
22.7;0.0
22.8;0.0
22.9;0.0
22.10;0.0
22.11;0.0
22.12;0.0
22.13;0.0
22.14;0.0
22.15;0.0
22.16;0.0
22.17;0.0
22.18;0.0
22.19;0.0
22.20;0.0
22.21;0.0
22.22;0.0
22.23;0.0
22.24;0.0
22.25;0.0
22.26;37.51795676473984
22.27;18.475376367542626
22.28;16.684705953651033
22.29;30.190420192606926
22.30;0.0
22.31;0.0
23.0;0.0
23.1;0.0
23.2;0.0
23.3;0.0
23.4;0.0
23.5;0.0
23.6;0.0
23.7;0.0
23.8;0.0
23.9;0.0
23.10;0.0
23.11;0.0
23.12;0.0
23.13;0.0
23.14;0.0
23.15;0.0
23.16;0.0
23.17;0.0
23.18;0.0
23.19;0.0
23.20;0.0
23.21;0.0
23.22;0.0
23.23;0.0
23.24;0.0
23.25;0.0
23.26;0.0
23.27;0.0
23.28;0.0
23.29;20.513765226062226
23.30;23.11478601001846
23.31;0.0
24.0;0.0
24.1;0.0
24.2;0.0
24.3;0.0
24.4;0.0
24.5;0.0
24.6;0.0
24.7;0.0
24.8;0.0
24.9;0.0
24.10;0.0
24.11;0.0
24.12;0.0
24.13;0.0
24.14;0.0
24.15;0.0
24.16;0.0
24.17;0.0
24.18;0.0
24.19;0.0
24.20;0.0
24.21;0.0
24.22;0.0
24.23;0.0
24.24;0.0
24.25;0.0
24.26;36.17020360947927
24.27;0.0
24.28;17.153428686373875
24.29;36.59359320571667
24.30;39.96258429583038
24.31;0.0
25.0;0.0
25.1;0.0
25.2;0.0
25.3;0.0
25.4;0.0
25.5;0.0
25.6;0.0
25.7;0.0
25.8;0.0
25.9;0.0
25.10;0.0
25.11;0.0
25.12;0.0
25.13;0.0
25.14;0.0
25.15;0.0
25.16;0.0
25.17;0.0
25.18;0.0
25.19;0.0
25.20;0.0
25.21;0.0
25.22;0.0
25.23;0.0
25.24;0.0
25.25;0.0
25.26;0.0
25.27;27.76846816251772
25.28;0.0
25.29;0.0
25.30;0.0
25.31;0.0
26.0;49.79319889584542
26.1;25.168783737593184
26.2;0.0
26.3;29.396148529005167
26.4;0.0
26.5;0.0
26.6;0.0
26.7;27.16599259814351
26.8;30.399495077708345
26.9;27.433759524507195
26.10;28.75390497345203
26.11;38.7791540811811
26.12;0.0
26.13;15.63567997207498
26.14;0.0
26.15;0.0
26.16;0.0
26.17;0.0
26.18;86.80916389077004
26.19;0.0
26.20;0.0
26.21;0.0
26.22;37.51795676473984
26.23;0.0
26.24;36.17020360947927
26.25;0.0
26.26;0.0
26.27;66.1691934995718
26.28;41.862637559072766
26.29;72.69159178937618
26.30;162.69718276631372
26.31;0.0
27.0;0.0
27.1;20.831398759543596
27.2;29.995339579434983
27.3;0.0
27.4;0.0
27.5;0.0
27.6;18.67215618632609
27.7;19.34741408055289
27.8;0.0
27.9;17.78729504848522
27.10;17.92991302160414
27.11;19.87363328192813
27.12;28.23649363118521
27.13;17.234816344777826
27.14;23.127399183475095
27.15;19.510410450928685
27.16;42.76581879922408
27.17;56.345545125060056
27.18;37.777538282280354
27.19;34.20101532590559
27.20;25.02606105907522
27.21;0.0
27.22;18.475376367542626
27.23;0.0
27.24;0.0
27.25;27.76846816251772
27.26;66.1691934995718
27.27;0.0
27.28;63.37274514308198
27.29;37.1665700967432
27.30;45.360383771616945
27.31;0.0
28.0;0.0
28.1;17.234726582482157
28.2;0.0
28.3;29.664070189515115
28.4;38.43993572349284
28.5;0.0
28.6;0.0
28.7;0.0
28.8;0.0
28.9;0.0
28.10;15.04541415109949
28.11;16.00418465154863
28.12;0.0
28.13;0.0
28.14;0.0
28.15;30.25620747849491
28.16;76.33688536075057
28.17;34.224816906151
28.18;24.23722732080486
28.19;24.096165755156292
28.20;19.51018294964455
28.21;17.68856351393001
28.22;16.684705953651033
28.23;0.0
28.24;17.153428686373875
28.25;0.0
28.26;41.862637559072766
28.27;63.37274514308198
28.28;0.0
28.29;35.807865969514566
28.30;0.0
28.31;0.0
29.0;22.597819715378844
29.1;15.892737723626986
29.2;0.0
29.3;0.0
29.4;0.0
29.5;0.0
29.6;0.0
29.7;0.0
29.8;0.0
29.9;0.0
29.10;0.0
29.11;20.62226791069053
29.12;17.674935714493426
29.13;11.427502501810325
29.14;0.0
29.15;0.0
29.16;19.422396126476066
29.17;19.54759299501653
29.18;29.90446005406501
29.19;37.90392094816202
29.20;28.776647583154833
29.21;31.548910194750157
29.22;30.190420192606926
29.23;20.513765226062226
29.24;36.59359320571667
29.25;0.0
29.26;72.69159178937618
29.27;37.1665700967432
29.28;35.807865969514566
29.29;0.0
29.30;110.25628828758711
29.31;0.0
30.0;0.0
30.1;19.26609419613938
30.2;24.406264335189583
30.3;0.0
30.4;32.11666843726325
30.5;18.65636629349607
30.6;0.0
30.7;0.0
30.8;21.513816541834686
30.9;0.0
30.10;0.0
30.11;0.0
30.12;22.73277249470543
30.13;12.386403944084199
30.14;14.698786853764002
30.15;13.461442549698146
30.16;20.632048626312258
30.17;23.336406100140184
30.18;47.14375106508305
30.19;70.40015873008194
30.20;42.977024627774234
30.21;0.0
30.22;0.0
30.23;23.11478601001846
30.24;39.96258429583038
30.25;0.0
30.26;162.69718276631372
30.27;45.360383771616945
30.28;0.0
30.29;110.25628828758711
30.30;0.0
30.31;0.0
31.0;0.0
31.1;0.0
31.2;0.0
31.3;0.0
31.4;0.0
31.5;0.0
31.6;0.0
31.7;0.0
31.8;0.0
31.9;0.0
31.10;0.0
31.11;0.0
31.12;0.0
31.13;0.0
31.14;0.0
31.15;0.0
31.16;0.0
31.17;0.0
31.18;0.0
31.19;0.0
31.20;0.0
31.21;0.0
31.22;0.0
31.23;0.0
31.24;0.0
31.25;0.0
31.26;0.0
31.27;0.0
31.28;0.0
31.29;0.0
31.30;0.0
31.31;0.0

****Importance nodes******

0;0.11892017229453561
1;0.3225806451612903
2;0.6666666666666666
3;0.7142857142857143
4;0.9090909090909091
5;0.17368690543563212
6;0.09508130051423769
7;0.20645358985059042
8;0.13657164038460018
9;0.20803893490650707
10;0.24091586781340102
11;0.161056189934856
12;0.1807999894062159
13;0.2244707929881885
14;0.22005262849310223
15;0.2139591047285123
16;0.21334547641188625
17;0.21016524444836054
18;0.23825249545228927
19;0.2576436391842771
20;0.2677359379496704
21;0.2500008267493012
22;0.29674903488340354
23;0.21777669752726975
24;0.2997646971640481
25;0.24504187533218938
26;0.625
27;0.45454545454545453
28;0.5882352941176471
29;0.5263157894736842
30;0.5263157894736842
31;0.29628462123299365
