
****Importance edges******

0.0;0.0
0.1;12.417669768703291
0.2;25.064193885567306
0.3;0.0
0.4;0.0
0.5;0.0
0.6;0.0
0.7;0.0
0.8;0.0
0.9;0.0
0.10;0.0
0.11;0.0
0.12;0.0
0.13;0.0
0.14;0.0
0.15;0.0
0.16;0.0
0.17;0.0
0.18;0.0
0.19;0.0
0.20;0.0
0.21;0.0
0.22;0.0
0.23;0.0
0.24;0.0
0.25;0.0
0.26;49.00278803822409
0.27;0.0
0.28;0.0
0.29;19.680441799454016
0.30;0.0
0.31;0.0
1.0;12.417669768703291
1.1;0.0
1.2;82.20935227068445
1.3;45.1975864995782
1.4;45.150601898041046
1.5;0.0
1.6;0.0
1.7;0.0
1.8;0.0
1.9;0.0
1.10;0.0
1.11;0.0
1.12;0.0
1.13;0.0
1.14;0.0
1.15;0.0
1.16;0.0
1.17;0.0
1.18;0.0
1.19;0.0
1.20;0.0
1.21;0.0
1.22;0.0
1.23;0.0
1.24;0.0
1.25;0.0
1.26;21.317101603421754
1.27;16.951734875406057
1.28;23.006694753602773
1.29;11.839441630710386
1.30;14.35245466536927
1.31;0.0
2.0;25.064193885567306
2.1;82.20935227068445
2.2;0.0
2.3;93.10023323692985
2.4;95.34677993167641
2.5;0.0
2.6;0.0
2.7;0.0
2.8;0.0
2.9;0.0
2.10;0.0
2.11;0.0
2.12;0.0
2.13;0.0
2.14;0.0
2.15;0.0
2.16;0.0
2.17;0.0
2.18;0.0
2.19;0.0
2.20;0.0
2.21;0.0
2.22;0.0
2.23;0.0
2.24;0.0
2.25;0.0
2.26;0.0
2.27;27.812435132827034
2.28;0.0
2.29;0.0
2.30;21.2686669317575
2.31;0.0
3.0;0.0
3.1;45.1975864995782
3.2;93.10023323692985
3.3;0.0
3.4;0.0
3.5;0.0
3.6;0.0
3.7;0.0
3.8;0.0
3.9;0.0
3.10;0.0
3.11;0.0
3.12;0.0
3.13;0.0
3.14;0.0
3.15;0.0
3.16;0.0
3.17;0.0
3.18;0.0
3.19;0.0
3.20;0.0
3.21;0.0
3.22;0.0
3.23;0.0
3.24;0.0
3.25;0.0
3.26;0.0
3.27;0.0
3.28;0.0
3.29;0.0
3.30;0.0
3.31;0.0
4.0;0.0
4.1;45.150601898041046
4.2;95.34677993167641
4.3;0.0
4.4;0.0
4.5;0.0
4.6;0.0
4.7;0.0
4.8;0.0
4.9;0.0
4.10;0.0
4.11;0.0
4.12;0.0
4.13;0.0
4.14;0.0
4.15;0.0
4.16;0.0
4.17;0.0
4.18;0.0
4.19;0.0
4.20;0.0
4.21;0.0
4.22;0.0
4.23;0.0
4.24;0.0
4.25;0.0
4.26;0.0
4.27;0.0
4.28;0.0
4.29;0.0
4.30;26.399398307124624
4.31;0.0
5.0;0.0
5.1;0.0
5.2;0.0
5.3;0.0
5.4;0.0
5.5;0.0
5.6;0.0
5.7;0.0
5.8;0.0
5.9;0.0
5.10;0.0
5.11;0.0
5.12;0.0
5.13;0.0
5.14;0.0
5.15;0.0
5.16;0.0
5.17;0.0
5.18;0.0
5.19;0.0
5.20;0.0
5.21;0.0
5.22;0.0
5.23;0.0
5.24;0.0
5.25;0.0
5.26;0.0
5.27;0.0
5.28;0.0
5.29;0.0
5.30;0.0
5.31;0.0
6.0;0.0
6.1;0.0
6.2;0.0
6.3;0.0
6.4;0.0
6.5;0.0
6.6;0.0
6.7;0.0
6.8;0.0
6.9;0.0
6.10;0.0
6.11;0.0
6.12;0.0
6.13;0.0
6.14;0.0
6.15;0.0
6.16;0.0
6.17;0.0
6.18;0.0
6.19;0.0
6.20;0.0
6.21;0.0
6.22;0.0
6.23;0.0
6.24;0.0
6.25;0.0
6.26;0.0
6.27;17.298129674811833
6.28;0.0
6.29;0.0
6.30;0.0
6.31;0.0
7.0;0.0
7.1;0.0
7.2;0.0
7.3;0.0
7.4;0.0
7.5;0.0
7.6;0.0
7.7;0.0
7.8;0.0
7.9;0.0
7.10;0.0
7.11;0.0
7.12;0.0
7.13;0.0
7.14;0.0
7.15;0.0
7.16;0.0
7.17;0.0
7.18;0.0
7.19;0.0
7.20;0.0
7.21;0.0
7.22;0.0
7.23;0.0
7.24;0.0
7.25;0.0
7.26;0.0
7.27;19.400182772118725
7.28;0.0
7.29;0.0
7.30;0.0
7.31;0.0
8.0;0.0
8.1;0.0
8.2;0.0
8.3;0.0
8.4;0.0
8.5;0.0
8.6;0.0
8.7;0.0
8.8;0.0
8.9;0.0
8.10;0.0
8.11;0.0
8.12;0.0
8.13;0.0
8.14;0.0
8.15;0.0
8.16;0.0
8.17;0.0
8.18;0.0
8.19;0.0
8.20;0.0
8.21;0.0
8.22;0.0
8.23;0.0
8.24;0.0
8.25;0.0
8.26;0.0
8.27;0.0
8.28;0.0
8.29;0.0
8.30;17.83376658550487
8.31;0.0
9.0;0.0
9.1;0.0
9.2;0.0
9.3;0.0
9.4;0.0
9.5;0.0
9.6;0.0
9.7;0.0
9.8;0.0
9.9;0.0
9.10;0.0
9.11;0.0
9.12;0.0
9.13;0.0
9.14;0.0
9.15;0.0
9.16;0.0
9.17;0.0
9.18;0.0
9.19;0.0
9.20;0.0
9.21;0.0
9.22;0.0
9.23;0.0
9.24;0.0
9.25;0.0
9.26;0.0
9.27;19.341585155297686
9.28;0.0
9.29;0.0
9.30;0.0
9.31;0.0
10.0;0.0
10.1;0.0
10.2;0.0
10.3;0.0
10.4;0.0
10.5;0.0
10.6;0.0
10.7;0.0
10.8;0.0
10.9;0.0
10.10;0.0
10.11;0.0
10.12;0.0
10.13;0.0
10.14;0.0
10.15;0.0
10.16;0.0
10.17;0.0
10.18;0.0
10.19;0.0
10.20;0.0
10.21;0.0
10.22;0.0
10.23;0.0
10.24;0.0
10.25;0.0
10.26;0.0
10.27;15.76410902915402
10.28;21.682362237396944
10.29;0.0
10.30;0.0
10.31;0.0
11.0;0.0
11.1;0.0
11.2;0.0
11.3;0.0
11.4;0.0
11.5;0.0
11.6;0.0
11.7;0.0
11.8;0.0
11.9;0.0
11.10;0.0
11.11;0.0
11.12;0.0
11.13;0.0
11.14;0.0
11.15;0.0
11.16;0.0
11.17;0.0
11.18;0.0
11.19;0.0
11.20;0.0
11.21;0.0
11.22;0.0
11.23;0.0
11.24;0.0
11.25;0.0
11.26;40.114451346784186
11.27;20.7564467994411
11.28;26.194906965056102
11.29;19.289461807505468
11.30;0.0
11.31;0.0
12.0;0.0
12.1;0.0
12.2;0.0
12.3;0.0
12.4;0.0
12.5;0.0
12.6;0.0
12.7;0.0
12.8;0.0
12.9;0.0
12.10;0.0
12.11;0.0
12.12;0.0
12.13;0.0
12.14;0.0
12.15;0.0
12.16;0.0
12.17;0.0
12.18;0.0
12.19;0.0
12.20;0.0
12.21;0.0
12.22;0.0
12.23;0.0
12.24;0.0
12.25;0.0
12.26;0.0
12.27;27.31146419319078
12.28;0.0
12.29;0.0
12.30;19.75631832980751
12.31;0.0
13.0;0.0
13.1;0.0
13.2;0.0
13.3;0.0
13.4;0.0
13.5;0.0
13.6;0.0
13.7;0.0
13.8;0.0
13.9;0.0
13.10;0.0
13.11;0.0
13.12;0.0
13.13;0.0
13.14;0.0
13.15;0.0
13.16;0.0
13.17;0.0
13.18;0.0
13.19;0.0
13.20;0.0
13.21;0.0
13.22;0.0
13.23;0.0
13.24;0.0
13.25;0.0
13.26;14.306862578425905
13.27;0.0
13.28;0.0
13.29;9.240524875688166
13.30;10.015913253792766
13.31;0.0
14.0;0.0
14.1;0.0
14.2;0.0
14.3;0.0
14.4;0.0
14.5;0.0
14.6;0.0
14.7;0.0
14.8;0.0
14.9;0.0
14.10;0.0
14.11;0.0
14.12;0.0
14.13;0.0
14.14;0.0
14.15;0.0
14.16;0.0
14.17;0.0
14.18;0.0
14.19;0.0
14.20;0.0
14.21;0.0
14.22;0.0
14.23;0.0
14.24;0.0
14.25;0.0
14.26;0.0
14.27;21.46754927692647
14.28;0.0
14.29;0.0
14.30;12.331872126786761
14.31;0.0
15.0;0.0
15.1;0.0
15.2;0.0
15.3;0.0
15.4;0.0
15.5;0.0
15.6;0.0
15.7;0.0
15.8;0.0
15.9;0.0
15.10;0.0
15.11;0.0
15.12;0.0
15.13;0.0
15.14;0.0
15.15;0.0
15.16;0.0
15.17;0.0
15.18;0.0
15.19;0.0
15.20;0.0
15.21;0.0
15.22;0.0
15.23;0.0
15.24;0.0
15.25;0.0
15.26;0.0
15.27;15.096399282290257
15.28;0.0
15.29;0.0
15.30;0.0
15.31;0.0
16.0;0.0
16.1;0.0
16.2;0.0
16.3;0.0
16.4;0.0
16.5;0.0
16.6;0.0
16.7;0.0
16.8;0.0
16.9;0.0
16.10;0.0
16.11;0.0
16.12;0.0
16.13;0.0
16.14;0.0
16.15;0.0
16.16;0.0
16.17;0.0
16.18;0.0
16.19;0.0
16.20;0.0
16.21;0.0
16.22;0.0
16.23;0.0
16.24;0.0
16.25;0.0
16.26;0.0
16.27;0.0
16.28;0.0
16.29;16.06949520174694
16.30;17.07032460072109
16.31;0.0
17.0;0.0
17.1;0.0
17.2;0.0
17.3;0.0
17.4;0.0
17.5;0.0
17.6;0.0
17.7;0.0
17.8;0.0
17.9;0.0
17.10;0.0
17.11;0.0
17.12;0.0
17.13;0.0
17.14;0.0
17.15;0.0
17.16;0.0
17.17;0.0
17.18;0.0
17.19;0.0
17.20;0.0
17.21;0.0
17.22;0.0
17.23;0.0
17.24;0.0
17.25;0.0
17.26;0.0
17.27;0.0
17.28;52.10464092771479
17.29;16.775667405542446
17.30;20.02721190667458
17.31;0.0
18.0;0.0
18.1;0.0
18.2;0.0
18.3;0.0
18.4;0.0
18.5;0.0
18.6;0.0
18.7;0.0
18.8;0.0
18.9;0.0
18.10;0.0
18.11;0.0
18.12;0.0
18.13;0.0
18.14;0.0
18.15;0.0
18.16;0.0
18.17;0.0
18.18;0.0
18.19;0.0
18.20;0.0
18.21;0.0
18.22;0.0
18.23;0.0
18.24;0.0
18.25;0.0
18.26;77.86548460508405
18.27;0.0
18.28;0.0
18.29;23.6296103509594
18.30;37.25158274506654
18.31;0.0
19.0;0.0
19.1;0.0
19.2;0.0
19.3;0.0
19.4;0.0
19.5;0.0
19.6;0.0
19.7;0.0
19.8;0.0
19.9;0.0
19.10;0.0
19.11;0.0
19.12;0.0
19.13;0.0
19.14;0.0
19.15;0.0
19.16;0.0
19.17;0.0
19.18;0.0
19.19;0.0
19.20;0.0
19.21;0.0
19.22;0.0
19.23;0.0
19.24;0.0
19.25;0.0
19.26;0.0
19.27;29.865827128050167
19.28;0.0
19.29;0.0
19.30;55.84842335234222
19.31;0.0
20.0;0.0
20.1;0.0
20.2;0.0
20.3;0.0
20.4;0.0
20.5;0.0
20.6;0.0
20.7;0.0
20.8;0.0
20.9;0.0
20.10;0.0
20.11;0.0
20.12;0.0
20.13;0.0
20.14;0.0
20.15;0.0
20.16;0.0
20.17;0.0
20.18;0.0
20.19;0.0
20.20;0.0
20.21;0.0
20.22;0.0
20.23;0.0
20.24;0.0
20.25;0.0
20.26;0.0
20.27;21.6872964058221
20.28;0.0
20.29;22.68353548829484
20.30;33.87715196874095
20.31;0.0
21.0;0.0
21.1;0.0
21.2;0.0
21.3;0.0
21.4;0.0
21.5;0.0
21.6;0.0
21.7;0.0
21.8;0.0
21.9;0.0
21.10;0.0
21.11;0.0
21.12;0.0
21.13;0.0
21.14;0.0
21.15;0.0
21.16;0.0
21.17;0.0
21.18;0.0
21.19;0.0
21.20;0.0
21.21;0.0
21.22;0.0
21.23;0.0
21.24;0.0
21.25;0.0
21.26;0.0
21.27;0.0
21.28;27.446554174370174
21.29;29.14627421717894
21.30;0.0
21.31;0.0
22.0;0.0
22.1;0.0
22.2;0.0
22.3;0.0
22.4;0.0
22.5;0.0
22.6;0.0
22.7;0.0
22.8;0.0
22.9;0.0
22.10;0.0
22.11;0.0
22.12;0.0
22.13;0.0
22.14;0.0
22.15;0.0
22.16;0.0
22.17;0.0
22.18;0.0
22.19;0.0
22.20;0.0
22.21;0.0
22.22;0.0
22.23;0.0
22.24;0.0
22.25;0.0
22.26;35.842039726998586
22.27;17.469711483169043
22.28;0.0
22.29;26.0578006810147
22.30;0.0
22.31;0.0
23.0;0.0
23.1;0.0
23.2;0.0
23.3;0.0
23.4;0.0
23.5;0.0
23.6;0.0
23.7;0.0
23.8;0.0
23.9;0.0
23.10;0.0
23.11;0.0
23.12;0.0
23.13;0.0
23.14;0.0
23.15;0.0
23.16;0.0
23.17;0.0
23.18;0.0
23.19;0.0
23.20;0.0
23.21;0.0
23.22;0.0
23.23;0.0
23.24;0.0
23.25;0.0
23.26;0.0
23.27;0.0
23.28;0.0
23.29;16.882641727781227
23.30;19.023258115759408
23.31;0.0
24.0;0.0
24.1;0.0
24.2;0.0
24.3;0.0
24.4;0.0
24.5;0.0
24.6;0.0
24.7;0.0
24.8;0.0
24.9;0.0
24.10;0.0
24.11;0.0
24.12;0.0
24.13;0.0
24.14;0.0
24.15;0.0
24.16;0.0
24.17;0.0
24.18;0.0
24.19;0.0
24.20;0.0
24.21;0.0
24.22;0.0
24.23;0.0
24.24;0.0
24.25;0.0
24.26;33.80823154778166
24.27;0.0
24.28;0.0
24.29;30.751607063315383
24.30;33.58275539085384
24.31;0.0
25.0;0.0
25.1;0.0
25.2;0.0
25.3;0.0
25.4;0.0
25.5;0.0
25.6;0.0
25.7;0.0
25.8;0.0
25.9;0.0
25.10;0.0
25.11;0.0
25.12;0.0
25.13;0.0
25.14;0.0
25.15;0.0
25.16;0.0
25.17;0.0
25.18;0.0
25.19;0.0
25.20;0.0
25.21;0.0
25.22;0.0
25.23;0.0
25.24;0.0
25.25;0.0
25.26;0.0
25.27;25.864270082292837
25.28;0.0
25.29;0.0
25.30;0.0
25.31;0.0
26.0;49.00278803822409
26.1;21.317101603421754
26.2;0.0
26.3;0.0
26.4;0.0
26.5;0.0
26.6;0.0
26.7;0.0
26.8;0.0
26.9;0.0
26.10;0.0
26.11;40.114451346784186
26.12;0.0
26.13;14.306862578425905
26.14;0.0
26.15;0.0
26.16;0.0
26.17;0.0
26.18;77.86548460508405
26.19;0.0
26.20;0.0
26.21;0.0
26.22;35.842039726998586
26.23;0.0
26.24;33.80823154778166
26.25;0.0
26.26;0.0
26.27;60.49776498126431
26.28;54.18916493337802
26.29;62.31809093841557
26.30;139.4793755573937
26.31;0.0
27.0;0.0
27.1;16.951734875406057
27.2;27.812435132827034
27.3;0.0
27.4;0.0
27.5;0.0
27.6;17.298129674811833
27.7;19.400182772118725
27.8;0.0
27.9;19.341585155297686
27.10;15.76410902915402
27.11;20.7564467994411
27.12;27.31146419319078
27.13;0.0
27.14;21.46754927692647
27.15;15.096399282290257
27.16;0.0
27.17;0.0
27.18;0.0
27.19;29.865827128050167
27.20;21.6872964058221
27.21;0.0
27.22;17.469711483169043
27.23;0.0
27.24;0.0
27.25;25.864270082292837
27.26;60.49776498126431
27.27;0.0
27.28;0.0
27.29;30.9515623140316
27.30;37.77520339490827
27.31;0.0
28.0;0.0
28.1;23.006694753602773
28.2;0.0
28.3;0.0
28.4;0.0
28.5;0.0
28.6;0.0
28.7;0.0
28.8;0.0
28.9;0.0
28.10;21.682362237396944
28.11;26.194906965056102
28.12;0.0
28.13;0.0
28.14;0.0
28.15;0.0
28.16;0.0
28.17;52.10464092771479
28.18;0.0
28.19;0.0
28.20;0.0
28.21;27.446554174370174
28.22;0.0
28.23;0.0
28.24;0.0
28.25;0.0
28.26;54.18916493337802
28.27;0.0
28.28;0.0
28.29;44.988274148415215
28.30;0.0
28.31;0.0
29.0;19.680441799454016
29.1;11.839441630710386
29.2;0.0
29.3;0.0
29.4;0.0
29.5;0.0
29.6;0.0
29.7;0.0
29.8;0.0
29.9;0.0
29.10;0.0
29.11;19.289461807505468
29.12;0.0
29.13;9.240524875688166
29.14;0.0
29.15;0.0
29.16;16.06949520174694
29.17;16.775667405542446
29.18;23.6296103509594
29.19;0.0
29.20;22.68353548829484
29.21;29.14627421717894
29.22;26.0578006810147
29.23;16.882641727781227
29.24;30.751607063315383
29.25;0.0
29.26;62.31809093841557
29.27;30.9515623140316
29.28;44.988274148415215
29.29;0.0
29.30;85.5587910851144
29.31;0.0
30.0;0.0
30.1;14.35245466536927
30.2;21.2686669317575
30.3;0.0
30.4;26.399398307124624
30.5;0.0
30.6;0.0
30.7;0.0
30.8;17.83376658550487
30.9;0.0
30.10;0.0
30.11;0.0
30.12;19.75631832980751
30.13;10.015913253792766
30.14;12.331872126786761
30.15;0.0
30.16;17.07032460072109
30.17;20.02721190667458
30.18;37.25158274506654
30.19;55.84842335234222
30.20;33.87715196874095
30.21;0.0
30.22;0.0
30.23;19.023258115759408
30.24;33.58275539085384
30.25;0.0
30.26;139.4793755573937
30.27;37.77520339490827
30.28;0.0
30.29;85.5587910851144
30.30;0.0
30.31;0.0
31.0;0.0
31.1;0.0
31.2;0.0
31.3;0.0
31.4;0.0
31.5;0.0
31.6;0.0
31.7;0.0
31.8;0.0
31.9;0.0
31.10;0.0
31.11;0.0
31.12;0.0
31.13;0.0
31.14;0.0
31.15;0.0
31.16;0.0
31.17;0.0
31.18;0.0
31.19;0.0
31.20;0.0
31.21;0.0
31.22;0.0
31.23;0.0
31.24;0.0
31.25;0.0
31.26;0.0
31.27;0.0
31.28;0.0
31.29;0.0
31.30;0.0
31.31;0.0

****Importance nodes******

0;0.221103348475265
1;0.3225806451612903
2;0.9090909090909091
3;1.4285714285714286
4;1.1111111111111112
5;0.25016458196181696
6;0.1451225651550943
7;0.36637724493511975
8;0.20318796419559307
9;0.44945263051457146
10;0.29242342098129576
11;0.3377816180235535
12;0.29685493454468787
13;0.2861547946809874
14;0.31363520888968166
15;0.15676209311324646
16;0.29317011506459867
17;0.32207927770326117
18;0.2818869718505514
19;0.3074888375798184
20;0.31325851813965194
21;0.44471868928105207
22;0.4349305876443815
23;0.29375813807568196
24;0.4116001594699616
25;0.3502633457686376
26;0.8333333333333334
27;0.5882352941176471
28;1.4285714285714286
29;0.5882352941176471
30;0.5882352941176471
31;0.43308061947024434
