
****Importance edges******

0.0;0.0
0.1;19.767541057686305
0.2;25.020719870234117
0.3;25.98484223284893
0.4;38.93761012645335
0.5;0.0
0.6;0.0
0.7;0.0
0.8;0.0
0.9;0.0
0.10;0.0
0.11;0.0
0.12;0.0
0.13;0.0
0.14;0.0
0.15;0.0
0.16;0.0
0.17;0.0
0.18;0.0
0.19;0.0
0.20;0.0
0.21;0.0
0.22;0.0
0.23;0.0
0.24;0.0
0.25;0.0
0.26;45.96170437129586
0.27;0.0
0.28;0.0
0.29;25.600982240826543
0.30;33.804750228671274
0.31;0.0
1.0;19.767541057686305
1.1;0.0
1.2;103.27664607407144
1.3;41.048571923868934
1.4;55.06224988524696
1.5;0.0
1.6;0.0
1.7;0.0
1.8;0.0
1.9;0.0
1.10;0.0
1.11;0.0
1.12;0.0
1.13;0.0
1.14;0.0
1.15;0.0
1.16;0.0
1.17;0.0
1.18;0.0
1.19;0.0
1.20;0.0
1.21;0.0
1.22;0.0
1.23;0.0
1.24;0.0
1.25;0.0
1.26;25.967298429567116
1.27;26.776522224042214
1.28;19.33768303327145
1.29;19.132629797755243
1.30;23.19367841548275
1.31;0.0
2.0;25.020719870234117
2.1;103.27664607407144
2.2;0.0
2.3;73.80398039918762
2.4;94.92057287555232
2.5;0.0
2.6;0.0
2.7;0.0
2.8;0.0
2.9;0.0
2.10;0.0
2.11;0.0
2.12;0.0
2.13;0.0
2.14;0.0
2.15;0.0
2.16;0.0
2.17;0.0
2.18;0.0
2.19;0.0
2.20;0.0
2.21;0.0
2.22;0.0
2.23;0.0
2.24;0.0
2.25;0.0
2.26;0.0
2.27;31.604001578438222
2.28;23.510166647022935
2.29;20.865118990515445
2.30;24.639510196895344
2.31;0.0
3.0;25.98484223284893
3.1;41.048571923868934
3.2;73.80398039918762
3.3;0.0
3.4;0.0
3.5;0.0
3.6;0.0
3.7;0.0
3.8;0.0
3.9;0.0
3.10;0.0
3.11;0.0
3.12;0.0
3.13;0.0
3.14;0.0
3.15;0.0
3.16;0.0
3.17;0.0
3.18;0.0
3.19;0.0
3.20;0.0
3.21;0.0
3.22;0.0
3.23;0.0
3.24;0.0
3.25;0.0
3.26;26.11940740558238
3.27;0.0
3.28;28.11052056720425
3.29;0.0
3.30;0.0
3.31;0.0
4.0;38.93761012645335
4.1;55.06224988524696
4.2;94.92057287555232
4.3;0.0
4.4;0.0
4.5;0.0
4.6;0.0
4.7;0.0
4.8;0.0
4.9;0.0
4.10;0.0
4.11;0.0
4.12;0.0
4.13;0.0
4.14;0.0
4.15;0.0
4.16;0.0
4.17;0.0
4.18;0.0
4.19;0.0
4.20;0.0
4.21;0.0
4.22;0.0
4.23;0.0
4.24;0.0
4.25;0.0
4.26;34.51221330916778
4.27;47.475482740760356
4.28;34.50425693881481
4.29;0.0
4.30;30.071976323271418
4.31;0.0
5.0;0.0
5.1;0.0
5.2;0.0
5.3;0.0
5.4;0.0
5.5;0.0
5.6;0.0
5.7;0.0
5.8;0.0
5.9;0.0
5.10;0.0
5.11;0.0
5.12;0.0
5.13;0.0
5.14;0.0
5.15;0.0
5.16;0.0
5.17;0.0
5.18;0.0
5.19;0.0
5.20;0.0
5.21;0.0
5.22;0.0
5.23;0.0
5.24;0.0
5.25;0.0
5.26;0.0
5.27;0.0
5.28;0.0
5.29;15.226108119365772
5.30;18.56491170703513
5.31;0.0
6.0;0.0
6.1;0.0
6.2;0.0
6.3;0.0
6.4;0.0
6.5;0.0
6.6;0.0
6.7;0.0
6.8;0.0
6.9;0.0
6.10;0.0
6.11;0.0
6.12;0.0
6.13;0.0
6.14;0.0
6.15;0.0
6.16;0.0
6.17;0.0
6.18;0.0
6.19;0.0
6.20;0.0
6.21;0.0
6.22;0.0
6.23;0.0
6.24;0.0
6.25;0.0
6.26;19.381590526383448
6.27;23.704357778345376
6.28;0.0
6.29;14.278464211478248
6.30;0.0
6.31;0.0
7.0;0.0
7.1;0.0
7.2;0.0
7.3;0.0
7.4;0.0
7.5;0.0
7.6;0.0
7.7;0.0
7.8;0.0
7.9;0.0
7.10;0.0
7.11;0.0
7.12;0.0
7.13;0.0
7.14;0.0
7.15;0.0
7.16;0.0
7.17;0.0
7.18;0.0
7.19;0.0
7.20;0.0
7.21;0.0
7.22;0.0
7.23;0.0
7.24;0.0
7.25;0.0
7.26;24.032433013353
7.27;22.151931780240012
7.28;15.438396521905727
7.29;16.984517547159747
7.30;0.0
7.31;0.0
8.0;0.0
8.1;0.0
8.2;0.0
8.3;0.0
8.4;0.0
8.5;0.0
8.6;0.0
8.7;0.0
8.8;0.0
8.9;0.0
8.10;0.0
8.11;0.0
8.12;0.0
8.13;0.0
8.14;0.0
8.15;0.0
8.16;0.0
8.17;0.0
8.18;0.0
8.19;0.0
8.20;0.0
8.21;0.0
8.22;0.0
8.23;0.0
8.24;0.0
8.25;0.0
8.26;27.509362604472972
8.27;23.950364090650993
8.28;15.906637055523904
8.29;0.0
8.30;23.80475220215317
8.31;0.0
9.0;0.0
9.1;0.0
9.2;0.0
9.3;0.0
9.4;0.0
9.5;0.0
9.6;0.0
9.7;0.0
9.8;0.0
9.9;0.0
9.10;0.0
9.11;0.0
9.12;0.0
9.13;0.0
9.14;0.0
9.15;0.0
9.16;0.0
9.17;0.0
9.18;0.0
9.19;0.0
9.20;0.0
9.21;0.0
9.22;0.0
9.23;0.0
9.24;0.0
9.25;0.0
9.26;24.57266248991144
9.27;20.601867665388003
9.28;14.722046753455794
9.29;0.0
9.30;22.507627664171398
9.31;0.0
10.0;0.0
10.1;0.0
10.2;0.0
10.3;0.0
10.4;0.0
10.5;0.0
10.6;0.0
10.7;0.0
10.8;0.0
10.9;0.0
10.10;0.0
10.11;0.0
10.12;0.0
10.13;0.0
10.14;0.0
10.15;0.0
10.16;0.0
10.17;0.0
10.18;0.0
10.19;0.0
10.20;0.0
10.21;0.0
10.22;0.0
10.23;0.0
10.24;0.0
10.25;0.0
10.26;24.95816456591081
10.27;19.92577209872577
10.28;14.442354769228492
10.29;18.31656462504095
10.30;23.31064559794344
10.31;0.0
11.0;0.0
11.1;0.0
11.2;0.0
11.3;0.0
11.4;0.0
11.5;0.0
11.6;0.0
11.7;0.0
11.8;0.0
11.9;0.0
11.10;0.0
11.11;0.0
11.12;0.0
11.13;0.0
11.14;0.0
11.15;0.0
11.16;0.0
11.17;0.0
11.18;0.0
11.19;0.0
11.20;0.0
11.21;0.0
11.22;0.0
11.23;0.0
11.24;0.0
11.25;0.0
11.26;35.810248811883255
11.27;24.120260644326773
11.28;16.450444650634374
11.29;23.106782951599243
11.30;32.07475601325726
11.31;0.0
12.0;0.0
12.1;0.0
12.2;0.0
12.3;0.0
12.4;0.0
12.5;0.0
12.6;0.0
12.7;0.0
12.8;0.0
12.9;0.0
12.10;0.0
12.11;0.0
12.12;0.0
12.13;0.0
12.14;0.0
12.15;0.0
12.16;0.0
12.17;0.0
12.18;0.0
12.19;0.0
12.20;0.0
12.21;0.0
12.22;0.0
12.23;0.0
12.24;0.0
12.25;0.0
12.26;30.080144224840794
12.27;33.31723650150845
12.28;0.0
12.29;19.314439759705525
12.30;24.84143490038502
12.31;0.0
13.0;0.0
13.1;0.0
13.2;0.0
13.3;0.0
13.4;0.0
13.5;0.0
13.6;0.0
13.7;0.0
13.8;0.0
13.9;0.0
13.10;0.0
13.11;0.0
13.12;0.0
13.13;0.0
13.14;0.0
13.15;0.0
13.16;0.0
13.17;0.0
13.18;0.0
13.19;0.0
13.20;0.0
13.21;0.0
13.22;0.0
13.23;0.0
13.24;0.0
13.25;0.0
13.26;13.558553973567502
13.27;19.236809878720976
13.28;19.03401771119001
13.29;11.886322579333306
13.30;12.883724405572204
13.31;0.0
14.0;0.0
14.1;0.0
14.2;0.0
14.3;0.0
14.4;0.0
14.5;0.0
14.6;0.0
14.7;0.0
14.8;0.0
14.9;0.0
14.10;0.0
14.11;0.0
14.12;0.0
14.13;0.0
14.14;0.0
14.15;0.0
14.16;0.0
14.17;0.0
14.18;0.0
14.19;0.0
14.20;0.0
14.21;0.0
14.22;0.0
14.23;0.0
14.24;0.0
14.25;0.0
14.26;16.748167381558243
14.27;26.577350106984657
14.28;0.0
14.29;0.0
14.30;15.720910072965026
14.31;0.0
15.0;0.0
15.1;0.0
15.2;0.0
15.3;0.0
15.4;0.0
15.5;0.0
15.6;0.0
15.7;0.0
15.8;0.0
15.9;0.0
15.10;0.0
15.11;0.0
15.12;0.0
15.13;0.0
15.14;0.0
15.15;0.0
15.16;0.0
15.17;0.0
15.18;0.0
15.19;0.0
15.20;0.0
15.21;0.0
15.22;0.0
15.23;0.0
15.24;0.0
15.25;0.0
15.26;0.0
15.27;22.71910689589618
15.28;30.229552739432336
15.29;0.0
15.30;14.574559530088258
15.31;0.0
16.0;0.0
16.1;0.0
16.2;0.0
16.3;0.0
16.4;0.0
16.5;0.0
16.6;0.0
16.7;0.0
16.8;0.0
16.9;0.0
16.10;0.0
16.11;0.0
16.12;0.0
16.13;0.0
16.14;0.0
16.15;0.0
16.16;0.0
16.17;0.0
16.18;0.0
16.19;0.0
16.20;0.0
16.21;0.0
16.22;0.0
16.23;0.0
16.24;0.0
16.25;0.0
16.26;24.228043640678525
16.27;50.3213502147256
16.28;77.03668583610083
16.29;21.241264940131924
16.30;22.564198993540884
16.31;0.0
17.0;0.0
17.1;0.0
17.2;0.0
17.3;0.0
17.4;0.0
17.5;0.0
17.6;0.0
17.7;0.0
17.8;0.0
17.9;0.0
17.10;0.0
17.11;0.0
17.12;0.0
17.13;0.0
17.14;0.0
17.15;0.0
17.16;0.0
17.17;0.0
17.18;0.0
17.19;0.0
17.20;0.0
17.21;0.0
17.22;0.0
17.23;0.0
17.24;0.0
17.25;0.0
17.26;31.598586497624222
17.27;68.94758513365667
17.28;35.85449504547917
17.29;22.200104510671352
17.30;26.503040781474102
17.31;0.0
18.0;0.0
18.1;0.0
18.2;0.0
18.3;0.0
18.4;0.0
18.5;0.0
18.6;0.0
18.7;0.0
18.8;0.0
18.9;0.0
18.10;0.0
18.11;0.0
18.12;0.0
18.13;0.0
18.14;0.0
18.15;0.0
18.16;0.0
18.17;0.0
18.18;0.0
18.19;0.0
18.20;0.0
18.21;0.0
18.22;0.0
18.23;0.0
18.24;0.0
18.25;0.0
18.26;77.84541941329238
18.27;43.37138012533893
18.28;24.000727334327834
18.29;32.01087864341882
18.30;50.46447558028328
18.31;0.0
19.0;0.0
19.1;0.0
19.2;0.0
19.3;0.0
19.4;0.0
19.5;0.0
19.6;0.0
19.7;0.0
19.8;0.0
19.9;0.0
19.10;0.0
19.11;0.0
19.12;0.0
19.13;0.0
19.14;0.0
19.15;0.0
19.16;0.0
19.17;0.0
19.18;0.0
19.19;0.0
19.20;0.0
19.21;0.0
19.22;0.0
19.23;0.0
19.24;0.0
19.25;0.0
19.26;116.35688087669124
19.27;39.230443504727134
19.28;23.927567139298105
19.29;40.611530834779664
19.30;75.429088746523
19.31;0.0
20.0;0.0
20.1;0.0
20.2;0.0
20.3;0.0
20.4;0.0
20.5;0.0
20.6;0.0
20.7;0.0
20.8;0.0
20.9;0.0
20.10;0.0
20.11;0.0
20.12;0.0
20.13;0.0
20.14;0.0
20.15;0.0
20.16;0.0
20.17;0.0
20.18;0.0
20.19;0.0
20.20;0.0
20.21;0.0
20.22;0.0
20.23;0.0
20.24;0.0
20.25;0.0
20.26;50.1858278759099
20.27;28.173506791404662
20.28;19.05864166267576
20.29;30.302689442965924
20.30;45.25612049544256
20.31;0.0
21.0;0.0
21.1;0.0
21.2;0.0
21.3;0.0
21.4;0.0
21.5;0.0
21.6;0.0
21.7;0.0
21.8;0.0
21.9;0.0
21.10;0.0
21.11;0.0
21.12;0.0
21.13;0.0
21.14;0.0
21.15;0.0
21.16;0.0
21.17;0.0
21.18;0.0
21.19;0.0
21.20;0.0
21.21;0.0
21.22;0.0
21.23;0.0
21.24;0.0
21.25;0.0
21.26;0.0
21.27;0.0
21.28;17.375054714873016
21.29;33.46150472841145
21.30;0.0
21.31;0.0
22.0;0.0
22.1;0.0
22.2;0.0
22.3;0.0
22.4;0.0
22.5;0.0
22.6;0.0
22.7;0.0
22.8;0.0
22.9;0.0
22.10;0.0
22.11;0.0
22.12;0.0
22.13;0.0
22.14;0.0
22.15;0.0
22.16;0.0
22.17;0.0
22.18;0.0
22.19;0.0
22.20;0.0
22.21;0.0
22.22;0.0
22.23;0.0
22.24;0.0
22.25;0.0
22.26;32.50596254639875
22.27;20.16202273592426
22.28;15.891695273055673
22.29;30.918781356483485
22.30;0.0
22.31;0.0
23.0;0.0
23.1;0.0
23.2;0.0
23.3;0.0
23.4;0.0
23.5;0.0
23.6;0.0
23.7;0.0
23.8;0.0
23.9;0.0
23.10;0.0
23.11;0.0
23.12;0.0
23.13;0.0
23.14;0.0
23.15;0.0
23.16;0.0
23.17;0.0
23.18;0.0
23.19;0.0
23.20;0.0
23.21;0.0
23.22;0.0
23.23;0.0
23.24;0.0
23.25;0.0
23.26;23.225045824733915
23.27;16.33527835452638
23.28;13.531783043883243
23.29;23.646447517348562
23.30;26.644673380887905
23.31;0.0
24.0;0.0
24.1;0.0
24.2;0.0
24.3;0.0
24.4;0.0
24.5;0.0
24.6;0.0
24.7;0.0
24.8;0.0
24.9;0.0
24.10;0.0
24.11;0.0
24.12;0.0
24.13;0.0
24.14;0.0
24.15;0.0
24.16;0.0
24.17;0.0
24.18;0.0
24.19;0.0
24.20;0.0
24.21;0.0
24.22;0.0
24.23;0.0
24.24;0.0
24.25;0.0
24.26;31.73549804252763
24.27;0.0
24.28;16.529315832978977
24.29;37.90526965829121
24.30;41.39502031024935
24.31;0.0
25.0;0.0
25.1;0.0
25.2;0.0
25.3;0.0
25.4;0.0
25.5;0.0
25.6;0.0
25.7;0.0
25.8;0.0
25.9;0.0
25.10;0.0
25.11;0.0
25.12;0.0
25.13;0.0
25.14;0.0
25.15;0.0
25.16;0.0
25.17;0.0
25.18;0.0
25.19;0.0
25.20;0.0
25.21;0.0
25.22;0.0
25.23;0.0
25.24;0.0
25.25;0.0
25.26;0.0
25.27;33.60803323461884
25.28;23.84800101251549
25.29;0.0
25.30;0.0
25.31;0.0
26.0;45.96170437129586
26.1;25.967298429567116
26.2;0.0
26.3;26.11940740558238
26.4;34.51221330916778
26.5;0.0
26.6;19.381590526383448
26.7;24.032433013353
26.8;27.509362604472972
26.9;24.57266248991144
26.10;24.95816456591081
26.11;35.810248811883255
26.12;30.080144224840794
26.13;13.558553973567502
26.14;16.748167381558243
26.15;0.0
26.16;24.228043640678525
26.17;31.598586497624222
26.18;77.84541941329238
26.19;116.35688087669124
26.20;50.1858278759099
26.21;0.0
26.22;32.50596254639875
26.23;23.225045824733915
26.24;31.73549804252763
26.25;0.0
26.26;0.0
26.27;66.48331025869886
26.28;38.22151294675428
26.29;69.93845603464247
26.30;156.53515742002259
26.31;0.0
27.0;0.0
27.1;26.776522224042214
27.2;31.604001578438222
27.3;0.0
27.4;47.475482740760356
27.5;0.0
27.6;23.704357778345376
27.7;22.151931780240012
27.8;23.950364090650993
27.9;20.601867665388003
27.10;19.92577209872577
27.11;24.120260644326773
27.12;33.31723650150845
27.13;19.236809878720976
27.14;26.577350106984657
27.15;22.71910689589618
27.16;50.3213502147256
27.17;68.94758513365667
27.18;43.37138012533893
27.19;39.230443504727134
27.20;28.173506791404662
27.21;0.0
27.22;20.16202273592426
27.23;16.33527835452638
27.24;0.0
27.25;33.60803323461884
27.26;66.48331025869886
27.27;0.0
27.28;68.61123749001592
27.29;42.77900179416368
27.30;52.21014297792286
27.31;0.0
28.0;0.0
28.1;19.33768303327145
28.2;23.510166647022935
28.3;28.11052056720425
28.4;34.50425693881481
28.5;0.0
28.6;0.0
28.7;15.438396521905727
28.8;15.906637055523904
28.9;14.722046753455794
28.10;14.442354769228492
28.11;16.450444650634374
28.12;0.0
28.13;19.03401771119001
28.14;0.0
28.15;30.229552739432336
28.16;77.03668583610083
28.17;35.85449504547917
28.18;24.000727334327834
28.19;23.927567139298105
28.20;19.05864166267576
28.21;17.375054714873016
28.22;15.891695273055673
28.23;13.531783043883243
28.24;16.529315832978977
28.25;23.84800101251549
28.26;38.22151294675428
28.27;68.61123749001592
28.28;0.0
28.29;37.01162236645313
28.30;0.0
28.31;0.0
29.0;25.600982240826543
29.1;19.132629797755243
29.2;20.865118990515445
29.3;0.0
29.4;0.0
29.5;15.226108119365772
29.6;14.278464211478248
29.7;16.984517547159747
29.8;0.0
29.9;0.0
29.10;18.31656462504095
29.11;23.106782951599243
29.12;19.314439759705525
29.13;11.886322579333306
29.14;0.0
29.15;0.0
29.16;21.241264940131924
29.17;22.200104510671352
29.18;32.01087864341882
29.19;40.611530834779664
29.20;30.302689442965924
29.21;33.46150472841145
29.22;30.918781356483485
29.23;23.646447517348562
29.24;37.90526965829121
29.25;0.0
29.26;69.93845603464247
29.27;42.77900179416368
29.28;37.01162236645313
29.29;0.0
29.30;120.66647749115673
29.31;0.0
30.0;33.804750228671274
30.1;23.19367841548275
30.2;24.639510196895344
30.3;0.0
30.4;30.071976323271418
30.5;18.56491170703513
30.6;0.0
30.7;0.0
30.8;23.80475220215317
30.9;22.507627664171398
30.10;23.31064559794344
30.11;32.07475601325726
30.12;24.84143490038502
30.13;12.883724405572204
30.14;15.720910072965026
30.15;14.574559530088258
30.16;22.564198993540884
30.17;26.503040781474102
30.18;50.46447558028328
30.19;75.429088746523
30.20;45.25612049544256
30.21;0.0
30.22;0.0
30.23;26.644673380887905
30.24;41.39502031024935
30.25;0.0
30.26;156.53515742002259
30.27;52.21014297792286
30.28;0.0
30.29;120.66647749115673
30.30;0.0
30.31;0.0
31.0;0.0
31.1;0.0
31.2;0.0
31.3;0.0
31.4;0.0
31.5;0.0
31.6;0.0
31.7;0.0
31.8;0.0
31.9;0.0
31.10;0.0
31.11;0.0
31.12;0.0
31.13;0.0
31.14;0.0
31.15;0.0
31.16;0.0
31.17;0.0
31.18;0.0
31.19;0.0
31.20;0.0
31.21;0.0
31.22;0.0
31.23;0.0
31.24;0.0
31.25;0.0
31.26;0.0
31.27;0.0
31.28;0.0
31.29;0.0
31.30;0.0
31.31;0.0

****Importance nodes******

0;0.11210447590375905
1;0.3225806451612903
2;0.45454545454545453
3;0.47619047619047616
4;0.5555555555555556
5;0.08721044652944296
6;0.10473181405081047
7;0.1474552218877189
8;0.11390625340389236
9;0.155132912310929
10;0.1590736842385145
11;0.14046003930073253
12;0.14228453388044174
13;0.1482336032594096
14;0.16077555797526089
15;0.16310361437107698
16;0.16848646986729604
17;0.18837096962247582
18;0.17535418194395544
19;0.19093352595816612
20;0.18818497550054966
21;0.17893935415107645
22;0.19307566114151772
23;0.20378297150752042
24;0.20231244104648352
25;0.21248041092751688
26;0.38461538461538464
27;0.4
28;0.4166666666666667
29;0.4166666666666667
30;0.4166666666666667
31;0.2328891065890817
