
****Importance edges******

0.0;0.0
0.1;15.302733758657945
0.2;25.48809103731202
0.3;0.0
0.4;0.0
0.5;0.0
0.6;0.0
0.7;0.0
0.8;0.0
0.9;0.0
0.10;0.0
0.11;0.0
0.12;0.0
0.13;0.0
0.14;0.0
0.15;0.0
0.16;0.0
0.17;0.0
0.18;0.0
0.19;0.0
0.20;0.0
0.21;0.0
0.22;0.0
0.23;0.0
0.24;0.0
0.25;0.0
0.26;48.29680403021125
0.27;0.0
0.28;0.0
0.29;23.129915175299992
0.30;0.0
0.31;0.0
1.0;15.302733758657945
1.1;0.0
1.2;100.24142485896267
1.3;38.762546304226944
1.4;57.69497727590672
1.5;0.0
1.6;0.0
1.7;0.0
1.8;0.0
1.9;0.0
1.10;0.0
1.11;0.0
1.12;0.0
1.13;0.0
1.14;0.0
1.15;0.0
1.16;0.0
1.17;0.0
1.18;0.0
1.19;0.0
1.20;0.0
1.21;0.0
1.22;0.0
1.23;0.0
1.24;0.0
1.25;0.0
1.26;25.66665395335862
1.27;22.92343833624459
1.28;17.128273499239555
1.29;16.94664843620679
1.30;20.543705606834017
1.31;0.0
2.0;25.48809103731202
2.1;100.24142485896267
2.2;0.0
2.3;78.90122333342879
2.4;109.08694185325945
2.5;0.0
2.6;0.0
2.7;0.0
2.8;0.0
2.9;0.0
2.10;0.0
2.11;0.0
2.12;0.0
2.13;0.0
2.14;0.0
2.15;0.0
2.16;0.0
2.17;0.0
2.18;0.0
2.19;0.0
2.20;0.0
2.21;0.0
2.22;0.0
2.23;0.0
2.24;0.0
2.25;0.0
2.26;0.0
2.27;31.781051240153012
2.28;0.0
2.29;0.0
2.30;25.326845591733502
2.31;0.0
3.0;0.0
3.1;38.762546304226944
3.2;78.90122333342879
3.3;0.0
3.4;0.0
3.5;0.0
3.6;0.0
3.7;0.0
3.8;0.0
3.9;0.0
3.10;0.0
3.11;0.0
3.12;0.0
3.13;0.0
3.14;0.0
3.15;0.0
3.16;0.0
3.17;0.0
3.18;0.0
3.19;0.0
3.20;0.0
3.21;0.0
3.22;0.0
3.23;0.0
3.24;0.0
3.25;0.0
3.26;28.514446941485424
3.27;0.0
3.28;28.194204945106716
3.29;0.0
3.30;0.0
3.31;0.0
4.0;0.0
4.1;57.69497727590672
4.2;109.08694185325945
4.3;0.0
4.4;0.0
4.5;0.0
4.6;0.0
4.7;0.0
4.8;0.0
4.9;0.0
4.10;0.0
4.11;0.0
4.12;0.0
4.13;0.0
4.14;0.0
4.15;0.0
4.16;0.0
4.17;0.0
4.18;0.0
4.19;0.0
4.20;0.0
4.21;0.0
4.22;0.0
4.23;0.0
4.24;0.0
4.25;0.0
4.26;0.0
4.27;0.0
4.28;37.66745613487047
4.29;0.0
4.30;32.82884343964655
4.31;0.0
5.0;0.0
5.1;0.0
5.2;0.0
5.3;0.0
5.4;0.0
5.5;0.0
5.6;0.0
5.7;0.0
5.8;0.0
5.9;0.0
5.10;0.0
5.11;0.0
5.12;0.0
5.13;0.0
5.14;0.0
5.15;0.0
5.16;0.0
5.17;0.0
5.18;0.0
5.19;0.0
5.20;0.0
5.21;0.0
5.22;0.0
5.23;0.0
5.24;0.0
5.25;0.0
5.26;0.0
5.27;0.0
5.28;0.0
5.29;0.0
5.30;19.381460686722193
5.31;0.0
6.0;0.0
6.1;0.0
6.2;0.0
6.3;0.0
6.4;0.0
6.5;0.0
6.6;0.0
6.7;0.0
6.8;0.0
6.9;0.0
6.10;0.0
6.11;0.0
6.12;0.0
6.13;0.0
6.14;0.0
6.15;0.0
6.16;0.0
6.17;0.0
6.18;0.0
6.19;0.0
6.20;0.0
6.21;0.0
6.22;0.0
6.23;0.0
6.24;0.0
6.25;0.0
6.26;0.0
6.27;20.586659418464663
6.28;0.0
6.29;12.994967308708793
6.30;0.0
6.31;0.0
7.0;0.0
7.1;0.0
7.2;0.0
7.3;0.0
7.4;0.0
7.5;0.0
7.6;0.0
7.7;0.0
7.8;0.0
7.9;0.0
7.10;0.0
7.11;0.0
7.12;0.0
7.13;0.0
7.14;0.0
7.15;0.0
7.16;0.0
7.17;0.0
7.18;0.0
7.19;0.0
7.20;0.0
7.21;0.0
7.22;0.0
7.23;0.0
7.24;0.0
7.25;0.0
7.26;27.411046859962035
7.27;21.302662248837194
7.28;0.0
7.29;0.0
7.30;0.0
7.31;0.0
8.0;0.0
8.1;0.0
8.2;0.0
8.3;0.0
8.4;0.0
8.5;0.0
8.6;0.0
8.7;0.0
8.8;0.0
8.9;0.0
8.10;0.0
8.11;0.0
8.12;0.0
8.13;0.0
8.14;0.0
8.15;0.0
8.16;0.0
8.17;0.0
8.18;0.0
8.19;0.0
8.20;0.0
8.21;0.0
8.22;0.0
8.23;0.0
8.24;0.0
8.25;0.0
8.26;29.67759021337842
8.27;0.0
8.28;0.0
8.29;0.0
8.30;22.145518868016463
8.31;0.0
9.0;0.0
9.1;0.0
9.2;0.0
9.3;0.0
9.4;0.0
9.5;0.0
9.6;0.0
9.7;0.0
9.8;0.0
9.9;0.0
9.10;0.0
9.11;0.0
9.12;0.0
9.13;0.0
9.14;0.0
9.15;0.0
9.16;0.0
9.17;0.0
9.18;0.0
9.19;0.0
9.20;0.0
9.21;0.0
9.22;0.0
9.23;0.0
9.24;0.0
9.25;0.0
9.26;27.804785525668617
9.27;19.68168011292899
9.28;14.586119116229415
9.29;0.0
9.30;0.0
9.31;0.0
10.0;0.0
10.1;0.0
10.2;0.0
10.3;0.0
10.4;0.0
10.5;0.0
10.6;0.0
10.7;0.0
10.8;0.0
10.9;0.0
10.10;0.0
10.11;0.0
10.12;0.0
10.13;0.0
10.14;0.0
10.15;0.0
10.16;0.0
10.17;0.0
10.18;0.0
10.19;0.0
10.20;0.0
10.21;0.0
10.22;0.0
10.23;0.0
10.24;0.0
10.25;0.0
10.26;27.41004931981078
10.27;18.415386684662195
10.28;13.868856247759705
10.29;0.0
10.30;22.384991783276927
10.31;0.0
11.0;0.0
11.1;0.0
11.2;0.0
11.3;0.0
11.4;0.0
11.5;0.0
11.6;0.0
11.7;0.0
11.8;0.0
11.9;0.0
11.10;0.0
11.11;0.0
11.12;0.0
11.13;0.0
11.14;0.0
11.15;0.0
11.16;0.0
11.17;0.0
11.18;0.0
11.19;0.0
11.20;0.0
11.21;0.0
11.22;0.0
11.23;0.0
11.24;0.0
11.25;0.0
11.26;39.42579993704379
11.27;22.211194950630667
11.28;15.763626125021984
11.29;22.14205725964958
11.30;0.0
11.31;0.0
12.0;0.0
12.1;0.0
12.2;0.0
12.3;0.0
12.4;0.0
12.5;0.0
12.6;0.0
12.7;0.0
12.8;0.0
12.9;0.0
12.10;0.0
12.11;0.0
12.12;0.0
12.13;0.0
12.14;0.0
12.15;0.0
12.16;0.0
12.17;0.0
12.18;0.0
12.19;0.0
12.20;0.0
12.21;0.0
12.22;0.0
12.23;0.0
12.24;0.0
12.25;0.0
12.26;0.0
12.27;31.617917550352313
12.28;0.0
12.29;19.033059293169654
12.30;24.479534962895073
12.31;0.0
13.0;0.0
13.1;0.0
13.2;0.0
13.3;0.0
13.4;0.0
13.5;0.0
13.6;0.0
13.7;0.0
13.8;0.0
13.9;0.0
13.10;0.0
13.11;0.0
13.12;0.0
13.13;0.0
13.14;0.0
13.15;0.0
13.16;0.0
13.17;0.0
13.18;0.0
13.19;0.0
13.20;0.0
13.21;0.0
13.22;0.0
13.23;0.0
13.24;0.0
13.25;0.0
13.26;15.486027745507705
13.27;18.533610800239604
13.28;19.01633336969012
13.29;11.875279099661265
13.30;12.871754248475803
13.31;0.0
14.0;0.0
14.1;0.0
14.2;0.0
14.3;0.0
14.4;0.0
14.5;0.0
14.6;0.0
14.7;0.0
14.8;0.0
14.9;0.0
14.10;0.0
14.11;0.0
14.12;0.0
14.13;0.0
14.14;0.0
14.15;0.0
14.16;0.0
14.17;0.0
14.18;0.0
14.19;0.0
14.20;0.0
14.21;0.0
14.22;0.0
14.23;0.0
14.24;0.0
14.25;0.0
14.26;18.706929144100258
14.27;25.060532665024212
14.28;0.0
14.29;0.0
14.30;15.380903920335587
14.31;0.0
15.0;0.0
15.1;0.0
15.2;0.0
15.3;0.0
15.4;0.0
15.5;0.0
15.6;0.0
15.7;0.0
15.8;0.0
15.9;0.0
15.10;0.0
15.11;0.0
15.12;0.0
15.13;0.0
15.14;0.0
15.15;0.0
15.16;0.0
15.17;0.0
15.18;0.0
15.19;0.0
15.20;0.0
15.21;0.0
15.22;0.0
15.23;0.0
15.24;0.0
15.25;0.0
15.26;0.0
15.27;20.433939473615485
15.28;28.29392941611579
15.29;0.0
15.30;13.641338400530984
15.31;0.0
16.0;0.0
16.1;0.0
16.2;0.0
16.3;0.0
16.4;0.0
16.5;0.0
16.6;0.0
16.7;0.0
16.8;0.0
16.9;0.0
16.10;0.0
16.11;0.0
16.12;0.0
16.13;0.0
16.14;0.0
16.15;0.0
16.16;0.0
16.17;0.0
16.18;0.0
16.19;0.0
16.20;0.0
16.21;0.0
16.22;0.0
16.23;0.0
16.24;0.0
16.25;0.0
16.26;0.0
16.27;45.752091664867294
16.28;72.81016234778282
16.29;20.075888934963974
16.30;21.326241830583715
16.31;0.0
17.0;0.0
17.1;0.0
17.2;0.0
17.3;0.0
17.4;0.0
17.5;0.0
17.6;0.0
17.7;0.0
17.8;0.0
17.9;0.0
17.10;0.0
17.11;0.0
17.12;0.0
17.13;0.0
17.14;0.0
17.15;0.0
17.16;0.0
17.17;0.0
17.18;0.0
17.19;0.0
17.20;0.0
17.21;0.0
17.22;0.0
17.23;0.0
17.24;0.0
17.25;0.0
17.26;0.0
17.27;63.572228499907226
17.28;34.29267745900395
17.29;21.233070569672474
17.30;25.348571442690442
17.31;0.0
18.0;0.0
18.1;0.0
18.2;0.0
18.3;0.0
18.4;0.0
18.5;0.0
18.6;0.0
18.7;0.0
18.8;0.0
18.9;0.0
18.10;0.0
18.11;0.0
18.12;0.0
18.13;0.0
18.14;0.0
18.15;0.0
18.16;0.0
18.17;0.0
18.18;0.0
18.19;0.0
18.20;0.0
18.21;0.0
18.22;0.0
18.23;0.0
18.24;0.0
18.25;0.0
18.26;85.99033043693468
18.27;40.567107540354584
18.28;23.283770008961405
18.29;31.054639542198355
18.30;48.95698478910585
18.31;0.0
19.0;0.0
19.1;0.0
19.2;0.0
19.3;0.0
19.4;0.0
19.5;0.0
19.6;0.0
19.7;0.0
19.8;0.0
19.9;0.0
19.10;0.0
19.11;0.0
19.12;0.0
19.13;0.0
19.14;0.0
19.15;0.0
19.16;0.0
19.17;0.0
19.18;0.0
19.19;0.0
19.20;0.0
19.21;0.0
19.22;0.0
19.23;0.0
19.24;0.0
19.25;0.0
19.26;0.0
19.27;36.70176850571603
19.28;23.19611421639212
19.29;39.370058069920155
19.30;73.12326186848807
19.31;0.0
20.0;0.0
20.1;0.0
20.2;0.0
20.3;0.0
20.4;0.0
20.5;0.0
20.6;0.0
20.7;0.0
20.8;0.0
20.9;0.0
20.10;0.0
20.11;0.0
20.12;0.0
20.13;0.0
20.14;0.0
20.15;0.0
20.16;0.0
20.17;0.0
20.18;0.0
20.19;0.0
20.20;0.0
20.21;0.0
20.22;0.0
20.23;0.0
20.24;0.0
20.25;0.0
20.26;0.0
20.27;26.823262295541273
20.28;18.785339553537806
20.29;29.86814698795277
20.30;44.607144907269955
20.31;0.0
21.0;0.0
21.1;0.0
21.2;0.0
21.3;0.0
21.4;0.0
21.5;0.0
21.6;0.0
21.7;0.0
21.8;0.0
21.9;0.0
21.10;0.0
21.11;0.0
21.12;0.0
21.13;0.0
21.14;0.0
21.15;0.0
21.16;0.0
21.17;0.0
21.18;0.0
21.19;0.0
21.20;0.0
21.21;0.0
21.22;0.0
21.23;0.0
21.24;0.0
21.25;0.0
21.26;0.0
21.27;0.0
21.28;16.965198217280257
21.29;32.67218835748625
21.30;0.0
21.31;0.0
22.0;0.0
22.1;0.0
22.2;0.0
22.3;0.0
22.4;0.0
22.5;0.0
22.6;0.0
22.7;0.0
22.8;0.0
22.9;0.0
22.10;0.0
22.11;0.0
22.12;0.0
22.13;0.0
22.14;0.0
22.15;0.0
22.16;0.0
22.17;0.0
22.18;0.0
22.19;0.0
22.20;0.0
22.21;0.0
22.22;0.0
22.23;0.0
22.24;0.0
22.25;0.0
22.26;37.31598812881522
22.27;19.81163005853693
22.28;16.131703776136806
22.29;31.385740375200918
22.30;0.0
22.31;0.0
23.0;0.0
23.1;0.0
23.2;0.0
23.3;0.0
23.4;0.0
23.5;0.0
23.6;0.0
23.7;0.0
23.8;0.0
23.9;0.0
23.10;0.0
23.11;0.0
23.12;0.0
23.13;0.0
23.14;0.0
23.15;0.0
23.16;0.0
23.17;0.0
23.18;0.0
23.19;0.0
23.20;0.0
23.21;0.0
23.22;0.0
23.23;0.0
23.24;0.0
23.25;0.0
23.26;0.0
23.27;0.0
23.28;12.392820976578863
23.29;21.656140204452495
23.30;24.402007194315846
23.31;0.0
24.0;0.0
24.1;0.0
24.2;0.0
24.3;0.0
24.4;0.0
24.5;0.0
24.6;0.0
24.7;0.0
24.8;0.0
24.9;0.0
24.10;0.0
24.11;0.0
24.12;0.0
24.13;0.0
24.14;0.0
24.15;0.0
24.16;0.0
24.17;0.0
24.18;0.0
24.19;0.0
24.20;0.0
24.21;0.0
24.22;0.0
24.23;0.0
24.24;0.0
24.25;0.0
24.26;35.712009828911214
24.27;0.0
24.28;16.456381443219897
24.29;37.73801544528471
24.30;41.212367829293726
24.31;0.0
25.0;0.0
25.1;0.0
25.2;0.0
25.3;0.0
25.4;0.0
25.5;0.0
25.6;0.0
25.7;0.0
25.8;0.0
25.9;0.0
25.10;0.0
25.11;0.0
25.12;0.0
25.13;0.0
25.14;0.0
25.15;0.0
25.16;0.0
25.17;0.0
25.18;0.0
25.19;0.0
25.20;0.0
25.21;0.0
25.22;0.0
25.23;0.0
25.24;0.0
25.25;0.0
25.26;0.0
25.27;29.942429287607965
25.28;0.0
25.29;0.0
25.30;0.0
25.31;0.0
26.0;48.29680403021125
26.1;25.66665395335862
26.2;0.0
26.3;28.514446941485424
26.4;0.0
26.5;0.0
26.6;0.0
26.7;27.411046859962035
26.8;29.67759021337842
26.9;27.804785525668617
26.10;27.41004931981078
26.11;39.42579993704379
26.12;0.0
26.13;15.486027745507705
26.14;18.706929144100258
26.15;0.0
26.16;0.0
26.17;0.0
26.18;85.99033043693468
26.19;0.0
26.20;0.0
26.21;0.0
26.22;37.31598812881522
26.23;0.0
26.24;35.712009828911214
26.25;0.0
26.26;0.0
26.27;68.13041590978968
26.28;40.079654971319265
26.29;73.3385198801579
26.30;164.14512709153288
26.31;0.0
27.0;0.0
27.1;22.92343833624459
27.2;31.781051240153012
27.3;0.0
27.4;0.0
27.5;0.0
27.6;20.586659418464663
27.7;21.302662248837194
27.8;0.0
27.9;19.68168011292899
27.10;18.415386684662195
27.11;22.211194950630667
27.12;31.617917550352313
27.13;18.533610800239604
27.14;25.060532665024212
27.15;20.433939473615485
27.16;45.752091664867294
27.17;63.572228499907226
27.18;40.567107540354584
27.19;36.70176850571603
27.20;26.823262295541273
27.21;0.0
27.22;19.81163005853693
27.23;0.0
27.24;0.0
27.25;29.942429287607965
27.26;68.13041590978968
27.27;0.0
27.28;63.83626305888273
27.29;39.80181252853854
27.30;48.57659682884389
27.31;0.0
28.0;0.0
28.1;17.128273499239555
28.2;0.0
28.3;28.194204945106716
28.4;37.66745613487047
28.5;0.0
28.6;0.0
28.7;0.0
28.8;0.0
28.9;14.586119116229415
28.10;13.868856247759705
28.11;15.763626125021984
28.12;0.0
28.13;19.01633336969012
28.14;0.0
28.15;28.29392941611579
28.16;72.81016234778282
28.17;34.29267745900395
28.18;23.283770008961405
28.19;23.19611421639212
28.20;18.785339553537806
28.21;16.965198217280257
28.22;16.131703776136806
28.23;12.392820976578863
28.24;16.456381443219897
28.25;0.0
28.26;40.079654971319265
28.27;63.83626305888273
28.28;0.0
28.29;35.35410011540941
28.30;0.0
28.31;0.0
29.0;23.129915175299992
29.1;16.94664843620679
29.2;0.0
29.3;0.0
29.4;0.0
29.5;0.0
29.6;12.994967308708793
29.7;0.0
29.8;0.0
29.9;0.0
29.10;0.0
29.11;22.14205725964958
29.12;19.033059293169654
29.13;11.875279099661265
29.14;0.0
29.15;0.0
29.16;20.075888934963974
29.17;21.233070569672474
29.18;31.054639542198355
29.19;39.370058069920155
29.20;29.86814698795277
29.21;32.67218835748625
29.22;31.385740375200918
29.23;21.656140204452495
29.24;37.73801544528471
29.25;0.0
29.26;73.3385198801579
29.27;39.80181252853854
29.28;35.35410011540941
29.29;0.0
29.30;115.2625703233925
29.31;0.0
30.0;0.0
30.1;20.543705606834017
30.2;25.326845591733502
30.3;0.0
30.4;32.82884343964655
30.5;19.381460686722193
30.6;0.0
30.7;0.0
30.8;22.145518868016463
30.9;0.0
30.10;22.384991783276927
30.11;0.0
30.12;24.479534962895073
30.13;12.871754248475803
30.14;15.380903920335587
30.15;13.641338400530984
30.16;21.326241830583715
30.17;25.348571442690442
30.18;48.95698478910585
30.19;73.12326186848807
30.20;44.607144907269955
30.21;0.0
30.22;0.0
30.23;24.402007194315846
30.24;41.212367829293726
30.25;0.0
30.26;164.14512709153288
30.27;48.57659682884389
30.28;0.0
30.29;115.2625703233925
30.30;0.0
30.31;0.0
31.0;0.0
31.1;0.0
31.2;0.0
31.3;0.0
31.4;0.0
31.5;0.0
31.6;0.0
31.7;0.0
31.8;0.0
31.9;0.0
31.10;0.0
31.11;0.0
31.12;0.0
31.13;0.0
31.14;0.0
31.15;0.0
31.16;0.0
31.17;0.0
31.18;0.0
31.19;0.0
31.20;0.0
31.21;0.0
31.22;0.0
31.23;0.0
31.24;0.0
31.25;0.0
31.26;0.0
31.27;0.0
31.28;0.0
31.29;0.0
31.30;0.0
31.31;0.0

****Importance nodes******

0;0.10015681003584229
1;0.3225806451612903
2;0.625
3;0.625
4;0.8333333333333334
5;0.16084229390681004
6;0.09613282522808732
7;0.20683363521361622
8;0.12007876151132495
9;0.21169673836398256
10;0.1945585899315738
11;0.17067488357642974
12;0.19195835801616737
13;0.2090023528970522
14;0.20972858087862406
15;0.18170593470519655
16;0.1947739503563882
17;0.2269754683411718
18;0.22151519188141036
19;0.23997011252659126
20;0.248954699186879
21;0.23058612092529246
22;0.27756362394926715
23;0.2138406354320769
24;0.27416768449573353
25;0.23096758271719656
26;0.5555555555555556
27;0.45454545454545453
28;0.5
29;0.5
30;0.5
31;0.2681888436160569
