
****Importance edges******

0.0;0.0
0.1;0.708197142158453
0.2;0.729368635447992
0.3;0.0
0.4;0.0
0.5;0.0
0.6;0.0
0.7;0.0
0.8;0.0
0.9;0.0
0.10;0.0
0.11;0.0
0.12;0.0
0.13;0.0
0.14;0.0
0.15;0.0
0.16;0.0
0.17;0.0
0.18;0.3033026405127399
0.19;0.0
0.20;0.0
0.21;0.0
0.22;0.0
0.23;1.11172820287861
0.24;0.9340844417540342
0.25;0.5519947585757027
0.26;0.0
0.27;0.0
0.28;0.0
0.29;0.6651860945417389
0.30;0.0
0.31;0.0
1.0;0.708197142158453
1.1;0.0
1.2;0.24233794106980283
1.3;0.6266951690832384
1.4;0.513617689185988
1.5;0.3806445414819484
1.6;0.2876337775130042
1.7;0.22999522034579784
1.8;0.33384733442478365
1.9;0.38512289811012906
1.10;0.48449915347153744
1.11;0.5905637056427293
1.12;0.3470678348825449
1.13;1.0663836636501631
1.14;1.0483836806660698
1.15;1.351027083714875
1.16;1.0925140672317404
1.17;0.7098295743029379
1.18;0.6490073898001589
1.19;0.7760673316531177
1.20;0.7115184799640055
1.21;0.922586612383498
1.22;1.0609834149349031
1.23;1.2166680332670612
1.24;1.2352351518014704
1.25;0.9800828599606339
1.26;0.8770918777535823
1.27;0.8690888927155644
1.28;1.2311681194045414
1.29;1.2443631171135296
1.30;1.0264839594318562
1.31;0.6513150021252792
2.0;0.729368635447992
2.1;0.24233794106980283
2.2;0.0
2.3;0.4061427823466043
2.4;0.34271767212381027
2.5;0.0
2.6;0.0
2.7;0.45228414662115446
2.8;0.0
2.9;0.0
2.10;0.0
2.11;0.0
2.12;0.0
2.13;0.0
2.14;0.0
2.15;0.0
2.16;0.0
2.17;0.0
2.18;0.0
2.19;0.0
2.20;0.0
2.21;0.0
2.22;0.0
2.23;0.0
2.24;0.0
2.25;0.0
2.26;0.0
2.27;0.0
2.28;0.0
2.29;0.0
2.30;0.0
2.31;0.661567370159645
3.0;0.0
3.1;0.6266951690832384
3.2;0.4061427823466043
3.3;0.0
3.4;0.0
3.5;0.0
3.6;0.0
3.7;0.0
3.8;0.0
3.9;0.0
3.10;0.0
3.11;0.0
3.12;0.0
3.13;0.0
3.14;0.0
3.15;0.0
3.16;0.7976409605896398
3.17;0.0
3.18;0.0
3.19;0.0
3.20;0.0
3.21;0.0
3.22;1.4828985291144952
3.23;0.0
3.24;0.0
3.25;0.0
3.26;0.0
3.27;0.0
3.28;0.0
3.29;0.0
3.30;0.0
3.31;0.0
4.0;0.0
4.1;0.513617689185988
4.2;0.34271767212381027
4.3;0.0
4.4;0.0
4.5;0.0
4.6;0.0
4.7;0.636401410626924
4.8;0.0
4.9;0.0
4.10;0.0
4.11;0.0
4.12;0.0
4.13;0.0
4.14;0.5437795166616886
4.15;0.0
4.16;0.0
4.17;0.0
4.18;0.0
4.19;0.0
4.20;0.0
4.21;0.0
4.22;0.0
4.23;0.0
4.24;0.0
4.25;1.0599728310472591
4.26;0.0
4.27;0.0
4.28;0.0
4.29;0.0
4.30;0.0
4.31;0.0
5.0;0.0
5.1;0.3806445414819484
5.2;0.0
5.3;0.0
5.4;0.0
5.5;0.0
5.6;0.0
5.7;0.0
5.8;0.0
5.9;0.0
5.10;0.0
5.11;0.0
5.12;0.0
5.13;0.7546154021742403
5.14;0.0
5.15;0.0
5.16;0.0
5.17;0.0
5.18;0.0
5.19;0.0
5.20;0.0
5.21;0.0
5.22;0.0
5.23;0.0
5.24;0.0
5.25;0.8773361510019737
5.26;0.0
5.27;0.0
5.28;0.0
5.29;0.0
5.30;0.0
5.31;0.0
6.0;0.0
6.1;0.2876337775130042
6.2;0.0
6.3;0.0
6.4;0.0
6.5;0.0
6.6;0.0
6.7;0.0
6.8;0.0
6.9;0.0
6.10;0.0
6.11;0.0
6.12;0.0
6.13;0.0
6.14;0.7611201163652351
6.15;0.0
6.16;0.0
6.17;0.0
6.18;0.0
6.19;0.0
6.20;0.0
6.21;0.0
6.22;0.0
6.23;0.0
6.24;0.0
6.25;0.0
6.26;0.0
6.27;0.6857479703970076
6.28;0.0
6.29;0.0
6.30;0.0
6.31;0.0
7.0;0.0
7.1;0.22999522034579784
7.2;0.45228414662115446
7.3;0.0
7.4;0.636401410626924
7.5;0.0
7.6;0.0
7.7;0.0
7.8;0.0
7.9;0.0
7.10;0.0
7.11;0.0
7.12;0.0
7.13;0.0
7.14;0.0
7.15;0.0
7.16;0.0
7.17;0.0
7.18;0.0
7.19;0.0
7.20;0.0
7.21;0.0
7.22;0.0
7.23;0.9870995434571177
7.24;0.0
7.25;0.0
7.26;0.0
7.27;0.0
7.28;0.0
7.29;0.0
7.30;0.0
7.31;0.0
8.0;0.0
8.1;0.33384733442478365
8.2;0.0
8.3;0.0
8.4;0.0
8.5;0.0
8.6;0.0
8.7;0.0
8.8;0.0
8.9;0.0
8.10;0.0
8.11;0.0
8.12;0.0
8.13;0.0
8.14;0.0
8.15;0.0
8.16;0.0
8.17;0.0
8.18;0.0
8.19;0.0
8.20;0.37781861207795764
8.21;0.0
8.22;0.0
8.23;0.0
8.24;0.0
8.25;0.0
8.26;0.0
8.27;0.0
8.28;0.0
8.29;0.0
8.30;0.0
8.31;0.0
9.0;0.0
9.1;0.38512289811012906
9.2;0.0
9.3;0.0
9.4;0.0
9.5;0.0
9.6;0.0
9.7;0.0
9.8;0.0
9.9;0.0
9.10;0.0
9.11;0.0
9.12;0.0
9.13;0.0
9.14;1.2712528494519875
9.15;0.0
9.16;0.0
9.17;0.0
9.18;0.0
9.19;0.0
9.20;0.0
9.21;0.0
9.22;0.7088021665658945
9.23;0.0
9.24;0.0
9.25;0.0
9.26;0.0
9.27;0.0
9.28;0.0
9.29;0.0
9.30;0.0
9.31;0.0
10.0;0.0
10.1;0.48449915347153744
10.2;0.0
10.3;0.0
10.4;0.0
10.5;0.0
10.6;0.0
10.7;0.0
10.8;0.0
10.9;0.0
10.10;0.0
10.11;0.0
10.12;0.0
10.13;1.4437914167998651
10.14;0.0
10.15;0.0
10.16;1.2335334943093956
10.17;0.0
10.18;0.0
10.19;0.0
10.20;0.0
10.21;0.5278589837791277
10.22;0.0
10.23;0.0
10.24;0.0
10.25;0.0
10.26;0.0
10.27;0.0
10.28;0.0
10.29;0.0
10.30;0.0
10.31;0.0
11.0;0.0
11.1;0.5905637056427293
11.2;0.0
11.3;0.0
11.4;0.0
11.5;0.0
11.6;0.0
11.7;0.0
11.8;0.0
11.9;0.0
11.10;0.0
11.11;0.0
11.12;0.0
11.13;1.3908628153271123
11.14;1.2518847572824423
11.15;0.0
11.16;0.0
11.17;0.0
11.18;0.0
11.19;0.0
11.20;0.0
11.21;0.33384733442478365
11.22;0.0
11.23;0.0
11.24;0.0
11.25;0.0
11.26;0.0
11.27;0.0
11.28;0.0
11.29;0.0
11.30;0.0
11.31;0.0
12.0;0.0
12.1;0.3470678348825449
12.2;0.0
12.3;0.0
12.4;0.0
12.5;0.0
12.6;0.0
12.7;0.0
12.8;0.0
12.9;0.0
12.10;0.0
12.11;0.0
12.12;0.0
12.13;0.0
12.14;0.0
12.15;1.1037176814859475
12.16;0.7813520095567927
12.17;0.0
12.18;0.0
12.19;0.0
12.20;0.0
12.21;0.0
12.22;0.8948966727225908
12.23;0.0
12.24;0.0
12.25;0.0
12.26;0.0
12.27;0.0
12.28;0.0
12.29;0.0
12.30;0.0
12.31;0.0
13.0;0.0
13.1;1.0663836636501631
13.2;0.0
13.3;0.0
13.4;0.0
13.5;0.7546154021742403
13.6;0.0
13.7;0.0
13.8;0.0
13.9;0.0
13.10;1.4437914167998651
13.11;1.3908628153271123
13.12;0.0
13.13;0.0
13.14;0.0
13.15;0.0
13.16;0.0
13.17;0.0
13.18;0.0
13.19;0.0
13.20;0.0
13.21;0.0
13.22;1.776668161785823
13.23;2.0050090913508303
13.24;0.0
13.25;0.0
13.26;0.0
13.27;0.0
13.28;0.0
13.29;0.0
13.30;1.4120900747102367
13.31;0.0
14.0;0.0
14.1;1.0483836806660698
14.2;0.0
14.3;0.0
14.4;0.5437795166616886
14.5;0.0
14.6;0.7611201163652351
14.7;0.0
14.8;0.0
14.9;1.2712528494519875
14.10;0.0
14.11;1.2518847572824423
14.12;0.0
14.13;0.0
14.14;0.0
14.15;0.0
14.16;0.0
14.17;0.0
14.18;0.0
14.19;0.0
14.20;0.0
14.21;0.0
14.22;0.0
14.23;0.0
14.24;0.0
14.25;0.0
14.26;0.0
14.27;0.0
14.28;0.0
14.29;0.0
14.30;1.1829404947519968
14.31;0.0
15.0;0.0
15.1;1.351027083714875
15.2;0.0
15.3;0.0
15.4;0.0
15.5;0.0
15.6;0.0
15.7;0.0
15.8;0.0
15.9;0.0
15.10;0.0
15.11;0.0
15.12;1.1037176814859475
15.13;0.0
15.14;0.0
15.15;0.0
15.16;0.0
15.17;0.0
15.18;0.0
15.19;0.0
15.20;0.0
15.21;1.5930770181125966
15.22;1.7455605989570242
15.23;0.0
15.24;0.0
15.25;0.0
15.26;0.0
15.27;0.0
15.28;0.0
15.29;0.0
15.30;0.0
15.31;0.0
16.0;0.0
16.1;1.0925140672317404
16.2;0.0
16.3;0.7976409605896398
16.4;0.0
16.5;0.0
16.6;0.0
16.7;0.0
16.8;0.0
16.9;0.0
16.10;1.2335334943093956
16.11;0.0
16.12;0.7813520095567927
16.13;0.0
16.14;0.0
16.15;0.0
16.16;0.0
16.17;0.38277821699058284
16.18;0.0
16.19;0.0
16.20;0.0
16.21;0.0
16.22;0.0
16.23;0.0
16.24;0.0
16.25;0.0
16.26;0.0
16.27;0.0
16.28;0.0
16.29;0.887199331510441
16.30;0.0
16.31;0.0
17.0;0.0
17.1;0.7098295743029379
17.2;0.0
17.3;0.0
17.4;0.0
17.5;0.0
17.6;0.0
17.7;0.0
17.8;0.0
17.9;0.0
17.10;0.0
17.11;0.0
17.12;0.0
17.13;0.0
17.14;0.0
17.15;0.0
17.16;0.38277821699058284
17.17;0.0
17.18;0.0
17.19;0.0
17.20;0.7690202791580951
17.21;0.0
17.22;0.0
17.23;0.0
17.24;1.1712139135641715
17.25;0.0
17.26;0.0
17.27;0.0
17.28;0.0
17.29;0.0
17.30;0.0
17.31;0.0
18.0;0.3033026405127399
18.1;0.6490073898001589
18.2;0.0
18.3;0.0
18.4;0.0
18.5;0.0
18.6;0.0
18.7;0.0
18.8;0.0
18.9;0.0
18.10;0.0
18.11;0.0
18.12;0.0
18.13;0.0
18.14;0.0
18.15;0.0
18.16;0.0
18.17;0.0
18.18;0.0
18.19;0.0
18.20;0.0
18.21;0.0
18.22;0.0
18.23;0.0
18.24;0.0
18.25;0.0
18.26;0.0
18.27;0.0
18.28;0.0
18.29;0.5956229876334704
18.30;0.3778185536483592
18.31;0.32407406835072006
19.0;0.0
19.1;0.7760673316531177
19.2;0.0
19.3;0.0
19.4;0.0
19.5;0.0
19.6;0.0
19.7;0.0
19.8;0.0
19.9;0.0
19.10;0.0
19.11;0.0
19.12;0.0
19.13;0.0
19.14;0.0
19.15;0.0
19.16;0.0
19.17;0.0
19.18;0.0
19.19;0.0
19.20;0.0
19.21;0.0
19.22;0.47367228316294824
19.23;0.0
19.24;0.0
19.25;0.0
19.26;0.0
19.27;0.0
19.28;0.0
19.29;0.0
19.30;0.0
19.31;0.0
20.0;0.0
20.1;0.7115184799640055
20.2;0.0
20.3;0.0
20.4;0.0
20.5;0.0
20.6;0.0
20.7;0.0
20.8;0.37781861207795764
20.9;0.0
20.10;0.0
20.11;0.0
20.12;0.0
20.13;0.0
20.14;0.0
20.15;0.0
20.16;0.0
20.17;0.7690202791580951
20.18;0.0
20.19;0.0
20.20;0.0
20.21;0.0
20.22;0.37325266694046094
20.23;0.0
20.24;0.0
20.25;0.0
20.26;0.0
20.27;0.0
20.28;0.0
20.29;0.0
20.30;0.0
20.31;0.0
21.0;0.0
21.1;0.922586612383498
21.2;0.0
21.3;0.0
21.4;0.0
21.5;0.0
21.6;0.0
21.7;0.0
21.8;0.0
21.9;0.0
21.10;0.5278589837791277
21.11;0.33384733442478365
21.12;0.0
21.13;0.0
21.14;0.0
21.15;1.5930770181125966
21.16;0.0
21.17;0.0
21.18;0.0
21.19;0.0
21.20;0.0
21.21;0.0
21.22;0.0
21.23;0.0
21.24;0.0
21.25;0.2752976168041081
21.26;0.0
21.27;0.0
21.28;1.1039895001174518
21.29;0.0
21.30;0.0
21.31;0.0
22.0;0.0
22.1;1.0609834149349031
22.2;0.0
22.3;1.4828985291144952
22.4;0.0
22.5;0.0
22.6;0.0
22.7;0.0
22.8;0.0
22.9;0.7088021665658945
22.10;0.0
22.11;0.0
22.12;0.8948966727225908
22.13;1.776668161785823
22.14;0.0
22.15;1.7455605989570242
22.16;0.0
22.17;0.0
22.18;0.0
22.19;0.47367228316294824
22.20;0.37325266694046094
22.21;0.0
22.22;0.0
22.23;0.0
22.24;0.0
22.25;0.0
22.26;0.0
22.27;0.0
22.28;0.0
22.29;0.0
22.30;0.0
22.31;0.0
23.0;1.11172820287861
23.1;1.2166680332670612
23.2;0.0
23.3;0.0
23.4;0.0
23.5;0.0
23.6;0.0
23.7;0.9870995434571177
23.8;0.0
23.9;0.0
23.10;0.0
23.11;0.0
23.12;0.0
23.13;2.0050090913508303
23.14;0.0
23.15;0.0
23.16;0.0
23.17;0.0
23.18;0.0
23.19;0.0
23.20;0.0
23.21;0.0
23.22;0.0
23.23;0.0
23.24;0.0
23.25;0.0
23.26;0.0
23.27;0.0
23.28;0.0
23.29;0.0
23.30;0.7499428679049945
23.31;1.1434340746536764
24.0;0.9340844417540342
24.1;1.2352351518014704
24.2;0.0
24.3;0.0
24.4;0.0
24.5;0.0
24.6;0.0
24.7;0.0
24.8;0.0
24.9;0.0
24.10;0.0
24.11;0.0
24.12;0.0
24.13;0.0
24.14;0.0
24.15;0.0
24.16;0.0
24.17;1.1712139135641715
24.18;0.0
24.19;0.0
24.20;0.0
24.21;0.0
24.22;0.0
24.23;0.0
24.24;0.0
24.25;0.0
24.26;0.0
24.27;0.0
24.28;0.0
24.29;0.0
24.30;0.4815705665454452
24.31;0.981874424750677
25.0;0.5519947585757027
25.1;0.9800828599606339
25.2;0.0
25.3;0.0
25.4;1.0599728310472591
25.5;0.8773361510019737
25.6;0.0
25.7;0.0
25.8;0.0
25.9;0.0
25.10;0.0
25.11;0.0
25.12;0.0
25.13;0.0
25.14;0.0
25.15;0.0
25.16;0.0
25.17;0.0
25.18;0.0
25.19;0.0
25.20;0.0
25.21;0.2752976168041081
25.22;0.0
25.23;0.0
25.24;0.0
25.25;0.0
25.26;0.0
25.27;0.586923028279005
25.28;0.0
25.29;0.0
25.30;0.0
25.31;0.0
26.0;0.0
26.1;0.8770918777535823
26.2;0.0
26.3;0.0
26.4;0.0
26.5;0.0
26.6;0.0
26.7;0.0
26.8;0.0
26.9;0.0
26.10;0.0
26.11;0.0
26.12;0.0
26.13;0.0
26.14;0.0
26.15;0.0
26.16;0.0
26.17;0.0
26.18;0.0
26.19;0.0
26.20;0.0
26.21;0.0
26.22;0.0
26.23;0.0
26.24;0.0
26.25;0.0
26.26;0.0
26.27;0.0
26.28;0.0
26.29;0.3689788038164416
26.30;0.16485630623660982
26.31;0.0
27.0;0.0
27.1;0.8690888927155644
27.2;0.0
27.3;0.0
27.4;0.0
27.5;0.0
27.6;0.6857479703970076
27.7;0.0
27.8;0.0
27.9;0.0
27.10;0.0
27.11;0.0
27.12;0.0
27.13;0.0
27.14;0.0
27.15;0.0
27.16;0.0
27.17;0.0
27.18;0.0
27.19;0.0
27.20;0.0
27.21;0.0
27.22;0.0
27.23;0.0
27.24;0.0
27.25;0.586923028279005
27.26;0.0
27.27;0.0
27.28;0.0
27.29;0.0
27.30;0.0
27.31;0.0
28.0;0.0
28.1;1.2311681194045414
28.2;0.0
28.3;0.0
28.4;0.0
28.5;0.0
28.6;0.0
28.7;0.0
28.8;0.0
28.9;0.0
28.10;0.0
28.11;0.0
28.12;0.0
28.13;0.0
28.14;0.0
28.15;0.0
28.16;0.0
28.17;0.0
28.18;0.0
28.19;0.0
28.20;0.0
28.21;1.1039895001174518
28.22;0.0
28.23;0.0
28.24;0.0
28.25;0.0
28.26;0.0
28.27;0.0
28.28;0.0
28.29;0.0
28.30;0.0
28.31;0.0
29.0;0.6651860945417389
29.1;1.2443631171135296
29.2;0.0
29.3;0.0
29.4;0.0
29.5;0.0
29.6;0.0
29.7;0.0
29.8;0.0
29.9;0.0
29.10;0.0
29.11;0.0
29.12;0.0
29.13;0.0
29.14;0.0
29.15;0.0
29.16;0.887199331510441
29.17;0.0
29.18;0.5956229876334704
29.19;0.0
29.20;0.0
29.21;0.0
29.22;0.0
29.23;0.0
29.24;0.0
29.25;0.0
29.26;0.3689788038164416
29.27;0.0
29.28;0.0
29.29;0.0
29.30;0.22241504617001265
29.31;0.7333542999667696
30.0;0.0
30.1;1.0264839594318562
30.2;0.0
30.3;0.0
30.4;0.0
30.5;0.0
30.6;0.0
30.7;0.0
30.8;0.0
30.9;0.0
30.10;0.0
30.11;0.0
30.12;0.0
30.13;1.4120900747102367
30.14;1.1829404947519968
30.15;0.0
30.16;0.0
30.17;0.0
30.18;0.3778185536483592
30.19;0.0
30.20;0.0
30.21;0.0
30.22;0.0
30.23;0.7499428679049945
30.24;0.4815705665454452
30.25;0.0
30.26;0.16485630623660982
30.27;0.0
30.28;0.0
30.29;0.22241504617001265
30.30;0.0
30.31;0.0
31.0;0.0
31.1;0.6513150021252792
31.2;0.661567370159645
31.3;0.0
31.4;0.0
31.5;0.0
31.6;0.0
31.7;0.0
31.8;0.0
31.9;0.0
31.10;0.0
31.11;0.0
31.12;0.0
31.13;0.0
31.14;0.0
31.15;0.0
31.16;0.0
31.17;0.0
31.18;0.32407406835072006
31.19;0.0
31.20;0.0
31.21;0.0
31.22;0.0
31.23;1.1434340746536764
31.24;0.981874424750677
31.25;0.6046231753654454
31.26;0.0
31.27;0.0
31.28;0.0
31.29;0.7333542999667696
31.30;0.0
31.31;0.0
