
****Mix criterion 0.5*C(weight)+0.5*C(distance) ******

(0.5);0.4651168320875226
(0.6);0.41847228119896357
(0.7);0.390258391926015
(0.8);0.42548424445406124
(0.9);0.3659025409377605
(0.10);0.35395401460303366
(0.11);0.40751200194341053
(0.12);0.4956656517508003
(0.13);0.30483026527356216
(0.14);0.3644190667725209
(0.15);0.31263829001736604
(0.16);0.44294568307371285
(0.17);0.5769551066341918
(0.18);0.5318226959776118
(0.19);0.48180557285001846
(0.20);0.4212127628151131
(0.21);0.3690177377114851
(0.22);0.32088110174685985
(0.23);0.2537963349932844
(0.24);0.3039983531653629
(0.25);0.424625413372303
(0.31);0.9824127216643568
(1.3);0.40455670034436875
(1.4);0.4474522988181187
(1.5);0.46993893280946525
(1.6);0.5148236553384364
(1.7);0.5508884292757029
(1.8);0.49193406672735435
(1.10);0.43185072105548633
(1.11);0.3967312836110493
(1.12);0.488325912962109
(1.13);0.25890606491480966
(1.14);0.2634742883895192
(1.15);0.18287207145467543
(1.16);0.2520188147582601
(1.17);0.3613894746743016
(1.18);0.380590727681401
(1.19);0.34196451188184096
(1.20);0.3626615441940607
(1.21);0.3007640431700015
(1.22);0.26253112860476474
(1.23);0.22079946095114247
(1.24);0.21580543071155397
(1.25);0.28551496220402695
(1.26);0.3247450962201572
(1.27);0.3264227719490012
(1.28);0.2244887650046359
(1.29);0.21982483086102889
(1.30);0.2811638048847962
(1.31);0.38395665603298745
(2.3);0.49094878577565837
(2.4);0.5257862469914466
(2.5);0.49782349766428696
(2.6);0.584807562605872
(2.7);0.4408428924821437
(2.8);0.4159462377787172
(2.9);0.38521873948931107
(2.10);0.35574549518213594
(2.11);0.3359393460895946
(2.12);0.45795238069603605
(2.13);0.3163532461469844
(2.14);0.30834971166868735
(2.15);0.22160667317430519
(2.16);0.27230465818975963
(2.17);0.3788217477032545
(2.18);0.3433408607293802
(2.19);0.30289082664245115
(2.20);0.3091619534158653
(2.21);0.248942741571129
(2.22);0.20899252538738114
(2.23);0.16327933553357257
(2.24);0.16768778149286082
(2.25);0.24709035115632294
(2.26);0.294467964784234
(2.27);0.3251390871600552
(2.28);0.23433315867633925
(2.29);0.19204896507785424
(2.30);0.24892141439538445
(2.31);0.3797160645309219
(3.5);0.46428267559794345
(3.6);0.47293489949674444
(3.7);0.3345364588403669
(3.8);0.32868837742989154
(3.9);0.2874339372905197
(3.10);0.26214719255714647
(3.11);0.26348460910995747
(3.12);0.3952766072754059
(3.13);0.44425117014026794
(3.14);0.4158954726451264
(3.15);0.3166393999856979
(3.16);0.3337967144235679
(3.17);0.4165783330027229
(3.18);0.30211482056200045
(3.19);0.26297526550662675
(3.20);0.24797614289320646
(3.21);0.19163655790507364
(3.22);0.1491708744818735
(3.23);0.09545056375135366
(3.24);0.11879703884745701
(3.25);0.21215161336644967
(3.26);0.2706080453720175
(3.27);0.3439294428811137
(3.28);0.28217964932291817
(3.29);0.17874385208062893
(3.30);0.22523073443691702
(3.31);0.3795518430330572
(4.5);0.5660962119891246
(4.6);0.5518340134142065
(4.7);0.380415478033742
(4.8);0.379631608900568
(4.9);0.33196126895769595
(4.10);0.3069203737083644
(4.11);0.31380244178956446
(4.12);0.4607477869450526
(4.13);0.40715527285325254
(4.14);0.4124310518781105
(4.15);0.31641504802223774
(4.16);0.36262551175236507
(4.17);0.47620141353204215
(4.18);0.3573862269797546
(4.19);0.31598560404595855
(4.20);0.2996733001169026
(4.21);0.24203153296606655
(4.22);0.19863731367065962
(4.23);0.14346975045737898
(4.24);0.1683794822428179
(4.26);0.3246720584772791
(4.27);0.3962074774131396
(4.28);0.31645602937953143
(4.29);0.22741734445561246
(4.30);0.2769680136469368
(4.31);0.4419609393462926
(5.6);0.5595751770201983
(5.7);0.4149625349650348
(5.8);0.4193630825065583
(5.9);0.36951630210091096
(5.10);0.3463440539746236
(5.11);0.3556592415417552
(5.12);0.5138243984697424
(5.13);0.3296643487339363
(5.14);0.3487332232494942
(5.15);0.27100523980655067
(5.17);0.4560327793000271
(5.18);0.3944480921995112
(5.19);0.3528632077488305
(5.20);0.34155429094453055
(5.21);0.2840579414922157
(5.22);0.24168591659227975
(5.23);0.18820975010311206
(5.24);0.2097733806623807
(5.25);0.29965043094899607
(5.26);0.3570118009474631
(5.27);0.4032757177354029
(5.28);0.30782051897111534
(5.29);0.2562274901049461
(5.30);0.3095340718067158
(5.31);0.46032728897405456
(6.8);0.4175174252633309
(6.9);0.3753199045574275
(6.10);0.3496638576820945
(6.11);0.34649982864341405
(6.12);0.4850541357115894
(6.13);0.3206794925050144
(6.14);0.3276920569551576
(6.15);0.24683934414106695
(6.16);0.3063695524550611
(6.17);0.41362515350339524
(6.18);0.36971983103605643
(6.19);0.32943100674665493
(6.20);0.3267203081122775
(6.21);0.2684280533384634
(6.22);0.22742563944218203
(6.23);0.17763699467390645
(6.24);0.1914332100212808
(6.25);0.2756639194556585
(6.26);0.3270563236070205
(6.27);0.3634944645761065
(6.28);0.27237801064133876
(6.29);0.22684450456029845
(6.30);0.28129160534702613
(6.31);0.41680133924490287
(7.8);0.5625911157906129
(7.9);0.5299280668644604
(7.10);0.4810489484451592
(7.11);0.44515209600416816
(7.12);0.46824033779782476
(7.13);0.21297995744881518
(7.14);0.23070885513566913
(7.15);0.16014550279389403
(7.16);0.24333231227438937
(7.17);0.343493484640667
(7.18);0.4102889657195543
(7.19);0.37796028940769266
(7.20);0.4087488632554925
(7.21);0.34801238724261635
(7.22);0.3113467625544427
(7.23);0.270545960026834
(7.24);0.2639435568882557
(7.25);0.3254367076642287
(7.26);0.35620866771257825
(7.27);0.33124442060705506
(7.28);0.22768959515729334
(7.29);0.2553685872431477
(7.30);0.31722871377701634
(7.31);0.38175901488355235
(8.9);0.5192361463327866
(8.10);0.4857024657869063
(8.11);0.48522298707108946
(8.12);0.4915178865561609
(8.13);0.21520174809158774
(8.14);0.24076268444502266
(8.15);0.17482631398157722
(8.16);0.265417343073032
(8.17);0.36321987121586524
(8.18);0.4541058377226079
(8.19);0.41771065890626485
(8.20);0.44761976691866
(8.21);0.3793617412295809
(8.22);0.33870612420219576
(8.23);0.29182220176022267
(8.24);0.2934696130694461
(8.25);0.36157865128908184
(8.26);0.39637193674370563
(8.27);0.3622079992123146
(8.28);0.2554785764420127
(8.29);0.29104355180398034
(8.30);0.3550727780009011
(8.31);0.41089023676637076
(9.10);0.603198491674106
(9.11);0.4805524199961037
(9.12);0.4229819506988301
(9.13);0.17178855135843443
(9.14);0.19347698239568192
(9.15);0.12687172926331233
(9.16);0.21671608752035856
(9.17);0.31110544111701366
(9.18);0.4077868263026027
(9.19);0.3860795838614879
(9.20);0.4350312522563941
(9.21);0.3782658390129578
(9.22);0.3456239030659129
(9.23);0.3102706634612382
(9.24);0.29317902266464246
(9.25);0.3398553826107367
(9.26);0.35791731388871967
(9.27);0.3108869428872879
(9.28);0.2079912595737079
(9.29);0.26368123827637435
(9.30);0.32564781959136907
(9.31);0.3551826659848184
(10.11);0.4995252453335927
(10.12);0.4005814112804211
(10.13);0.1498298112013179
(10.14);0.17436454648309324
(10.15);0.11038420846819116
(10.16);0.2041343439212075
(10.17);0.2948294369395449
(10.18);0.40560453342013475
(10.19);0.39134450473643234
(10.20);0.4510142485110991
(10.21);0.3989188365231972
(10.22);0.36908559870664315
(10.23);0.3367252484129467
(10.24);0.3134646132188211
(10.25);0.35039554250309535
(10.26);0.36051127859528553
(10.27);0.3015347900599836
(10.28);0.19971185623184337
(10.29);0.2715439086309447
(10.30);0.3329182011350734
(10.31);0.34177667708258186
(11.12);0.41750017800828004
(11.13);0.16372441216453618
(11.14);0.19927892046714746
(11.15);0.14359988777566712
(11.16);0.2464557530865139
(11.17);0.32850451296639205
(11.18);0.47907277541724946
(11.19);0.471359536094325
(11.21);0.4663894082626159
(11.22);0.4181878663001009
(11.23);0.3648357360472573
(11.24);0.3657012504797768
(11.25);0.4220339965948219
(11.26);0.43591835419365454
(11.27);0.3543441034630894
(11.28);0.25182974932065977
(11.29);0.3382339519798424
(11.30);0.4058126762241535
(11.31);0.38512565119889036
(12.13);0.2799383069591029
(12.14);0.307521414497283
(12.15);0.2382931735496761
(12.16);0.3242647676011822
(12.17);0.43652194826617197
(12.18);0.4548268074044104
(12.19);0.40663719096626394
(12.20);0.4017819223007764
(12.21);0.3391945822448682
(12.22);0.2956947147426559
(12.23);0.24191477136786513
(12.24);0.26065254051289966
(12.25);0.3482014963806181
(12.26);0.4042528164563893
(12.27);0.416499520251758
(12.28);0.3059814307785737
(12.29);0.2941354667821594
(12.30);0.35426949043973555
(12.31);0.4825336928744239
(13.15);0.3975611174804924
(13.16);0.34380138964046025
(13.17);0.35305308530778234
(13.18);0.2178638195287665
(13.19);0.185673580171155
(13.20);0.1570628979483134
(13.21);0.10834678191194413
(13.22);0.06670961989454453
(13.23);0.008979566472837788
(13.24);0.04746208640350606
(13.25);0.1451100321061619
(13.26);0.20479216837555453
(13.27);0.2986250823782584
(13.28);0.2893524889985253
(13.29);0.13480804139067104
(13.30);0.16616302544023104
(13.31);0.3038151783684297
(14.15);0.4643834709776074
(14.16);0.4268378157564014
(14.17);0.40934836126103835
(14.18);0.2639633095018709
(14.19);0.23547128673115045
(14.20);0.19921633426690424
(14.21);0.15500798534232493
(14.22);0.1138971512133422
(14.23);0.05379056774234353
(14.24);0.10073847508091262
(14.25);0.2003253799561142
(14.26);0.26276493872472184
(14.27);0.36716474145949024
(14.29);0.2002535730989153
(14.30);0.22654531190756555
(14.31);0.35587894024500316
(15.16);0.4238588945040972
(15.17);0.34600949441786455
(15.18);0.21516967366212975
(15.19);0.19378079430029094
(15.20);0.1500618341942284
(15.21);0.11357327174459257
(15.22);0.07477495803415231
(15.23);0.013294042408758764
(15.24);0.07114689775391334
(15.25);0.16907940336111316
(15.26);0.22878458115412958
(15.27);0.33288059728408537
(15.28);0.38924414874632396
(15.29);0.1888247613619337
(15.30);0.20088420128868942
(15.31);0.3009017089176485
(16.17);0.4467318175132925
(16.18);0.32537411396693067
(16.19);0.30765643790194147
(16.20);0.2589502236585034
(16.21);0.22597973342563626
(16.22);0.18752887660525078
(16.23);0.12511036640613882
(16.24);0.18577469941203534
(16.25);0.2860492351841859
(16.26);0.3521392682737316
(16.27);0.4793413129394224
(16.29);0.3074895130801594
(16.30);0.32296434349630526
(16.31);0.41261055435896965
(17.18);0.4032283256887384
(17.19);0.36919772055746436
(17.20);0.33145401717275264
(17.21);0.28403254898959474
(17.22);0.2411092843000857
(17.23);0.18014635316767136
(17.24);0.2239296240347297
(17.25);0.32678726530376107
(17.26);0.39995143080340645
(17.27);0.5261626840689054
(17.28);0.41463332184802243
(17.29);0.3107673994064033
(17.30);0.35286227239295664
(17.31);0.5509285858102568
(18.19);0.583475671852035
(18.20);0.5079141226465715
(18.21);0.43585723642198576
(18.22);0.3837935789691722
(18.23);0.31837413439522394
(18.24);0.35571967787588465
(18.25);0.46668933504318855
(18.26);0.5583608695495546
(18.27);0.45503613866397524
(18.28);0.33656342492011865
(18.29);0.395634559904806
(18.30);0.4769897520599042
(18.31);0.48006526322178833
(19.20);0.5343258319482169
(19.21);0.478800968675065
(19.22);0.4206488983735578
(19.23);0.3488756875789739
(19.24);0.39718305830516193
(19.25);0.5389348742710114
(19.27);0.4332650358241334
(19.28);0.32974362643167904
(19.29);0.43445244471392325
(19.30);0.5390348474893855
(19.31);0.4358546568370368
(20.21);0.533452251654053
(20.22);0.458627467118643
(20.23);0.38855113678772696
(20.24);0.40699754083458545
(20.25);0.47946129638623086
(20.26);0.48421223440853545
(20.27);0.37292444812066217
(20.28);0.2730288825539364
(20.29);0.38215327435198754
(20.30);0.4574597356963933
(21.22);0.5762392570007666
(21.23);0.4505842303917745
(21.24);0.4852953971718237
(21.25);0.5031064401629919
(21.26);0.4572691613264728
(21.27);0.3356292741594796
(21.28);0.2504600340293414
(21.29);0.4045166437508595
(21.30);0.46692549316502185
(21.31);0.34142449419412624
(22.23);0.5221008816611409
(22.24);0.541085230092878
(22.25);0.45536481405429596
(22.26);0.4064161067222979
(22.27);0.29281924025592465
(22.28);0.21513116702505589
(22.29);0.3849682711199717
(22.30);0.4267136709571478
(22.31);0.2963553382522492
(23.25);0.3766617246226749
(23.26);0.3318432726805703
(23.27);0.22685202806670354
(23.28);0.15169927957796944
(23.29);0.3226615381665495
(23.30);0.35140275909731866
(23.31);0.23370064819522754
(24.25);0.45709016570221245
(24.26);0.3998408074505865
(24.27);0.28637782581071347
(24.28);0.22366954897464583
(24.29);0.42250610804190597
(24.30);0.439739668546523
(24.31);0.2770904291278976
(25.26);0.5852443098976549
(25.27);0.4015011864869992
(25.28);0.32263984946477814
(25.29);0.5083717407587607
(25.31);0.3846659328279535
(26.27);0.5021295806202405
(26.28);0.38810201766796815
(26.29);0.5078142669475487
(26.30);0.6861127020397675
(26.31);0.4716578113439119
(27.28);0.502239078384531
(27.29);0.40557512819468694
(27.30);0.4474944122113851
(27.31);0.5785947411188219
(28.29);0.3708913223691155
(28.30);0.3701429160944513
(28.31);0.40466038023253426
(29.30);0.6101482482288529
(29.31);0.35662636864114355
(30.31);0.411266720332103
