
****Importance edges******

(0.5);5.022696262383831
(0.6);3.907165151816996
(0.7);3.387229182224001
(0.8);4.073760222450147
(0.9);3.0210342893986444
(0.10);2.9098955020714103
(0.11);3.7903765206794913
(0.12);6.121809729519811
(0.13);2.4444539516189976
(0.14);3.0970841182409474
(0.15);2.5356300325046957
(0.16);4.632481165016118
(0.17);9.709403888383132
(0.18);7.663903330749565
(0.19);5.814168495319912
(0.20);4.295954023243451
(0.21);3.3483534273224644
(0.22);2.761151434838301
(0.23);2.213360771120099
(0.24);2.6342967320799344
(0.25);4.441762229390996
(0.31);35.65903809410185
(1.3);4.339039079745367
(1.4);5.387199687783732
(1.5);4.625989876279266
(1.6);6.172895393547115
(1.7);7.719870080643696
(1.8);5.362357163058429
(1.10);3.7566551158757786
(1.11);3.1383511789267997
(1.12);5.340155772321764
(1.13);1.7713290720331332
(1.14);1.7769981991125947
(1.15);1.411083882207618
(1.16);1.744870088878495
(1.17);2.738972144495437
(1.18);3.026652487568607
(1.19);2.531652636948594
(1.20);2.8597307029574424
(1.21);2.199144293070383
(1.22);1.9338187914777865
(1.23);1.726430915339611
(1.24);1.700480514397871
(1.25);2.1341738222885622
(1.26);3.1003078454042794
(1.27);3.077624213220243
(1.28);2.2474274725057097
(1.29);2.149476292632805
(1.30);2.6490962715529136
(1.31);3.3077446619352813
(2.3);6.577855672384533
(2.4);7.934387546719341
(2.5);5.446309168972218
(2.6);9.341975648617655
(2.7);3.8250190126186827
(2.8);3.3283066261099683
(2.9);2.80307643770091
(2.10);2.473190501152479
(2.11);2.2970438860537348
(2.12);4.365895069799326
(2.13);2.150165569979629
(2.14);2.0556890709053484
(2.15);1.5464609793051516
(2.16);1.831396002911359
(2.17);2.9204435945705614
(2.18);2.496547447319509
(2.19);2.1110786381965907
(2.20);2.2330247331451396
(2.21);1.790944464345679
(2.22);1.596408385295229
(2.23);1.4360302963747542
(2.24);1.4530108134845376
(2.25);1.8315591603897892
(2.26);2.732187337688491
(2.27);3.0167457044945025
(2.28);2.2785033027988457
(2.29);1.9535689917510086
(2.30);2.346060441155388
(2.31);3.1876511090665174
(3.5);4.394659495234823
(3.6);4.665159970018808
(3.7);2.1979600600490548
(3.8);2.158396976573013
(3.9);1.8146664031892883
(3.10);1.6918036985467049
(3.11);1.728948350503593
(3.12);3.0552401061551038
(3.13);4.0731482162237675
(3.14);3.428823610346824
(3.15);2.1705735451732546
(3.16);2.3328257314036116
(3.17);3.553449320764391
(3.18);2.104303188887395
(3.19);1.8226783791319998
(3.20);1.790043685020711
(3.21);1.5014532591435439
(3.22);1.3528989782859522
(3.23);1.21552236196748
(3.24);1.2836991167293665
(3.25);1.6414129927389556
(3.26);2.5170343339544634
(3.27);3.2491342718771157
(3.28);2.6583047966985465
(3.29);1.8842681207126548
(3.30);2.1817469677103105
(3.31);3.185156007007143
(4.5);8.429254997763882
(4.6);7.764037801790686
(4.7);2.7899580211324286
(4.8);2.7973693871036067
(4.9);2.22484682140259
(4.10);2.0466091280662986
(4.11);2.138041249931686
(4.12);4.509817193334905
(4.13);3.364261005450215
(4.14);3.4259766236867772
(4.15);2.2149231766936954
(4.16);2.710588914627368
(4.17);5.092616909690184
(4.18);2.711816138632839
(4.19);2.2699759342317916
(4.20);2.195556439842214
(4.21);1.7876289838782238
(4.22);1.5814476678025668
(4.23);1.3928918106726926
(4.24);1.486165282121873
(4.26);3.0994444183174523
(4.27);4.126303732639377
(4.28);3.0491454218726086
(4.29);2.1984050078488493
(4.30);2.611645890752289
(4.31);4.457214787274323
(5.6);6.5602740057251845
(5.7);1.9030680796420938
(5.8);1.990768303407343
(5.9);1.4171746219015122
(5.10);1.2986685256012385
(5.11);1.4084134021184995
(5.12);4.582649460002828
(5.13);1.2729083804742245
(5.14);1.3690907849517706
(5.15);1.0026420829801566
(5.17);2.9574796878795326
(5.18);1.9394250194047586
(5.19);1.527922555026426
(5.20);1.5246934637770562
(5.21);1.1737800696462
(5.22);1.0205041051319126
(5.23);0.8935319557731645
(5.24);0.9544796460816599
(5.25);1.3149489694177168
(5.26);2.4181700927139453
(5.27);3.0044036092688104
(5.28);1.9946473498654824
(5.29);1.5695709707920842
(5.30);1.962372147968745
(5.31);3.4414179896674493
(6.8);1.9894025211734743
(6.9);1.4879679440915332
(6.10);1.3402873755841664
(6.11);1.3594563494565175
(6.12);3.5919638939047633
(6.13);1.235837617419648
(6.14);1.247933975117787
(6.15);0.9286180403967232
(6.16);1.1762317288825461
(6.17);2.1882998234503135
(6.18);1.694021661976049
(6.19);1.3749562447554686
(6.20);1.4356193352456292
(6.21);1.1174248864919898
(6.22);0.9836959470268553
(6.23);0.876360076090925
(6.24);0.91259715074105
(6.25);1.2069157736120182
(6.26);2.127576704367082
(6.27);2.4608072107532957
(6.28);1.7554067853060624
(6.29);1.4349005863768947
(6.30);1.7714086893810863
(6.31);2.5677147588891365
(7.8);6.775364956732567
(7.9);5.139614109954554
(7.10);3.4014190347636557
(7.11);2.5780484094144493
(7.12);3.111704846081873
(7.13);0.814323629775863
(7.14);0.8426162633324895
(7.15);0.7067067569576039
(7.16);0.9169930130279837
(7.17);1.448693166458995
(7.18);2.171574004070561
(7.19);1.7763752978511826
(7.20);2.2588329915012917
(7.21);1.5857500788860697
(7.22);1.3564560231703995
(7.23);1.1914043541825388
(7.24);1.1621682278143912
(7.25);1.4897743487425343
(7.26);2.4262826449694708
(7.27);2.120181690675251
(7.28);1.5087802757539102
(7.29);1.5775761829175576
(7.30);2.0408958059899516
(7.31);2.077008097358159
(8.9);4.706464380013755
(8.10);3.573713815021477
(8.11);3.627238950787531
(8.12);3.8292440775083887
(8.13);0.8315211490307947
(8.14);0.8847988640570569
(8.15);0.7468177151689748
(8.16);1.0077425939095979
(8.17);1.626916282968757
(8.18);3.0041998638432004
(8.19);2.3073543873617455
(8.20);2.9839710489625473
(8.21);1.8995888320110033
(8.22);1.5572858318726914
(8.23);1.309941569892741
(8.24);1.3188081375341802
(8.25);1.8004100349381396
(8.26);2.989358379469035
(8.27);2.4631952790690774
(8.28);1.6664983849677915
(8.29);1.8112848064680662
(8.30);2.43052478354961
(8.31);2.49467729843287
(9.10);9.13368627938453
(9.11);3.459235589775846
(9.12);2.183782006608961
(9.13);0.7197423990937972
(9.14);0.7486294577955183
(9.15);0.6479274608756286
(9.16);0.8392401680302554
(9.17);1.24372866911387
(9.18);2.139033961692327
(9.19);1.866613221204658
(9.20);2.7035375212357637
(9.21);1.8703728010972782
(9.22);1.596329570058648
(9.23);1.4027887487004345
(9.24);1.3048414164445972
(9.25);1.5976564949966496
(9.26);2.448309979265642
(9.27);1.9468148098247984
(9.28);1.4210227883015485
(9.29);1.6259463726558807
(9.30);2.116856208625209
(9.31);1.8022560601245972
(10.11);4.164709699859477
(10.12);1.9369533787979745
(10.13);0.7043772447093497
(10.14);0.7365336073116968
(10.15);0.6465411574904616
(10.16);0.8378572599916061
(10.17);1.20144282999149
(10.18);2.174220595255992
(10.19);1.9891872464935916
(10.20);3.1120927353622165
(10.21);2.179166435666077
(10.22);1.8614963347376188
(10.23);1.6322399014658355
(10.24);1.4671604567903245
(10.25);1.7349602225457281
(10.26);2.5294162827470204
(10.27);1.9167970485625918
(10.28);1.4176650897105367
(10.29);1.7109896326319127
(10.30);2.2309297801829007
(10.31);1.734678626596636
(11.12);2.225736776458926
(11.13);0.7539839075703912
(11.14);0.8179530601418598
(11.15);0.7247680614502248
(11.16);0.9931779533186521
(11.17);1.4334883631732485
(11.18);3.7798457156364735
(11.19);3.5589498336127265
(11.21);3.540561264468569
(11.22);2.552592330546354
(11.23);1.9229871655792004
(11.24);1.9318238846987577
(11.25);2.680110625089426
(11.26);3.828406525605377
(11.27);2.4463512681967217
(11.28);1.6992603035124152
(11.29);2.273452668059442
(11.30);3.23177997404231
(11.31);2.2225046752572566
(12.13);1.109895753356603
(12.14);1.218517967017541
(12.15);0.9652388512282658
(12.16);1.363328360220604
(12.17);2.7074937309224096
(12.18);3.1350381100830984
(12.19);2.240252736034088
(12.20);2.275861882476042
(12.21);1.6076859806349078
(12.22);1.3451469105437188
(12.23);1.1376833015579215
(12.24);1.2159570990114006
(12.25);1.755395743763288
(12.26);3.2046764123513802
(12.27);3.3677679701336527
(12.28);2.071960226986531
(12.29);1.8941249771688127
(12.30);2.4947968428533076
(12.31);4.228550313259242
(13.15);2.0823362087373107
(13.16);1.5414199519811511
(13.17);1.662667595809727
(13.18);0.97322338199843
(13.19);0.8814589231747274
(13.20);0.8580741509588283
(13.21);0.7538105096912626
(13.22);0.6965826101736112
(13.23);0.640405405846885
(13.24);0.6927036803491758
(13.25);0.8666768834470394
(13.26);1.456437095471321
(13.27);1.9620918761099198
(13.28);1.976238593233392
(13.29);1.1765968148266501
(13.30);1.3054256651696625
(13.31);1.5300733648809168
(14.15);3.282199639171534
(14.16);2.4817021300589603
(14.17);2.262836231267812
(14.18);1.11907249453841
(14.19);1.0111001070225294
(14.20);0.9500910757647324
(14.21);0.8328136392612959
(14.22);0.7622787342092127
(14.23);0.6888867540222177
(14.24);0.7659536752044757
(14.25);0.9946593344772524
(14.26);1.732953731206052
(14.27);2.6120008515071826
(14.29);1.3867160835971828
(14.30);1.5363732666849128
(14.31);1.9121241709412087
(15.16);2.5017232067354036
(15.17);1.6249046170505512
(15.18);0.9781348865198106
(15.19);0.9155597661484203
(15.20);0.8531210632470142
(15.21);0.7736591414232337
(15.22);0.7185423140632712
(15.23);0.6541090234828411
(15.24);0.7385068009444355
(15.25);0.93666210190096
(15.26);1.5816918007584724
(15.27);2.278000626466032
(15.28);3.0864597230110857
(15.29);1.3723773831524373
(15.30);1.452528273597549
(15.31);1.5288233103385898
(16.17);3.0088502514428392
(16.18);1.4930901579742153
(16.19);1.3797914757070544
(16.20);1.1973304328663996
(16.21);1.063659540283327
(16.22);0.9595863929271896
(16.23);0.8388193667682956
(16.24);0.9885531895170432
(16.25);1.3811109082499147
(16.26);2.530876381745604
(16.27);4.997525348346123
(16.29);2.049432842301538
(16.30);2.22796356411883
(16.31);2.693646015338109
(17.18);2.3262715584797893
(17.19);1.9105878640086071
(17.20);1.6567332954730156
(17.21);1.3469315359666856
(17.22);1.168839665449812
(17.23);0.9984443487949047
(17.24);1.1412714406029232
(17.25);1.6830282683072266
(17.26);3.2511711320903482
(17.27);6.7538602245390855
(17.28);3.577427824910282
(17.29);2.1147394803107695
(17.30);2.58243719211775
(17.31);7.10611565874172
(18.19);8.515229617455208
(18.20);5.086401901832814
(18.21);3.0167657401975525
(18.22);2.2169469417606193
(18.23);1.6511257444192509
(18.24);1.9673182340426063
(18.25);3.8495725388550426
(18.26);8.28251527642885
(18.27);4.391709551002541
(18.28);2.4726779641076373
(18.29);3.1501137461428605
(18.30);5.078580847748013
(18.31);4.342080432829507
(19.20);6.174383023954795
(19.21);4.089658951056505
(19.22);2.765207935602738
(19.23);1.9022377985600505
(19.24);2.462502009648566
(19.25);6.477533771670789
(19.27);3.8685287819921057
(19.28);2.4024375938574
(19.29);3.894867624614174
(19.30);7.397893080569523
(19.31);3.214062335229904
(20.21);6.2443735010906
(20.22);3.687814201885787
(20.23);2.4368179157787013
(20.24);2.7089927860223364
(20.25);4.336524484646769
(20.26);5.41161834145994
(20.27);2.895319844179707
(20.28);1.9907758258269843
(20.29);3.0283207831190744
(20.30);4.6214451995004735
(21.22);8.35544734430114
(21.23);3.558862680412762
(21.24);4.52370557705486
(21.25);5.117848842926695
(21.26);4.607853802066958
(21.27);2.4376904978874827
(21.28);1.8377901993365475
(21.29);3.385703082428128
(21.30);4.875816205401318
(21.31);1.9673826284503755
(22.23);5.908279082793527
(22.24);6.732100053749146
(22.25);3.6978379296817208
(22.26);3.505194756167862
(22.27);2.0728568194467423
(22.28);1.6604133291145835
(22.29);3.0918707440282818
(22.30);3.906676172689277
(22.31);1.6399469413992158
(23.25);2.3557051739384565
(23.26);2.518578639644395
(23.27);1.6905947580928644
(23.28);1.4224524179680054
(23.29);2.3815143793822733
(23.30);2.7401494620139233
(23.31);1.344060606004442
(24.25);3.8189170251219986
(24.26);3.450094618738472
(24.27);2.0684520626412457
(24.28);1.7416791177093462
(24.29);3.8266385222088646
(24.30);4.267195067116142
(24.31);1.5652151197393627
(25.26);9.794858971853973
(25.27);3.413782415984954
(25.28);2.461842903513812
(25.29);6.275522009185287
(25.31);2.5279197460694567
(26.27);6.911743493784049
(26.28);4.02754427572561
(26.29);7.119711938482838
(26.30);16.20531640944515
(26.31);5.196427924600158
(27.28);6.977473053067975
(27.29);4.200428489616286
(27.30);5.214850343911848
(27.31);9.481378426673055
(28.29);3.6886471519310136
(28.30);3.724331849532454
(28.31);3.6624461598159685
(29.30);11.811353772221672
(29.31);2.817661329163415
(30.31);3.729188063451541

****Importance nodes******

0; 0.05
1; 0.03928571428571429
2; 0.03793103448275863
3; 0.03793103448275863
4; 0.03928571428571429
5; 0.01309715380405036
6; 0.013533725597518705
7; 0.013533725597518705
8; 0.01397029739098705
9; 0.013592126740862376
10; 0.01485940784685316
11; 0.01585003503664337
12; 0.01585003503664337
13; 0.016906704039086264
14; 0.01613501403058185
15; 0.01742718836265342
16; 0.017423695155694648
17; 0.01855141041163239
18; 0.019149843005556014
19; 0.01916213138983446
20; 0.021245071466585636
21; 0.021071038033361692
22; 0.021750748937663683
23; 0.023200798866841257
24; 0.023200798866841257
25; 0.022938234998980945
26; 0.03793103448275863
27; 0.03666666666666667
28; 0.03928571428571429
29; 0.03666666666666667
30; 0.03793103448275863
31; 0.02480395757571052
