
****Mix criterion 0.5*C(weight)+0.5*C(distance) ******

(0.5);0.46482338768275216
(0.6);0.41821972316196776
(0.7);0.38973832983580936
(0.8);0.425982670552785
(0.9);0.3665262708681473
(0.10);0.35403599692752685
(0.11);0.40695158928979347
(0.12);0.49579246677474886
(0.13);0.30459851985494124
(0.14);0.3649723966842076
(0.15);0.3126861425607039
(0.16);0.44297331823318
(0.17);0.5771135144736179
(0.18);0.5329230607552382
(0.19);0.4834235254264143
(0.20);0.42134125489570007
(0.21);0.36911465190863163
(0.22);0.32095547978482813
(0.23);0.25352948653220003
(0.24);0.3040444168367769
(0.25);0.42556280016276304
(0.31);0.9824127216643568
(1.3);0.4037643300481593
(1.4);0.44518310795862714
(1.5);0.46786716590927413
(1.6);0.5120328158409494
(1.7);0.5465727074041127
(1.8);0.49073115082677876
(1.9);0.4680937374848881
(1.10);0.43060559367791673
(1.11);0.395051588784094
(1.12);0.48654287689519565
(1.13);0.2580828040763353
(1.14);0.26321913409395875
(1.15);0.18241174460480764
(1.16);0.251422787317281
(1.17);0.36050603234611794
(1.18);0.3800808021805122
(1.19);0.3419416751806125
(1.20);0.36182803521210793
(1.21);0.3001185316362183
(1.22);0.26196588084262074
(1.23);0.220009309574841
(1.24);0.21530215681977624
(1.25);0.2853647133099492
(1.26);0.3234638459273537
(1.27);0.3258480929998013
(1.28);0.2240879285967025
(1.29);0.21992749582678026
(1.30);0.28006902477171064
(1.31);0.3829361222532699
(2.3);0.4913731372587975
(2.4);0.5243373148903319
(2.5);0.4973469460180392
(2.6);0.5839207566595159
(2.7);0.440060023971591
(2.8);0.41639822146274486
(2.9);0.3858906742018564
(2.10);0.355794627372468
(2.11);0.33549025613283223
(2.12);0.4579999116242659
(2.13);0.31607400887958925
(2.14);0.3087693656488733
(2.15);0.22162047038358232
(2.16);0.27229220585133174
(2.17);0.378839317895118
(2.18);0.34374104453739035
(2.19);0.30357368791601935
(2.20);0.3092129845583427
(2.21);0.24898154827129712
(2.22);0.20902339813307758
(2.23);0.1630537337637294
(2.24);0.16769969911519925
(2.25);0.24753009449857724
(2.26);0.29400278826358145
(2.27);0.32533370385244176
(2.28);0.23448014977861276
(2.29);0.19264140700778898
(2.30);0.24852197903522336
(2.31);0.379676503065997
(3.5);0.4638981432197443
(3.6);0.4724920497444303
(3.7);0.33408660128076045
(3.8);0.32898148750857614
(3.9);0.2878689369685851
(3.10);0.2621808017842896
(3.11);0.26314658625167164
(3.12);0.3953098692745811
(3.13);0.44372219935147206
(3.14);0.41659544205966625
(3.15);0.31665876539992754
(3.16);0.33378085267905466
(3.17);0.41659971153112835
(3.18);0.3024521296182497
(3.19);0.2635648392234744
(3.20);0.2480170506238622
(3.21);0.19166909182647882
(3.22);0.14919703802905498
(3.23);0.09525960399456015
(3.24);0.11880756777203719
(3.25);0.21254570406854473
(3.26);0.27017950035327715
(3.27);0.3441390514550716
(3.28);0.2823511422287067
(3.29);0.17931527773626907
(3.30);0.22485927474622014
(3.31);0.3795123125344738
(4.5);0.5623211385530185
(4.6);0.5483237994909526
(4.7);0.3788557778410134
(4.8);0.3790040863366642
(4.9);0.33168171639984734
(4.10);0.30624203380812437
(4.11);0.31265812854270997
(4.12);0.4592419944075803
(4.13);0.405591664837146
(4.14);0.4119391252951462
(4.15);0.3156924909712484
(4.16);0.3616996059301327
(4.17);0.4745588143737097
(4.18);0.3569293445961673
(4.19);0.31596512779204866
(4.20);0.299033374122787
(4.21);0.24150681290524353
(4.22);0.19817506262670834
(4.23);0.14283225296387192
(4.24);0.16793963704669504
(4.25);0.2631981124130113
(4.26);0.32339116500910825
(4.27);0.39543698052044984
(4.28);0.3159122038220342
(4.29);0.22752234639288063
(4.30);0.27588871048445074
(4.31);0.44058576117543313
(5.6);0.5560662033479017
(5.7);0.41354101192343634
(5.8);0.41919312747373466
(5.9);0.36967516379024373
(5.10);0.3459580169508149
(5.11);0.35469229962598725
(5.12);0.5124354629659383
(5.13);0.32896516037249135
(5.14);0.34881182207990546
(5.15);0.27071404552459755
(5.16);0.3388904424231256
(5.17);0.4551899600460211
(5.18);0.3944355095319191
(5.19);0.3532946298688015
(5.20);0.34119881978315714
(5.21);0.28378035160589266
(5.22);0.24144564273761168
(5.23);0.18774294914532882
(5.24);0.20954046445047536
(5.25);0.2998421979420595
(5.26);0.35595620810145834
(5.27);0.4030012289560428
(5.28);0.307653828839354
(5.29);0.25664582976737943
(5.30);0.30867744637460237
(5.31);0.4594067973978962
(6.7);0.4236597392822561
(6.8);0.4173198721392396
(6.9);0.37546095493198667
(6.10);0.3492517286951014
(6.11);0.3455609134733393
(6.12);0.4839302427216211
(6.13);0.31999333313044753
(6.14);0.32774496161681016
(6.15);0.24656084117295543
(6.16);0.30598368144488364
(6.17);0.4129813448329443
(6.18);0.3696871958094738
(6.19);0.3297963731826039
(6.20);0.3263724505020903
(6.21);0.26815354867579255
(6.22);0.22718517631385707
(6.23);0.17717457565940067
(6.24);0.19120271593283986
(6.25);0.27582391160678255
(6.26);0.3261180796959524
(6.27);0.3632509856065084
(6.28);0.2722185533004219
(6.29);0.22721160693887613
(6.30);0.28051042861510694
(6.31);0.4160942028613733
(7.8);0.5605269896823721
(7.9);0.5293451432130217
(7.10);0.47932643053936236
(7.11);0.44287602158340617
(7.12);0.4666686054796048
(7.13);0.21237674054914765
(7.14);0.23058417130133205
(7.15);0.15980463535142708
(7.16);0.24286418866650866
(7.17);0.34281225960919864
(7.18);0.40987186917073
(7.19);0.3781254715540327
(7.20);0.4078347125621635
(7.21);0.34736402079732875
(7.22);0.3107980533093772
(7.23);0.26973412713104317
(7.24);0.2634713458061717
(7.25);0.3254034950651724
(7.26);0.354872428262966
(7.27);0.3307961076938689
(7.28);0.22739120871842997
(7.30);0.3161047204557245
(7.31);0.3808810312019068
(8.9);0.5217129630179244
(8.10);0.4860994956954643
(8.11);0.48420605221586355
(8.12);0.4918696901445896
(8.13);0.21506797316533924
(8.14);0.241150380234322
(8.15);0.17488930064596905
(8.17);0.3633446342120948
(8.18);0.4551311748470303
(8.19);0.4191467717303172
(8.20);0.44791689145299923
(8.21);0.3795478247512233
(8.22);0.3388503542177271
(8.23);0.29155966791161136
(8.24);0.29356383131191455
(8.25);0.3623966200700268
(8.26);0.3957520814806249
(8.27);0.36254688536311763
(8.28);0.255701864790198
(8.29);0.2919298171496487
(8.30);0.35456879909041694
(8.31);0.4109787393205144
(9.10);0.6059289775320414
(9.11);0.48019314481732256
(9.12);0.423578461469214
(9.13);0.1717964595575563
(9.14);0.19394272240952565
(9.15);0.12703780158953018
(9.16);0.2169076718201719
(9.17);0.31140711379238817
(9.18);0.40887173189116816
(9.19);0.38755697643355
(9.20);0.4357148824550734
(9.21);0.3787371794261623
(9.22);0.34601283298027774
(9.23);0.3101888015737977
(9.24);0.2934612548320701
(9.25);0.3408206588869293
(9.26);0.3576578928608068
(9.27);0.3113622010025102
(9.28);0.20832551939848806
(9.29);0.26465435015292665
(9.30);0.32542351914810985
(9.31);0.35549612946491904
(10.11);0.49757780328447987
(10.12);0.4003758050377085
(10.13);0.14958663162088948
(10.14);0.17453545059673867
(10.15);0.11031709649808068
(10.16);0.20402477708907524
(10.17);0.29470338097112486
(10.18);0.40594365025369733
(10.19);0.39219945291816977
(10.20);0.4507993643695135
(10.21);0.3987631600058685
(10.22);0.36894876509479607
(10.23);0.33614847112821084
(10.24);0.31333571162090335
(10.25);0.3508898512234273
(10.26);0.35970816757626795
(10.27);0.301570769044366
(10.28);0.19974160300890498
(10.29);0.2721674332066948
(10.30);0.3322098620999607
(10.31);0.34157445118612983
(11.12);0.41645941077572135
(11.13);0.16320581714079596
(11.14);0.19916712944389142
(11.15);0.14327504901646923
(11.16);0.24598459062944517
(11.17);0.3278766036310598
(11.18);0.4783968428926223
(11.19);0.47167048353620283
(11.21);0.4650343901289973
(11.22);0.4172201781773875
(11.23);0.36360404044688827
(11.24);0.3649637974377884
(11.25);0.4219791071250323
(11.26);0.43390205564498463
(11.27);0.3538505083007114
(11.29);0.338546244804286
(11.30);0.4041106016853866
(11.31);0.38424071455647113
(12.13);0.279551018714252
(12.14);0.3077777533517088
(12.15);0.23818252667305304
(12.16);0.32407281292323
(12.17);0.43620959986165675
(12.18);0.4552604524900952
(12.19);0.4075431643766748
(12.20);0.4016005551746928
(12.21);0.3390626425103577
(12.22);0.29558187009014714
(12.23);0.24150945631799037
(12.24);0.2605339954240458
(12.25);0.3486678908355477
(12.26);0.40322644456368606
(12.27);0.41653183672052563
(12.28);0.30600671788536227
(12.29);0.2947960025483441
(12.30);0.35347047393134784
(12.31);0.4820045663849574
(13.14);0.4818671329725424
(13.15);0.3968623260254166
(13.16);0.3432449916722728
(13.17);0.3525055918913614
(13.18);0.21778646415882763
(13.19);0.18583125555891863
(13.20);0.1568230682074451
(13.21);0.10813366184775339
(13.22);0.06651390257810011
(13.23);0.00863436229955097
(13.24);0.04726322134131179
(13.25);0.14516655414016452
(13.26);0.20413000403266213
(13.27);0.2983612687349526
(13.28);0.2891051000706161
(13.29);0.13504099417643275
(13.30);0.1655695179482427
(13.31);0.30334584563222206
(14.15);0.4650325392887521
(14.16);0.42726427597855754
(14.17);0.40977129111190386
(14.18);0.26444833084729363
(14.19);0.23617627359918825
(14.20);0.19940684803770078
(14.21);0.15517411003144194
(14.22);0.11404397711992645
(14.23);0.053729960551410605
(14.24);0.10086785931432016
(14.25);0.2008537863499703
(14.26);0.2625478485101558
(14.27);0.3677066957702819
(14.28);0.37120511816979407
(14.29);0.20100904051260765
(14.30);0.22635284767951833
(14.31);0.3561295017068353
(15.16);0.423516019512779
(15.17);0.34582611805491176
(15.18);0.21529668759931805
(15.19);0.19413280079613476
(15.20);0.14999459925718983
(15.21);0.11351053906372525
(15.22);0.07471542573719032
(15.23);0.013068578550622297
(15.24);0.07107602949965014
(15.25);0.16931641750610685
(15.26);0.22828982240057005
(15.27);0.33289796122999216
(15.28);0.38927578391332707
(15.29);0.18928707088796723
(15.30);0.2004298453403242
(15.31);0.3007142322773767
(16.17);0.446319437957847
(16.18);0.325532486735879
(16.19);0.30815415755153597
(16.20);0.2588289059736162
(16.21);0.2258694312892817
(16.22);0.18742804885951042
(16.23);0.12480324067494564
(16.24);0.18565865103255394
(16.25);0.2863689643488796
(16.26);0.3513077615372211
(16.27);0.4792990024736514
(16.29);0.30814697147721
(16.30);0.32223235724615623
(16.31);0.4122246969423994
(17.18);0.4035118846565622
(17.19);0.36990258397084236
(17.20);0.33132072316270944
(17.21);0.28392119312627173
(17.22);0.2410106768988589
(17.23);0.17980778292122127
(17.24);0.22381884304782146
(17.25);0.32719535086521784
(17.26);0.3989458258849035
(17.27);0.5261942708842388
(17.28);0.4146597461030706
(17.29);0.3114593817434249
(17.30);0.35206351052020074
(17.31);0.5500545181475918
(18.20);0.5086202767035202
(18.21);0.43627233064960225
(18.22);0.3840868149147063
(18.23);0.3181656270201393
(18.24);0.3559406623835761
(18.25);0.4684152731160552
(18.26);0.5571042379912869
(18.27);0.455749635937963
(18.28);0.3369542920403604
(18.29);0.3971514919482627
(18.30);0.4762192246595315
(18.31);0.48040876220827683
(19.20);0.5366065843275153
(19.22);0.42164431862065593
(19.23);0.3490539439932753
(19.24);0.39800122292014767
(19.25);0.5432718448283854
(19.26);0.6293368438420383
(19.27);0.43453905901895173
(19.28);0.33050631307205014
(19.29);0.43697765751651846
(19.30);0.5391200477985238
(19.31);0.43679001650119703
(20.21);0.5331182823038972
(20.23);0.3878304105196
(20.24);0.40681223508002157
(20.25);0.48054805225511416
(20.26);0.48270717927400614
(20.27);0.3729879812572236
(20.28);0.27307623366800604
(20.29);0.38315105394791504
(20.30);0.4561744399886074
(20.31);0.39202494351182265
(21.22);0.575758990803898
(21.23);0.44952156602491805
(21.24);0.48497719314829935
(21.25);0.50438548115568
(21.26);0.4559780963895245
(21.27);0.3356798076612826
(21.28);0.25050162303477674
(21.29);0.40563120523448043
(21.30);0.4655593484017106
(21.31);0.3412360481050761
(22.23);0.52034702884946
(22.24);0.5406002299792994
(22.25);0.45626462802725065
(22.26);0.40543787869566494
(22.27);0.29285730031531376
(22.28);0.2151649422885977
(22.29);0.38596768252922725
(22.30);0.42562339769447705
(22.31);0.2961961706428124
(23.24);0.4775178584432066
(23.25);0.37666766512610006
(23.26);0.3307138390870081
(23.27);0.22657852140054371
(23.28);0.15148264504135678
(23.29);0.32298473704509256
(23.30);0.3501739640916496
(23.31);0.23327292958668744
(24.25);0.4579362073498103
(24.26);0.39886395501650906
(24.27);0.2863923314111393
(24.28);0.22368596046373881
(24.29);0.42367134092001313
(24.30);0.43853146403370885
(24.31);0.276921819540169
(25.26);0.5847300381510694
(25.27);0.402333524133517
(25.28);0.3232215085618272
(25.29);0.5117769654100077
(25.30);0.6843765604881958
(25.31);0.3851393865102819
(26.27);0.5009252986940015
(26.28);0.3874328849148695
(26.29);0.508273574732805
(26.30);0.6795490957725763
(26.31);0.47011808010111855
(27.28);0.502689210036258
(27.29);0.40686624622233714
(27.30);0.44658579197354453
(27.31);0.5784620676823999
(28.29);0.3719942390090085
(28.30);0.3695241587938921
(28.31);0.40462088107720096
(29.30);0.6109102238240556
(29.31);0.3574033137728556
(30.31);0.41016174063165034
