
****Importance edges******

(0.5);4.984367893333877
(0.6);3.8755585637482146
(0.7);3.3820687251701496
(0.8);4.067216651242504
(0.9);3.055235087846706
(0.10);2.9059240736097203
(0.11);3.7555232281918856
(0.12);6.110971474845613
(0.13);2.4200279780441267
(0.14);3.1263107691536116
(0.15);2.5307304056381192
(0.16);4.66191043153443
(0.17);9.691507913772037
(0.18);7.649133577104524
(0.19);5.853263088326106
(0.20);4.2364037533932
(0.21);3.3406772398313778
(0.22);2.754569935124598
(0.23);2.185307246494452
(0.24);2.6266621650831588
(0.25);4.4898195247548225
(0.31);35.50934903467888
(1.2);10.675341336922907
(1.3);4.128067946640961
(1.4);5.036898639350505
(1.5);4.350105855882815
(1.6);5.804007405145327
(1.7);7.319505633104805
(1.8);5.085936649508817
(1.9);4.447589127077736
(1.10);3.5671732824297018
(1.11);2.9534730790860526
(1.12);5.072925228643653
(1.13);1.6669558738605403
(1.14);1.712280675684142
(1.15);1.342093483474999
(1.16);1.676743004052297
(1.17);2.6078484432139937
(1.18);2.8828823617925194
(1.19);2.437336691773635
(1.20);2.688229431981756
(1.21);2.0969260757784887
(1.22);1.8446777007616153
(1.23);1.6277876864424694
(1.24);1.6227953069358054
(1.25);2.0706069585325113
(1.26);3.0004204218754067
(1.27);3.028049724177272
(1.28);2.137518296969629
(1.29);2.153257756708025
(1.30);2.563746230705322
(1.31);3.1551553650415727
(2.3);6.369780166619976
(2.4);7.548604726962136
(2.5);5.25746708584746
(2.6);9.014914462348274
(2.7);3.7221099246672313
(2.8);3.2391322141586465
(2.9);2.7721800216341626
(2.10);2.408709841682178
(2.11);2.216177884856077
(2.12);4.251886626601943
(2.13);2.0734565695019866
(2.14);2.030453245973446
(2.15);1.5068451989715859
(2.16);1.8029598593621101
(2.17);2.8473231741635616
(2.18);2.4343932520168323
(2.19);2.0806556173677224
(2.20);2.1471612221569503
(2.21);1.7469083054741779
(2.22);1.5573860852985584
(2.23);1.3839838665997326
(2.24);1.4173587860018388
(2.25);1.8165540063215826
(2.26);2.69137737000906
(2.27);3.022052911438221
(2.28);2.205093230068173
(2.29);1.9925446524555845
(2.30);2.3110179499408057
(2.31);3.1062596433553535
(3.4);13.798599470669304
(3.5);4.242281687079514
(3.6);4.501833409201177
(3.7);2.1388256964322547
(3.8);2.100567634879105
(3.9);1.7946645625469149
(3.10);1.647695241019575
(3.11);1.6680817992672965
(3.12);2.975457343965869
(3.13);3.927835160882277
(3.14);3.386731061635177
(3.15);2.1149698371494874
(3.16);2.296603872631331
(3.17);3.464480059823241
(3.18);2.0519143302183633
(3.19);1.7964115308538937
(3.20);1.7212135313118295
(3.21);1.4645351773302504
(3.22);1.3198289754707886
(3.23);1.1714678601844624
(3.24);1.252201432221846
(3.25);1.6279656221171066
(3.26);2.4794380504201126
(3.27);3.2548503081817635
(3.28);2.5726580705225413
(3.29);1.921861159535164
(3.30);2.149158783873589
(3.31);3.1038282496526235
(4.5);7.926552480048819
(4.6);7.30006423606787
(4.7);2.6452664667255643
(4.8);2.6531696892733114
(4.9);2.1439536433375324
(4.10);1.943380261435811
(4.11);2.0120907169503273
(4.12);4.284138214697209
(4.13);3.1660264220686276
(4.14);3.3012040029156906
(4.15);2.10663164629711
(4.16);2.6047560952714797
(4.17);4.848816409656236
(4.18);2.5830011693113804
(4.19);2.1854086746335195
(4.20);2.063886447439647
(4.21);1.7045383706396389
(4.22);1.5085494362620935
(4.23);1.313306033745087
(4.24);1.418270909156689
(4.25);1.9145456660128808
(4.26);2.9995848131574028
(4.27);4.059837073616163
(4.28);2.9000286812847618
(4.29);2.2022725497186793
(4.30);2.5275024468734135
(4.31);4.251599378587817
(5.6);6.271717543133349
(5.7);1.8491711303274894
(5.8);1.9348586152368796
(5.9);1.420493206383432
(5.10);1.2640172346892815
(5.11);1.346966259495249
(5.12);4.460116265021073
(5.13);1.2166538981431008
(5.14);1.3675303948615254
(5.15);0.9767678810328381
(5.16);1.345863589143275
(5.17);2.884238084679962
(5.18);1.891870943847215
(5.19);1.5188109985349683
(5.20);1.4516595814382154
(5.21);1.1455984556572123
(5.22);0.9962434309057661
(5.23);0.8545093775838258
(5.24);0.9316137622066697
(5.25);1.3197557886267546
(5.26);2.394346320304658
(5.27);3.05038622765741
(5.28);1.9239204988223777
(5.29);1.6363956851459087
(5.30);1.9430388894951593
(5.31);3.3532119867691703
(6.7);2.01877607829289
(6.8);1.9320706966460566
(6.9);1.4896160632661104
(6.10);1.3035435619526337
(6.11);1.2995249190983018
(6.12);3.493380018744583
(6.13);1.1806871954296085
(6.14);1.2451675700839377
(6.15);0.9040186548857986
(6.16);1.1662943172703693
(6.17);2.132630883688028
(6.18);1.6513575768314188
(6.19);1.3655016370862048
(6.20);1.366375789933301
(6.21);1.089886858141684
(6.22);0.959694923495474
(6.23);0.8377680764560163
(6.24);0.8901882242718456
(6.25);1.2102009559061344
(6.26);2.1054520570609268
(6.27);2.496551691909359
(6.28);1.6925989376663433
(6.29);1.494532798030032
(6.30);1.752987829438801
(6.31);2.5004782807107206
(7.8);6.682870722339802
(7.9);5.224346530581558
(7.10);3.358143602610932
(7.11);2.500995560221298
(7.12);3.0704782473861743
(7.13);0.7891431494063489
(7.14);0.8525959102157371
(7.15);0.6975077629571305
(7.16);0.9216023843044561
(7.17);1.430674546236053
(7.18);2.144599510253367
(7.19);1.786824580155599
(7.20);2.1769774108202795
(7.21);1.5657865385551077
(7.22);1.3393969701936774
(7.23);1.1524683703326664
(7.24);1.1468285753217802
(7.25);1.5108690519854353
(7.26);2.4207183536859054
(7.27);2.1685967010020453
(7.28);1.4667126246924886
(7.29);1.6562471127324891
(7.30);2.0362153377982177
(7.31);2.0452210242529008
(8.9);4.781809142076088
(8.10);3.5281960544221147
(8.11);3.5196900460426157
(8.12);3.778488314937873
(8.13);0.8060119346378427
(8.14);0.8949509803653164
(8.15);0.7370900162371629
(8.16);1.012546374656123
(8.17);1.6066544443283322
(8.18);2.966834093317261
(8.19);2.3203331909251563
(8.20);2.876673455800874
(8.21);1.8756491312828034
(8.22);1.5376806375073444
(8.23);1.267424468703201
(8.24);1.3013939616175623
(8.25);1.8253109642054954
(8.26);2.982217159522108
(8.27);2.5186682514630596
(8.28);1.6202276593189913
(8.29);1.900618435173895
(8.30);2.4247185502839725
(8.31);2.4565445289939625
(9.10);9.2799054715226
(9.11);3.4520086178579055
(9.12);2.2154839445504932
(9.13);0.7168028048017214
(9.14);0.7780461314535603
(9.15);0.6565688625400933
(9.16);0.8655497634026895
(9.17);1.2598885316212547
(9.18);2.165866973638976
(9.19);1.9241169385994832
(9.20);2.669111944334996
(9.21);1.8909343610228224
(9.22);1.6131754396350242
(9.23);1.3881558286941706
(9.24);1.3166102375625657
(9.25);1.6559615919576784
(9.26);2.48151063653221
(9.27);2.022855325268835
(9.28);1.4033938451493464
(9.29);1.7333571061210713
(9.30);2.145562139679843
(9.31);1.8130511491028414
(10.11);4.046730091620872
(10.12);1.9129205817345405
(10.13);0.6836889475200112
(10.14);0.7450803529482388
(10.15);0.6386365554734261
(10.16);0.8421106312576223
(10.17);1.1873899165766095
(10.18);2.1487949144767486
(10.19);2.0009161704261795
(10.20);3.0041708009879953
(10.21);2.153246182235869
(10.22);1.8393541989265543
(10.23);1.5811099000043132
(10.24);1.448788614956664
(10.25);1.7590448255747135
(10.26);2.5241575700091303
(10.27);1.9597493449040313
(10.28);1.3793223087450377
(10.29);1.7943931449368764
(10.30);2.226291627525938
(10.31);1.7093798252010795
(11.12);2.1626851901892423
(11.13);0.7206085485932605
(11.14);0.8139297969190731
(11.15);0.7049110731915663
(11.16);0.9826383825406996
(11.17);1.39566166663366
(11.18);3.681062449424874
(11.19);3.526789948265846
(11.20);8.071369847534402
(11.21);3.4500013127877454
(11.22);2.4879333164173296
(11.23);1.8388196209637937
(11.24);1.8826722173875876
(11.25);2.6806440410696264
(11.26);3.783792243415673
(11.27);2.4760536112288185
(11.28);1.6381938835081147
(11.29);2.359803143340034
(11.30);3.1941184710716555
(11.31);2.1626182585144
(12.13);1.077331949463619
(12.14);1.2311506391707354
(12.15);0.9529751671013809
(12.16);1.3688934044425494
(12.17);2.6745283001016786
(12.18);3.0969004649904406
(12.19);2.2512926826745794
(12.20);2.197324896363042
(12.21);1.5878543573613122
(12.22);1.328564257700996
(12.23);1.102131795893014
(12.24);1.2002432730854036
(12.25);1.7778716712779523
(12.26);3.196464345151376
(12.27);3.4400110285404684
(12.28);2.0158733734570515
(12.29);1.9837017762689007
(12.30);2.488403860633665
(12.31);4.165464344673104
(13.14);3.7172158075049575
(13.15);2.023216567174406
(13.16);1.5227348214410026
(13.17);1.6171441439083964
(13.18);0.946832405844659
(13.19);0.8721861712412887
(13.20);0.8168687411310169
(13.21);0.7338145669211851
(13.22);0.6782837801468039
(13.23);0.6121070705106447
(13.24);0.6744544372735416
(13.25);0.8654732935289909
(13.26);1.4381169111217493
(13.27);1.9831353929354758
(13.28);1.9043363223950365
(13.29);1.2190201498911977
(13.30);1.2890050185691784
(13.31);1.487576264634635
(14.15);3.3132874957517484
(14.16);2.5465209519480116
(14.17);2.283831352622734
(14.18);1.1290601540824783
(14.19);1.037259855226132
(14.20);0.936380737430759
(14.21);0.8391985720409041
(14.22);0.7678552040972096
(14.23);0.6804873072287914
(14.24);0.7705497604434189
(14.25);1.026157129089363
(14.26);1.7522773195923222
(14.27);2.7043697516794682
(14.28);2.726222728939378
(14.29);1.4713950781564937
(14.30);1.5535048519537398
(14.31);1.9183907505932445
(15.16);2.5104890374515283
(15.17);1.6053685839083882
(15.18);0.9663824171217937
(15.19);0.919534165584502
(15.20);0.8245792385482531
(15.21);0.7642311693806242
(15.22);0.7097894868155417
(15.23);0.6342415402882415
(15.24);0.7290843912225479
(15.25);0.9478683810008798
(15.26);1.5773625049834437
(15.27);2.324864766628706
(15.28);3.00448837321994
(15.29);1.4350396974805304
(15.30);1.4485525151628273
(15.31);1.5063702970555848
(16.17);3.0193930132812814
(16.18);1.4979539867353524
(16.19);1.4068493570537939
(16.20);1.1745661798843874
(16.21);1.0661317880567303
(16.22);0.9615797975177124
(16.23);0.8248738759346181
(16.24);0.9895328389564447
(16.25);1.416750981444677
(16.26);2.5494893079359455
(16.27);5.151955640579935
(16.28);7.662456392560436
(16.29);2.1641809281128146
(16.30);2.2443487663645083
(16.31);2.689716239061899
(17.18);2.2993975034580334
(17.19);1.9188339588375678
(17.20);1.603035772209404
(17.21);1.3311171758359115
(17.22);1.1551130133638758
(17.23);0.9690290097486245
(17.24);1.127210015190127
(17.25);1.7027782980321888
(17.26);3.2426761193670495
(17.27);6.890456894221315
(17.28);3.4845076040489196
(17.29);2.209482778041375
(17.30);2.5756895199981176
(17.31);7.005103765421862
(18.19);8.549870715186744
(18.20);4.923114832532902
(18.21);2.981354276782569
(18.22);2.190917706872553
(18.23);1.6028994787172712
(18.24);1.943100577912652
(18.25);3.8934719333396766
(18.26);8.260097573934512
(18.27);4.479035526021768
(18.28);2.408817740810933
(18.29);3.289339986930313
(18.30);5.064835009589132
(18.31);4.280516093696845
(19.20);6.067653637184169
(19.21);4.102486085205762
(19.22);2.773189852434123
(19.23);1.8735593641878596
(19.24);2.46697654802157
(19.25);6.643436001823256
(19.26);12.14115134930431
(19.27);3.9868934235425266
(19.28);2.364997461982527
(19.29);4.108712960392547
(19.30);7.455400810565425
(19.31);3.2122429159237824
(20.21);6.048635677994921
(20.22);3.573348279551749
(20.23);2.3221582462527084
(20.24);2.625145395508479
(20.25);4.299780582789249
(20.26);5.319361695464488
(20.27);2.9080956847309465
(20.28);1.9130432635000176
(20.29);3.1126470450145183
(20.30);4.542659334190786
(20.31);2.477578475848772
(21.22);8.255958315722166
(21.23);3.4570409858192037
(21.24);4.4674039293301835
(21.25);5.170213448611414
(21.26);4.593471202274351
(21.27);2.4832967670987767
(21.28);1.7909342484900521
(21.29);3.5286228628386533
(21.30);4.860597208411193
(21.31);1.9393838990331023
(22.23);5.74073113256689
(22.24);6.6483677700983455
(22.25);3.734428159034436
(22.26);3.49390318041682
(22.27);2.1108990767156888
(22.28);1.6183310090793752
(22.29);3.220440087022284
(22.30);3.894091271419215
(22.31);1.6166637542769569
(23.24);4.3152241972811245
(23.25);2.339644363914611
(23.26);2.4794796218027266
(23.27);1.6994997040161852
(23.28);1.3700105291158047
(23.29);2.448042300630169
(23.30);2.697610725673633
(23.31);1.3043663397976626
(24.25);3.8521141761473774
(24.26);3.4369234378443214
(24.27);2.1040732742892994
(24.28);1.6974153540394585
(24.29);3.9792792328641413
(24.30);4.250904499943185
(24.31);1.5423234317631263
(25.26);9.918429375716954
(25.27);3.530178525983231
(25.28);2.43862808858805
(25.29);6.632370646110824
(25.30);15.744391503977845
(25.31);2.54376291473223
(26.28);3.9638467513687043
(26.29);7.382642710031857
(26.30);16.23382559656199
(26.31);5.168659238730857
(27.28);6.981436931301732
(27.29);4.430645894571431
(27.30);5.312567353527992
(27.31);9.624688830301833
(28.30);3.665429773612742
(28.31);3.5658743932363444
(29.31);2.922454503934244
(30.31);3.709260017997221

****Importance nodes******

0; 0.05
1; 0.03666666666666667
2; 0.03666666666666667
3; 0.03666666666666667
4; 0.03666666666666667
5; 0.012505694157529534
6; 0.012909103646482099
7; 0.013325526344755714
8; 0.013755382033296222
9; 0.014199104034370292
10; 0.014657139648382236
11; 0.015129950604781664
12; 0.015618013527516557
13; 0.016121820415500962
14; 0.016641879138581638
15; 0.017178713949503627
16; 0.017732866012390838
17; 0.01830489394827441
18; 0.018895374398218746
19; 0.0195049026046129
20; 0.02013409301121331
21; 0.020783579882542775
22; 0.021454017943269958
23; 0.02214608303821415
24; 0.022860472813640415
25; 0.02359790742053204
26; 0.03793103448275863
27; 0.03793103448275863
28; 0.03793103448275863
29; 0.03928571428571429
30; 0.03793103448275863
31; 0.024359130240549205
