
****Importance edges******

(0.5);5.2244983527373625
(0.6);4.0611033025548045
(0.7);3.5667015866215515
(0.8);4.260333618511151
(0.10);3.040195390386328
(0.11);3.9277756711225074
(0.12);6.389148840306579
(0.13);2.5293399663325133
(0.14);3.26640922389073
(0.15);2.6432213177648087
(0.16);4.867414800159265
(0.17);10.115100113255034
(0.18);7.980555228131808
(0.19);6.104619499633896
(0.20);4.416673365250823
(0.21);3.481509336864563
(0.22);2.869589127581345
(0.23);2.27566898940559
(0.24);2.7341939560625894
(0.25);4.661252121146334
(0.31);36.930685336439495
(1.2);10.800696644775968
(1.3);4.176541827892864
(1.4);5.0960444745639055
(1.5);4.389547869392162
(1.6);5.856261310309201
(1.7);7.45004308017589
(1.8);5.132508554435646
(1.9);4.375064794905733
(1.10);3.5965088447192026
(1.11);2.977524402900755
(1.12);5.113823070554308
(1.13);1.6802573764681057
(1.14);1.7258008860781882
(1.15);1.3525772879492974
(1.16);1.689697621759515
(1.17);2.6277714676218626
(1.18);2.9046547519497254
(1.19);2.4555291351562794
(1.20);2.708055054244988
(1.21);2.1122022963823377
(1.22);1.8579489433008238
(1.23);1.639349655604901
(1.24);1.6341722120969888
(1.25);2.079013671086836
(1.26);2.98420114631354
(1.27);3.0116810937902123
(1.28);2.125963583495371
(1.29);2.1034202565292968
(1.30);2.5938510477658907
(1.31);3.176399862800914
(2.3);6.444577377176723
(2.4);7.637244297308856
(2.5);5.305136060970104
(2.6);9.09607639969494
(2.7);3.7884907366562928
(2.8);3.2687929370341062
(2.9);2.7269756425907947
(2.10);2.4285184834283036
(2.11);2.234225116204517
(2.12);4.2861652684583085
(2.13);2.090001751290171
(2.14);2.0464857548200857
(2.15);1.5186159665325387
(2.16);1.8168896361156426
(2.17);2.8690756994084867
(2.18);2.4527785182286745
(2.19);2.096185769457706
(2.20);2.1629964804211093
(2.21);1.7596346275688717
(2.22);1.5685904536587614
(2.23);1.3938141281996963
(2.24);1.4272954406241403
(2.25);1.8239292579634372
(2.26);2.676828678470071
(2.27);3.00571669782769
(2.28);2.193173228965219
(2.29);1.9464268831529918
(2.30);2.338155102508171
(2.31);3.1271749132543762
(3.4);13.9606296699852
(3.5);4.280746068672888
(3.6);4.5423637461920325
(3.7);2.1769699182058595
(3.8);2.1198025257017052
(3.9);1.7653999778128948
(3.10);1.6612454844616653
(3.11);1.6816656628845683
(3.12);2.999445433397645
(3.13);3.959177388024477
(3.14);3.4134727735236585
(3.15);2.1314909890027125
(3.16);2.3143475728423666
(3.17);3.4909474417648725
(3.18);2.0674110011747526
(3.19);1.809820066152809
(3.20);1.733907436415382
(3.21);1.475204395816023
(3.22);1.3293242767022808
(3.23);1.1797886475863095
(3.24);1.2609802208196426
(3.25);1.634575200519741
(3.26);2.4660350324013227
(3.27);3.237255669218458
(3.28);2.558751136058276
(3.29);1.8773793711457156
(3.30);2.1743953034821737
(3.31);3.1247271483330867
(4.5);7.9984218092923465
(4.6);7.365787250815149
(4.7);2.692442648929365
(4.8);2.677464755263863
(4.9);2.1089933981916533
(4.10);1.9593621463059245
(4.11);2.02847598408569
(4.12);4.318676868340035
(4.13);3.191289783486369
(4.14);3.327270391041723
(4.15);2.123087664116349
(4.16);2.6248805981638355
(4.17);4.885859623547839
(4.18);2.6025087669782514
(4.19);2.201720710519
(4.20);2.079107556402426
(4.21);1.7169560254527438
(4.22);1.5194024570595774
(4.23);1.322634279676337
(4.24);1.4282139583862359
(4.25);1.9223187660790109
(4.26);2.9833700546185375
(4.27);4.037890943749434
(4.28);2.8843520901056916
(4.29);2.151300594202303
(4.30);2.5571816709213917
(4.31);4.280226524646228
(5.6);6.27938190248882
(5.7);1.8832674401431955
(5.8);1.9382800956681634
(5.9);1.3542837538747152
(5.10);1.2643335938090114
(5.11);1.3472842719619385
(5.12);4.4611061998314545
(5.13);1.2169067913781442
(5.14);1.3677954536762178
(5.15);0.9769435521643937
(5.16);1.3460869291630955
(5.17);2.8846768283383075
(5.18);1.892132726314776
(5.19);1.5190004175646472
(5.20);1.451820937587651
(5.21);1.1457103699535873
(5.22);0.9963274484357496
(5.23);0.8545701240168132
(5.24);0.9316677591305624
(5.25);1.3135195394272894
(5.26);2.355489004095061
(5.27);3.000882185069953
(5.28);1.8926976190948728
(5.29);1.5677312961287597
(5.30);1.9607865716184425
(5.31);3.3528141976150003
(6.7);2.055465231664812
(6.8);1.9354712789273827
(6.9);1.4212451098247059
(6.10);1.3038883515300346
(6.11);1.2998501651061811
(6.12);3.494204789512977
(6.13);1.1809492521307072
(6.14);1.2454263901604201
(6.15);0.9041938744743532
(6.16);1.166504074620524
(6.17);2.1329847842078697
(6.18);1.6516087775448214
(6.19);1.3656905846405698
(6.20);1.3665461979541518
(6.21);1.0900080022094798
(6.22);0.9597886767486907
(6.23);0.8378387290719326
(6.24);0.8902515070873774
(6.25);1.2045619204734854
(6.26);2.0715746836695916
(6.27);2.456381404690544
(6.28);1.6653644983824853
(6.29);1.4323198918442703
(6.30);1.7688895358946684
(6.31);2.5002179381323475
(7.8);6.804324939839738
(7.9);5.072693870167629
(7.10);3.412450488418199
(7.11);2.540744819242202
(7.12);3.1184256388564546
(7.13);0.8012474559208975
(7.14);0.8654379747552583
(7.15);0.7078218428620416
(7.16);0.9349774931555526
(7.17);1.4510472864110644
(7.18);2.1745561015162136
(7.19);1.8113010421158828
(7.20);2.2062138415577617
(7.21);1.5863971148744291
(7.22);1.3566727553867075
(7.23);1.16703008398273
(7.24);1.1610198503280245
(7.26);2.4031120615747685
(7.27);2.1528241321152293
(7.28);1.4560449768539416
(7.29);1.6018646381921577
(7.30);2.072223612950675
(7.31);2.0691742707214424
(8.9);4.571607109360257
(8.10);3.531011350772408
(8.11);3.5224192351263413
(8.12);3.7813331540583586
(8.13);0.806600683837583
(8.14);0.8955846475892609
(8.15);0.7375954490927529
(8.16);1.0132181578967001
(8.17);1.6076847816174864
(8.18);2.968671239147263
(8.19);2.321719060364708
(8.20);2.878328797107333
(8.21);1.8766877349187243
(8.22);1.5384989362354924
(8.23);1.2680718026172897
(8.24);1.302030979748077
(8.25);1.817750037324404
(8.26);2.9359054482587945
(8.27);2.479555125023762
(8.28);1.5950666762230323
(8.29);1.8233148475556233
(8.30);2.4470750475251766
(8.31);2.4572857212852077
(9.10);8.871973047712414
(9.11);3.3026769314719986
(9.12);2.121191302182724
(9.13);0.6867951603894579
(9.14);0.7460162917077212
(9.15);0.6299958093042964
(9.16);0.8311179476153385
(9.17);1.21063899713257
(9.18);2.082690627160675
(9.19);1.8515407627123144
(9.20);2.570251833291708
(9.21);1.8221768328052554
(9.22);1.5556031578007101
(9.23);1.3395422684284586
(9.24);1.2713763450539441
(9.25);1.592614679363793
(9.26);2.381840747962422
(9.27);1.941607329836465
(9.28);1.347026523524229
(9.29);1.621597174594011
(9.30);2.1120352938090323
(9.31);1.752880389369636
(10.11);4.044387647707395
(10.12);1.9118132903975351
(10.13);0.6832931951526501
(10.14);0.7446490642538363
(10.15);0.6382668816186291
(10.16);0.8416231767256909
(10.17);1.1867025976252499
(10.18);2.147551087620308
(10.19);1.9997579429687815
(10.20);3.002431841025632
(10.21);2.1519997787694654
(10.22);1.8382894913847974
(10.23);1.5801946768048534
(10.24);1.447949985743402
(10.25);1.750107417137769
(10.26);2.483728686517762
(10.27);1.9283604653511894
(10.28);1.3572300029477031
(10.29);1.7213114798290008
(10.30);2.2447884523980433
(10.31);1.7081469514360865
(11.12);2.161433322966613
(11.13);0.7201914253677341
(11.14);0.8134586548227076
(11.15);0.7045030364271773
(11.16);0.982069583721352
(11.17);1.3948537898782896
(11.18);3.678931671701981
(11.19);3.524748470959135
(11.20);8.06669774666661
(11.21);3.448004284472623
(11.22);2.486493179783002
(11.23);1.837755222861724
(11.24);1.8815824352729305
(11.25);2.667171478659651
(11.26);3.723708574520771
(11.27);2.4367358115790148
(11.28);1.6121806426771375
(11.29);2.2645167945459663
(11.30);3.220403400174793
(11.31);2.1610621779061017
(12.13);1.0767083374087796
(12.14);1.2304379893878228
(12.15);0.9524235387917748
(12.16);1.3681010224573815
(12.17);2.672980153228487
(12.18);3.0951078285949762
(12.19);2.249989525131924
(12.20);2.1960529779961426
(12.21);1.5869352301423778
(12.22);1.3277952201846173
(12.23);1.1014938284826137
(12.24);1.1995485139870512
(12.25);1.7690347206141372
(12.26);3.146152739740356
(12.27);3.385866054973029
(12.28);1.9841439953778635
(12.29);1.9043038359373463
(12.30);2.5086815808849985
(12.31);4.162474299738403
(13.14);3.7150641024625575
(13.15);2.022045431164313
(13.16);1.521853388572102
(13.17);1.6162080623384996
(13.18);0.9462843332636026
(13.19);0.871681307526144
(13.20);0.8163958978310069
(13.21);0.7333897994108773
(13.22);0.6778911565528299
(13.23);0.6117527532101944
(13.24);0.6740640302892011
(13.25);0.8612196497768069
(13.26);1.4156845048020505
(13.27);1.9522015386867246
(13.28);1.8746316121430688
(13.29);1.1706659307271943
(13.30);1.2994041159572154
(13.31);1.4865110285739747
(14.15);3.311369604033668
(14.16);2.5450469019448287
(14.17);2.282509360117616
(14.18);1.1284065992305359
(14.19);1.036659438845608
(14.20);0.935838714782984
(14.21);0.8387128031502765
(14.22);0.7674107322128618
(14.23);0.6800934081263241
(14.24);0.7701037288189921
(14.25);1.0211712573578153
(14.26);1.7251953006266643
(14.27);2.6625728328434852
(14.28);2.684088065193961
(14.29);1.4135648420338276
(14.30);1.5659098081846539
(14.31);1.9170203527404757
(15.16);2.5090358444704086
(15.17);1.60443931860452
(15.18);0.9658230280447301
(15.19);0.9190018945506944
(15.20);0.8241019320378641
(15.21);0.763788795263578
(15.22);0.7093786261884186
(15.23);0.633874410481685
(15.24);0.7286623617676637
(15.25);0.9433163060517945
(15.26);1.553212434654941
(15.27);2.2892701284647097
(15.28);2.958488417417015
(15.29);1.3791666743768078
(15.30);1.4599985688030477
(15.31);1.505296862968843
(16.17);3.0176452419631494
(16.18);1.4970868982171037
(16.19);1.4060350043198584
(16.20);1.1738862839346318
(16.21);1.0655146591992684
(16.22);0.9610231884301228
(16.23);0.8243963988738005
(16.24);0.9889600492908829
(16.25);1.410027357726214
(16.26);2.5108294770620443
(16.27);5.073832648216452
(16.28);7.546264782227755
(16.29);2.0807256673621177
(16.30);2.261893494528665
(16.31);2.687804293008995
(17.18);2.2980665005088143
(17.19);1.9177232445507018
(17.20);1.6021078572502443
(17.21);1.3303466605665297
(17.22);1.1544443778516795
(17.23);0.9684680886952121
(17.24);1.1265575312884306
(17.25);1.694794105989225
(17.26);3.1939860461747487
(17.27);6.786993940118606
(17.28);3.4321863348148565
(17.29);2.1251141659180934
(17.30);2.595604458733529
(17.31);7.000136684855406
(18.19);8.544921634777532
(18.20);4.9202650945682445
(18.21);2.979628524132539
(18.22);2.189649497298107
(18.23);1.601971642651404
(18.24);1.941975816928115
(18.25);3.8754381207416584
(18.26);8.137308012606567
(18.27);4.412452921822515
(18.28);2.3730097287304828
(18.29);3.164992684925691
(18.30);5.10355835731583
(18.31);4.277488534685138
(19.20);6.064141384572874
(19.21);4.1001113670153115
(19.22);2.771584595462772
(19.23);1.8724748570352163
(19.24);2.4655485421825913
(19.25);6.6130456465969685
(19.26);11.962509174387673
(19.27);3.928231168880551
(19.28);2.3301994203367404
(19.29);3.9549764946544923
(19.30);7.511750595647948
(19.31);3.209976667193997
(20.21);6.045134433902042
(20.22);3.5712798520217044
(20.23);2.3208140682801446
(20.24);2.623625833858832
(20.25);4.280358445676608
(20.26);5.2419085432491554
(20.27);2.8657520370112834
(20.28);1.885188186224727
(20.29);2.9973947335707347
(20.30);4.576593349735123
(20.31);2.475834972972823
(21.22);8.25117936608413
(21.23);3.455039882599436
(21.24);4.4648179789686875
(21.25);5.147157528879212
(21.26);4.527297898013943
(21.27);2.447522524635527
(21.28);1.7651341440119745
(21.29);3.3993587632031153
(21.30);4.8964734798082565
(21.31);1.9380226144362411
(22.23);5.737408118578823
(22.24);6.644519371943531
(22.25);3.7179905993408875
(22.26);3.444115605621086
(22.27);2.0808190944605163
(22.28);1.5952700448802524
(22.29);3.103747263882444
(22.30);3.9224837811275286
(22.31);1.615531903712358
(23.24);4.312726335939411
(23.25);2.3294814359188796
(23.26);2.444537904096021
(23.27);1.6755497435574709
(23.28);1.350703848495145
(23.29);2.3603207028477065
(23.30);2.717034919208707
(23.31);1.3034554872279218
(24.25);3.835604406453462
(24.26);3.389034873896143
(24.27);2.0747560522534623
(24.28);1.6737643227614614
(24.29);3.8383009097156404
(24.30);4.281124599155408
(24.31);1.5412491988001156
(25.26);9.754055584307803
(25.27);3.4716744214838138
(25.28);2.3982137720089094
(25.29);6.381944302815607
(25.31);2.5328606055176692
(26.27);6.886474653603496
(26.28);3.87671252139209
(26.29);7.093682780533489
(26.30);16.150710606519254
(26.31);5.097841165278237
(27.28);6.827969310251746
(27.29);4.257228437488226
(27.30);5.285367727656481
(27.31);9.49281673561325
(28.29);3.6096118692508985
(28.30);3.6466632692343346
(28.31);3.5170167798710192
(29.30);11.971071829609794
(29.31);2.8210605480661375
(30.31);3.7346125988203487

****Importance nodes******

0; 0.05238095238095238
1; 0.03666666666666667
2; 0.03666666666666667
3; 0.03666666666666667
4; 0.03666666666666667
5; 0.01237565549022724
6; 0.012774870183460376
7; 0.013626528195691068
8; 0.013626528195691068
9; 0.012788931662705392
10; 0.014478639804026437
11; 0.014945692700930515
12; 0.01542781182031537
13; 0.015925483169357803
14; 0.016439208432885474
15; 0.016969505479107586
16; 0.01751690888165944
17; 0.018081970458487164
18; 0.01866525982811578
19; 0.019267364983861453
20; 0.01988889288656666
21; 0.020530470076455906
22; 0.021192743304728673
23; 0.021876380185526373
24; 0.022582069868930448
25; 0.023140299073356026
26; 0.03666666666666667
27; 0.03666666666666667
28; 0.03666666666666667
29; 0.03666666666666667
30; 0.03793103448275863
31; 0.02405698499610098
