
****Mix criterion 0.5*C(weight)+0.5*C(distance) ******

(0.5);0.4652697274329525
(0.6);0.41855379797346315
(0.7);0.39095759851490386
(0.8);0.4259296006962992
(0.10);0.35423813179314184
(0.11);0.40784613666804664
(0.12);0.49620531033012294
(0.13);0.30475300601901867
(0.14);0.3651601449456164
(0.15);0.3128283984701399
(0.16);0.4438175916379505
(0.17);0.5776219878993809
(0.18);0.5332660048532392
(0.19);0.4836606619004933
(0.20);0.42035288824241157
(0.21);0.3692049239633114
(0.22);0.3206995264375144
(0.23);0.2535621797601508
(0.24);0.30407178418016395
(0.25);0.42542363659244997
(0.31);0.9824127216643568
(1.2);0.5850955211786262
(1.3);0.40096183824759524
(1.4);0.4430320665743382
(1.5);0.46442413305701447
(1.6);0.5074560008941659
(1.7);0.5433974709893576
(1.8);0.4861569983783681
(1.9);0.46314497099727553
(1.10);0.42782415576841526
(1.11);0.39339783906944753
(1.12);0.4826537902149547
(1.13);0.25681035726782003
(1.14);0.2619178105233567
(1.15);0.1813962993518436
(1.16);0.25042875753215493
(1.17);0.3585641894998257
(1.18);0.37793130531330676
(1.19);0.34013225472200115
(1.20);0.3589468015266743
(1.21);0.29856350610742893
(1.22);0.2603422600523093
(1.23);0.2188070841706304
(1.24);0.2141092731896256
(1.25);0.283756815827586
(1.26);0.32148324311374715
(1.27);0.3238492518508341
(1.28);0.22162167744832453
(1.29);0.21802743129032687
(1.30);0.27960373419183787
(1.31);0.38063453976745415
(2.3);0.48704877610023817
(2.4);0.5211136325564287
(2.5);0.4931857525905811
(2.6);0.5768119450445147
(2.7);0.4384453549536356
(2.8);0.41348503445921614
(2.9);0.3828061105884666
(2.10);0.35391648007313614
(2.11);0.33424934299546893
(2.12);0.45474026262489875
(2.13);0.3144912656073588
(2.14);0.30722623273526095
(2.15);0.22048037185610453
(2.16);0.27122335045890644
(2.17);0.3767191585924488
(2.18);0.3419259442273303
(2.19);0.30202905895519644
(2.20);0.30691166564272665
(2.21);0.24768608676559858
(2.22);0.20765264137400333
(2.23);0.16203157308681693
(2.24);0.16665782766866158
(2.25);0.2461194778669151
(2.26);0.2922261873737018
(2.27);0.3233388212501159
(2.28);0.23193593122448575
(2.29);0.19088315794557786
(2.30);0.24810255574396867
(2.31);0.37741058840748104
(3.5);0.4620274981945793
(3.6);0.47050726542763577
(3.7);0.33389619616214317
(3.8);0.32781035712898177
(3.9);0.2864801807435359
(3.10);0.26144939717639537
(3.11);0.2627676591108529
(3.12);0.39400967851450097
(3.13);0.4420064513436185
(3.14);0.4151165859990379
(3.15);0.3157355726168139
(3.16);0.33314702294748466
(3.17);0.4151062990958376
(3.18);0.3015587504898315
(3.19);0.26278245963578695
(3.20);0.2466945689375881
(3.21);0.19102242485281629
(3.22);0.14842678184450794
(3.23);0.09473772474065462
(3.24);0.11824968141615401
(3.25);0.21174715036540262
(3.26);0.2691156960799831
(3.27);0.3427425561217079
(3.28);0.27997726326930295
(3.29);0.1780555416888419
(3.30);0.22496580709982375
(3.31);0.3781248299812493
(4.5);0.5618028629310694
(4.6);0.5478246808847316
(4.7);0.37959747248808534
(4.8);0.3784966122226202
(4.9);0.33080106507076434
(4.10);0.3060786515255322
(4.11);0.3129184456306188
(4.12);0.45888315450328737
(4.13);0.4053162930123119
(4.14);0.4116412441296933
(4.15);0.3154954573766495
(4.16);0.36186499336365396
(4.17);0.474097612056685
(4.18);0.3566632673112376
(4.19);0.31573182874609207
(4.20);0.29811863093678187
(4.21);0.2413021013309849
(4.23);0.14265957195897572
(4.24);0.16774776363661684
(4.25);0.26284568069628855
(4.26);0.32284677471791023
(4.27);0.3947001665863921
(4.28);0.3139541858075732
(4.29);0.22661428198503014
(4.30);0.27663971065975596
(4.31);0.4399718126813383
(5.6);0.5533538686219599
(5.7);0.4140002775521199
(5.8);0.4179224915270496
(5.9);0.36815943374786275
(5.10);0.3454034883586808
(5.11);0.3546484182529829
(5.12);0.5105354147157656
(5.13);0.3284469660403372
(5.14);0.34822949082122134
(5.15);0.2702981996567436
(5.16);0.3387058443917702
(5.17);0.4539888935696491
(5.18);0.39363269256070654
(5.19);0.35264944095768114
(5.20);0.33974108166680567
(5.21);0.2832813143863624
(5.22);0.24076934660843066
(5.23);0.18736479918107607
(5.24);0.2091280861844947
(5.25);0.299158802862495
(5.26);0.3549526346227237
(5.27);0.40172268094817365
(5.28);0.30544263207437355
(5.29);0.25541614723134315
(5.30);0.309238504102286
(5.31);0.4579137900664899
(6.7);0.42413999358892907
(6.8);0.41605762158174414
(6.9);0.3738855347136776
(6.10);0.3486799786647405
(6.11);0.34551110092260584
(6.12);0.48244171327120305
(6.13);0.3194903501348536
(6.14);0.3272146228093774
(6.15);0.24617588569178175
(6.16);0.3058191786755784
(6.17);0.41209282348937265
(6.18);0.36898627080034335
(6.19);0.32921617950320803
(6.20);0.3250098903553702
(6.21);0.2676788211346585
(6.22);0.22653646677657155
(6.23);0.1768039313241709
(6.24);0.19080877684449604
(6.25);0.2751983875011288
(6.26);0.3252353715621402
(6.27);0.36220430944138726
(6.28);0.2702828462527145
(6.29);0.22609221305561
(6.30);0.2810065765711386
(6.31);0.4149812183953791
(7.8);0.5605236264038149
(7.9);0.5272073545825913
(7.10);0.479964367550507
(7.11);0.444311457496858
(7.12);0.4672256869838805
(7.13);0.21251178464556014
(7.14);0.23072131519954547
(7.15);0.15990969225965984
(7.16);0.24325245399610765
(7.17);0.3430113636152683
(7.18);0.4101319258638732
(7.19);0.3783232635626849
(7.20);0.40682335998114305
(7.21);0.3474893872467726
(7.22);0.3105738723722147
(7.23);0.26979578004202087
(7.24);0.26352133776697206
(7.26);0.3546878638481029
(7.27);0.33063076595529567
(7.28);0.22622555366554964
(7.29);0.25491198158175093
(7.30);0.3173678448445924
(7.31);0.38092544001194634
(8.9);0.5157389073897084
(8.10);0.4838213881303059
(8.11);0.48331295444575173
(8.12);0.4895014820077829
(8.13);0.2145655953655482
(8.14);0.24059566763889806
(8.15);0.1744349795499185
(8.16);0.2651343036598331
(8.17);0.3623794761144248
(8.18);0.4533361939848251
(8.19);0.4177496161339846
(8.20);0.4445889635431454
(8.21);0.37841119404857065
(8.22);0.33756277820550984
(8.23);0.29079134497083126
(8.24);0.29277892728225585
(8.25);0.3611688930258865
(8.26);0.3941613775635478
(8.27);0.3612034367679583
(8.28);0.25368319527274663
(8.29);0.2903048573496378
(8.30);0.35495041001495664
(8.31);0.40950646321481216
(9.10);0.5964115108810996
(9.11);0.4780064292145323
(9.12);0.4213746913163755
(9.13);0.17109028170337812
(9.14);0.19318361312636556
(9.15);0.12640344534621534
(9.16);0.21631605421213987
(9.17);0.3102245612891967
(9.18);0.40684270286326557
(9.19);0.3857714378810753
(9.20);0.43179243972729864
(9.21);0.3769977530777676
(9.22);0.3441698589737292
(9.23);0.3089279090564814
(9.24);0.2922770262135804
(9.25);0.33922705681816967
(9.26);0.3558100351378601
(9.27);0.30985588111003315
(9.28);0.2062890457650116
(9.29);0.2628201131461097
(9.30);0.32529532155042085
(9.31);0.3538930633653921
(10.11);0.4973060871073791
(10.12);0.39954930908503955
(10.13);0.14929136278146332
(10.14);0.17421380498066288
(10.15);0.11004151880601364
(10.16);0.20388835368454106
(10.17);0.29420158100929106
(10.18);0.4050198465553266
(10.19);0.3913385838298911
(10.20);0.44787420607216016
(10.21);0.3978153036956335
(10.22);0.3677185025063727
(10.23);0.335442432425481
(10.24);0.31268871438667334
(10.25);0.3499796426669719
(10.26);0.35864068245805364
(10.27);0.3007419763865813
(10.28);0.19819233398057323
(10.29);0.2708362197408677
(10.30);0.33277985363941015
(10.31);0.3408071422532235
(11.12);0.41631419808823145
(11.13);0.16315332338480107
(11.14);0.19910320137851817
(11.15);0.14321567439998467
(11.16);0.2461570870750208
(11.17);0.32775496987766056
(11.18);0.47802807094211297
(11.19);0.47129558664649407
(11.21);0.4645939508899635
(11.22);0.4163267791804121
(11.23);0.36333676033323614
(11.24);0.36467942099973283
(11.25);0.4213714636196829
(11.26);0.4331016823341721
(11.27);0.3533267567046725
(11.28);0.2500248557123412
(11.29);0.33728850733649424
(11.30);0.4055842346837784
(11.31);0.3838848755241215
(12.13);0.27909764046071556
(12.14);0.3072596429151759
(12.15);0.2377814820209018
(12.16);0.3238547908771299
(12.17);0.4351062526345002
(12.18);0.45396032009521187
(12.19);0.4065969366968393
(12.20);0.3995145588421317
(12.21);0.33837930708615005
(12.22);0.294713972318829
(12.23);0.24102794296369895
(12.24);0.2600093655215974
(12.25);0.34776755624629135
(12.26);0.4018950412804654
(12.27);0.4150989904619207
(12.28);0.30378066862185865
(12.29);0.2933477704563658
(12.30);0.35409314327554675
(12.31);0.48017298586370805
(13.14);0.4803028010025644
(13.15);0.39601088706622833
(13.16);0.3429965402781472
(13.17);0.3518382605518073
(13.18);0.2173889536793949
(13.19);0.18546466554403834
(13.20);0.156053585581854
(13.21);0.10781795902339394
(13.22);0.06607292071125319
(13.23);0.008367066586107448
(13.24);0.04696855711002974
(13.25);0.1447292079862945
(13.26);0.20353093641890008
(13.27);0.29753516608750774
(13.28);0.28701434731863884
(13.29);0.13415445729925354
(13.30);0.16588400124730976
(13.31);0.3026920985055096
(14.15);0.46363819421336844
(14.16);0.4268388550547008
(14.17);0.40882856656130256
(14.18);0.2639742987777859
(14.19);0.23574029339077174
(14.20);0.19853168718822134
(14.21);0.15481317820722065
(14.22);0.11354716463580722
(14.23);0.053432949051709394
(14.24);0.1005313746405038
(14.25);0.20033636300957913
(14.26);0.26181784169668965
(14.27);0.36658004285822055
(14.28);0.36822961395780907
(14.29);0.19994315552995873
(14.30);0.22672201995994268
(14.31);0.3552868774567162
(15.16);0.4230868214149127
(15.17);0.3451632551738671
(15.18);0.2148909410204718
(15.19);0.19374629602063664
(15.20);0.14923002574390223
(15.21);0.11318195009074639
(15.22);0.07425841337341797
(15.23);0.012791887253924463
(15.24);0.07075780688749354
(15.25);0.16883951075577858
(15.26);0.22763262091457548
(15.27);0.3319293160551908
(15.28);0.3860161966641219
(15.29);0.18825166369532875
(15.30);0.20076478545849072
(15.31);0.3000529400365527
(16.17);0.44580323664460536
(16.18);0.32526028684327746
(16.19);0.3078923835980221
(16.20);0.25801910452572296
(16.21);0.2256526410687312
(16.22);0.1870260074569014
(16.23);0.12462400123913338
(16.24);0.18543961090374647
(16.25);0.28595673437150715
(16.26);0.35064496764565073
(16.27);0.4779596421878135
(16.28);0.5411591720004358
(16.29);0.3069229043652018
(16.30);0.32308846146125947
(16.31);0.4116019979547549
(17.18);0.40256378267924237
(17.19);0.36911029880025037
(17.20);0.3298698608868907
(17.21);0.2833587985538709
(17.22);0.24028240695501996
(17.23);0.17939219596588782
(17.24);0.22333503860657924
(17.25);0.326353823299642
(17.26);0.39761073261892255
(17.27);0.5233572923330775
(17.28);0.4109431588002568
(17.29);0.3098889872888505
(17.30);0.352638326730387
(17.31);0.5470288600869375
(18.20);0.5041695040257497
(18.21);0.4349942814689373
(18.22);0.38269884371623786
(18.23);0.31746875825367504
(18.24);0.35509544190086173
(18.25);0.466472488393931
(18.26);0.5536667598679293
(18.27);0.45388566441745376
(18.28);0.3343907621800615
(18.29);0.3948093403185692
(18.30);0.4772936977886314
(18.31);0.47853618706397927
(19.20);0.5311636472369476
(19.22);0.4198951326006169
(19.23);0.3482390448254894
(19.24);0.39692766663747475
(19.25);0.539961670782557
(19.26);0.6242801604970831
(19.27);0.43287855277922893
(19.28);0.3280048873099806
(19.29);0.43406333030276323
(19.30);0.5406494447448523
(19.31);0.4353843087479242
(20.21);0.5277284529879808
(20.22);0.45455504896498267
(20.23);0.3857820879194967
(20.24);0.4045155789460657
(20.25);0.4765508149467937
(20.26);0.47875877999492117
(20.27);0.3708293908919751
(20.28);0.27044289783385317
(20.29);0.3799619774698103
(20.31);0.3898881262236309
(21.22);0.5705326644511401
(21.23);0.44798999182071725
(21.24);0.4829976181490526
(21.25);0.5017783645330941
(21.26);0.4540359613368435
(21.27);0.3346298614473596
(21.28);0.2486210799144996
(21.29);0.4031285615874451
(21.30);0.46645996646189497
(21.31);0.34037259357717076
(22.23);0.5167167702260729
(22.24);0.5364157472654304
(22.25);0.4537006343232518
(22.26);0.40347415624093874
(22.27);0.29167088509355227
(22.28);0.21325176315526545
(22.29);0.3832553859380416
(22.30);0.4257759883123458
(22.31);0.29518513964439586
(23.24);0.4755836992994215
(23.25);0.3754803987581684
(23.26);0.3296548872031311
(23.27);0.22585268828726013
(23.28);0.15005770727770443
(23.29);0.32125378385804926
(23.30);0.3506250464755645
(23.31);0.23268583798911613
(24.25);0.4559849381519096
(24.26);0.39739523848892316
(24.27);0.285493187962329
(24.28);0.22193229758524413
(24.29);0.4208695270787922
(24.30);0.43921153766262255
(24.31);0.27622766798839027
(25.26);0.5800522488630193
(25.27);0.4006686001149845
(25.28);0.3206117671525613
(25.29);0.5068412055736063
(25.31);0.38385085610975167
(26.27);0.498004945198844
(26.28);0.38386461336424604
(26.29);0.5035655247773545
(26.30);0.6804564694431898
(26.31);0.46789948268828463
(27.28);0.4964044910884748
(27.29);0.40404074009589147
(27.30);0.4468827326860882
(27.31);0.5743307622989399
(28.29);0.36780686275908125
(28.30);0.3679496319047828
(28.31);0.40098202134976424
(29.30);0.6087628272115574
(29.31);0.35535920603160626
(30.31);0.4106956777650494
