
****Mix criterion 0.5*C(weight)+0.5*C(distance) ******

(0.5);0.4649432444367406
(0.6);0.4183054920279925
(0.7);0.3907495862620829
(0.8);0.42568113539236696
(0.10);0.3540698873012154
(0.11);0.40763921363781785
(0.12);0.4958711104392136
(0.13);0.3048964863304053
(0.14);0.36452421085330405
(0.15);0.3126992602052343
(0.16);0.4422301205172057
(0.17);0.5769408320455205
(0.18);0.5328467259030977
(0.19);0.48334928714598885
(0.20);0.42014356928549373
(0.21);0.3690343898378517
(0.22);0.3205722764028451
(0.23);0.2537661088074106
(0.24);0.30396237857698594
(0.25);0.425262639423443
(0.31);0.9824127216643568
(1.3);0.40246822085105316
(1.4);0.44360164885094316
(1.5);0.4657348395265647
(1.6);0.5091979949339805
(1.7);0.5455959001261015
(1.8);0.48767154751979286
(1.9);0.46448821754510555
(1.10);0.4288782846170723
(1.11);0.3942714805492529
(1.12);0.4841403611323999
(1.13);0.25753129418327797
(1.14);0.2620897884275937
(1.15);0.1817821890307659
(1.16);0.2503007107689911
(1.17);0.35923353581534595
(1.18);0.3787165266095167
(1.19);0.34079234472826847
(1.20);0.35967776139852137
(1.21);0.29912183424582356
(1.22);0.26083767571663924
(1.23);0.21951680653217237
(1.24);0.21454205618160013
(1.25);0.28431586370558143
(1.26);0.32182898705004903
(1.27);0.3241981795622048
(1.28);0.22288235406299994
(1.29);0.21827112960807868
(1.30);0.27988873380632096
(1.31);0.381612227728702
(2.3);0.49096366168451844
(2.4);0.5238520596421561
(2.5);0.4967276101847122
(2.6);0.582847278583393
(2.7);0.4409265964814224
(2.8);0.4156259040943531
(2.9);0.3846412842566962
(2.10);0.35548762212079743
(2.11);0.33568833373551293
(2.12);0.4574752920318632
(2.13);0.3161072250571559
(2.14);0.3081275960777538
(2.15);0.22142604977430452
(2.17);0.37839839375957524
(2.18);0.34339127102407613
(2.19);0.30327079729993367
(2.20);0.308187675343562
(2.21);0.24870799693805123
(2.22);0.20856154778962813
(2.23);0.16306588284629503
(2.24);0.16747180480799242
(2.25);0.24716187099947212
(2.26);0.29319694151435133
(2.27);0.32442884690379475
(2.28);0.2337777216955212
(2.29);0.19158903126929472
(2.30);0.2489267200425499
(2.31);0.37930515108745666
(3.5);0.4633983974256246
(3.6);0.47195598037989894
(3.7);0.3345845574371776
(3.8);0.3284806419855662
(3.9);0.2870601021014831
(3.10);0.2619707926402275
(3.11);0.263295676108642
(3.12);0.3949427420776242
(3.13);0.4437851221404397
(3.14);0.41552499094475737
(3.15);0.31638588154654734
(3.16);0.3330169922075073
(3.18);0.3021573106592727
(3.19);0.2633033273275211
(3.20);0.2471951393132218
(3.21);0.1914397577801017
(3.22);0.1488056363905211
(3.23);0.09526988753911574
(3.24);0.11860622878807775
(3.25);0.21221570826566044
(3.26);0.2694371120449286
(3.27);0.3431644907824186
(3.28);0.2815316270933438
(3.29);0.17830023395566585
(3.30);0.2252356684869576
(3.31);0.3791412512279847
(4.5);0.56138738130728
(4.6);0.5474545223675324
(4.7);0.37947164229629227
(4.8);0.3783714820164826
(4.9);0.3307154609243835
(4.10);0.3059943377444769
(4.11);0.3128379652373693
(4.12);0.4587133954487253
(4.13);0.40564238366934285
(4.14);0.41089570689517535
(4.15);0.315420682952431
(4.16);0.36083325268440714
(4.17);0.4738079476638002
(4.18);0.3565582191039584
(4.19);0.3156469877912079
(4.20);0.2980478301538553
(4.21);0.24123989635192697
(4.23);0.14284378161230704
(4.24);0.1677115960810158
(4.25);0.2628100255728279
(4.26);0.32249303541284324
(4.27);0.39422139234443476
(4.28);0.3149884054266972
(4.29);0.22635920146761151
(4.30);0.2763313655864563
(4.31);0.44007748433367694
(5.6);0.5543432800890864
(5.7);0.414297014783567
(5.8);0.4182278968333262
(5.9);0.36839838483713766
(5.10);0.3456034246236343
(5.11);0.3548653801124192
(5.12);0.5112413581173916
(5.13);0.3289552691072417
(5.14);0.34797069798541536
(5.15);0.2704499561841013
(5.16);0.3380371350945863
(5.17);0.4542921232493115
(5.18);0.39388956388674945
(5.19);0.3528554806218334
(5.20);0.3399445399770066
(5.21);0.2834336490452703
(5.22);0.2409083718482694
(5.23);0.18772908740585537
(5.24);0.20925993202946053
(5.25);0.29935622937061374
(5.26);0.35484467858672974
(5.27);0.40158514545358126
(5.28);0.3067062500774826
(5.29);0.25534429546046267
(5.30);0.3091392100754948
(5.31);0.4586451009791085
(6.7);0.42446386318343216
(6.8);0.4163625843165168
(6.9);0.37413588158298067
(6.10);0.3488861590506387
(6.11);0.34572035918031846
(6.12);0.48299461672154603
(6.13);0.31997936053056875
(6.14);0.3269848843781932
(6.15);0.24631636845101168
(6.16);0.3052497420468684
(6.17);0.41231848460462117
(6.18);0.3692109465182267
(6.19);0.3294017970063416
(6.20);0.32520168928636073
(6.21);0.26782407102149475
(6.22);0.2266705968331582
(6.23);0.1771584934062632
(6.24);0.19093492295253955
(6.25);0.275379534532616
(6.26);0.3251438299939361
(6.27);0.36209576350883393
(6.28);0.2713878314979882
(6.29);0.2260289197502308
(6.30);0.2809198998018947
(6.31);0.4155249212972701
(7.8);0.5615957505756007
(7.9);0.5280978512336335
(7.10);0.4805039111032927
(7.11);0.4447202238674495
(7.12);0.4677190680591311
(7.13);0.2128376439080816
(7.14);0.23057005642672346
(7.15);0.16001970838609295
(7.16);0.24281254851886055
(7.17);0.3431668961504881
(7.18);0.410428975253184
(7.19);0.37857046142854156
(7.20);0.40713397377054117
(7.21);0.3477017454071259
(7.22);0.3107640579884952
(7.23);0.27028221535645414
(7.24);0.2636862843047749
(7.26);0.3545898820437741
(7.27);0.330542989111161
(7.28);0.22717917860857487
(7.29);0.25484666894400504
(7.30);0.31727337529124905
(7.31);0.3813726061849344
(8.9);0.5165414397176906
(8.10);0.48437967737599275
(8.11);0.4838796569794103
(8.12);0.49009974486009644
(8.13);0.21489363173189466
(8.14);0.24043913991686128
(8.15);0.17454962336177904
(8.16);0.2646575860697651
(8.17);0.36255179805889964
(8.18);0.45374172133729873
(8.19);0.4180664734555982
(8.20);0.4449942046843088
(8.21);0.37866241106807247
(8.22);0.3377784531847361
(8.23);0.2913198959606438
(8.24);0.29296390732558647
(8.25);0.3614425561970733
(8.26);0.3940416722373757
(8.27);0.3611023381596299
(8.28);0.2547278713592788
(8.29);0.2902305155486542
(8.30);0.3548388515493101
(8.31);0.41003750357592306
(9.10);0.5979689599386089
(9.11);0.47859467364305214
(9.12);0.42174604434080853
(9.13);0.17138594644472088
(9.14);0.19305824539407368
(9.15);0.12651138312120094
(9.16);0.21592361416507622
(9.17);0.31037129830180754
(9.18);0.40715749216757896
(9.19);0.38605054285870394
(9.20);0.43219056244525333
(9.21);0.37726656441031
(9.22);0.34440900983880274
(9.23);0.30951299611575167
(9.24);0.29247425814953326
(9.25);0.33948762047721903
(9.26);0.3557277964261549
(9.27);0.30978884250319944
(9.28);0.2071955546343134
(9.29);0.2627641236503143
(9.30);0.32521173098603423
(9.31);0.3542968059433014
(10.11);0.4979584835822766
(10.12);0.39985273036705865
(10.13);0.1495648248265064
(10.14);0.17409084701942595
(10.15);0.11014107199282994
(10.16);0.20350685190986598
(10.17);0.29433090240006654
(10.18);0.4053153572308563
(10.19);0.39161347435328137
(10.20);0.4482995071088164
(10.21);0.3981055579431887
(10.22);0.36797775655464593
(10.23);0.3360921448520489
(10.24);0.3128955396967437
(10.25);0.3502441131209814
(10.26);0.35854836509199967
(10.27);0.30067030142468626
(10.28);0.19907040064571485
(10.29);0.27077224055391425
(10.30);0.33268558796120795
(10.31);0.3411747553010468
(11.12);0.4166628569220177
(11.13);0.16344076378742864
(11.14);0.1989748487418209
(11.15);0.14332733043782767
(11.16);0.2457229586598536
(11.17);0.3279112913700324
(11.18);0.47854402935006574
(11.19);0.47178926488469025
(11.21);0.46506776424722224
(11.22);0.41668345205166907
(11.23);0.3640904286617134
(11.24);0.3649525181769263
(11.25);0.4217802974034844
(11.26);0.4329755753242758
(11.27);0.353244234278184
(11.28);0.2510632081143729
(11.29);0.3372118172743948
(11.30);0.40545951941070146
(11.31);0.38435287536379525
(12.13);0.2795207647197564
(12.14);0.3070684339063085
(12.15);0.2379301844147195
(12.16);0.32325886586852765
(12.17);0.4354015040446115
(12.18);0.4543882606498907
(12.19);0.40690769241848335
(12.20);0.3998267947217832
(12.21);0.3385944546390386
(12.22);0.29490192924602987
(12.23);0.24147383042856058
(12.24);0.2601812623771848
(12.25);0.34803533067219505
(12.26);0.4017894798262823
(12.27);0.41498538601420354
(12.28);0.30504676356573424
(12.29);0.29328387620241275
(12.30);0.35399686838306427
(12.31);0.4810634050788797
(13.15);0.39677802223150127
(13.16);0.34268124404874234
(13.17);0.3523668868576501
(13.18);0.21772093962201639
(13.19);0.18576718008049237
(13.20);0.15633722683357645
(13.21);0.10806533346829822
(13.22);0.06630313575721744
(13.23);0.008731551448590436
(13.24);0.047193817399981894
(13.25);0.14502152163230897
(13.26);0.20368366409152913
(13.27);0.29774577459278917
(13.28);0.28846378565842057
(13.29);0.1342807517401545
(13.30);0.16601365915452762
(13.31);0.3032820598127148
(14.15);0.4631630851244255
(14.16);0.42502489904162777
(14.17);0.40842191991435445
(14.18);0.2638091480407448
(14.19);0.23559339559891546
(14.20);0.1984072555147827
(14.21);0.15470027625507865
(14.22);0.11345197672596481
(14.23);0.05352612122694339
(14.24);0.10044444448853572
(14.25);0.20023280829937043
(14.26);0.2614410197520833
(14.27);0.36599847631200766
(14.29);0.19963440077482525
(14.30);0.22637930798175107
(14.31);0.3552203574080628
(15.16);0.42205432435589185
(15.17);0.34533994679830865
(15.18);0.21502300275523134
(15.19);0.19387184769698726
(15.20);0.14934584402474754
(15.21);0.11328447516137304
(15.22);0.07435772303721931
(15.23);0.013040887069811997
(15.24);0.07086107852073395
(15.25);0.16898054200561718
(15.26);0.22758659995994984
(15.27);0.33186148605695154
(15.28);0.3878585170593103
(15.29);0.18821079963480067
(15.30);0.20071454903177172
(15.31);0.30036866891747194
(16.17);0.44448523433521325
(16.18);0.3246588424874594
(16.19);0.3073397489139496
(16.20);0.2575725816372823
(16.21);0.2252500770557352
(16.22);0.1866768006409322
(16.23);0.12453717509539663
(16.24);0.18509919033238603
(16.25);0.28549160126732526
(16.26);0.3496719501824197
(16.27);0.4759933884786993
(16.29);0.30611656429749423
(16.30);0.32221967034557153
(16.31);0.4109035483600505
(17.18);0.402783645861776
(17.19);0.36929482419793214
(17.20);0.3300311751594651
(17.21);0.2834854822200636
(17.22);0.24039956415074615
(17.23);0.17972915542962556
(17.24);0.22345274631581577
(17.25);0.32654458416841564
(17.26);0.39743886509387094
(17.27);0.5229920860252962
(17.28);0.41295197578432596
(17.29);0.3097746354705056
(17.30);0.35248791660275425
(18.20);0.5047866280254041
(18.21);0.43535076014828233
(18.22);0.3829734235450475
(18.23);0.3180581183872863
(18.24);0.3553431444369468
(18.25);0.46699646197250316
(18.26);0.5533823983846463
(18.27);0.4537314694851958
(18.28);0.33580843390158266
(18.29);0.39469873838325215
(18.30);0.4770922987819571
(18.31);0.47936327793183037
(19.20);0.5319246371354471
(19.22);0.42024286240785325
(19.23);0.34892139411752154
(19.24);0.3972422267451503
(19.25);0.5408552588862221
(19.26);0.623883322752923
(19.27);0.43274823978444893
(19.28);0.3293852506409774
(19.29);0.4339321300731571
(19.30);0.5403663859015266
(19.31);0.43600214509431034
(20.21);0.5284757823318285
(20.22);0.4550162778001091
(20.23);0.3866279808848906
(20.24);0.40485958237923847
(20.25);0.4771436685447173
(20.26);0.4786080652635555
(20.27);0.3707469951300393
(20.28);0.27155502096271494
(20.29);0.3798757967327105
(20.31);0.39037084652477194
(21.22);0.5715529754438178
(21.23);0.44921831472090884
(21.24);0.4835591682433828
(21.25);0.5024635543715206
(21.26);0.4538956707745218
(21.27);0.33455401834646126
(21.28);0.2496461839385103
(21.29);0.40302322326795165
(21.30);0.4662864048466079
(21.31);0.3407386577232796
(22.23);0.5187662875222611
(22.24);0.537285676776759
(22.25);0.4542140797087234
(22.26);0.4033870358853862
(22.27);0.29161824989772606
(22.28);0.21417612883342171
(22.29);0.3831768753431204
(22.30);0.42565899727363843
(22.31);0.2954968498570901
(23.25);0.376310383954808
(23.26);0.33000786968977897
(23.27);0.22609463164759505
(23.28);0.15106002612668012
(23.29);0.3215946056835491
(23.30);0.35099546109832414
(23.31);0.23321500645966137
(24.25);0.4565205949116999
(24.26);0.39732656632979313
(24.27);0.28545114709137964
(24.28);0.22288683429612974
(24.29);0.4207917514226928
(24.30);0.4391053892722536
(24.31);0.27652487889609345
(25.26);0.5799202313433646
(25.27);0.4006216122910777
(25.28);0.3219823694143711
(25.29);0.5067548283277367
(25.31);0.38435449834643975
(26.27);0.4972165695909261
(26.28);0.3852705063758228
(26.29);0.5027534276223097
(26.30);0.6785739311919229
(26.31);0.4680505113208656
(27.28);0.49888065982256913
(27.29);0.4035533651723965
(27.30);0.4462666664855516
(27.31);0.5746119964693347
(28.29);0.36911589149760166
(28.30);0.36923502553509696
(28.31);0.40311276520670364
(29.30);0.6073674706122751
(29.31);0.35544278276599034
(30.31);0.41078599849145875
