
****Mix criterion 0.5*C(weight)+0.5*C(distance) ******

(0.5);0.46481138750578793
(0.6);0.4182114398853688
(0.7);0.3903468943886216
(0.8);0.4255880745704962
(0.9);0.3665306443675437
(0.10);0.3540411990787885
(0.11);0.40721001887926395
(0.12);0.49582094812466954
(0.13);0.3046108383445617
(0.14);0.3649896751943667
(0.15);0.3127012519755884
(0.16);0.44360366774467186
(0.17);0.5772201020203689
(0.18);0.5320275296211123
(0.19);0.48267263331230087
(0.20);0.4206112626197327
(0.21);0.36909638414914925
(0.22);0.3209442147226152
(0.23);0.253527704923542
(0.24);0.30404298089611925
(0.25);0.4255615659299002
(0.31);0.9824127216643568
(1.2);0.589537554499719
(1.3);0.40170926869834084
(1.4);0.4438956231335959
(1.5);0.4662962925712934
(1.6);0.5099558533650519
(1.7);0.5456632608739236
(1.8);0.48833134770554887
(1.9);0.4665623245459363
(1.10);0.42938994842779016
(1.11);0.39430322682291197
(1.12);0.48486430476951736
(1.13);0.25753746290315427
(1.14);0.2626654493587619
(1.15);0.18198290739636508
(1.16);0.2511624005866181
(1.17);0.35970643188152407
(1.18);0.3787487775962305
(1.19);0.3407908292154922
(1.20);0.36042282392618163
(1.21);0.2994617792498065
(1.22);0.26139780687210445
(1.23);0.21952038614685637
(1.24);0.2148211001319759
(1.25);0.2847590929534749
(1.26);0.3234249955022944
(1.27);0.3258088848214983
(1.28);0.22413602834867402
(1.29);0.21939607941656994
(1.30);0.28003582854691467
(1.31);0.38202584559908875
(2.3);0.48820209230593703
(2.4);0.5224078112945684
(2.5);0.49544841408707474
(2.6);0.5806947719639891
(2.7);0.4395975528532328
(2.8);0.41486983443528064
(2.9);0.38493614530250564
(2.10);0.3549737710680107
(2.11);0.3349287127620857
(2.12);0.4565930116501327
(2.13);0.31539568184293326
(2.14);0.30811279632365024
(2.15);0.22113899029546738
(2.16);0.2720122185055303
(2.17);0.37796629134373444
(2.18);0.3426162426021911
(2.19);0.3025912573268708
(2.20);0.3080906044719622
(2.21);0.2484344206392289
(2.22);0.20854379646784516
(2.23);0.16263803941859512
(2.24);0.16727954142796375
(2.25);0.24699878068243752
(2.26);0.29396793942904564
(2.27);0.3252945733228316
(2.28);0.23452977014330892
(2.29);0.19214965402415615
(2.30);0.24849205521887407
(2.31);0.3787803330496168
(3.4);0.6504356728279025
(3.5);0.4623662064312579
(3.6);0.47088106987983475
(3.7);0.33382085278546564
(3.8);0.3279903330538654
(3.9);0.2872509903791779
(3.10);0.26161928914253835
(3.11);0.2627239214996035
(3.12);0.39432532494687744
(3.13);0.44243721618647897
(3.14);0.4155003054283455
(3.15);0.31598297211721593
(3.16);0.3334242057912627
(3.17);0.41553745660116137
(3.18);0.3015040505814792
(3.19);0.2627166211791818
(3.20);0.24711732508298623
(3.21);0.19121040280362492
(3.22);0.1487905927805497
(3.23);0.09490774110313667
(3.24);0.11843636884702863
(3.25);0.21206954942396977
(3.26);0.27014739577837665
(3.27);0.34409690658862047
(3.28);0.282409033763612
(3.29);0.17884096918907302
(3.30);0.2248314467352972
(3.31);0.37861684398622075
(4.5);0.5623220713413072
(4.6);0.5483270119922008
(4.7);0.3794669814898968
(4.8);0.3786868349661037
(4.9);0.33169217668106626
(4.10);0.306252333920195
(4.11);0.31283829908717775
(4.12);0.45927985812886235
(4.13);0.4056212237363751
(4.14);0.41197161121688053
(4.15);0.31571429677936835
(4.16);0.362145608014101
(4.17);0.4746388605781511
(4.18);0.3565616322536831
(4.19);0.3156243023529211
(4.20);0.29859993385713857
(4.21);0.2414999653621813
(4.22);0.19817153411771574
(4.23);0.14283442915381134
(4.24);0.1679424113406225
(4.25);0.26320243430530454
(4.26);0.32406655790645034
(4.27);0.39635110207215896
(4.29);0.2274938645544945
(4.30);0.2764578083119718
(4.31);0.4405966485354454
(5.6);0.556315418186794
(5.7);0.41443864078818765
(5.8);0.418821709041707
(5.9);0.3697409227183931
(5.10);0.3460166552195289
(5.11);0.35496651903447696
(5.12);0.5126654445234231
(5.13);0.3290280987301771
(5.14);0.34888279240183584
(5.15);0.27076489797944076
(5.16);0.3393489965212228
(5.17);0.45536740760375927
(5.18);0.3940184891484067
(5.19);0.35292586296120176
(5.20);0.34071222824928993
(5.21);0.28380641228138004
(5.22);0.2414706408180892
(5.23);0.18776971815864826
(5.24);0.20956955952993506
(5.25);0.29988328959686034
(5.26);0.35680048594539276
(5.27);0.40407683505596825
(5.28);0.30843310568075744
(5.29);0.2566460125986214
(5.30);0.3093625873128168
(5.31);0.45951088675553425
(6.7);0.42462586287669124
(6.8);0.41695576151871466
(6.9);0.3755297684190764
(6.10);0.3493120736703852
(6.11);0.3458224112230194
(6.12);0.48410979116539105
(6.13);0.32005421411739327
(6.14);0.32780937500670204
(6.15);0.24660775676269983
(6.16);0.3063764324635159
(6.17);0.41311195061729616
(6.18);0.3693286405503923
(6.19);0.32946963127530454
(6.20);0.3259207002480271
(6.21);0.2681785636755405
(6.22);0.22720942229195726
(6.23);0.1772009012974285
(6.24);0.19123060264895725
(6.25);0.2758617071980487
(6.26);0.3268552625750688
(6.27);0.3641251043773124
(6.28);0.27289922789389076
(6.29);0.2272122316283063
(6.30);0.2811242030351076
(6.31);0.4161720572577953
(7.8);0.5621320274904851
(7.9);0.5317711394609671
(7.10);0.48086316706997184
(7.11);0.4443852367514467
(7.12);0.4680472196790013
(7.13);0.21272582009739308
(7.14);0.23095567733787017
(7.15);0.16010396449294811
(7.16);0.24351248553437121
(7.17);0.3434201980183759
(7.18);0.4101796079940258
(7.19);0.3783308217427276
(7.20);0.40787403915419806
(7.21);0.34792876865873956
(7.22);0.31127548713915093
(7.23);0.2701444976560843
(7.24);0.26387224790964803
(7.25);0.3259219100167585
(7.26);0.35625760280373886
(7.27);0.33203701411111414
(7.28);0.22830615998149273
(7.29);0.2559583369991418
(7.30);0.3172698760968815
(7.31);0.3815697174940651
(8.9);0.5208921067929907
(8.10);0.4855065627978189
(8.11);0.4841562361643511
(8.12);0.49127991727950293
(8.13);0.21494511618747636
(8.14);0.2410172350516433
(8.15);0.17478232480472372
(8.16);0.2656116440085896
(8.17);0.36313719362980645
(8.18);0.4539538609853624
(8.19);0.41818354583828665
(8.20);0.44647592428333405
(8.21);0.3792612178939778
(8.22);0.33862400657364483
(8.23);0.2913849382147847
(8.24);0.29338859376035326
(8.25);0.3621566452177993
(8.26);0.39643001742166467
(8.27);0.36311944451621975
(8.28);0.25615308458257546
(8.29);0.2917137735460072
(8.30);0.3551200010197918
(8.31);0.4106635299669703
(9.10);0.6064121616635781
(9.11);0.48088386691522533
(9.12);0.4237042225885422
(9.13);0.17183719945963133
(9.14);0.1939869982041585
(9.15);0.1270752109258519
(9.16);0.21719350724382588
(9.17);0.3114899830162165
(9.18);0.40843460709612533
(9.19);0.3871271113885333
(9.20);0.43488317632315654
(9.21);0.37879121490886125
(9.22);0.34606235582690553
(9.23);0.31023951947180656
(9.24);0.2935091059889401
(9.25);0.3408805279681476
(9.26);0.3585160199234737
(9.27);0.3120617212354353
(9.28);0.20888201877388293
(9.29);0.2646623930242247
(9.30);0.32616547242027705
(9.31);0.3555613351615091
(10.11);0.4983783137924094
(10.12);0.40048425533054277
(10.13);0.14962544096885333
(10.14);0.17457779766962095
(10.15);0.11035343899736456
(10.16);0.20429955950986972
(10.17);0.2947812554283644
(10.18);0.40551741865328295
(10.19);0.39175982065692283
(10.20);0.4498776360080533
(10.21);0.39882534507090367
(10.22);0.3690057299433558
(10.23);0.3362065444563218
(10.24);0.31338864480872775
(10.25);0.35095378231517227
(10.26);0.3605745844009722
(10.27);0.3022434528042082
(10.28);0.2002844187323754
(10.29);0.2721764819173602
(10.30);0.3329740364707309
(10.31);0.34163625153227606
(11.12);0.416887225871093
(11.13);0.16334677651886975
(11.14);0.1993245505922338
(11.15);0.14340983453595074
(11.16);0.24643116470326193
(11.17);0.32814909403142134
(11.18);0.47814916497884874
(11.19);0.4713507568146469
(11.20);0.5792420312050282
(11.21);0.46555213426341185
(11.22);0.41759315194353924
(11.23);0.3638860991705728
(11.24);0.36524809323913215
(11.25);0.42237755063305127
(11.26);0.43550061311873545
(11.27);0.3548965789491529
(11.28);0.25228213016415435
(11.29);0.33874738064569143
(11.30);0.4054600367562107
(11.31);0.3845570716982902
(12.13);0.27961677340671204
(12.14);0.3078528963303339
(12.15);0.23824069127966846
(12.16);0.3245144182706712
(12.17);0.43639502510270184
(12.18);0.45468031421345234
(12.19);0.4070742361785732
(12.20);0.4009561814875393
(12.21);0.3391155800225433
(12.22);0.29562876115619136
(12.23);0.2415544543635944
(12.24);0.26058268163667797
(12.25);0.3487395401801295
(12.26);0.4043152890405778
(12.27);0.41770364300535234
(12.28);0.3067929609125756
(12.29);0.2948126984095716
(12.30);0.3543181244937691
(12.31);0.482171348780733
(13.14);0.48209401233164034
(13.15);0.39698581255454146
(13.16);0.3437302990924288
(13.17);0.35261751229863064
(13.18);0.21761247861739305
(13.19);0.18565290724127553
(13.20);0.15658753997503583
(13.21);0.10815840395087667
(13.22);0.06653807638090903
(13.23);0.008659516358499356
(13.24);0.047290758094755775
(13.25);0.14520166087039255
(13.26);0.20461613668773757
(13.27);0.29903163625965534
(13.28);0.28984200127771553
(13.29);0.13505183731466996
(13.30);0.1660052456886208
(13.31);0.3034057958896554
(14.15);0.46523476498197813
(14.16);0.4280659447409249
(14.17);0.4099290742542531
(14.18);0.2642449046146821
(14.19);0.2359681327855767
(14.20);0.19914148700127737
(14.21);0.15520272393970688
(14.22);0.11407160941490209
(14.23);0.053758106575827455
(14.24);0.10089952445107586
(14.25);0.20089568248749554
(14.26);0.26313555263652566
(14.27);0.3686137264351892
(14.28);0.37225158872858677
(14.29);0.20102284190276468
(14.30);0.22687388461906005
(14.31);0.35620731858120525
(15.16);0.4242965484359603
(15.17);0.3459368326425289
(15.18);0.2151260403653345
(15.19);0.19395180488721755
(15.20);0.14976500776546334
(15.21);0.11353688795511674
(15.22);0.07474121551564103
(15.23);0.013094982112297626
(15.24);0.07110618557583158
(15.25);0.16935536941220247
(15.26);0.22881464541939683
(15.27);0.33367149460696244
(15.28);0.39041961971677774
(15.29);0.18930123603261723
(15.30);0.2009118104571157
(15.31);0.3007757346490314
(16.17);0.44725818875187956
(16.18);0.3256301128461518
(16.19);0.3082122130545218
(16.20);0.25877828671614117
(16.21);0.22614806037644555
(16.22);0.18767738159229674
(16.23);0.1250182421939737
(16.24);0.18591249433478568
(16.25);0.28672658855085875
(16.26);0.3525486831930103
(16.27);0.48180663147376546
(16.28);0.5523143402603597
(16.29);0.3085005144095853
(16.30);0.3233247568018854
(16.31);0.4128926642854468
(17.18);0.40313978344220613
(17.19);0.369553910608455
(17.20);0.3309020610851746
(17.21);0.2839776882273814
(17.22);0.24106163094126043
(17.23);0.17985538838277745
(17.24);0.22387377836505518
(17.25);0.3272776728871398
(17.26);0.4000233185788764
(17.27);0.528483866480085
(17.28);0.4159814587289917
(17.29);0.31149419799605865
(17.30);0.35291937355973313
(17.31);0.5503904641650402
(18.19);0.5850333032376182
(18.20);0.5062417770107814
(18.21);0.4357344827822932
(18.22);0.3837032823239725
(18.23);0.3178988775012512
(18.24);0.3556237135813932
(18.25);0.4677930066893816
(18.26);0.5585387820794332
(18.27);0.45652751705582384
(18.28);0.3374847355390377
(18.29);0.3967043054146816
(18.30);0.47709884249157375
(18.31);0.47973867908206475
(19.20);0.5335900124514603
(19.21);0.47949515898356704
(19.22);0.42110849553412144
(19.23);0.3487084571903847
(19.24);0.3975550858652762
(19.25);0.5420939972895515
(19.26);0.6312432548848574
(19.27);0.4351650834733475
(19.28);0.3309865594849803
(19.29);0.4363654288200768
(19.30);0.5402906994134318
(19.31);0.43623186715404194
(20.21);0.5314659991026146
(20.22);0.45747045511004264
(20.23);0.3872345453474979
(20.24);0.4061509753969681
(20.25);0.479485151944592
(20.26);0.48324310306385787
(20.27);0.3732809708582018
(20.28);0.27335610107452785
(20.29);0.3825261745059778
(20.30);0.456632111293129
(20.31);0.3914240941645341
(21.22);0.5758793092024573
(21.23);0.4495899302874447
(21.24);0.4850660351512271
(21.25);0.5044888745613462
(21.26);0.45735094991479114
(21.27);0.33642199207278095
(21.28);0.25111754592252655
(21.29);0.4056176479533562
(21.30);0.4670120380385074
(21.31);0.3412750468965631
(22.23);0.5204712965285664
(22.24);0.5407446734905524
(22.25);0.45634605939380984
(22.26);0.4064758949820064
(22.27);0.29348443492875564
(22.28);0.21571780624091336
(22.29);0.3859604746955947
(22.30);0.42678030730287414
(22.31);0.2962315511282996
(23.24);0.47763254836411817
(23.25);0.3767298481355547
(23.26);0.33145162361152325
(23.27);0.2270842180677055
(23.28);0.15195060720768572
(23.29);0.32298862058738864
(23.30);0.35097665487767876
(23.31);0.2333075970026806
(24.25);0.45803858874414966
(24.26);0.39987568836480475
(24.27);0.287011711254
(24.28);0.2242594728301372
(24.29);0.42367879678812237
(24.30);0.43978281045465506
(24.31);0.27696281137380774
(25.26);0.5876179103562386
(25.27);0.4033613788530789
(25.28);0.32403635901517497
(25.29);0.5117913137461865
(25.30);0.6889607329301508
(25.31);0.3852069945774808
(26.28);0.3893776562279635
(26.29);0.5098794844517665
(26.30);0.6869479406418575
(26.31);0.4716062863261939
(27.28);0.5061144933834212
(27.29);0.407830022688683
(27.30);0.4490070858005945
(27.31);0.5812332934819915
(28.31);0.4057989901764322
(29.30);0.6135743720340946
(29.31);0.35741048953834986
(30.31);0.41122974368510024
