
****Importance edges******

(0.5);5.182918360836386
(0.6);4.029124376843749
(0.7);3.5392444406510197
(0.8);4.227536761469508
(0.10);3.017357374177731
(0.11);3.92786829488036
(0.12);6.343871700524456
(0.13);2.511673373501221
(0.14);3.2439329941717268
(0.15);2.625311792145825
(0.16);4.834956228870301
(0.17);10.036709096354244
(0.18);7.999143363662484
(0.19);6.124467493109945
(0.20);4.361579497707946
(0.21);3.4624096628965937
(0.22);2.8307048322685806
(0.23);2.262567473371527
(0.24);2.718788423181468
(0.25);4.634119905909251
(0.31);36.82986208015421
(1.2);10.679664024497837
(1.3);4.277230191126543
(1.4);5.218900272076353
(1.5);4.359180390165768
(1.6);5.816347641697276
(1.7);7.400856690075944
(1.8);5.098622902334985
(1.9);4.347886590954931
(1.10);3.5735737083516295
(1.11);2.987774902036311
(1.12);5.0839381827764045
(1.13);1.6706406755191057
(1.14);1.716134264417393
(1.15);1.345168355517427
(1.16);1.6806533564609671
(1.17);2.610013226682259
(1.18);2.9225856904438854
(1.19);2.4734863944330243
(1.20);2.673320449138674
(1.21);2.10393400854437
(1.22);1.8315898119522576
(1.23);1.6323092438892808
(1.24);1.6273795074295014
(1.25);2.069853874536901
(1.26);2.9507601844890985
(1.27);2.97793219163955
(1.28);2.102140032886644
(1.29);2.079849326471098
(1.30);2.611360336619005
(1.31);3.174695296996097
(2.3);6.599943700460525
(2.4);7.821363518329501
(2.5);5.268434420181981
(2.6);9.03408159450292
(2.7);3.7634785076989794
(2.8);3.2472118370556733
(2.9);2.7100354820086014
(2.10);2.4130316863722134
(2.11);2.2419167148359103
(2.12);4.261117165252903
(2.13);2.0780399398995306
(2.14);2.0350229008572462
(2.15);1.5102975338734648
(2.16);1.8071645636082307
(2.17);2.8496867463842857
(2.18);2.467919946214438
(2.19);2.1115151544018516
(2.20);2.1352530161676766
(2.21);1.7527464778801256
(2.22);1.5463365150081967
(2.23);1.3878282024491866
(2.24);1.421362653167811
(2.25);1.8158933219055058
(2.26);2.646832132909505
(2.27);2.9720346327057356
(2.28);2.16859652698425
(2.29);1.924615221035646
(2.30);2.3539383654324086
(2.31);3.125496763256563
(3.5);4.477177727343231
(3.6);4.749329517235684
(3.7);2.274693805180938
(3.8);2.2149601761123665
(3.9);1.8468767964667514
(3.10);1.7347673650066215
(3.11);1.7718341595129252
(3.12);3.131024003130427
(3.13);4.13147212537996
(3.14);3.5608104934009326
(3.15);2.222729561674589
(3.16);2.4125738204994507
(3.18);2.176934466284954
(3.19);1.9068484068246576
(3.20);1.7910638603416849
(3.21);1.5362220697649491
(3.22);1.3699633785873029
(3.23);1.226910779376356
(3.24);1.3108548394479236
(3.25);1.6981521904002645
(3.26);2.525486377873583
(3.27);3.31529965587883
(3.28);2.6204376878584785
(3.29);1.9226393646616202
(3.30);2.264558418224471
(3.31);3.2563114251501943
(4.5);8.36544737855986
(4.6);7.7013979422720915
(4.7);2.8133060374908845
(4.8);2.7976557881922375
(4.9);2.206327755734539
(4.10);2.046077800923156
(4.11);2.137239951840135
(4.12);4.508126997736305
(4.13);3.330167732409335
(4.14);3.4708873071143227
(4.15);2.2139665320687185
(4.16);2.7362865834752204
(4.17);5.083950444241083
(4.18);2.74037964895439
(4.19);2.3197596864148853
(4.20);2.1476431370143825
(4.21);1.7879730745090332
(4.23);1.375461832276077
(4.24);1.4847030494266968
(4.25);1.997087574940962
(4.26);3.0552933490804213
(4.27);4.135236701746391
(4.28);2.953888252536251
(4.29);2.203164299770207
(4.30);2.6632173416400287
(4.31);4.4604696259229035
(5.6);6.315714318265833
(5.7);1.8941639991862875
(5.8);1.9494949571659506
(5.9);1.36371629440277
(5.10);1.2716940693843193
(5.11);1.3798391126358294
(5.12);4.489675371520883
(5.13);1.224710539563527
(5.14);1.3765786944297251
(5.15);0.9832253996373473
(5.16);1.354753985766434
(5.17);2.8953323788793384
(5.18);1.9423645453262823
(5.19);1.5617980132550597
(5.20);1.440890514155891
(5.21);1.15471390546217
(5.22);0.9862843886484558
(5.23);0.8603352215768602
(5.24);0.93796318867856
(5.25);1.3216187352948097
(5.26);2.339193416137443
(5.27);2.980121680770319
(5.28);1.8796036838332288
(5.29);1.5568855213509694
(5.30);1.9992194806380326
(5.31);3.394218007900572
(6.7);2.067358124718894
(6.8);1.9466698886508305
(6.9);1.4311178667734634
(6.10);1.3114784193729818
(6.11);1.3309148239814685
(6.12);3.516551300463036
(6.13);1.1885121166825305
(6.14);1.2534130280862676
(6.15);0.9100001172616135
(6.16);1.1740048157402239
(6.17);2.1409214347369607
(6.18);1.6950198282651894
(6.19);1.4037877501717115
(6.20);1.3564801693269783
(6.21);1.0985467242271947
(6.22);0.9502929031974515
(6.23);0.8434816847594634
(6.24);0.8962573182514906
(6.25);1.2119841923397687
(6.26);2.0574557533405633
(6.27);2.4396398031505444
(6.28);1.6540141157433963
(6.29);1.4225578374412846
(6.30);1.8033687225373864
(6.31);2.530915207213353
(7.8);6.843694668681707
(7.9);5.107741806891745
(7.10);3.432311081487543
(7.11);2.6000934631138106
(7.12);3.1383132294535483
(7.13);0.806364417184573
(7.14);0.8709724672488771
(7.15);0.712354570478289
(7.16);0.9409730256590858
(7.17);1.4565269903752378
(7.18);2.2305367573002997
(7.19);1.8607920337185846
(7.20);2.190700118695586
(7.21);1.5987433728157625
(7.22);1.343770668077839
(7.23);1.1748636158303625
(7.24);1.1688260961958639
(7.26);2.387246326834385
(7.27);2.138610838790717
(7.28);1.4464319322763641
(7.29);1.5912888686115654
(7.30);2.11214622653402
(7.31);2.0942756713570834
(8.9);4.603192969023238
(8.10);3.551561972619946
(8.11);3.6046985743062465
(8.12);3.8054484014261636
(8.13);0.8117518321176199
(8.14);0.9013119286354674
(8.15);0.7423188400073402
(8.16);1.0197154077698893
(8.17);1.613756008071284
(8.18);3.0450951873079672
(8.19);2.385156432644976
(8.20);2.8580888754717155
(8.21);1.891293202007258
(8.22);1.5238676646034077
(8.23);1.276583563356985
(8.24);1.3107853296005672
(8.25);1.8289348287865934
(8.26);2.916522125354412
(8.27);2.463184700807254
(8.28);1.5845357878875146
(8.29);1.8112770278542134
(8.30);2.494219395712912
(8.31);2.4870953483615756
(9.10);8.933270724637673
(9.11);3.3851090805358957
(9.12);2.136986657495018
(9.13);0.6919028431129529
(9.14);0.75155735785349
(9.15);0.6346692044745796
(9.16);0.837275513718233
(9.17);1.2163083054162362
(9.18);2.13937764857152
(9.19);1.904886824955981
(9.20);2.553667370932223
(9.21);1.8380720400923183
(9.22);1.541580880088925
(9.23);1.3497102052978927
(9.24);1.2810192209899636
(9.25);1.6037429221837474
(9.26);2.3670445891256824
(9.27);1.929545931325496
(9.28);1.338658701949081
(9.29);1.6115237012163186
(9.30);2.1544304817102358
(9.31);1.775809056503282
(10.11);4.136932889841075
(10.12);1.9240347386298045
(10.13);0.6876668852645036
(10.14);0.7494216605318225
(10.15);0.6423629353257928
(10.16);0.8470312077516161
(10.17);1.1912813269702676
(10.18);2.201796651134953
(10.19);2.0533673988722607
(10.20);2.982357049066915
(10.21);2.168702133111116
(10.22);1.8215281962948215
(10.23);1.5908088081498253
(10.24);1.457691614712262
(10.25);1.7609059679195052
(10.26);2.4678898109345755
(10.27);1.9160632037154772
(10.28);1.3485748719460173
(10.29);1.7103345810570396
(10.30);2.287584652762745
(10.31);1.7286714465859687
(11.12);2.210892076096556
(11.13);0.736485564586446
(11.14);0.8316535612811614
(11.15);0.7200798347196021
(11.16);1.0035315822355801
(11.17);1.4214380912199247
(11.18);3.8257157916695554
(11.19);3.669857093108477
(11.21);3.523382163216793
(11.22);2.4987810886597015
(11.23);1.8750889139705953
(11.24);1.9193456007508198
(11.25);2.7187106347873944
(11.26);3.736527905736664
(11.27);2.445124578537847
(11.28);1.617730775622487
(11.29);2.2723126760582493
(11.30);3.311942865366735
(11.31);2.21463450056361
(12.13);1.084137462796741
(12.14);1.2389278262244836
(12.15);0.9589951177851708
(12.16);1.3775407134917192
(12.17);2.684733842103144
(12.18);3.1730831646421325
(12.19);2.3100655468764324
(12.20);2.1831149484227352
(12.21);1.5998853529435992
(12.22);1.3167898458804168
(12.23);1.1093455975917506
(12.24);1.2081028333766524
(12.25);1.7806776452261333
(12.26);3.1277668041571185
(12.27);3.3660792485685365
(12.28);1.9725487720353705
(12.29);1.8931751938926675
(12.30);2.5566791893609566
(12.31);4.213576473142404
(13.14);3.7406974853227015
(13.15);2.035997240142059
(13.16);1.5323539477792545
(13.17);1.6233740808835397
(13.18);0.9698751065599576
(13.19);0.8947116254717933
(13.20);0.8117312191633445
(13.21);0.7393619772505972
(13.22);0.6724105307802329
(13.23);0.6161116653227642
(13.24);0.678868955195495
(13.25);0.8668912704857937
(13.26);1.407582046981314
(13.27);1.9410284061341452
(13.28);1.8639024394246513
(13.29);1.1639657999468431
(13.30);1.3241182154682878
(13.31);1.50466124662526
(14.15);3.334217555646502
(14.16);2.5626073423128246
(14.17);2.2927134192251093
(14.18);1.1562399264968843
(14.19);1.0637574246245989
(14.20);0.9306584978060436
(14.21);0.845528161338477
(14.22);0.7613633388096721
(14.23);0.6849372111866421
(14.24);0.7755909366065652
(14.25);1.0279004158818978
(14.26);1.7155320709941675
(14.27);2.6476591284717723
(14.28);2.669053848883267
(14.29);1.4056471287963552
(14.30);1.595513409696494
(14.31);1.9402979304625854
(15.16);2.5263478139646907
(15.17);1.6116710038369264
(15.18);0.9893907108904082
(15.19);0.9427655912759899
(15.20);0.819687660563918
(15.21);0.7699820796399407
(15.22);0.7039342344062087
(15.23);0.6383871051782732
(15.24);0.7338520856139696
(15.25);0.949536296647681
(15.26);1.544704494973249
(15.27);2.276730329185801
(15.28);2.94228288078676
(15.29);1.371612094839074
(15.30);1.4874306102517818
(15.31);1.5234730461435757
(16.17);3.031357686508903
(16.18);1.5332218917440272
(16.19);1.4419957997603066
(16.20);1.1678089551131912
(16.21);1.0741359977242375
(16.22);0.9538455279624113
(16.23);0.8302629494154027
(16.24);0.99600067862656
(16.25);1.4193305348251688
(16.26);2.4973900263475923
(16.27);5.046674482187243
(16.28);7.505872690870907
(16.29);2.0695883877052252
(16.30);2.3041269201817487
(16.31);2.7200758925236355
(17.18);2.347681006011926
(17.19);1.961923167240561
(17.20);1.5905631000397615
(17.21);1.3381982406043604
(17.22);1.1435956932570668
(17.23);0.9733243464516834
(17.24);1.132250985812722
(17.25);1.7025352678274785
(17.26);3.1724013785335274
(17.27);6.741128051425732
(17.28);3.4089919312549397
(17.29);2.1107528373750557
(17.30);2.639874468454117
(18.20);4.9761551529122
(18.21);3.051044536428079
(18.22);2.2084642211994767
(18.23);1.6380056908614677
(18.24);1.9851526153866388
(18.25);3.9588553124175774
(18.26);8.187541028900204
(18.27);4.439691760413045
(18.28);2.3876587301181167
(18.29);3.1845307347162124
(18.30);5.253871089328526
(18.31);4.390703923713475
(19.20);6.142415007172824
(19.22);2.7996671399213406
(19.23);1.9170477754290915
(19.24);2.5235525384139414
(19.25);6.76388919122228
(19.26);12.049990880782186
(19.27);3.956958282963068
(19.28);2.3472401446997377
(19.29);3.9838991970289532
(19.30);7.739522669523881
(19.31);3.2987557675271826
(20.21);6.026060836059011
(20.22);3.5082985481487916
(20.23);2.312198128028949
(20.24);2.6143653272076914
(20.25);4.263733000264909
(20.26);5.174673712492018
(20.27);2.828994746873416
(20.28);1.8610080030718923
(20.29);2.958948941172562
(20.31);2.479428376218475
(21.22);8.207080699138512
(21.23);3.48326659569205
(21.24);4.501229961207919
(21.25);5.186567714660285
(21.26);4.509575636177035
(21.27);2.4379416143419173
(21.28);1.75822446627878
(21.29);3.3860518575308594
(21.30);4.988724369034116
(21.31);1.962593174757447
(22.23);5.704036436193651
(22.24);6.60727531707709
(22.25);3.6959684421653116
(22.26);3.3952531780740047
(22.27);2.051298055133114
(22.28);1.572637596986003
(22.29);3.0597137170530666
(22.30);3.9559519036407327
(22.31);1.6144009464399662
(23.24);4.34416350185215
(23.25);2.3453601556470387
(23.26);2.4340395011223577
(23.27);1.6683538656040917
(23.28);1.3449030657476901
(23.29);2.3501839821840362
(23.30);2.765822347032354
(23.31);1.3187157209982994
(24.25);3.861777490298312
(24.26);3.374947794923817
(24.27);2.066131988635372
(24.28);1.6668070469961942
(24.29);3.8223463828232824
(24.30);4.35746448034425
(24.31);1.5591903749757003
(25.26);9.711080799710878
(25.27);3.4563787878712744
(25.28);2.3876476316605535
(25.29);6.353826492808014
(25.31);2.5610718158023054
(26.27);6.809304809914969
(26.28);3.833270075968344
(26.29);7.014190962312199
(26.30);16.259732848731723
(26.31);5.095105487748942
(27.28);6.751455077514903
(27.29);4.209521930226863
(27.30);5.321045578286405
(27.31);9.487722562493419
(28.29);3.569162554073272
(28.30);3.6712793629711205
(28.31);3.515129427271574
(29.30);12.051880230202633
(29.31);2.8195466696027025
(30.31);3.8124969925605754

****Importance nodes******

0; 0.05238095238095238
1; 0.03666666666666667
2; 0.03666666666666667
3; 0.03928571428571429
4; 0.03928571428571429
5; 0.012588325652841785
6; 0.012994400673901197
7; 0.013860694052161277
8; 0.013860694052161277
9; 0.013038708576273617
10; 0.01472841671759466
11; 0.015710311165434303
12; 0.015710311165434303
13; 0.016217095396577345
14; 0.016740227506144355
15; 0.01728023484505224
16; 0.017837661775537795
17; 0.018328257328672246
18; 0.019637781138196052
19; 0.0203149460050304
20; 0.01979621158061929
21; 0.020952247562156565
22; 0.02101829687153899
23; 0.022285577977529766
24; 0.023004467589708148
25; 0.023551605328716734
26; 0.03666666666666667
27; 0.03666666666666667
28; 0.03666666666666667
29; 0.03666666666666667
30; 0.03928571428571429
31; 0.024712210362356837
