
****Mix criterion 0.5*C(weight)+0.5*C(distance) ******

(0.5);0.465031457670924
(0.6);0.4183768594641193
(0.7);0.3904861872899832
(0.8);0.4257493839182812
(0.9);0.36664707405603897
(0.10);0.3541473464290636
(0.11);0.407341161411118
(0.12);0.49602434776805326
(0.13);0.3046873628554178
(0.14);0.36508324897852956
(0.15);0.312772653256601
(0.16);0.44372706622511776
(0.17);0.5774594699959812
(0.18);0.5322027076317024
(0.19);0.4820538256776097
(0.20);0.4206755565258422
(0.21);0.36914051595389435
(0.22);0.32097511662116757
(0.23);0.25354781184991637
(0.24);0.30406178420181296
(0.25);0.4251623152140992
(0.31);0.9824127216643568
(1.2);0.5906206759650539
(1.3);0.40212810298777973
(1.4);0.4431866510299565
(1.5);0.4664207608604011
(1.6);0.5101118342346262
(1.7);0.5458470538251206
(1.8);0.4884499467078125
(1.9);0.46665795648361474
(1.10);0.429460076473468
(1.11);0.39435577301516955
(1.12);0.4849449569160901
(1.13);0.257560769327104
(1.14);0.2626860660304413
(1.15);0.18199643064672694
(1.16);0.25117596426091016
(1.17);0.3597222883424869
(1.18);0.37876045284934173
(1.19);0.34041329045954716
(1.20);0.36040917426690877
(1.21);0.29944653253932596
(1.22);0.26138031243983983
(1.23);0.2195013166966311
(1.24);0.21479843986985342
(1.25);0.28448774964060936
(1.26);0.3237294185330337
(1.27);0.32538989360366
(1.28);0.22270922561817352
(1.29);0.21910344729933615
(1.30);0.28029594655967965
(1.31);0.3819559030559628
(2.3);0.4888483709971923
(2.4);0.521345302287338
(2.5);0.49559884443403524
(2.6);0.5809370449486391
(2.7);0.4396910151172196
(2.8);0.4149453677883821
(2.9);0.3849957526402087
(2.10);0.35502112456065826
(2.11);0.334968141497712
(2.12);0.4566606104748666
(2.13);0.31542467172719346
(2.14);0.30813724394402414
(2.15);0.2211541736229577
(2.16);0.27202680318561245
(2.17);0.37798360387923746
(2.18);0.3426261015398177
(2.19);0.3022689677819005
(2.20);0.30807970212161306
(2.21);0.24842171890144363
(2.22);0.20852902663278514
(2.23);0.16262182611775955
(2.24);0.1672597498242568
(2.25);0.2467607298152542
(2.26);0.2942410069131448
(2.27);0.3248764118839276
(2.28);0.23305786085199207
(2.29);0.1918788631453055
(2.30);0.24872653138870834
(2.31);0.3787114744122663
(3.4);0.6484934415474138
(3.5);0.462487589579392
(3.6);0.47100205523371685
(3.7);0.3338745587468444
(3.8);0.32803931620934923
(3.9);0.28728957920667414
(3.10);0.2616516816387746
(3.11);0.26275359888097066
(3.12);0.3943726303990594
(3.13);0.44249213293196665
(3.14);0.4155410832770684
(3.15);0.31600428305193673
(3.16);0.33344278370501035
(3.17);0.4155585216262274
(3.18);0.30151236053525515
(3.19);0.2624383604953735
(3.20);0.2471085855096601
(3.21);0.1911997541956004
(3.22);0.14877807587388212
(3.23);0.09489401741654266
(3.24);0.11841888345465475
(3.25);0.2118562121784263
(3.26);0.2703989598726403
(3.27);0.3436465329756585
(3.28);0.2806917733477037
(3.29);0.17857978434095526
(3.30);0.22504950065392695
(3.31);0.3785480392472807
(4.5);0.5596855692342179
(4.6);0.5459076604091807
(4.7);0.3785935269220052
(4.8);0.3778140554651489
(4.9);0.33098960032959845
(4.10);0.3056179610905959
(4.11);0.31218409529037583
(4.12);0.457892534335143
(4.13);0.4046001713997842
(4.14);0.4109113928386042
(4.15);0.3150405888958606
(4.16);0.3613161757568851
(4.17);0.4731015859846655
(4.18);0.3557463397287081
(4.19);0.31459471998632077
(4.20);0.2979440445288323
(4.21);0.2409605617717776
(4.22);0.1976961936711486
(4.23);0.14242240214757124
(4.24);0.16749940463200214
(4.25);0.26238724534552327
(4.26);0.32365666365355833
(4.27);0.3948226527963342
(4.28);0.31404168033394286
(4.29);0.22667953997735854
(4.30);0.27611242426995386
(4.31);0.43926490725605866
(5.6);0.5551553024090643
(5.7);0.4140965889356829
(5.8);0.41846380708075687
(5.9);0.3694781658946762
(5.10);0.345782842659062
(5.11);0.35471736291432915
(5.12);0.5118404310858801
(5.13);0.3288030472393271
(5.14);0.34862983241492745
(5.15);0.2705842195891637
(5.16);0.3391000443683717
(5.17);0.4548338934450374
(5.18);0.3936685388650447
(5.19);0.3522267616078711
(5.20);0.340431062347281
(5.21);0.28358440516555006
(5.22);0.2412774730920545
(5.23);0.18760394337434316
(5.24);0.20938873060178265
(5.25);0.29937405197137396
(5.26);0.35687336714516854
(5.27);0.4030876608922761
(5.28);0.30630354367669116
(5.29);0.25612924479565413
(5.30);0.30942173122373584
(5.31);0.458839035343882
(6.7);0.4242524382184499
(6.8);0.4165983752551508
(6.9);0.3752542255417275
(6.10);0.3490709496971229
(6.11);0.3455820306013108
(6.12);0.483463600508768
(6.13);0.3198358155950489
(6.14);0.3275790491774476
(6.15);0.2464405352164994
(6.16);0.30616069627488235
(6.17);0.4127174655788318
(6.18);0.36902317941213464
(6.19);0.32884577636478457
(6.20);0.3256561979053209
(6.21);0.267967468026481
(6.22);0.22702344167982416
(6.23);0.17703846132617937
(6.24);0.19105790616985383
(6.25);0.2753974285043315
(6.26);0.3269157513408721
(6.27);0.36331828630918506
(6.28);0.27103809440925375
(6.29);0.22674177473351328
(6.30);0.2811745656495947
(6.31);0.41567147645461067
(7.8);0.5608958583371081
(7.9);0.5308047619420861
(7.10);0.4802419918734682
(7.11);0.44392261317353676
(7.12);0.46747925560289766
(7.13);0.21257984773619898
(7.14);0.23079796775342756
(7.15);0.15997494245786278
(7.16);0.24334201142429343
(7.17);0.3431555578934867
(7.18);0.4097829090496544
(7.19);0.37752063980741785
(7.20);0.40745285406110854
(7.21);0.3476256644829506
(7.22);0.31101606491503736
(7.23);0.26992115920994786
(7.24);0.2636498823098617
(7.25);0.32534566882812777
(7.26);0.35632294618284066
(7.27);0.3313386170355771
(7.28);0.22670430294860963
(7.29);0.2554386765391764
(7.30);0.31732484043858117
(7.31);0.38116062040576076
(8.9);0.5200075879680177
(8.10);0.4848539320182105
(8.11);0.48350517879018684
(8.12);0.4905809884964415
(8.13);0.21479602350975593
(8.14);0.2408516908055136
(8.15);0.17464598101188503
(8.16);0.2654243474639282
(8.17);0.36284000148787626
(8.18);0.453405068566397
(8.19);0.4171395105447945
(8.20);0.44591967732620014
(8.21);0.3788983315130553
(8.22);0.3383263431241376
(8.23);0.2911394560449098
(8.24);0.2931363948170407
(8.25);0.3614646026797107
(8.26);0.3965052603088109
(8.27);0.36231117808419533
(8.28);0.254395791351605
(8.29);0.29111942330494256
(8.30);0.35518117792760273
(8.31);0.4101725745036175
(9.10);0.6046956040094247
(9.11);0.4802453289653107
(9.12);0.42329441174140126
(9.13);0.171704608309336
(9.14);0.1938430785223978
(9.15);0.1269537615953678
(9.16);0.21703340151042386
(9.17);0.31125693416577604
(9.18);0.40803397418635196
(9.19);0.38626806604196007
(9.20);0.43436735380448016
(9.21);0.37842557504718777
(9.22);0.34575025086691125
(9.23);0.30997080096007945
(9.24);0.2932540972322234
(9.25);0.34025646656269465
(9.26);0.35857418971529886
(9.27);0.3114149067907105
(9.28);0.2073706490894617
(9.29);0.2641221846824377
(9.30);0.32621576714848644
(9.31);0.355199296257853
(10.11);0.49762976678033244
(10.12);0.40013041137421795
(10.13);0.14949897507978507
(10.14);0.1744399758581017
(10.15);0.11023530670917649
(10.16);0.2041437894479693
(10.17);0.29456161706501915
(10.18);0.4051199436607876
(10.19);0.3908735024534966
(10.20);0.4492973887750743
(10.21);0.3984092168259237
(10.22);0.3686500638616943
(10.23);0.33590064329395414
(10.24);0.31310818903253107
(10.25);0.35029491452647926
(10.26);0.3606291718306231
(10.27);0.30161911723296214
(10.28);0.19880968840932742
(10.29);0.27161918155502585
(10.30);0.3330221822517408
(10.31);0.3412952093989285
(11.12);0.41648718151416114
(11.13);0.16321348139818864
(11.14);0.19917399330184626
(11.15);0.14327944306785897
(11.16);0.2462494004124519
(11.17);0.327890930440874
(11.18);0.4774682576202159
(11.19);0.4698009639173668
(11.20);0.5776839528768204
(11.21);0.46488577610732407
(11.22);0.4171123433239169
(11.23);0.3635305364573922
(11.24);0.3648838480847285
(11.25);0.4213796931433557
(11.26);0.4355754755661179
(11.27);0.3541107072739421
(11.28);0.2505435290648591
(11.29);0.33801705132627313
(11.30);0.4055232324896419
(11.31);0.38412597936577386
(12.13);0.2794174931005073
(12.14);0.30762516329365913
(12.15);0.23806441396495595
(12.16);0.32426120616001697
(12.17);0.43590030217272396
(12.18);0.4541074626673193
(12.19);0.40609290107465107
(12.20);0.4005322568640159
(12.21);0.3388090643369424
(12.22);0.2953721526657179
(12.23);0.24134146052492178
(12.24);0.260350597015767
(12.25);0.34808187921052725
(12.26);0.4043725657710573
(12.27);0.4166159736372534
(12.28);0.30466963262975394
(12.29);0.29420096335677465
(12.30);0.35436271364661415
(12.31);0.48134174319437395
(13.14);0.4814064174777818
(13.15);0.3966115665134529
(13.16);0.3434486300473063
(13.17);0.3523183798164503
(13.18);0.21743733756466999
(13.19);0.18527581743179394
(13.20);0.15643003370945419
(13.21);0.10801683086601654
(13.22);0.06640714206886726
(13.23);0.00854128958063643
(13.24);0.0471604155711665
(13.25);0.1448835397316249
(13.26);0.20463918635208367
(13.27);0.29840702988486384
(13.28);0.2878515679660042
(13.29);0.13467728305447035
(13.30);0.16602590543664872
(13.31);0.3031097886740742
(14.15);0.4646218870783511
(14.16);0.4275949000686551
(14.17);0.40950662079272054
(14.18);0.26403605584403056
(14.19);0.23552336503462312
(14.20);0.19896104061047376
(14.21);0.15504091210078083
(14.22);0.113923468951534
(14.23);0.05362674690007954
(14.24);0.1007506949084204
(14.25);0.20052092051452697
(14.26);0.26316028109970097
(14.27);0.36776531067118023
(14.28);0.36942445946647673
(14.29);0.20057241640430065
(14.30);0.22689580796823242
(14.31);0.3558259261249437
(15.16);0.4238321687947959
(15.17);0.3456398783536192
(15.18);0.2149472830342345
(15.19);0.19356079779206403
(15.20);0.14960619792937901
(15.21);0.11338961585655484
(15.22);0.07460435596184951
(15.23);0.012972619412710207
(15.24);0.07096544483282803
(15.25);0.16901144832674236
(15.26);0.2288338463869537
(15.27);0.33294505294414617
(15.28);0.38732886212188194
(15.29);0.18886359255849086
(15.30);0.20092944344240615
(15.31);0.3004765246765811
(16.17);0.4466996742062572
(16.18);0.3253530276549943
(16.19);0.30761901812890463
(16.20);0.258552202111614
(16.21);0.2259427287277811
(16.22);0.18749207918591893
(16.23);0.1248591924014765
(16.24);0.18572158613686146
(16.25);0.2862159183594745
(16.26);0.35257471386991557
(16.27);0.4802033583690422
(16.28);0.5444962305070211
(16.29);0.30784302888885934
(16.30);0.3233476719470551
(16.31);0.41235889009001747
(17.18);0.4027144506199468
(17.19);0.3687517091461365
(17.20);0.33059368225617897
(17.21);0.28372147013985927
(17.22);0.240839161953763
(17.23);0.17966865046688127
(17.24);0.22365643299354174
(17.25);0.32666798264705177
(17.26);0.40004998873330694
(17.27);0.5263484237629018
(17.28);0.4124557755065123
(17.29);0.3108255574154376
(17.30);0.35294055792558854
(17.31);0.5490015668372319
(18.19);0.5814895278863003
(18.20);0.5052952595670295
(18.21);0.43516095438284375
(18.22);0.38328156682441794
(18.23);0.3175901670807427
(18.24);0.35524926601723805
(18.25);0.4664082893107578
(18.26);0.5585901367479101
(18.27);0.4551452201238742
(18.28);0.3350681491115869
(18.29);0.39571280255776076
(18.30);0.4771303315775658
(18.31);0.4788907607695801
(19.20);0.5310750736744805
(19.21);0.4778089933811691
(19.22);0.4199783043523699
(19.23);0.34795139224279187
(19.24);0.39656676102202526
(19.25);0.5383889177205036
(19.27);0.43332813952124377
(19.28);0.3282715790398191
(19.29);0.4345159780519749
(19.30);0.5391779456278882
(19.31);0.4349507439525771
(20.21);0.5302617409136
(20.22);0.45675901633989047
(20.23);0.3867722133055118
(20.24);0.40562831987460024
(20.25);0.477948765203602
(20.26);0.48322843382143454
(20.27);0.3723769213428894
(20.28);0.2714609154732751
(20.29);0.3815805960954638
(20.30);0.45661958396845453
(20.31);0.39091838957633657
(21.22);0.5742355822631672
(21.23);0.4489016478154027
(21.24);0.4841765936222714
(21.25);0.5026534382894794
(21.26);0.4573283061586607
(21.27);0.33565307171733144
(21.28);0.24935901117594936
(21.29);0.4045496961277068
(21.30);0.46698807747078225
(21.31);0.340879334493519
(22.23);0.5193283408530451
(22.24);0.5394210111380903
(22.25);0.4550289941009646
(22.26);0.4064510127072552
(22.27);0.29283345699134966
(22.28);0.2141430545359112
(22.29);0.3849894767854685
(22.30);0.4267525750378632
(22.31);0.29590180360681856
(23.24);0.47677340518644
(23.25);0.3759101343095154
(23.26);0.3314284823918546
(23.27);0.2265622508427117
(23.28);0.15062970394809969
(23.29);0.3222533335258747
(23.30);0.3509514778196241
(23.31);0.2330416427021016
(24.25);0.45669792842868034
(24.26);0.3998359469196292
(24.27);0.2863681586234561
(24.28);0.2226381611369937
(24.29);0.42248822373516826
(24.30);0.43973365687553523
(24.31);0.27664845070888844
(25.26);0.5863655349647974
(25.27);0.4018891617003945
(25.28);0.32145492444450113
(25.29);0.5090849517060313
(25.31);0.38432168281469326
(26.27);0.5031883190178549
(26.28);0.3867825722906905
(26.29);0.508904861877179
(26.30);0.688595026614399
(26.31);0.4715046792719869
(27.28);0.4998973757196125
(27.29);0.40621854832918547
(27.30);0.4482932211228959
(27.31);0.5782797171159568
(28.29);0.36965337923412583
(28.30);0.3689228047546627
(28.31);0.4024450792324996
(29.30);0.6119575071774387
(29.31);0.3565327502967756
(30.31);0.4111568259386773
