
****Mix criterion 0.5*C(weight)+0.5*C(distance) ******

(0.5);0.46508867412049726
(0.6);0.4184503770618706
(0.7);0.3902394026257193
(0.8);0.4254614063607304
(0.9);0.3658856045793865
(0.10);0.3539377013048937
(0.11);0.4074907525403992
(0.12);0.4963197615300151
(0.13);0.3048255796494629
(0.14);0.3644136620865142
(0.15);0.3126336671734948
(0.16);0.4429390512429154
(0.17);0.5769392539403878
(0.18);0.5319554396630977
(0.19);0.48180184506442136
(0.20);0.4212108128344858
(0.21);0.36901570223853764
(0.22);0.3208797334696179
(0.23);0.2537957532660658
(0.24);0.30399766080552215
(0.25);0.4246267954565716
(0.31);0.9824127216643568
(1.3);0.40453237505911427
(1.4);0.4474220973917845
(1.5);0.46991299883623827
(1.6);0.5147890491875042
(1.7);0.5508451505592895
(1.8);0.49190400457183314
(1.10);0.43182966069958334
(1.11);0.39671368955710024
(1.12);0.48901320176270896
(1.13);0.25890391559555725
(1.14);0.2634725137999472
(1.15);0.1828705073168478
(1.16);0.25201769301172927
(1.17);0.36138701880131663
(1.18);0.3806558742933395
(1.19);0.34196519288346616
(1.20);0.3626628541315669
(1.21);0.30076465753430054
(1.22);0.26253190515714625
(1.23);0.22080058894962387
(1.24);0.2158065417548172
(1.25);0.2855178007655763
(1.26);0.32472771544267853
(1.27);0.32640551833926945
(1.28);0.22447616559878758
(1.29);0.21981278058376585
(1.30);0.28114895366513953
(1.31);0.38395975610321875
(2.3);0.4909119093584027
(2.4);0.5257417656588643
(2.5);0.4977929648615893
(2.6);0.5847551901293129
(2.7);0.44082144886827535
(2.8);0.4159275788068558
(2.9);0.38520302503440895
(2.10);0.3557316301158566
(2.11);0.33592646852690305
(2.12);0.45852905026468016
(2.13);0.31635087047736293
(2.14);0.308347896086303
(2.15);0.22160512918445013
(2.16);0.27230370326675496
(2.17);0.37881945898903246
(2.18);0.34339620466542903
(2.19);0.3028916888016159
(2.20);0.30916328627974166
(2.21);0.24894348390993307
(2.22);0.20899338414250548
(2.23);0.1632804729857243
(2.24);0.16768893239495558
(2.25);0.24709306996062688
(2.26);0.2944526477439547
(2.27);0.32512217484411304
(2.28);0.2343203850548587
(2.29);0.1920380130854625
(2.30);0.2489082620387436
(2.31);0.3797195024477097
(3.5);0.4642580384965362
(3.6);0.4729087459302651
(3.7);0.3345241367560399
(3.8);0.3286762771419746
(3.9);0.28742376400627684
(3.10);0.2621377080591262
(3.11);0.2634749163736066
(3.12);0.39568015888760755
(3.13);0.44424666981033234
(3.14);0.4158924443117884
(3.15);0.3166372328805603
(3.16);0.3337954980460323
(3.17);0.4165755482100247
(3.18);0.302161469153133
(3.19);0.26297600988385667
(3.20);0.2479772113473662
(3.21);0.19163718025101398
(3.22);0.1491716022461104
(3.23);0.09545152654338497
(3.24);0.11879805564099274
(3.25);0.21215404991384915
(3.26);0.2705939345108237
(3.27);0.34391122776100513
(3.28);0.2821647464789279
(3.29);0.17873328859901702
(3.30);0.22521850324554785
(3.31);0.37955527825885005
(4.5);0.5660489563575124
(4.6);0.5517904870871133
(4.7);0.3803998371225944
(4.8);0.379615926440223
(4.9);0.3319487961422676
(4.10);0.3069089001194131
(4.11);0.3137904556188168
(4.12);0.4613282094986038
(4.13);0.4071511906806831
(4.14);0.412427630545217
(4.15);0.3164125928562695
(4.16);0.36262376916205363
(4.17);0.4761968472861544
(4.18);0.35744459695594366
(4.19);0.3159862146578876
(4.20);0.29967430582059507
(4.21);0.24203203236732507
(4.22);0.19863794872341536
(4.23);0.14347066053135485
(4.24);0.1683804532588988
(4.26);0.3246546825402985
(4.27);0.39618434475323533
(4.28);0.31643893542605317
(4.29);0.2274050198768433
(4.30);0.27695337237957124
(4.31);0.4419651167179729
(5.6);0.5595383991683275
(5.7);0.4149518660881141
(5.8);0.41935192196940574
(5.9);0.3695083572135063
(5.10);0.3463367734496604
(5.11);0.3556513457710251
(5.12);0.5149710267883374
(5.13);0.32966768474072294
(5.14);0.3487375073136567
(5.15);0.27100799742202264
(5.17);0.4560416528690866
(5.18);0.3945325689140339
(5.19);0.35287090621736383
(5.20);0.34156204017479186
(5.21);0.284063564339172
(5.22);0.24169093381958937
(5.23);0.18821436925209703
(5.24);0.20977831488287488
(5.25);0.2996588083609406
(5.26);0.35699824433360966
(5.27);0.4032588746110447
(5.28);0.30780933668746313
(5.29);0.25621869086140625
(5.30);0.3095230704625478
(5.31);0.4603460739101898
(6.8);0.41750627238295257
(6.9);0.3753115627923444
(6.10);0.34965634383579475
(6.11);0.3464922073330539
(6.12);0.4859392314001385
(6.13);0.3206825855421831
(6.14);0.32769580149625005
(6.15);0.24684178874297827
(6.16);0.3063736525838934
(6.17);0.4136314629755701
(6.18);0.36979250609252595
(6.19);0.3294377390646751
(6.20);0.3267274120042231
(6.21);0.26843325965933595
(6.22);0.2274303476329975
(6.23);0.17764141282223367
(6.24);0.19143781085795167
(6.25);0.27567143556785767
(6.26);0.32704439610203995
(6.27);0.3634806689323573
(6.28);0.2723681695751475
(6.29);0.22683646029855434
(6.30);0.28128167457182923
(6.31);0.4168150315538298
(7.8);0.5625531321075331
(7.9);0.5298992534389473
(7.10);0.48102987959448285
(7.11);0.4451376430891779
(7.12);0.46900709287238945
(7.13);0.21298199552664898
(7.14);0.23071138348355144
(7.15);0.1601473632107863
(7.16);0.2433355087444381
(7.17);0.34349766162278145
(7.18);0.41038212820201597
(7.19);0.37796898722878625
(7.20);0.4087600406652006
(7.21);0.3480197755904455
(7.22);0.31135325485911186
(7.23);0.2705519664633412
(7.24);0.26394941593153226
(7.25);0.32544598528856794
(7.26);0.3561950656185749
(7.27);0.33123253455959867
(7.28);0.2276811367152467
(7.29);0.2553597431212224
(7.30);0.31721727221778095
(7.31);0.3817700905049446
(8.9);0.519209761207767
(8.10);0.48568243102658937
(8.11);0.4852026522410631
(8.12);0.49244732232041954
(8.13);0.21520373387500713
(8.14);0.24076522893350158
(8.15);0.1748281944388335
(8.16);0.2654207284657557
(8.17);0.3632243766576078
(8.18);0.45423279973865177
(8.19);0.4177216372978246
(8.20);0.4476341420978189
(8.21);0.37937034887364524
(8.22);0.33871337992902717
(8.23);0.2918286419838194
(8.24);0.29347609688481785
(8.25);0.3615896113971141
(8.26);0.3963551779650977
(8.27);0.36219419018070653
(8.28);0.25546923380926717
(8.29);0.2910333974774613
(8.30);0.3550591521248508
(8.31);0.4109032323554602
(9.10);0.6031472868980974
(9.11);0.4805330270173964
(9.12);0.42351896467664985
(9.13);0.171790341543875
(9.14);0.193479216069227
(9.15);0.12687342489262107
(9.16);0.21671899859067476
(9.17);0.3111090079462713
(9.18);0.4078784077166158
(9.19);0.38608868856797607
(9.20);0.4350445823676542
(9.21);0.37827452113015697
(9.22);0.3456315160465077
(9.23);0.31027771187872394
(9.24);0.29318557893839664
(9.25);0.33986530184978925
(9.26);0.357903588306271
(9.27);0.3108760287598241
(9.28);0.2079832931129217
(9.29);0.2636721229841181
(9.30);0.32563595218704955
(9.31);0.3551922465084981
(10.11);0.49950189736424067
(10.12);0.40103762344285937
(10.13);0.14983133574085228
(10.14);0.17436648538425611
(10.15);0.11038569178747717
(10.16);0.20413695172039237
(10.17);0.29483249633040515
(10.18);0.40569369841210395
(10.19);0.39135343050949367
(10.20);0.45102844206185877
(10.21);0.39892816436827583
(10.22);0.3690938077376515
(10.23);0.33673287196359497
(10.24);0.31347146574830614
(10.25);0.35040562694580213
(10.26);0.36049709831908283
(10.27);0.3015240442164629
(10.28);0.19970390859480466
(10.29);0.2715343165737827
(10.30);0.33290569421769184
(10.31);0.3417852930276611
(11.12);0.4180076354482801
(11.13);0.16372586688871718
(11.14);0.19928086499122083
(11.15);0.14360138011083415
(11.16);0.24645858651547192
(11.17);0.3285078267160315
(11.18);0.4792228000672278
(11.19);0.4713744892646823
(11.21);0.4664036243159141
(11.22);0.41819844941850737
(11.23);0.36484421624728575
(11.24);0.3657097696489399
(11.25);0.422048793130694
(11.26);0.4358968915888949
(11.27);0.3543303888614604
(11.28);0.25182022301982565
(11.29);0.3382212066729561
(11.30);0.40579455839476697
(11.31);0.3851361175216155
(12.13);0.28019135793243555
(12.14);0.3078064226590891
(12.15);0.2385099556421263
(12.16);0.3245720703588314
(12.17);0.43711101635861005
(12.19);0.40712042389219033
(12.20);0.4022460073219089
(12.21);0.3395234875753407
(12.22);0.2959652079466443
(12.23);0.2421355264989596
(12.24);0.2608884838272033
(12.25);0.34854631537482134
(12.26);0.4046761063739913
(12.27);0.41695551624708693
(12.28);0.3062480962317946
(12.29);0.29439193142339987
(12.30);0.35459901586263787
(12.31);0.4833238424507627
(13.15);0.39757988458750704
(13.16);0.34381646879391
(13.17);0.3530681110823221
(13.18);0.21790781809477638
(13.19);0.18568306273515722
(13.20);0.15707189496644614
(13.21);0.1083545062679701
(13.22);0.06671677014677099
(13.23);0.00898616295034894
(13.24);0.047469221577893406
(13.25);0.14511993023535713
(13.26);0.2047905591909356
(13.27);0.29862312294589405
(13.28);0.2893500910433836
(13.29);0.13480686638867098
(13.30);0.16616158310474807
(13.31);0.30383103883333207
(14.15);0.4644149875096578
(14.16);0.4268636009957125
(14.17);0.40937010330921086
(14.18);0.26401541540367673
(14.19);0.23548276950170494
(14.20);0.19922682805208983
(14.21);0.15501698361275332
(14.22);0.11390539350333104
(14.23);0.053798027637005884
(14.24);0.1007467695265525
(14.25);0.20033729090442134
(14.26);0.2627634081818436
(14.27);0.36716272994419835
(14.29);0.20025250518172608
(14.30);0.22654395498434293
(14.31);0.3558997342122757
(15.16);0.4238833842882279
(15.17);0.34602420672179957
(15.18);0.21521340726728624
(15.19);0.19379063670698934
(15.20);0.150070776231522
(15.21);0.11358119920527969
(15.22);0.07478233326779876
(15.23);0.013300779363573951
(15.24);0.07115450395833806
(15.25);0.16909008627074396
(15.26);0.22878300198974919
(15.27);0.3328785682631222
(15.28);0.3892407275121457
(15.29);0.18882353898190118
(15.30);0.20088275108144293
(15.31);0.30091755367245293
(16.17);0.4467612716483227
(16.18);0.3254419562674389
(16.19);0.3076722681880762
(16.20);0.2589635923337982
(16.21);0.2259913630797057
(16.22);0.1875393736726833
(16.23);0.1251195517673034
(16.24);0.18578552441016466
(16.25);0.28606589212013234
(16.26);0.3521379486290043
(16.27);0.4793393011253516
(16.29);0.3074886880562642
(16.30);0.3229631817958006
(16.31);0.41264015812379357
(17.18);0.40332991367125387
(17.19);0.3692182049358265
(17.20);0.3314713499127296
(17.21);0.28404633312019745
(17.22);0.24112126597102934
(17.23);0.1801566228643387
(17.24);0.22394136280767607
(17.25);0.3268063870391422
(17.26);0.3999488829022513
(17.27);0.526158136938609
(17.28);0.41463011418182966
(17.29);0.31076597562864655
(17.30);0.35286024857002096
(17.31);0.5510021278074158
(18.19);0.5838566237707709
(18.20);0.5081314545598945
(18.21);0.43598587965664765
(18.22);0.3838869592220936
(18.23);0.3184419365385725
(18.24);0.3558004642080993
(18.25);0.46685223629818146
(18.26);0.558544477914889
(18.27);0.45513625795750284
(18.28);0.3366166476116692
(18.29);0.3957063741172745
(18.30);0.4771023350007806
(18.31);0.4802389644042231
(19.20);0.5343997786993812
(19.21);0.4788490553948421
(19.22);0.42068138880725603
(19.23);0.3488980059787852
(19.24);0.39721195012112154
(19.25);0.5390177992318157
(19.27);0.43326714266447347
(19.28);0.32974427267511786
(19.29);0.43445456589866643
(19.30);0.5390378687701676
(19.31);0.4358923978978432
(20.21);0.5335238311752283
(20.22);0.4586697284195499
(20.23);0.3885790455577894
(20.24);0.40702856681165017
(20.25);0.4795153733414644
(20.26);0.4842154645342447
(20.27);0.3729265684096013
(20.28);0.2730297944551578
(20.29);0.38215549203963733
(20.30);0.4574624941778699
(21.22);0.5763332771305393
(21.23);0.4506242766893894
(21.24);0.4853463004170818
(21.25);0.5031692491625733
(21.26);0.45727107126212335
(21.27);0.3356306059638764
(21.28);0.25046054744389595
(21.29);0.4045184934911179
(21.30);0.46692751416994005
(21.31);0.34144668371187226
(22.23);0.5221673648957551
(22.24);0.5411609834181775
(22.25);0.4554101385471634
(22.26);0.4064179922698723
(22.27);0.2928206309560201
(22.28);0.21513183378759362
(22.29);0.38497034548656495
(22.30);0.42671577247340975
(22.31);0.2963738340952279
(23.25);0.37669052419479354
(23.26);0.3318452675985745
(23.27);0.22685359559951923
(23.28);0.1517002089659647
(23.29);0.32266374632549644
(23.30);0.3514049295173366
(23.31);0.23371580589208807
(24.25);0.4571368537077817
(24.26);0.3998435402045942
(24.27);0.2863797436958071
(24.28);0.22367068693584802
(24.29);0.42250965613137487
(24.30);0.4397430485101791
(24.31);0.2771080809035695
(25.26);0.5852588495889219
(25.27);0.4015067674381293
(25.28);0.32264312384315047
(25.29);0.508382000165302
(25.31);0.38469681872289213
(26.27);0.5020908323792125
(26.28);0.388079438667968
(26.29);0.50777435280512
(26.30);0.6860218526749532
(26.31);0.4716634157485934
(27.28);0.5021999616540171
(27.29);0.4055515799805955
(27.30);0.4474651770005829
(27.31);0.5786062705259164
(28.29);0.37087064327576674
(28.30);0.3701220369474888
(28.31);0.4046638127345784
(29.30);0.6100820320587584
(29.31);0.3566297949324544
(30.31);0.4112707423024534
