
****Importance edges******

(0.5);5.049707188662693
(0.6);3.952665117201376
(0.7);3.4266743565516027
(0.8);4.120589159544941
(0.9);3.0951216661528425
(0.10);2.94366185544174
(0.11);3.804031965420757
(0.12);6.189470451005405
(0.13);2.4509397947420526
(0.14);3.1660145884748085
(0.15);2.5626815955846545
(0.16);4.720415106092239
(0.17);9.812385963479272
(0.18);7.743940763033571
(0.19);5.872124368121969
(0.20);4.287004620070873
(0.21);3.3802852065211613
(0.22);2.7869831762042323
(0.23);2.21082453357973
(0.24);2.6570928554272686
(0.25);4.511167268482399
(0.31);35.90648758332196
(1.2);10.844091973020538
(1.3);4.193322449505475
(1.4);5.11651949853651
(1.5);4.403947480719409
(1.6);5.925863011435899
(1.7);7.410929498627018
(1.8);5.149066504754851
(1.9);4.502444307545368
(1.10);3.610884110706609
(1.11);2.9894241638617634
(1.12);5.134258136982982
(1.13);1.6869709372162
(1.14);1.7326955623461477
(1.15);1.3579802348396417
(1.16);1.6964463566800014
(1.17);2.638265565464104
(1.18);2.9162530846448047
(1.19);2.437909558008887
(1.20);2.7179006316607865
(1.21);2.119864861129681
(1.22);1.8646743224926
(1.23);1.645270568407223
(1.24);1.6400611775462788
(1.25);2.075388613980982
(1.26);3.047849617698923
(1.27);3.0237815067479454
(1.28);2.134505336918879
(1.29);2.111871434769963
(1.30);2.604272691974347
(1.31);3.1872555709346697
(2.3);6.470470572761971
(2.4);7.6679294219879175
(2.5);5.322539196689115
(2.6);9.204183322772751
(2.7);3.7686007253126466
(2.8);3.279338367301027
(2.9);2.806371227483122
(2.10);2.4382252854026336
(2.11);2.243154260425808
(2.12);4.303292977175795
(2.13);2.0983524682204573
(2.14);2.0546615860415764
(2.15);1.5246821643661903
(2.16);1.8241463821606272
(2.17);2.880533454193243
(2.18);2.4625725019242113
(2.19);2.081144650070672
(2.20);2.170860408174241
(2.21);1.7660181611387893
(2.22);1.5742684167887457
(2.23);1.3988482293064977
(2.24);1.432438897031944
(2.25);1.8207489769440732
(2.26);2.733921362639717
(2.27);3.0177931468755856
(2.28);2.20198501910231
(2.29);1.9542472892134963
(2.30);2.3475494046997
(2.31);3.137862389519269
(3.4);14.016721061768054
(3.5);4.294788763140204
(3.6);4.596349766814891
(3.7);2.1655405761861117
(3.8);2.126641205956171
(3.9);1.8167993968682816
(3.10);1.667885491963546
(3.11);1.688386487535129
(3.12);3.011431351923766
(3.13);3.974996499000711
(3.14);3.4271097984625096
(3.15);2.140005350964453
(3.16);2.3235911902102595
(3.17);3.5048886632399485
(3.18);2.075666206235869
(3.19);1.79683375545426
(3.20);1.7402113407138915
(3.21);1.4805560845334658
(3.22);1.334136147266266
(3.23);1.1840497432492423
(3.24);1.2655243373440057
(3.25);1.6317250853290124
(3.26);2.5186318087242068
(3.27);3.2502624017467046
(3.28);2.5690317549014248
(3.29);1.8849223562632411
(3.30);2.1831316471673468
(3.31);3.1354062590827056
(4.5);8.024660084557159
(4.6);7.453329676883394
(4.7);2.678307015889231
(4.8);2.686102505776869
(4.9);2.170396500503341
(4.10);1.9671937277742035
(4.11);2.0365828460486854
(4.12);4.335934494869328
(4.13);3.204040757311132
(4.14);3.340563032381322
(4.15);2.1315684585189794
(4.16);2.6353644996186345
(4.17);4.905371475915795
(4.18);2.6129006259422165
(4.19);2.185922328263791
(4.20);2.086666492240988
(4.21);1.7231847312617978
(4.22);1.5249023701252657
(4.23);1.3274112973263246
(4.24);1.4333607247997573
(4.25);1.9189669289075657
(4.26);3.0470008000821833
(4.27);4.0541144901263735
(4.28);2.8959409171822847
(4.29);2.159944147346007
(4.30);2.5674559839254796
(4.31);4.29485468605691
(5.6);6.392696115103249
(5.7);1.8544554555019976
(5.8);1.9404038159015824
(5.9);1.4245759986774653
(5.10);1.267660704069215
(5.11);1.3508599029916646
(5.12);4.473045587362452
(5.13);1.2201907671889027
(5.14);1.371516997585313
(5.15);0.9796232521773827
(5.16);1.3498087811629762
(5.17);2.8927159070542134
(5.18);1.8974469153946154
(5.19);1.4933126720293703
(5.20);1.455054286584619
(5.21);1.148277706862812
(5.22);0.9985736130992547
(5.23);0.8565082462907814
(5.24);0.9337932075202448
(5.25);1.3047157876549986
(5.26);2.4241872482980833
(5.27);3.0107263736719667
(5.28);1.8989064840818592
(5.29);1.5728741313367378
(5.30);1.9672551372025808
(5.31);3.359603024777476
(6.8);1.968843404224223
(6.9);1.5175855512462149
(6.10);1.3276854551493191
(6.11);1.3232602442538584
(6.12);3.556294646412744
(6.13);1.2016508796718934
(6.14);1.2669607510192535
(6.15);0.9196129173833559
(6.16);1.1861199157741114
(6.17);2.1683501230083984
(6.18);1.6786056191313168
(6.19);1.361071229758422
(6.20);1.3874055627862467
(6.21);1.1063872421358396
(6.22);0.9739848007427738
(6.23);0.8500350660870746
(6.24);0.9030042385534466
(6.25);1.2108904222639703
(6.26);2.149384565143973
(6.27);2.4855755125561676
(6.28);1.6851573655278398
(6.29);1.4493430224300714
(6.30);1.789565794597413
(6.31);2.5341930091296128
(7.8);6.705346185248777
(7.9);5.241916765223268
(7.10);3.369437526303215
(7.11);2.5094067708050014
(7.12);3.080804710792275
(7.13);0.7917971522026419
(7.14);0.8554633138439923
(7.15);0.6998535826664151
(7.16);0.9247018667074325
(7.17);1.435486112108674
(7.18);2.15181210926208
(7.19);1.758436546894469
(7.20);2.182972450198847
(7.21);1.5700864350742425
(7.22);1.3430649515605746
(7.23);1.1556157184400402
(7.24);1.1499519089845625
(7.25);1.4946805151349256
(7.26);2.4511522696548105
(7.27);2.14152155824476
(7.28);1.4484005735494099
(7.29);1.593454664923291
(7.30);2.0618151794281987
(7.31);2.0498925677039748
(8.9);4.797891059335277
(8.10);3.540061889158627
(8.11);3.5315272738400174
(8.12);3.7911959188258995
(8.13);0.8087226696039683
(8.14);0.8979608302337737
(8.15);0.7395689568016025
(8.16);1.0159517148808148
(8.17);1.6120578561061978
(8.18);2.9768119864102
(8.19);2.284046367462892
(8.20);2.88461757590416
(8.21);1.8808143619124498
(8.22);1.5419033507942144
(8.23);1.2708953510768417
(8.24);1.3049480199565882
(8.25);1.8060489816989662
(8.26);3.019481984041438
(8.27);2.48755440064862
(8.28);1.600212509785822
(8.29);1.8291970309639691
(8.30);2.455017051852375
(8.31);2.462185481469003
(9.10);9.311115138728459
(9.11);3.463618223202025
(9.12);2.2229349381863157
(9.13);0.7192135165335101
(9.14);0.7806628133699859
(9.15);0.6587769987932575
(9.16);0.8684607327168496
(9.17);1.2641257193716087
(9.18);2.173151098209735
(9.19);1.8945077363583913
(9.20);2.6765036217375866
(9.21);1.8961562987582656
(9.22);1.617617860689594
(9.23);1.3919679232989226
(9.24);1.3202158167346218
(9.25);1.6387572336990774
(9.26);2.5123258949348073
(9.27);1.9981370058540842
(9.28);1.3862450471627743
(9.29);1.6688097914307052
(9.30);2.172205608694128
(9.31);1.8172367096069368
(10.11);4.060339831485033
(10.12);1.919354010925213
(10.13);0.685988292549969
(10.14);0.7475861661732225
(10.15);0.6407843827786706
(10.16);0.8449427713729196
(10.17);1.1913832809760285
(10.18);2.156021623237981
(10.19);1.9706282095753642
(10.20);3.012513855561017
(10.21);2.159209252155521
(10.22);1.8444336947029312
(10.23);1.5854640178124526
(10.24);1.4527672167449792
(10.25);1.7410591467504832
(10.26);2.5553033453460854
(10.27);1.9360681329271292
(10.28);1.362654858867941
(10.29);1.7281915714506442
(10.30);2.253762011977895
(10.31);1.713347215479275
(11.12);2.1699586139610663
(11.13);0.7230320595930556
(11.14);0.8166671608037299
(11.15);0.7072817913062653
(11.16);0.9859431378527993
(11.17);1.4003554791171262
(11.18);3.693442396005482
(11.19);3.4742954622977678
(11.20);8.093848725312876
(11.21);3.459582508777042
(11.22);2.4948232486710693
(11.23);1.8438976404684952
(11.24);1.88785678844656
(11.25);2.6536799866273926
(11.26);3.8301781133929023
(11.27);2.4464742955540477
(11.28);1.6186237684681917
(11.29);2.2735670003212856
(11.30);3.233275474035763
(11.31);2.1676645798785508
(12.13);1.0809551729669382
(12.14);1.235291177223274
(12.15);0.9561801607203301
(12.16);1.3734971913802558
(12.17);2.68352312644285
(12.18);3.107315790144197
(12.19);2.2183541813731167
(12.20);2.203461818715929
(12.21);1.592276553928112
(12.22);1.3322538894962725
(12.23);1.105183973119102
(12.24);1.2035578226375347
(12.25);1.7602854022519636
(12.26);3.2353909354836023
(12.27);3.39939612764026
(12.28);1.9920727238047558
(12.29);1.9119135195049752
(12.30);2.518707679855346
(12.31);4.175236535333239
(13.14);3.729717343069151
(13.15);2.030020937751312
(13.16);1.5278559993631038
(13.17);1.6225828340664123
(13.18);0.9500167404671201
(13.19);0.8596472136700523
(13.20);0.8191566517431481
(13.21);0.735864042183613
(13.22);0.6801728099498057
(13.23);0.6138069880693015
(13.24);0.6763222306546521
(13.25);0.8570577530614523
(13.26);1.4555121643111666
(13.27);1.960001667289669
(13.28);1.8821218058387963
(13.29);1.1753433908304685
(13.30);1.3045966359731838
(13.31);1.4910849536304802
(14.15);3.3244305618548537
(14.16);2.555085271022913
(14.17);2.2915122084987334
(14.18);1.1328573470358383
(14.19);1.022612457836281
(14.20);0.9390108267987266
(14.21);0.8415490247170575
(14.22);0.7699997516666677
(14.23);0.6823824738854984
(14.24);0.7726896982593694
(14.25);1.0163527161654844
(14.26);1.7733267880702355
(14.27);2.6732099682571975
(14.28);2.694811155229138
(14.29);1.4192121169009417
(14.30);1.5721665392596589
(14.31);1.9229400272205461
(15.16);2.518932175975219
(15.17);1.6107676711512786
(15.18);0.9696325012659179
(15.19);0.9067844821134631
(15.20);0.8269018785974053
(15.21);0.7663777281391614
(15.22);0.7117774866219928
(15.23);0.6360129174260363
(15.24);0.7311149014370552
(15.25);0.9389731758771956
(15.26);1.596177882731262
(15.27);2.2984147481710626
(15.28);2.9703062676333514
(15.29);1.384675834083229
(15.30);1.4658313985356939
(15.31);1.5099618149067497
(16.17);3.029547669640378
(16.18);1.5029918231184025
(16.19);1.3877035626308931
(16.20);1.1778840401488326
(16.21);1.069134823147663
(16.22);0.9642806655522718
(16.23);0.8271842075697929
(16.24);0.9922965113693684
(16.25);1.4036977256333805
(16.26);2.5796831885083384
(16.27);5.09409778390272
(16.28);7.576404932748901
(16.29);2.089036187416384
(16.30);2.270928834146503
(16.31);2.6961637782451215
(17.18);2.307130710555577
(17.19);1.8932132773763275
(17.20);1.6075767971675048
(17.21);1.3348772541189944
(17.22);1.158366687020345
(17.23);0.9717508009964723
(17.24);1.1303671390045151
(17.25);1.687382071664315
(17.26);3.2807997816466954
(17.27);6.814098039291568
(17.28);3.4458928917411886
(17.29);2.133600884134598
(17.30);2.6059715197362845
(17.31);7.021986485470809
(18.19);8.437908601286946
(18.20);4.9371003678396175
(18.21);2.989799755301834
(18.22);2.1971065099615523
(18.23);1.6074144584184202
(18.24);1.9485583238556985
(18.25);3.8589389823077505
(18.26);8.356489882088523
(18.27);4.4300719166288065
(18.28);2.3824851943788534
(18.29);3.1776305511342726
(18.30);5.123939775921933
(18.31);4.29088808728194
(19.20);5.988196607918891
(19.21);4.049784800125257
(19.22);2.7382547770698618
(19.23);1.8504226664094985
(19.24);2.4371232044738944
(19.25);6.488250771043099
(19.27);3.9000442615692363
(19.28);2.3134791428749057
(19.29);3.926597677044066
(19.30);7.459708862094882
(19.31);3.173785544104387
(20.21);6.062853432220261
(20.22);3.581747692296186
(20.23);2.3276166466218493
(20.24);2.631315989015195
(20.25);4.261129236397712
(20.26);5.378626399955297
(20.27);2.8761709476204484
(20.28);1.892042096451452
(20.29);3.008292252751084
(20.30);4.593270550057678
(20.31);2.482511416682003
(21.22);8.275364540939965
(21.23);3.4651670098847824
(21.24);4.477904884334566
(21.25);5.124595639907455
(21.26);4.644201855100354
(21.27);2.4564015509710835
(21.28);1.7715376285122066
(21.29);3.4116908237576875
(21.30);4.914278021602066
(21.31);1.9432553087470732
(22.23);5.7542251349604445
(22.24);6.663995237842652
(22.25);3.702099533737535
(22.26);3.5321472029216596
(22.27);2.0883512160993773
(22.28);1.601044582444261
(22.29);3.11498216747886
(22.30);3.9367157250831806
(22.31);1.6198993319025474
(23.24);4.325367442854236
(23.25);2.3197798913594885
(23.26);2.506374328044283
(23.27);1.681601401843815
(23.28);1.3555822462679188
(23.29);2.3688455791724703
(23.30);2.7268714815931814
(23.31);1.3069836658211516
(24.25);3.820050410239829
(24.26);3.473860298281824
(24.27);2.0822327224703345
(24.28);1.6797959638541393
(24.29);3.852132757591874
(24.30);4.296589272702056
(24.31);1.5454262661705565
(25.26);9.944085161574144
(25.27);3.4656210615632737
(25.28);2.394032143962648
(25.29);6.37081647192838
(25.31);2.5225894461140563
(26.27);7.0333526834164335
(26.28);3.959396902869522
(26.29);7.244980244523648
(26.30);16.490442065231036
(26.31);5.221835657068508
(27.28);6.855402908213738
(27.29);4.2743332439218245
(27.30);5.306603419665833
(27.31);9.525259517473271
(28.29);3.624114664492111
(28.30);3.661314930582714
(28.31);3.529036585094828
(29.30);12.019169522617078
(29.31);2.8307018436398166
(30.31);3.7474217836176167

****Importance nodes******

0; 0.05
1; 0.03666666666666667
2; 0.03666666666666667
3; 0.03666666666666667
4; 0.03666666666666667
5; 0.012339636633296257
6; 0.013162279075516007
7; 0.013162279075516007
8; 0.013586868723113299
9; 0.014025154810955663
10; 0.014477579159696169
11; 0.014944597842267014
12; 0.015426681643630466
13; 0.015924316535360482
14; 0.0164380041655334
15; 0.016968262364421574
16; 0.017515625666499685
17; 0.01808064584929
18; 0.018663892489589672
19; 0.0186437841728037
20; 0.019867365930312037
21; 0.020508248702257585
22; 0.02116980511200783
23; 0.021852702051104858
24; 0.022557627923721145
25; 0.0227971019692106
26; 0.03793103448275863
27; 0.03666666666666667
28; 0.03666666666666667
29; 0.03666666666666667
30; 0.03793103448275863
31; 0.024020683726718943
