
****Mix criterion 0.5*C(weight)+0.5*C(distance) ******

(0.5);0.46499337588391754
(0.6);0.4183472512731965
(0.7);0.39046035102242677
(0.8);0.42571831587759795
(0.9);0.36662373787196756
(0.10);0.3541251523279829
(0.11);0.40731248061010134
(0.12);0.4959776820397219
(0.13);0.304668884020309
(0.14);0.3650593789901414
(0.15);0.31275333218311535
(0.16);0.4436914773666765
(0.17);0.5773854914637655
(0.18);0.5321443241097518
(0.19);0.48275133999882097
(0.20);0.42066039950057216
(0.21);0.36912887445346004
(0.22);0.3209657772149589
(0.23);0.2535406111508822
(0.24);0.30405338305514057
(0.25);0.42557050688887393
(0.31);0.9824127216643568
(1.2);0.5905388964904494
(1.3);0.40310303888576315
(1.4);0.4443762276942657
(1.5);0.4663875489960924
(1.6);0.5100675258133691
(1.7);0.5457911805132281
(1.8);0.488411126538618
(1.9);0.4666240115924497
(1.10);0.4294328534267332
(1.11);0.39433323540895027
(1.12);0.4849062494293316
(1.13);0.2575480512379894
(1.14);0.2626730033146669
(1.15);0.18198619296609997
(1.16);0.2511631750091224
(1.17);0.35970239900312484
(1.18);0.3787384679810356
(1.19);0.3407771153641417
(1.20);0.3604021326760906
(1.21);0.2994412574551121
(1.22);0.2613758650629457
(1.23);0.21949756408236298
(1.24);0.21479487144321208
(1.25);0.28472115766016665
(1.26);0.3229872319192484
(1.27);0.32536709010258724
(1.28);0.22269312849123774
(1.29);0.2190875208633748
(1.30);0.2796617760548733
(1.31);0.3819611839636102
(2.3);0.4903527375500137
(2.4);0.5231280747182016
(2.5);0.4955587051157641
(2.6);0.5808682241150819
(2.7);0.4396626024594332
(2.8);0.4149206439923024
(2.9);0.38497459480695667
(2.10);0.3550027423808764
(2.11);0.3349512301045341
(2.12);0.45662816768537534
(2.13);0.31540885222900544
(2.14);0.3081217539405323
(2.15);0.22114267919273262
(2.16);0.2720130512227004
(2.17);0.37796188813228454
(2.18);0.3426075368506163
(2.19);0.3025795503674078
(2.20);0.3080740778134468
(2.21);0.24841732433144342
(2.22);0.20852527189400982
(2.23);0.16261863555571765
(2.24);0.16725663313983535
(2.25);0.24696549985685345
(2.26);0.29357526545834667
(2.27);0.32485365354338325
(2.28);0.2330412548347804
(2.29);0.191864125413741
(2.30);0.24815487597196795
(2.31);0.37871667348122096
(3.5);0.4639978687502786
(3.6);0.4725914181755609
(3.7);0.3346232421877857
(3.8);0.3287682038055081
(3.9);0.287906769053684
(3.10);0.2622131602018511
(3.11);0.2633167206799933
(3.12);0.3953675180224459
(3.13);0.44379264437882393
(3.14);0.4166512452010343
(3.15);0.3166904934852327
(3.16);0.3341801586439136
(3.17);0.4166590213107968
(3.18);0.3021570638949466
(3.19);0.2632783650295003
(3.20);0.24764592133314747
(3.21);0.19165189890707776
(3.22);0.14918094517829847
(3.23);0.09524748311723658
(3.24);0.11879227309567982
(3.25);0.212522757050426
(3.26);0.2703799659000189
(3.27);0.3444022100149242
(3.28);0.2812890661414425
(3.29);0.17901802358731927
(3.30);0.2250330368172552
(3.31);0.37946268293735835
(4.5);0.5625074721606589
(4.6);0.5484849329368965
(4.7);0.37951948699617966
(4.8);0.3787346935083639
(4.9);0.33172691160700496
(4.10);0.30628019906369763
(4.11);0.3128633498358205
(4.12);0.45932499852264785
(4.13);0.40564844695980745
(4.14);0.4119935192078327
(4.15);0.3157240939697434
(4.16);0.36215248971137126
(4.17);0.47464182314499526
(4.18);0.3565579084708421
(4.19);0.31561662012672986
(4.20);0.29858835745319917
(4.21);0.24148680246693105
(4.22);0.19815666868219903
(4.23);0.14281866452336547
(4.24);0.16792231395954274
(4.25);0.26317112590083297
(4.26);0.3236336850468507
(4.27);0.3957652232279082
(4.28);0.314714978605802
(4.29);0.22718172103122317
(4.30);0.2760930620954207
(4.31);0.44051777894597854
(5.6);0.5551078952855499
(5.7);0.41408261128385604
(5.8);0.4184491817280167
(5.9);0.3694674285653205
(5.10);0.3457732881118814
(5.11);0.35470718136591045
(5.12);0.5118067176284085
(5.13);0.328793850705646
(5.14);0.3486194954247979
(5.15);0.27057683632369256
(5.16);0.3390898711548994
(5.17);0.45481209185238197
(5.18);0.3936542384507019
(5.19);0.35263343922706847
(5.20);0.3404327334893073
(5.21);0.2835858448911361
(5.22);0.2412788294442894
(5.23);0.18760519550027535
(5.24);0.2093901916063572
(5.25);0.2996291908866018
(5.26);0.3560062293875083
(5.27);0.4030649558449906
(5.28);0.3062892232914549
(5.29);0.2561173831459743
(5.30);0.30871803920917834
(5.31);0.4588652772811116
(6.7);0.42423717854416876
(6.8);0.41658377097593635
(6.9);0.37524296572139687
(6.10);0.3490610963754095
(6.11);0.345572207656013
(6.12);0.48343719448890315
(6.13);0.31982689092914673
(6.14);0.32756963711250925
(6.15);0.24643370185327207
(6.16);0.3061518804029346
(6.17);0.41270134529040714
(6.18);0.3690106970080607
(6.19);0.32920672490442165
(6.20);0.32565762557243744
(6.21);0.26796872269786254
(6.22);0.22702464777200185
(6.23);0.1770396019194998
(6.24);0.1910592105765571
(6.25);0.2756287015884507
(6.26);0.3261591638285253
(6.27);0.36329970134921147
(6.28);0.27102549427619427
(6.29);0.22673093781388487
(6.30);0.2805446350384457
(6.31);0.4156906285634614
(7.8);0.5608453433584623
(7.9);0.5307652717642276
(7.10);0.4802166080886512
(7.11);0.4439037084628867
(7.12);0.4674560462442936
(7.13);0.2125738827024587
(7.14);0.23079152308825482
(7.15);0.1599696700844749
(7.16);0.2433350451478686
(7.17);0.34314474360466457
(7.18);0.409766698291888
(7.19);0.37798679610920616
(7.20);0.40745489558451764
(7.21);0.3476273005057557
(7.22);0.31101760682100166
(7.23);0.2699226075692675
(7.24);0.26365144367875304
(7.25);0.32563101538247274
(7.26);0.355459987199178
(7.27);0.33132247143576127
(7.28);0.22669338300435618
(7.29);0.2554266629868283
(7.30);0.31659895247406467
(7.31);0.38117594159330004
(8.9);0.5199714428745786
(8.10);0.484827262828314
(8.11);0.48347857389613713
(8.12);0.4905524273788511
(8.13);0.21478993096699128
(8.14);0.24084492598369667
(8.15);0.17464040944122666
(8.16);0.265416693753327
(8.17);0.3628278569891543
(8.18);0.45338264264090833
(8.19);0.4177368013145913
(8.20);0.4459220649850811
(8.21);0.3789000904571719
(8.22);0.3383279497802992
(8.23);0.29114091509655105
(8.24);0.29313803033791175
(8.25);0.3618052096220456
(8.26);0.39545078742552103
(8.27);0.36229242375608084
(8.28);0.2543837269278265
(8.29);0.2911056325065199
(8.30);0.35432382924233996
(8.31);0.41019056004186044
(9.10);0.6046254583719874
(9.11);0.48021923566665786
(9.12);0.42327766517711785
(9.13);0.17169919008715542
(9.14);0.19383719736961946
(9.15);0.12694879867397538
(9.16);0.21702685892870535
(9.17);0.3112474108269423
(9.18);0.40801760267050663
(9.19);0.3867566522197249
(9.20);0.43436927980651613
(9.21);0.3784271445357967
(9.22);0.3457517636687468
(9.23);0.30997225138421886
(9.24);0.29325561290623425
(9.25);0.3405616979934051
(9.26);0.35770406895035356
(9.27);0.3113998424082188
(9.28);0.20736019789139243
(9.29);0.2641096031682921
(9.30);0.32546344388912507
(9.31);0.3552122600048855
(10.11);0.49759917805691445
(10.12);0.4001159518483117
(10.13);0.14949380716108376
(10.14);0.17443434388949383
(10.15);0.1102304793358361
(10.16);0.20413742403970045
(10.17);0.2945526417340914
(10.18);0.40510370119048866
(10.19);0.3913745749753943
(10.20);0.44929922905389874
(10.21);0.3984107705848583
(10.22);0.3686515905384116
(10.23);0.33590212602540426
(10.24);0.3131097028092531
(10.25);0.3506151052467954
(10.26);0.3597516399711333
(10.27);0.3016045208982008
(10.28);0.19879941513115812
(10.29);0.2716061524357094
(10.30);0.3322482044878794
(10.31);0.3413071366970401
(11.12);0.4164708340490164
(11.13);0.16320803440886972
(11.14);0.19916784090895723
(11.15);0.14327411473378088
(11.16);0.24624197277259877
(11.17);0.3278803808100018
(11.18);0.4774404329324803
(11.19);0.4706717275692895
(11.20);0.5776880128889483
(11.21);0.46488788949061044
(11.22);0.4171141385894332
(11.23);0.36353206269040605
(11.24);0.3648856136149468
(11.25);0.4218614337882774
(11.26);0.4342714941975404
(11.27);0.3540922630280685
(11.28);0.25053132607755746
(11.29);0.33799991064801616
(11.30);0.4044224661929313
(11.31);0.38414069276287977
(12.13);0.27940934968390047
(12.14);0.3076158571809373
(12.15);0.23805721054561474
(12.16);0.32425085886706956
(12.17);0.4358800857499349
(12.18);0.454084053586498
(12.19);0.40664078434452033
(12.20);0.40053312032198396
(12.21);0.3388098630499329
(12.22);0.29537296651047984
(12.23);0.24134225581119195
(12.24);0.2603515932259919
(12.25);0.3483972382917271
(12.26);0.4032808109151777
(12.27);0.416590345381508
(12.28);0.30465461427140084
(12.29);0.29418654932357546
(12.30);0.3535127973938778
(12.31);0.48136935258815644
(13.14);0.4813783195113629
(13.15);0.3965962732740752
(13.16);0.34343711988645115
(13.17);0.3523061560274095
(13.18);0.21743018057768793
(13.19);0.1854849811877377
(13.20);0.15643026444318314
(13.21);0.10801711922484593
(13.22);0.06640748325511267
(13.23);0.008541664541900208
(13.24);0.047160902250124315
(13.25);0.1450350272783719
(13.26);0.20415247329621458
(13.27);0.2983922534146122
(13.28);0.2878373786327305
(13.29);0.1346684221300436
(13.30);0.16558965747463217
(13.31);0.3031193859238781
(14.15);0.46459684235520005
(14.16);0.42757565123729896
(14.17);0.40948935759898214
(14.18);0.2640275214204358
(14.19);0.2357684243291431
(14.20);0.1989612012698242
(14.21);0.15504114914182077
(14.22);0.11392377068692844
(14.23);0.05362708919472994
(14.24);0.10075116692765675
(14.25);0.20069811169048046
(14.26);0.26257276949000896
(14.27);0.3677451574585909
(14.28);0.36940414340348715
(14.29);0.20056171702645867
(14.30);0.22637494170692166
(14.31);0.35583796190196315
(15.16);0.42381319232414627
(15.17);0.3456277435745543
(15.18);0.2149399782711779
(15.19);0.19377476270446883
(15.20);0.1496062476957393
(15.21);0.11338974697937526
(15.22);0.07460455644984326
(15.23);0.012972868643450985
(15.24);0.07096581157249263
(15.25);0.16917287191139
(15.26);0.22831001665746548
(15.27);0.3329277254193882
(15.28);0.38730646927244855
(15.29);0.18885315362234323
(15.30);0.20044839050132893
(15.31);0.30048570618092224
(16.17);0.44667685099450793
(16.18);0.3253417048093496
(16.19);0.30794134581511573
(16.20);0.2585521420354404
(16.21);0.22594279307271753
(16.22);0.18749224416879343
(16.23);0.1248594253963455
(16.24);0.18572197498241447
(16.25);0.28645381490573063
(16.26);0.35173628542102836
(16.27);0.4801649547384567
(16.28);0.544439113139325
(16.29);0.3078272799618806
(16.30);0.3226095924230157
(16.31);0.4123748007282668
(17.18);0.4026970697636335
(17.19);0.3691844685962716
(17.20);0.3305934211642688
(17.21);0.283721402056487
(17.22);0.24083923166904048
(17.23);0.17966881672785298
(17.24);0.22365675138664093
(17.25);0.3269498290745838
(17.26);0.3989941958751283
(17.27);0.5262970536847248
(17.28);0.41242979763149235
(17.29);0.3108094726389074
(17.30);0.3521019312789562
(17.31);0.5490417390089466
(18.19);0.5833871569275747
(18.20);0.505293906851634
(18.21);0.4351604687994922
(18.22);0.38328145476436143
(18.23);0.31759026382156424
(18.24);0.35524959940435746
(18.25);0.4670433784587535
(18.26);0.5559280032185128
(18.27);0.4551118229718278
(18.28);0.33505018817962406
(18.29);0.3956888472331834
(18.30);0.47549799406832854
(18.31);0.4789145314420069
(19.20);0.5324217789215976
(19.21);0.47870528828772474
(19.22);0.4205745604145499
(19.23);0.3483477321061414
(19.24);0.39708010741510197
(19.25);0.5408149057073846
(19.26);0.6274217038969812
(19.27);0.43391016818047706
(19.28);0.32861683439421596
(19.29);0.43510196944797996
(19.30);0.5379440361100161
(19.31);0.4356133991094177
(20.21);0.5303014271887443
(20.22);0.4567824617729696
(20.23);0.38678744943742577
(20.24);0.40564554396413155
(20.25);0.4786572952229947
(20.26);0.4815758249340274
(20.27);0.3723694697022002
(20.28);0.2714560135331163
(20.29);0.38157280215227896
(20.30);0.45520827945149567
(20.31);0.39094707447596533
(21.22);0.5742897512114623
(21.23);0.4489243301337059
(21.24);0.48420590512836276
(21.25);0.5034934293582448
(21.26);0.45591733502825127
(21.27);0.3356469591932352
(21.28);0.24935460287127403
(21.29);0.40454120645615416
(21.30);0.46549505356018905
(21.31);0.34090164830897035
(22.23);0.5193660069065793
(22.24);0.5394646323721388
(22.25);0.455627052599567
(22.26);0.4053901696814677
(22.27);0.29282847612963386
(22.28);0.21413923593413364
(22.29);0.38498204733811137
(22.30);0.42557022413866846
(22.31);0.29592028734872483
(23.24);0.47680171821171047
(23.25);0.3762793855420524
(23.26);0.3306845054486813
(23.27);0.22655841536328664
(23.28);0.1506266120692461
(23.29);0.3222479305460305
(23.30);0.3501420498396922
(23.31);0.2330564612944659
(24.25);0.4572969233145581
(24.26);0.39881706929334326
(24.27);0.2863636281249466
(24.28);0.22263450625585177
(24.29);0.42247984230809327
(24.30);0.43847347416713406
(24.31);0.2766658606817252
(25.26);0.5845766269217492
(25.27);0.4022789218364318
(25.28);0.3217241686225382
(25.29);0.5098014438587098
(25.30);0.6841330374096892
(25.31);0.38471723209156694
(26.27);0.5014756163368074
(26.28);0.3858184133758582
(26.29);0.5071406254386751
(26.30);0.6808178692752099
(26.31);0.47002862942262497
(27.28);0.49984567648564904
(27.29);0.40618631393576266
(27.30);0.44700100184807595
(27.31);0.5782954993507697
(28.29);0.36962604838946816
(28.30);0.368031232245786
(28.31);0.4024509264310927
(29.30);0.6090307004620741
(29.31);0.35653744043682895
(30.31);0.4100975468417343
