
****Importance edges******

(0.5);5.049725522262816
(0.6);3.9260426743929635
(0.7);3.425827314651581
(0.8);4.119475944557071
(0.9);3.0942130960256504
(0.10);2.9427276550272556
(0.11);3.8027325424870373
(0.12);6.187203614628598
(0.13);2.4499807234351634
(0.14);3.1646950280499864
(0.15);2.5615471410132913
(0.16);4.718201303381656
(0.17);9.807522044860608
(0.18);7.739892236967297
(0.19);5.9220870402481385
(0.20);4.285756658867179
(0.21);3.3792277801067603
(0.22);2.7860500097253866
(0.23);2.210034995399393
(0.24);2.6560839669283967
(0.25);4.509158648919033
(0.31);35.89115506028464
(1.2);10.851230822785041
(1.3);4.196082984832509
(1.4);5.119887790147102
(1.5);4.403179025337307
(1.6);5.874226712918312
(1.7);7.407301935467184
(1.8);5.146406992963219
(1.9);4.499995356730181
(1.10);3.6088196979180887
(1.11);2.9876307822650054
(1.12);5.131031373231271
(1.13);1.6858618926371913
(1.14);1.7315056805226687
(1.15);1.357007398524233
(1.16);1.6951801386503256
(1.17);2.636216312057051
(1.18);2.9138984442194635
(1.19);2.4632658407617907
(1.20);2.7165008573669267
(1.21);2.11872163154976
(1.22);1.863623046008347
(1.23);1.6443023484652157
(1.24);1.6390551849312431
(1.25);2.0739509826144964
(1.26);2.998163593079937
(1.27);3.025772113425855
(1.28);2.13591051800363
(1.29);2.113261715572844
(1.30);2.605987128880642
(1.31);3.18513456299042
(2.3);6.474730193340577
(2.4);7.672977350047231
(2.5);5.3216104540303855
(2.6);9.123980665919548
(2.7);3.7667560394122077
(2.8);3.2776445769705798
(2.9);2.80484479769614
(2.10);2.436831304508715
(2.11);2.2418085726448744
(2.12);4.300588456012022
(2.13);2.096972974135295
(2.14);2.0532506027576347
(2.15);1.5235899053325923
(2.16);1.8227848495493753
(2.17);2.8782960209824213
(2.18);2.4605841721753645
(2.19);2.1027902816830215
(2.20);2.169742370759803
(2.21);1.765065758824136
(2.22);1.5733808669648923
(2.23);1.3980250256478024
(2.24);1.4315602572765296
(2.25);1.8194877356410626
(2.26);2.6893529943902874
(2.27);3.0197798113145717
(2.28);2.203434623206938
(2.29);1.955533803366557
(2.30);2.3490948363095194
(2.31);3.1357742510226814
(3.4);14.025948507099564
(3.5);4.294039355125126
(3.6);4.556298471637721
(3.7);2.164480569446505
(3.8);2.1255427879499966
(3.9);1.8158112108830515
(3.10);1.666931929336269
(3.11);1.6873736097737315
(3.12);3.009538736229756
(3.13);3.9723832658847504
(3.14);3.424756323481172
(3.15);2.1384722837907373
(3.16);2.321856874800253
(3.17);3.5021662667047
(3.18);2.073990272283342
(3.19);1.8155223177980049
(3.20);1.7393150963581416
(3.21);1.4797576300934645
(3.22);1.3333839805519532
(3.23);1.183352945655122
(3.24);1.2647480808512932
(3.25);1.6305947817567816
(3.26);2.477573089380662
(3.27);3.2524021046410554
(3.28);2.5707229921008237
(3.29);1.886163232636532
(3.30);2.184568839777298
(3.31);3.133319755055665
(4.5);8.023259842329358
(4.6);7.388383464761579
(4.7);2.6769960159851887
(4.8);2.684715123951241
(4.9);2.169215987449513
(4.10);1.9660690447977898
(4.11);2.035361082258679
(4.12);4.333209459258622
(4.13);3.2019343641573275
(4.14);3.3382689910512715
(4.15);2.1300414354062522
(4.16);2.6333974783620855
(4.17);4.901561264638557
(4.18);2.61079091829248
(4.19);2.208657734689865
(4.20);2.0855918164115357
(4.21);1.7222554287422978
(4.22);1.5240426521663937
(4.23);1.3266301333560961
(4.24);1.4324815196069436
(4.25);1.9176376515714264
(4.26);2.9973286128824577
(4.27);4.056783382491462
(4.28);2.897847364230694
(4.29);2.161366075231346
(4.30);2.5691461837681056
(4.31);4.291996609349289
(5.6);6.269608813785963
(5.7);1.848549386538162
(5.8);1.934208060884435
(5.9);1.4200155962724121
(5.10);1.2635922362386884
(5.11);1.346513371229507
(5.12);4.45861664741296
(5.13);1.216244824589807
(5.14);1.3670705923501316
(5.15);0.9764394639633269
(5.16);1.3454110716265846
(5.17);2.8832683220189086
(5.18);1.8912348431693202
(5.19);1.518300331193253
(5.20);1.451171492307808
(5.21);1.1452132729593074
(5.22);0.9959084656039265
(5.23);0.854222067291273
(5.24);0.9313005272327919
(5.25);1.3010761083386932
(5.26);2.3628036612983188
(5.27);3.0102010247898523
(5.28);1.898575139324868
(5.29);1.572599676748692
(5.30);1.9669530725597273
(5.31);3.350620773685757
(6.7);2.0180973085088842
(6.8);1.9314210796709268
(6.9);1.489115212089803
(6.10);1.303105273629574
(6.11);1.2990879819569665
(6.12);3.4922054452858093
(6.13);1.180290214902032
(6.14);1.2447489094252921
(6.15);0.9037146981697903
(6.16);1.1659021760367116
(6.17);2.131913832688738
(6.18);1.6508023435701407
(6.19);1.3650425167007245
(6.20);1.3659163756328372
(6.21);1.089520407263231
(6.22);0.9593722468385947
(6.23);0.8374863950638022
(6.24);0.8898889177389369
(6.25);1.19325668580021
(6.26);2.0779297063120152
(6.27);2.4639169087533688
(6.28);1.6704733796497355
(6.29);1.4367138562113866
(6.30);1.7743870640546944
(6.31);2.498557837524102
(7.8);6.680623751630413
(7.9);5.222589957079296
(7.10);3.357014499471504
(7.11);2.5001546545683815
(7.12);3.0694458654993557
(7.13);0.7888778170939486
(7.14);0.8523092432851926
(7.15);0.6972732410610691
(7.16);0.9212925154398212
(7.17);1.430193512869762
(7.18);2.1438784350623123
(7.19);1.7862237990450203
(7.20);2.1762454492605925
(7.21);1.5652600767042861
(7.22);1.3389466269377162
(7.23);1.1520808777745692
(7.24);1.1464429790227493
(7.25);1.4899479121942365
(7.26);2.389325327824421
(7.27);2.140473308533018
(7.28);1.4476915984387624
(7.29);1.5926746875344346
(7.30);2.060864508592794
(7.31);2.0436599912137003
(8.9);4.7802013621972685
(8.10);3.5270097748245224
(8.11);3.5185066264063294
(8.12);3.777217879982271
(8.13);0.805740930561332
(8.14);0.8946500724587041
(8.15);0.7368421856647217
(8.16);1.0122059278421296
(8.17);1.6061142415282923
(8.18);2.9658365595351084
(8.19);2.3195530290856343
(8.20);2.8757062365826354
(8.21);1.8750184848384557
(8.22);1.537163625657733
(8.23);1.2669983246438798
(8.24);1.300956396051113
(8.25);1.8003195198238047
(8.26);2.943855654471335
(8.27);2.4862695696496924
(8.28);1.5993859941377988
(8.29);1.8282522439683897
(8.30);2.4538198115302925
(8.31);2.4546813804978016
(9.10);9.276785304060631
(9.11);3.45084795463769
(9.12);2.214739036001854
(9.13);0.716561795365251
(9.14);0.7777845302733842
(9.15);0.6563481054636633
(9.16);0.8652587410192428
(9.17);1.2594649213577518
(9.18);2.1651387477234385
(9.19);1.923469995903432
(9.20);2.6682145131847945
(9.21);1.890298575250641
(9.22);1.6126330442913817
(9.23);1.3876890913268425
(9.24);1.3161675558525048
(9.25);1.6335484460850196
(9.26);2.4498545298761867
(9.27);1.9970501874694246
(9.28);1.3854910465119255
(9.29);1.6679020993372637
(9.30);2.171087663115168
(9.31);1.8116848627333935
(10.11);4.0453694661707535
(10.12);1.9122774035712737
(10.13);0.6834590719016974
(10.14);0.7448298357979344
(10.15);0.6384218277473165
(10.16);0.8418274897752989
(10.17);1.1869906824040484
(10.18);2.148072428671784
(10.19);2.00024340564983
(10.20);3.0031607135455953
(10.21);2.1525221997884145
(10.22);1.8387357558680408
(10.23);1.5805782860046953
(10.24);1.4483014911266283
(10.25);1.735514447433011
(10.26);2.4922304921759015
(10.27);1.934961245059637
(10.28);1.361875802539701
(10.29);1.7272035306629219
(10.30);2.2525403724128257
(10.31);1.7081000391458687
(11.12);2.161958034079558
(11.13);0.7203662595577701
(11.14);0.8136561306326578
(11.15);0.704674062092595
(11.16);0.9823079916420534
(11.17);1.3951924055906992
(11.18);3.679824771808931
(11.19);3.5256041414410304
(11.20);8.068656024031664
(11.21);3.448841324480436
(11.22);2.487096802661316
(11.23);1.8382013576455551
(11.24);1.8820392095824676
(11.25);2.645212396795981
(11.26);3.7363476687493047
(11.27);2.445006634312921
(11.28);1.6176527419696647
(11.29);2.272203067672763
(11.30);3.231433082916946
(11.31);2.1610098198238954
(12.13);1.0769697199016075
(12.14);1.23073669140188
(12.15);0.9526547498172198
(12.16);1.3684331436486703
(12.17);2.673629047819024
(12.18);3.0958591992045474
(12.19);2.2505357342123986
(12.20);2.19658609340152
(12.21);1.5873204756838117
(12.22);1.3281175567102654
(12.23);1.1017612279191376
(12.24);1.1998397172497737
(12.25);1.7546575189009697
(12.26);3.156739720921842
(12.27);3.397259684962522
(12.28);1.9908207516825043
(12.29);1.9107119256083405
(12.30);2.517201530033084
(12.31);4.162387021221472
(13.14);3.715965974104468
(13.15);2.0225363043720757
(13.16);1.5222228347987197
(13.17);1.6166004141737973
(13.18);0.9465140539310841
(13.19);0.8718929175092718
(13.20);0.816594086688189
(13.21);0.7335678376477187
(13.22);0.678055721899089
(13.23);0.6119012627499397
(13.24);0.6742276665595273
(13.25);0.8543122219521899
(13.26);1.420406535372251
(13.27);1.9587131274719392
(13.28);1.880884465621635
(13.29);1.174570699263994
(13.30);1.303779269558521
(13.31);1.4864847392584344
(14.15);3.3121734745078766
(14.16);2.5456647393669813
(14.17);2.283063463736694
(14.18);1.1286805320307036
(14.19);1.0369110990389259
(14.20);0.9360658996645869
(14.21);0.8389164096754954
(14.22);0.767597029395896
(14.23);0.6802585080927642
(14.24);0.7702906797558254
(14.25);1.0130904593259331
(14.26);1.7308980932524256
(14.27);2.6713742135979865
(14.28);2.6929605665388934
(14.29);1.418237511356691
(14.30);1.5711360726628214
(14.31);1.9169927835134108
(15.16);2.509644939822266
(15.17);1.6048288134510977
(15.18);0.9660574919398536
(15.19);0.9192249921136697
(15.20);0.8243019916174703
(15.21);0.7639742131825852
(15.22);0.7095508354555246
(15.23);0.6340282902909103
(15.24);0.7288392523683318
(15.25);0.9359533144034772
(15.26);1.5582996876298294
(15.27);2.2967681989227553
(15.28);2.968178385554581
(15.29);1.3836838734479378
(15.30);1.4648277079647802
(15.31);1.505280218082005
(16.17);3.0183778076993018
(16.18);1.497450332112654
(16.19);1.4063763343919529
(16.20);1.1741712574158718
(16.21);1.0657733243066982
(16.22);0.9612564871127186
(16.23);0.8245965299383883
(16.24);0.9892001299459774
(16.25);1.399174274848867
(16.26);2.518976298623883
(16.27);5.090295577936402
(16.28);7.570749946672747
(16.29);2.087476942542689
(16.30);2.26930656819605
(16.31);2.6877835552022677
(17.18);2.29862438079052
(17.19);1.918188792429175
(17.20);1.6024967861095811
(17.21);1.3306696164816858
(17.22);1.1547246316017712
(17.23);0.9687031947071676
(17.24);1.1268310152075307
(17.25);1.6819336085427998
(17.26);3.2042505290723113
(17.27);6.808805238670658
(17.28);3.443216319738288
(17.29);2.131943625313371
(17.30);2.6040317683723555
(17.31);7.0001061869196715
(18.19);8.546996006118704
(18.20);4.921459541672545
(18.21);2.980351860902842
(18.22);2.1901810581898897
(18.23);1.6023605384431872
(18.24);1.9424472523785565
(18.25);3.8464538182275705
(18.26);8.163203954670635
(18.27);4.426494988934503
(18.28);2.3805615287062816
(18.29);3.1750648693723234
(18.30);5.119970391670898
(18.31);4.277484330542435
(19.20);6.065613519910635
(19.21);4.101106713008973
(19.22);2.772257427338848
(19.23);1.8729294203824896
(19.24);2.4661470805255705
(19.25);6.564311858164995
(19.26);12.000199792861876
(19.27);3.9406079587418072
(19.28);2.3375412460390574
(19.29);3.967437551775654
(19.30);7.535671811900892
(19.31);3.2099843859084056
(20.21);6.046601955098745
(20.22);3.5721468184952383
(20.23);2.321377470777814
(20.24);2.62426274715919
(20.25);4.249285657448028
(20.26);5.258256854732
(20.27);2.874689660883793
(20.28);1.891067656157844
(20.29);3.006742920845875
(20.30);4.59102281892558
(20.31);2.4758493426333574
(21.22);8.253182428340217
(21.23);3.455878630574127
(21.24);4.4659018614026005
(21.25);5.110359606708257
(21.26);4.541271451802078
(21.27);2.455076829303808
(21.28);1.770582249584052
(21.29);3.409850920687079
(21.30);4.911755116711425
(21.31);1.9380404705631702
(22.23);5.738800935913195
(22.24);6.646132400260243
(22.25);3.691820598941595
(22.26);3.454633798681956
(22.27);2.0871738338091492
(22.28);1.6001419366044696
(22.29);3.1132259854678583
(22.30);3.934599186690718
(22.31);1.615552310734893
(23.24);4.31377329649633
(23.25);2.313342394361974
(23.26);2.451923177507944
(23.27);1.6806118016874412
(23.28);1.354784504067292
(23.29);2.367451544918572
(23.30);2.72533865785148
(23.31);1.3034764165902295
(24.25);3.8094552063703593
(24.26);3.399161447522273
(24.27);2.080955507467462
(24.28);1.678765598427813
(24.29);3.849769908474214
(24.30);4.2940680110114045
(24.31);1.5412792332118224
(25.26);9.730303097514668
(25.27);3.4632204097003445
(25.28);2.392373786737717
(25.29);6.366403377663303
(25.31);2.5155928501034626
(26.27);6.918695013775215
(26.28);3.894850840344024
(26.29);7.126872623759457
(26.30);16.22627636969228
(26.31);5.11185958742776
(27.28);6.859915936280877
(27.29);4.277147110029535
(27.30);5.31009684674733
(27.31);9.518920787911751
(28.29);3.626500480675108
(28.30);3.663725236332148
(28.31);3.5266881337497926
(29.30);12.027081945872942
(29.31);2.828818109824144
(30.31);3.7450292484837133

****Importance nodes******

0; 0.05
1; 0.03666666666666667
2; 0.03666666666666667
3; 0.03666666666666667
4; 0.03666666666666667
5; 0.012298850574712646
6; 0.012695587690025956
7; 0.013105122776800987
8; 0.013527868672826826
9; 0.013964251533240594
10; 0.014414711260119324
11; 0.014879701945929625
12; 0.015359692331282194
13; 0.015855166277452586
14; 0.016366623254144605
15; 0.01689457884298798
16; 0.017439565257277915
17; 0.018002131878480425
18; 0.01858284581004431
19; 0.019182292449077997
20; 0.019801076076467607
21; 0.02043982046603108
22; 0.0210991695133224
23; 0.0217797878847199
24; 0.022482361687452795
25; 0.022716817983857697
26; 0.03666666666666667
27; 0.03666666666666667
28; 0.03666666666666667
29; 0.03666666666666667
30; 0.03793103448275863
31; 0.02394039974136604
