
****Importance edges******

(0.5);5.001295530595975
(0.6);3.8888551024141074
(0.7);3.3937918256611033
(0.8);4.0814612197202775
(0.9);3.0263230187445482
(0.10);2.915106447473896
(0.11);3.7967778135121346
(0.12);6.132148411318461
(0.13);2.4284983739050636
(0.14);3.1373635896704926
(0.15);2.5397683564717157
(0.16);4.678729224642832
(0.17);9.726830373889795
(0.18);7.677299276571184
(0.19);5.823536322466869
(0.20);4.260262476853252
(0.21);3.3526340557027585
(0.22);2.764524572846744
(0.23);2.193281452765454
(0.24);2.6363403358180846
(0.25);4.443762850125928
(0.31);35.62690986194731
(1.3);4.355547314567447
(1.4);5.407695736757917
(1.5);4.598648038379156
(1.6);6.133335633285031
(1.7);7.731903249739306
(1.8);5.370429035925714
(1.10);3.7618853996487642
(1.11);3.142360994746439
(1.12);5.3469787949455485
(1.13);1.756277659427659
(1.14);1.8032700725455364
(1.15);1.412807711359603
(1.16);1.7643268227816091
(1.17);2.7428683184344393
(1.18);3.0308015287500236
(1.19);2.534713736452192
(1.20);2.8298402174127126
(1.21);2.2009695719638374
(1.22);1.9353044180036005
(1.23);1.7069572288333958
(1.24);1.7009165699162012
(1.25);2.13390248278879
(1.26);3.1121032242870323
(1.27);3.089333290338981
(1.28);2.1807787305511126
(1.29);2.1576541538438083
(1.30);2.6591749785000873
(1.31);3.3021623650098997
(2.3);6.60288167101459
(2.4);7.964574583614687
(2.5);5.412714176321199
(2.6);9.279594979947241
(2.7);3.8307550509100636
(2.8);3.3331169288898157
(2.9);2.806634975221466
(2.10);2.476480754754621
(2.11);2.2998325725832363
(2.12);4.371195409442066
(2.13);2.1312416625225152
(2.14);2.086646767205721
(2.15);1.548252441530326
(2.16);1.8521468243525905
(2.17);2.9244310593335987
(2.18);2.4998256032144464
(2.19);2.1135012007014247
(2.20);2.208955910466531
(2.21);1.7923086247880395
(2.22);1.5975247766960732
(2.23);1.4193522332838742
(2.24);1.4532691643324793
(2.25);1.831166029010792
(2.26);2.742582171502968
(2.27);3.0282231642668207
(2.28);2.2095954618751206
(2.29);1.9610015073527927
(2.30);2.354986223098716
(2.31);3.1818934400827845
(3.5);4.367551494409741
(3.6);4.634008550947481
(3.7);2.2012561438138083
(3.8);2.161516443660262
(3.9);1.8169701428933462
(3.10);1.6940544201189685
(3.11);1.7310473504419601
(3.12);3.058949267734539
(3.13);4.03729986994797
(3.14);3.480460057462787
(3.15);2.1730879962749485
(3.16);2.3592580541393344
(3.17);3.5583010679373657
(3.18);2.1070662983611577
(3.19);1.824769988710044
(3.20);1.7707495664190585
(3.21);1.5025969144510942
(3.22);1.3538450800475574
(3.23);1.2014052791368133
(3.24);1.2839273633137906
(3.25);1.6410606749065346
(3.26);2.5266106002835964
(3.27);3.2614958732692285
(3.28);2.5779107749595087
(3.29);1.8914369753905684
(3.30);2.190047605386852
(3.31);3.1794028447812854
(4.5);8.37943402324136
(4.6);7.714281009471531
(4.7);2.794306803726855
(4.8);2.801580223750425
(4.9);2.2278157849892097
(4.10);2.049458563583265
(4.11);2.1407729874391337
(4.12);4.515579307035548
(4.13);3.3356740639806564
(4.14);3.476627673466493
(4.15);2.217629003887624
(4.16);2.7408142062228773
(4.17);5.099861131331771
(4.18);2.7155335911259253
(4.19);2.272720632340862
(4.20);2.1726080384560715
(4.21);1.7891127070990613
(4.22);1.5826625906354754
(4.23);1.3771803575139785
(4.24);1.4865463806213457
(4.26);3.111236512220089
(4.27);4.1420025981516995
(4.28);2.958721277427203
(4.29);2.2067690224236465
(4.30);2.621582114612985
(4.31);4.449692593469856
(5.6);6.326979470002566
(5.7);1.8654647148312602
(5.8);1.9519072170851186
(5.9);1.3886086033534628
(5.10);1.2739018353814484
(5.11);1.3822326800621068
(5.12);4.49746348292128
(5.13);1.226834163929631
(5.14);1.3789647081659144
(5.15);0.9849289435833677
(5.16);1.3571003197593978
(5.17);2.90830138131542
(5.18);1.9076435066918878
(5.19);1.5024470541965314
(5.20);1.4695869728653004
(5.21);1.1545958464352641
(5.22);1.0040564750677956
(5.23);0.861201234196762
(5.24);0.9388990259899398
(5.25);1.2924543784013822
(5.26);2.403253861561212
(5.27);2.985109980181509
(5.28);1.8827498727992151
(5.29);1.5594915260586155
(5.30);1.9502674591153912
(5.31);3.376341666861773
(6.7);2.0365641013083864
(6.8);1.9490947333329627
(6.9);1.4568728222412586
(6.10);1.313756168453128
(6.11);1.3332244463929415
(6.12);3.5226537989462576
(6.13);1.1905737946435162
(6.14);1.2555864220118111
(6.15);0.9115774137783373
(6.16);1.176038905580855
(6.17);2.1504364019715574
(6.18);1.665134909373269
(6.19);1.3511223187054153
(6.20);1.3831909381313772
(6.21);1.0984591905152445
(6.22);0.9672322505682902
(6.23);0.8443382768466361
(6.24);0.8971594900199118
(6.25);1.1855603505785632
(6.26);2.113369896036806
(6.27);2.4437256034732306
(6.28);1.6567841850786744
(6.29);1.4249402740877726
(6.30);1.7595801787224736
(6.31);2.5177777932323986
(7.8);6.741755439420009
(7.9);5.11194401399819
(7.10);3.3845017788101304
(7.11);2.5652252271934985
(7.12);3.096227263072411
(7.13);0.7957560008509165
(7.14);0.8597352051012487
(7.15);0.7033441100283143
(7.16);0.9293081657948019
(7.17);1.4426280765353265
(7.18);2.162504955627312
(7.19);1.7684469142969992
(7.20);2.203673440788398
(7.21);1.5781200671997269
(7.22);1.34993178481491
(7.23);1.1615197165840712
(7.24);1.1558225842429934
(7.25);1.4806036968739775
(7.26);2.4299211236571177
(7.27);2.1232380521712355
(7.28);1.4360346739013612
(7.29);1.5798503479684387
(7.30);2.0439563545658554
(7.31);2.0594136255581863
(8.9);4.681157772843899
(8.10);3.555940341583357
(8.11);3.6091978210115268
(8.12);3.8101982163772035
(8.13);0.8127711468113702
(8.14);0.9024504788882117
(8.15);0.7432621112707316
(8.16);1.0210187851180623
(8.17);1.6200881422975824
(8.18);2.9916224991225415
(8.19);2.2970409986724554
(8.20);2.911823838542367
(8.21);1.8904452256787778
(8.22);1.5497927790553698
(8.23);1.2773931950190975
(8.24);1.3116149513291389
(8.25);1.7893526457800715
(8.26);2.9936788104082743
(8.27);2.46661015450276
(8.28);1.5867393392365068
(8.29);1.8137958992919156
(8.30);2.434037548879307
(8.31);2.473643328192083
(9.10);9.084574548789766
(9.11);3.4406808881015634
(9.12);2.172068602707227
(9.13);0.7030850595124823
(9.14);0.7635126904693923
(9.15);0.6446044962641144
(9.16);0.8501714631122744
(9.17);1.2380758098853053
(9.18);2.129347948736719
(9.19);1.8576263079100284
(9.20);2.6367159441057373
(9.21);1.8607534826816792
(9.22);1.588132765166307
(9.23);1.3672090263978707
(9.24);1.297310720572869
(9.25);1.5873228051411912
(9.26);2.4514181367193553
(9.27);1.9491621549940885
(9.28);1.3522678252599225
(9.29);1.6279068351221189
(9.30);2.1195435817352313
(9.31);1.786459886680921
(10.11);4.14394668589966
(10.12);1.9272967657464446
(10.13);0.6888327623570065
(10.14);0.750692237267975
(10.15);0.6434520036631192
(10.16);0.8484672726587883
(10.17);1.1963626670455252
(10.18);2.1650503533149106
(10.19);1.9802488372960538
(10.20);3.038288667553676
(10.21);2.1686467045226427
(10.22);1.8525139797866617
(10.23);1.5924257187921786
(10.24);1.4591607613220845
(10.25);1.7243360041935267
(10.26);2.5327813373320787
(10.27);1.9192307190269704
(10.28);1.3508042511999485
(10.29);1.713161998734478
(10.30);2.233897737864265
(10.31);1.7201713922353283
(11.12);2.214640443919337
(11.13);0.7377342093403374
(11.14);0.8330635547776832
(11.15);0.7213006650403032
(11.16);1.0052329793922594
(11.17);1.4273957709620493
(11.18);3.7638212683893197
(11.19);3.5429081599591323
(11.21);3.5234545068830965
(11.22);2.540264433235812
(11.23);1.8770276710580607
(11.24);1.9213134984463631
(11.25);2.663776579074521
(11.26);3.833054336547184
(11.27);2.4491686425615105
(11.28);1.6204063885082653
(11.29);2.27607092135357
(11.30);3.235703460804858
(11.31);2.2041006375150163
(12.13);1.0859755199434258
(12.14);1.241028316451382
(12.15);0.9606210073889984
(12.16);1.3798762093491825
(12.17);2.695986378898726
(12.18);3.121747289083441
(12.19);2.2301549810858114
(12.20);2.2230275822902246
(12.21);1.5999182025087997
(12.22);1.3386504430967505
(12.23);1.1104926107407032
(12.24);1.2093414965860565
(12.25);1.7446974111703786
(12.26);3.2085669945021147
(12.27);3.3716465068217243
(12.28);1.975811228923633
(12.29);1.896306372467091
(12.30);2.497825607950808
(12.31);4.193534684078989
(13.14);3.7470395000417085
(13.15);2.0394490895673343
(13.16);1.5349519154924083
(13.17);1.6301186958938259
(13.18);0.9544289619818443
(13.19);0.8642118530671417
(13.20);0.8263821637119431
(13.21);0.7393940422779728
(13.22);0.6834370931391501
(13.23);0.61675406094369
(13.24);0.6795708749756926
(13.25);0.8496168779824637
(13.26);1.4436187891991819
(13.27);1.9442395021184813
(13.28);1.866985943828562
(13.29);1.1658913801672572
(13.30);1.2939364315847128
(13.31);1.497624559357581
(14.15);3.3398704203588316
(14.16);2.5669520116018414
(14.17);2.3021548203990454
(14.18);1.1381187464899647
(14.19);1.0280324605989934
(14.20);0.9472380460679167
(14.21);0.8455842174142639
(14.22);0.7736935035559088
(14.23);0.6856573616869854
(14.24);0.7763996150480693
(14.25);1.0077061885379246
(14.26);1.7590511873206809
(14.27);2.652040288293212
(14.28);2.6734704111809737
(14.29);1.4079730946495803
(14.30);1.559510314824735
(14.31);1.9313799771222282
(15.16);2.5306310084984265
(15.17);1.6182486590866922
(15.18);0.9741358254719287
(15.19);0.911581724428878
(15.20);0.8340978370943759
(15.21);0.7700508445831723
(15.22);0.7151904301721546
(15.23);0.6390639234948554
(15.24);0.734623665750078
(15.25);0.9311496196249858
(15.26);1.5835240753200974
(15.27);2.280498629259684
(15.28);2.947152761358438
(15.29);1.3738823004457998
(15.30);1.454210921635857
(15.31);1.5165941542559707
(16.17);3.0436179852869176
(16.18);1.509972261015904
(16.19);1.3950314831040311
(16.20);1.1880643691148602
(16.21);1.0742567172394075
(16.22);0.9689022966869366
(16.23);0.8311505215640993
(16.24);0.9970566390260647
(16.25);1.3922493898175272
(16.26);2.5595527378171177
(16.27);5.055029497289115
(16.28);7.518299028235504
(16.29);2.073014691956662
(16.30);2.2532077352446294
(16.31);2.708015330379949
(17.18);2.317845860431135
(17.19);1.9031920646761935
(17.20);1.6213752080128263
(17.21);1.3412693779208025
(17.22);1.1639160633589214
(17.23);0.9764082352036059
(17.24);1.135787202590242
(17.25);1.6739185946315605
(17.26);3.255610159898287
(17.27);6.762704472913432
(17.28);3.4199031387258274
(17.29);2.117508753080578
(17.30);2.5859631555451803
(17.31);7.052876529248518
(18.19);8.482300664406747
(18.20);4.9791829068732385
(18.21);3.0041101363288334
(18.22);2.20762745993961
(18.23);1.615115083671014
(18.24);1.957897428266844
(18.25);3.828834094166355
(18.26);8.293390846331391
(18.27);4.397228338229302
(18.28);2.364821973388349
(18.29);3.1540722974320934
(18.30);5.085249409069303
(18.31);4.3097782858472815
(19.20);6.042827856767726
(19.21);4.0715487059506765
(19.22);2.7529495450690615
(19.23);1.8603388412237205
(19.24);2.450164950862544
(19.25);6.44119656909246
(19.27);3.872735314764505
(19.28);2.2972796654819994
(19.29);3.8991027975262544
(19.30);7.40638251249664
(19.31);3.1894688785901604
(20.21);6.114292691799858
(20.22);3.611930369420894
(20.23);2.3470972370553334
(20.24);2.653187340096962
(20.25);4.2443117517588895
(20.26);5.353288811862009
(20.27);2.8631905858278266
(20.28);1.8835031773864608
(20.29);2.9947156182151717
(20.30);4.57163260970931
(20.31);2.501912012856147
(21.22);8.31604347344571
(21.23);3.4822006153796066
(21.24);4.499916771503503
(21.25);5.087991685238402
(21.26);4.611363599275135
(21.27);2.4393848497146853
(21.28);1.759265316366441
(21.29);3.388056364031781
(21.30);4.879530109279437
(21.31);1.952072581731101
(22.23);5.782510986868221
(22.24);6.6967532161960746
(22.25);3.6763278911735675
(22.26);3.5076459893987284
(22.27);2.0741670825605247
(22.28);1.590170247713601
(22.29);3.0938251309162124
(22.30);3.909408167663274
(22.31);1.6272583893355335
(23.24);4.346629506827362
(23.25);2.304052467243717
(23.26);2.4893278546453783
(23.27);1.670409670194395
(23.28);1.3465603028321476
(23.29);2.353079961938836
(23.30);2.708325352368549
(23.31);1.312928427965137
(24.25);3.794845984935517
(24.26);3.450708058681216
(24.27);2.068661407005275
(24.28);1.6688476002555919
(24.29);3.8270258095056167
(24.30);4.267953790625761
(24.31);1.552464163337322
(25.26);9.79275657379992
(25.27);3.412758620008757
(25.28);2.357515057402476
(25.29);6.273639975300687
(25.31);2.50594557746311
(26.27);6.938039796382011
(26.28);3.905740905976681
(26.29);7.146799474314144
(26.30);16.266970882644525
(26.31);5.18704191877205
(27.28);6.762501517884391
(27.29);4.216409368927473
(27.30);5.234690675482299
(27.31);9.463158545323058
(28.29);3.575002264309053
(28.30);3.611698408835
(28.31);3.5060286447561917
(29.30);11.856291049359525
(29.31);2.812246773094499
(30.31);3.722452247732446

****Importance nodes******

0; 0.05
1; 0.03928571428571429
2; 0.03793103448275863
3; 0.03793103448275863
4; 0.03928571428571429
5; 0.012590179564595586
6; 0.012996314389259961
7; 0.013415550337300606
8; 0.013848310025600623
9; 0.013462006884450189
10; 0.014729287990440975
11; 0.01571124052313704
12; 0.01571124052313704
13; 0.016218054733560815
14; 0.01674121778948213
15; 0.017281257073013815
16; 0.0178387169785949
17; 0.01841415946177538
18; 0.01900816460570362
19; 0.01901100776332524
20; 0.020385367820756797
21; 0.020892182031180574
22; 0.021566123387025106
23; 0.02226180478660656
24; 0.022979927521658384
25; 0.022694514893951565
26; 0.03793103448275863
27; 0.03666666666666667
28; 0.03666666666666667
29; 0.03666666666666667
30; 0.03793103448275863
31; 0.02445329663183935
