
****Importance edges******

(0.5);5.010586160616398
(0.6);3.8959443844717017
(0.7);3.3998587406148273
(0.8);4.088610612430804
(0.9);3.0713059260870432
(0.10);2.9212095211719893
(0.11);3.7572368223870365
(0.12);6.142175865233506
(0.13);2.4323762622758838
(0.14);3.142250966224598
(0.15);2.543624097353396
(0.16);4.635909525243139
(0.17);9.737500571159067
(0.18);7.7555041404375595
(0.19);5.939504527988
(0.20);4.312245615411794
(0.21);3.360834773672717
(0.22);2.7710013728449123
(0.23);2.197898035290558
(0.24);2.6418250070178018
(0.25);4.515788184661744
(0.31);35.71513494403654
(1.3);4.292877922398208
(1.4);5.237992989873139
(1.5);4.485430380979787
(1.6);5.98333960388628
(1.7);7.544100555787213
(1.8);5.240893402971299
(1.9);4.582118898881116
(1.10);3.6742769318432296
(1.11);3.023642704254526
(1.12);5.221950748319049
(1.13);1.7155314871730218
(1.14);1.761767368877215
(1.15);1.3805564053006485
(1.16);1.7021137266294757
(1.17);2.680196087675421
(1.18);2.9949016983317
(1.19);2.5338798951587957
(1.20);2.804486869750139
(1.21);2.156347471670554
(1.22);1.8963203931285186
(1.23);1.672529915214311
(1.24);1.666999262066936
(1.25);2.1264935277974377
(1.26);3.0162029295602566
(1.27);3.043977564720387
(1.28);2.224202645767147
(1.29);2.125976778635508
(1.30);2.577231789026786
(1.31);3.239523420606508
(2.3);6.624088799231963
(2.4);7.849977034330282
(2.5);5.421018102805617
(2.6);9.293457255136811
(2.7);3.8363207788764466
(2.8);3.337821098140368
(2.9);2.8560323593957153
(2.10);2.4810308628372604
(2.11);2.2688305982287456
(2.12);4.376792787361509
(2.13);2.1338777396839514
(2.14);2.089135457513456
(2.15);1.5500297236004765
(2.16);1.8302403634698456
(2.17);2.9263143920800796
(2.18);2.5289857753124494
(2.19);2.1630706399290225
(2.20);2.2400191676856456
(2.21);1.7964111139926804
(2.22);1.600985902473322
(2.23);1.4220247753077195
(2.24);1.4559667755081935
(2.25);1.8655835775202236
(2.26);2.7055342807257423
(2.27);3.0379492081541946
(2.28);2.294517994739084
(2.29);1.9672998498754901
(2.30);2.323174132550698
(2.31);3.189320239702966
(3.5);4.37425198243572
(3.6);4.640931040765504
(3.7);2.2044543626291526
(3.8);2.164567083468514
(3.9);1.8489492114127788
(3.10);1.6971669541835335
(3.11);1.707712658080189
(3.12);3.0628662957976007
(3.13);4.042293500735218
(3.14);3.484611113284786
(3.15);2.1755825444694414
(3.16);2.331353681982786
(3.17);3.5605926127839074
(3.18);2.131644979291182
(3.19);1.8675676105092118
(3.20);1.7956505836786985
(3.21);1.506036270561536
(3.22);1.3567782602857037
(3.23);1.2036674421298104
(3.24);1.2863106360681336
(3.25);1.6719051119978166
(3.26);2.492480139388567
(3.27);3.2719711421913544
(3.28);2.6769889620232536
(3.29);1.8975118906246655
(3.30);2.1604635712877633
(3.31);3.1868238311482613
(4.5);8.173134284160147
(4.6);7.52562159308359
(4.7);2.726434983746923
(4.8);2.734005647282061
(4.9);2.208803517315152
(4.10);2.0017298569609885
(4.11);2.0598946574748362
(4.12);4.40999181888628
(4.13);3.2582854180187333
(4.14);3.3966122335755156
(4.15);2.1670053902461284
(4.16);2.644168541970012
(4.17);4.983333600092429
(4.18);2.6833681080047365
(4.19);2.271972978558762
(4.20);2.153143021811478
(4.21);1.7528405261161455
(4.22);1.5507820465576394
(4.23);1.349404254353748
(4.24);1.4569037443418784
(4.25);1.9662200741054363
(4.26);3.0153629254578873
(4.27);4.081192217497478
(4.28);3.0176356735091967
(4.29);2.174370572376945
(4.30);2.5407973593131588
(4.31);4.365286069451554
(5.6);6.304707396688554
(5.7);1.858897953062803
(5.8);1.9450361626037211
(5.9);1.4279651409105316
(5.10);1.2706660901546092
(5.11);1.3388019949532617
(5.12);4.481976332157184
(5.13);1.2226108492163885
(5.14);1.3742191757927398
(5.15);0.981540490626746
(5.16);1.3202717915553022
(5.17);2.8961200993178005
(5.18);1.93771114867528
(5.19);1.5580429007162742
(5.20);1.4987296813337103
(5.21);1.1535094856549712
(5.22);1.0029616938649004
(5.23);0.8598963467696776
(5.24);0.9374979051321186
(5.25);1.3281070378930708
(5.26);2.3466026761471244
(5.27);2.989561044031599
(5.28);1.98598689351007
(5.29);1.561816866298086
(5.30);1.9042943868567517
(5.31);3.3744698730286804
(6.7);2.029395039801536
(6.8);1.9422335792858274
(6.9);1.497451590845702
(6.10);1.3104003298022524
(6.11);1.2918598797081418
(6.12);3.510519614975508
(6.13);1.186474017975302
(6.14);1.251264129100726
(6.15);0.9084403355760287
(6.16);1.1444897922066375
(6.17);2.1414479828283985
(6.18);1.6909727774307695
(6.19);1.4004238717933761
(6.20);1.4102274098476735
(6.21);1.0973916941415167
(6.22);0.9661500043660766
(6.23);0.8430394399443868
(6.24);0.8958001188391349
(6.25);1.217844676600212
(6.26);2.0638900175671284
(6.27);2.4472692683702117
(6.28);1.7468401840384447
(6.29);1.427006590707938
(6.30);1.7183835034200992
(6.31);2.5163009939635668
(7.8);6.718023282215482
(7.9);5.251827109191835
(7.10);3.3758077695485484
(7.11);2.486652238063722
(7.12);3.0855585866997197
(7.13);0.793014928278573
(7.14);0.8567746810660528
(7.15);0.7009228834145717
(7.16);0.9046685223926352
(7.17);1.436610696752121
(7.18);2.1955282075102245
(7.19);1.8320615917062832
(7.20);2.2461169667928185
(7.21);1.5765372867061178
(7.22);1.3483824840373648
(7.23);1.1597059125033824
(7.24);1.1540445942287605
(7.25);1.5203938216841788
(7.26);2.3734245659464803
(7.27);2.126228636202833
(7.28);1.5133959068480256
(7.29);1.5820755695907227
(7.30);1.9964336193546168
(7.31);2.058138794802287
(8.9);4.806961930326054
(8.10);3.546754714047479
(8.11);3.5000803698567897
(8.12);3.7970652546221015
(8.13);0.8099705796715448
(8.14);0.8993418849813689
(8.15);0.740702665837055
(8.16);0.9942681636527464
(8.17);1.6133447007054378
(8.18);3.036566638723804
(8.19);2.378475566795381
(8.20);2.9670680536822185
(8.21);1.888489919296062
(8.22);1.5479691694003237
(8.23);1.2753684615642127
(8.24);1.3095667617745015
(8.25);1.836796096955287
(8.26);2.9245683382981573
(8.27);2.4699802291010995
(8.28);1.6714390927365712
(8.29);1.816274048291512
(8.30);2.3778466564054876
(8.31);2.4720309941264818
(9.10);9.328718690613893
(9.11);3.43334170779312
(9.12);2.2263877007711836
(9.13);0.7203269661489047
(9.14);0.7818674253102744
(9.15);0.6597901912078457
(9.16);0.850205479366099
(9.17);1.2651536733127964
(9.18);2.216243774945488
(9.19);1.971829513972874
(9.20);2.7520817575651506
(9.21);1.9038417539167183
(9.22);1.623940376080485
(9.23);1.3968394661269032
(9.24);1.3248625181411737
(9.25);1.6663610893872005
(9.26);2.434060316841274
(9.27);1.9841752041928065
(9.28);1.447436960466872
(9.29);1.6571491339031728
(9.30);2.1045356746122392
(9.31);1.8244591412411404
(10.11);4.025511005808658
(10.12);1.9223450339628865
(10.13);0.6870538004375306
(10.14);0.7487435408749827
(10.15);0.641773153481496
(10.16);0.8274556226871274
(10.17);1.192369919696404
(10.18);2.1982466402781844
(10.19);2.0500090116013836
(10.20);3.096534578006038
(10.21);2.167900523370252
(10.22);1.8515954898573275
(10.23);1.5909809779480097
(10.24);1.457851542035095
(10.25);1.7700702080583441
(10.26);2.476427806894403
(10.27);1.9226920814796353
(10.28);1.4222961437943527
(10.29);1.7162517130449901
(10.30);2.1841942667000334
(10.31);1.7201147910267298
(11.12);2.1513451201582683
(11.13);0.7169445395962954
(11.14);0.8099204977851365
(11.15);0.7015505201258546
(11.16);0.9565029513520807
(11.17);1.3884760829816247
(11.18);3.7310208359006825
(11.19);3.5805333100567323
(11.21);3.4433549993921746
(11.22);2.4831689688372496
(11.23);1.8348427678078314
(11.24);1.878921146114786
(11.25);2.6757566552542857
(11.26);3.6907477273729903
(11.27);2.415166756155467
(11.29);2.2444721561337837
(11.30);3.1155741990279093
(11.31);2.1590387396038535
(12.13);1.0823026302086214
(12.14);1.236831020950344
(12.15);0.9573720805280499
(12.16);1.3455504968474665
(12.17);2.685030514312324
(12.18);3.1657352833150725
(12.19);2.30469449737927
(12.20);2.2627567255285586
(12.21);1.5981557852557808
(12.22);1.3369963986745672
(12.23);1.108690432961146
(12.24);1.2074067690240757
(12.25);1.7885136041867824
(12.26);3.136805627098027
(12.27);3.375806762234977
(12.28);2.0773627900221663
(12.29);1.898646214094996
(12.30);2.441960362976763
(12.31);4.1904698779008065
(13.14);3.7343665965895876
(13.15);2.032551446399357
(13.16);1.497259518308491
(13.17);1.6235105321004235
(13.18);0.9676377190571542
(13.19);0.8926392159791733
(13.20);0.8409077774333377
(13.21);0.738556521426884
(13.22);0.6825729567455685
(13.23);0.6157388626444183
(13.24);0.6784680242960304
(13.25);0.8706387583662037
(13.26);1.4115879587862028
(13.27);1.9465524809988628
(13.28);1.9619640515136358
(13.29);1.167278391456868
(13.30);1.2652267343188186
(13.31);1.4964805556814855
(14.15);3.3285746079236183
(14.16);2.5047400456168796
(14.17);2.292845372681795
(14.18);1.1535828338895373
(14.19);1.061302825297582
(14.20);0.9636082229495085
(14.21);0.8445999720791766
(14.22);0.7726928707032703
(14.23);0.6845127795066968
(14.24);0.7751216347011772
(14.25);1.032263651203735
(14.26);1.720338130863726
(14.27);2.6550765405392975
(14.28);2.8080555083499608
(14.29);1.4095850465833153
(14.30);1.5251887377733178
(14.31);1.929840416389191
(15.16);2.470110795571652
(15.17);1.6117209891656006
(15.18);0.9871258098752516
(15.19);0.9405985069400719
(15.20);0.8482656068461315
(15.21);0.7691303547083927
(15.22);0.7142446931641713
(15.23);0.6379821720135198
(15.24);0.733397343093865
(15.25);0.9534923332403139
(15.26);1.5489624944467215
(15.27);2.283006168075673
(15.28);3.0939303488909795
(15.29);1.3753929626986803
(15.30);1.4224716957166652
(15.31);1.5153345027026934
(16.17);2.9708296538712595
(16.18);1.5001745504644772
(16.19);1.4113943862575211
(16.20);1.1854781721456173
(16.21);1.0529375735138966
(16.22);0.9498617117196856
(16.23);0.8147777461191905
(16.24);0.9777545459868929
(16.25);1.4003627031199604
(16.26);2.471064823696524
(16.27);4.99347705324906
(16.29);2.047772678850843
(16.30);2.175310667672494
(16.31);2.659500932168912
(17.18);2.3461402593574285
(17.19);1.9605613953810679
(17.20);1.6469791277989234
(17.21);1.3387877633319325
(17.22);1.1616318130268235
(17.23);0.9741511239993367
(17.24);1.133199699744942
(17.25);1.7118737422616181
(17.26);3.1844173019187902
(17.27);6.766661036862026
(17.28);3.5850398162704895
(17.29);2.118747615258694
(17.30);2.5294139685630714
(17.31);7.042715755090742
(18.20);5.135990337220824
(18.21);3.04590968806181
(18.22);2.2375221843936455
(18.23);1.6360084466603677
(18.24);1.9827791270279156
(18.25);3.97206354675525
(18.26);8.205381257443323
(18.27);4.449365619192768
(18.28);2.504464237837868
(18.29);3.1914696625224224
(18.30);5.031284665555081
(18.31);4.36591909383813
(19.20);6.336088088557753
(19.22);2.835771298835512
(19.23);1.9146616875042148
(19.24);2.5204714747618517
(19.25);6.785813861719586
(19.26);12.075532149265477
(19.27);3.9653454871429084
(19.28);2.460625241837476
(19.29);3.9923435054112906
(19.30);7.415106655333912
(19.31);3.2802752359658727
(20.21);6.219619218944801
(20.23);2.385058053260343
(20.24);2.695371351968217
(20.25);4.413365368642616
(20.26);5.312130644214664
(20.27);2.90414246813475
(20.28);1.9971850671786973
(20.29);3.037548687779905
(20.30);4.53648411912992
(20.31);2.542199683994991
(21.22);8.319939803134902
(21.23);3.4825498626059743
(21.24);4.500332619379903
(21.25);5.208281472494736
(21.26);4.522482049075506
(21.27);2.4449190072577034
(21.28);1.843563852622637
(21.29);3.3957427435242864
(21.30);4.785479794004647
(21.31);1.9536481414688005
(22.23);5.782324840353929
(22.24);6.696499952582905
(22.25);3.7614431480056267
(22.26);3.440465474612474
(22.27);2.0786138077716476
(22.28);1.6653277231206054
(22.29);3.1004578609041293
(22.30);3.8345328655355844
(22.31);1.6283496175524685
(23.24);4.344972238736243
(23.25);2.355773268079502
(23.26);2.441558100783101
(23.27);1.6735073090063646
(23.28);1.409096832704304
(23.29);2.357443557257894
(23.30);2.6563530759083873
(23.31);1.3133583045658914
(24.25);3.8786696566885923
(24.26);3.3852547768670167
(24.27);2.072441889230327
(24.28);1.745410914276113
(24.29);3.83401970565443
(24.30);4.186998932238069
(24.31);1.5529558112844954
(25.26);9.771928181079565
(25.27);3.4780356562052814
(25.28);2.506956999728397
(25.29);6.393638096864472
(25.30);15.511837328634451
(25.31);2.5612989594844637
(26.27);6.842351802305964
(26.28);3.989440663553773
(26.29);7.048232310413256
(26.30);15.775243218079266
(26.31);5.0936834274769325
(27.28);7.026514931273258
(27.29);4.229951627983288
(27.30);5.162494916298749
(27.31);9.485074508717021
(28.29);3.7145731831734734
(28.30);3.689096856028072
(28.31);3.6648674812772803
(29.30);11.692771562445278
(29.31);2.8187597250902563
(30.31);3.655454037344223

****Importance nodes******

0; 0.05
1; 0.03793103448275863
2; 0.03793103448275863
3; 0.03793103448275863
4; 0.03793103448275863
5; 0.012505694157529536
6; 0.0129091036464821
7; 0.013325526344755716
8; 0.013755382033296223
9; 0.014199104034370295
10; 0.01465713964838224
11; 0.014818715671121288
12; 0.01560797369094687
13; 0.016111456713235477
14; 0.016631181123339847
15; 0.017167670836995972
16; 0.01700265841660523
17; 0.01826993952259601
18; 0.01948793549076908
19; 0.020159933266312838
20; 0.021016110958932167
21; 0.020838070372425785
22; 0.021504133461752666
23; 0.022182072524944023
24; 0.02289762325155512
25; 0.0236362562596698
26; 0.03666666666666667
27; 0.03666666666666667
28; 0.03928571428571429
29; 0.03666666666666667
30; 0.03666666666666667
31; 0.02439871613901399
