
****Importance edges******

(0.5);5.035299860544877
(0.6);3.941523759992095
(0.7);3.4170156068436954
(0.8);4.109046215120535
(0.9);3.086506223045955
(0.10);2.9355211378088226
(0.11);3.7935817566301417
(0.12);6.172582754993568
(0.13);2.4442990831099216
(0.14);3.1574975648068295
(0.15);2.5292634461680183
(0.16);4.706337063395997
(0.17);9.783243267581051
(0.18);7.721038662225782
(0.19);5.8549734113173875
(0.20);4.274439518385496
(0.21);3.370422068068656
(0.22);2.7788882887377677
(0.23);2.2044329211023808
(0.24);2.6494473239322436
(0.25);4.498365644229442
(0.31);35.804197403494754
(1.2);10.806082735350056
(1.3);4.178624585451135
(1.4);5.098585769631465
(1.5);4.392163751393484
(1.6);5.910248155846747
(1.7);7.391401441080106
(1.8);5.135603975056501
(1.9);4.490765961602174
(1.10);3.6015943742816527
(1.11);2.981797135810401
(1.12);5.121270095652062
(1.13);1.6827404436271787
(1.14);1.7283888917402737
(1.15);1.3370527943506045
(1.16);1.6916051249805433
(1.17);2.6307737425285804
(1.18);2.9080133473582084
(1.19);2.43113245587664
(1.20);2.710302528956464
(1.21);2.1139697279964773
(1.22);1.8595164640083894
(1.23);1.6407441746473141
(1.24);1.6355738094924455
(1.25);2.069809685450562
(1.26);3.0371667093658674
(1.27);3.01318295868698
(1.28);2.1270237588520655
(1.29);2.140753141532833
(1.30);2.595144549207366
(1.31);3.178635294831761
(2.3);6.447791158528687
(2.4);7.641052837709037
(2.5);5.308297573351188
(2.6);9.179929978892915
(2.7);3.7586703310417424
(2.8);3.270764349055203
(2.9);2.799092120446828
(2.10);2.431952453167754
(2.11);2.2374312182845753
(2.12);4.2924070136041514
(2.13);2.093090334493979
(2.14);2.0495546585178275
(2.15);1.5011857286737826
(2.16);1.8189407266708477
(2.17);2.8723536686245863
(2.18);2.455614617997095
(2.19);2.075359312464864
(2.20);2.164791598981619
(2.21);1.7611070404506428
(2.22);1.5699138474079093
(2.23);1.3949997815084418
(2.24);1.4285196038777541
(2.25);1.815854554595518
(2.26);2.7243387929691987
(2.27);3.0072155883999363
(2.28);2.194266920422759
(2.29);1.9809733465955575
(2.30);2.339321093515285
(2.31);3.1293757025973736
(3.4);13.96759155571784
(3.5);4.283297111952619
(3.6);4.58423822496731
(3.7);2.1598343012849988
(3.8);2.121080980550948
(3.9);1.8120870205640462
(3.10);1.6635945160883001
(3.11);1.684078844860114
(3.12);3.003813387688139
(3.13);3.965028219859426
(3.14);3.418591606719607
(3.15);2.1070263476773996
(3.16);2.316960244715088
(3.17);3.4949359103338566
(3.18);2.069801508029769
(3.19);1.7918387687307462
(3.20);1.7353464444995323
(3.21);1.4764388054608513
(3.22);1.3304458055463937
(3.23);1.1807922393029742
(3.24);1.2620617387772606
(3.25);1.6273387850616703
(3.26);2.5098038427441685
(3.27);3.238870023627192
(3.28);2.5600271338784744
(3.29);1.9107003339696838
(3.30);2.175479630765274
(3.31);3.126926215030213
(4.5);8.003188342947395
(4.6);7.433689893388861
(4.7);2.671249583546328
(4.8);2.679079536715692
(4.9);2.164766971421926
(4.10);1.962132720367828
(4.11);2.031386837170617
(4.12);4.324965958631956
(4.13);3.196005838876119
(4.14);3.3322599554119634
(4.15);2.098719473740322
(4.16);2.6278438314260084
(4.17);4.891441803705536
(4.18);2.6055179969011677
(4.19);2.1798457210233226
(4.20);2.0808330536917543
(4.21);1.7183927260778074
(4.22);1.5206843517118254
(4.23);1.3237593835752222
(4.24);1.429438909434486
(4.25);1.913808483266834
(4.26);3.036320866909299
(4.27);4.039904558895439
(4.28);2.885790458584672
(4.29);2.189483290904062
(4.30);2.5584568860808363
(4.31);4.283238788808725
(5.6);6.391344949068398
(5.7);1.8540634961190547
(5.8);1.9399936903954214
(5.9);1.424274899005462
(5.10);1.2673927701558532
(5.11);1.350574384020342
(5.12);4.4721001604
(5.13);1.2199328665643496
(5.14);1.3712271125117865
(5.15);0.956204150131305
(5.16);1.3485106726215352
(5.17);2.8899055862634353
(5.18);1.8955849963786662
(5.19);1.4919705907939234
(5.20);1.4536025129694174
(5.21);1.1471210756832637
(5.22);0.9975583340425763
(5.23);0.8556293788406194
(5.24);0.9328263595476524
(5.25);1.3034556640969723
(5.26);2.4176502364194596
(5.27);3.002670513601633
(5.28);1.8938255424671766
(5.29);1.609103643506085
(5.30);1.9619502787560212
(5.31);3.356071169083387
(6.8);1.9684272677009427
(6.9);1.5172647929910277
(6.10);1.3274048343502598
(6.11);1.3229805587713779
(6.12);3.5555429847586257
(6.13);1.2013968976547402
(6.14);1.2666929650486016
(6.15);0.8982233633139136
(6.16);1.1850030920011323
(6.17);2.1662869355694294
(6.18);1.6769918493316203
(6.19);1.359872195050169
(6.20);1.3860484588665656
(6.21);1.1052943208220645
(6.22);0.9730133175177855
(6.23);0.8491791118399532
(6.24);0.9020864065377646
(6.25);1.2097418170665506
(6.26);2.1436745857313535
(6.27);2.4790259344424665
(6.28);1.6807169171312215
(6.29);1.4821709180887852
(6.30);1.7848116970708985
(6.31);2.5315759748781983
(7.8);6.703928937212221
(7.9);5.240808828953007
(7.10);3.3687253589390664
(7.11);2.5088763803194714
(7.12);3.080153549121161
(7.13);0.7916297972401527
(7.14);0.8552825023439751
(7.15);0.6835754772112086
(7.16);0.9238311882760842
(7.17);1.4341202455523965
(7.18);2.1497434104819906
(7.19);1.7568874534995833
(7.20);2.1808371549771883
(7.21);1.5685354582878066
(7.22);1.3417253361276482
(7.23);1.154452055643407
(7.24);1.1487830742953131
(7.25);1.4932627173089625
(7.26);2.4446406247756696
(7.27);2.135878574293138
(7.28);1.4445839875521347
(7.29);1.6295467167477697
(7.30);2.056337833764663
(7.31);2.0477756653835613
(8.9);4.796876972739956
(8.10);3.5393136584747693
(8.11);3.530780847040175
(8.12);3.7903946082263107
(8.13);0.8085517372488076
(8.14);0.8977710364202413
(8.15);0.7226039618447943
(8.16);1.0150052450718734
(8.17);1.6105399787708843
(8.18);2.9739795466518024
(8.19);2.2820543856060227
(8.20);2.8818240327801967
(8.21);1.8789746254927555
(8.22);1.5403802140734666
(8.23);1.2696277198845016
(8.24);1.3036339849896588
(8.25);1.8043513687174302
(8.26);3.01152138418173
(8.27);2.4810505469959105
(8.28);1.5960286623997433
(8.29);1.8702753716971179
(8.30);2.4485446143608294
(8.31);2.459665639998678
(9.10);9.309147133008258
(9.11);3.4628861497205676
(9.12);2.222465096646521
(9.13);0.7190615029139279
(9.14);0.7804978117714265
(9.15);0.6438770226282411
(9.16);0.8676603587985289
(9.17);1.2629480484148425
(9.18);2.1711049081268605
(9.19);1.8928722767567778
(9.20);2.673937825186072
(9.21);1.8943200087645409
(9.22);1.6160355724256783
(9.23);1.3905928971294892
(9.24);1.3188989917509633
(9.25);1.6372310800315513
(9.26);2.5057537622789514
(9.27);1.992954279849643
(9.28);1.382649433732159
(9.29);1.7059592353585709
(9.30);2.166523215559975
(9.31);1.8153939193672588
(10.11);4.059481634384549
(10.12);1.9189483345248768
(10.13);0.6858433014437895
(10.14);0.7474281556847416
(10.15);0.6264979255742777
(10.16);0.8441725579619385
(10.17);1.1902853014486943
(10.18);2.154013053988153
(10.19);1.96894458584264
(10.20);3.009655601722789
(10.21);2.1571393533486654
(10.22);1.842647494303792
(10.23);1.5839131811351326
(10.24);1.4513321312752032
(10.25);1.7394529342753022
(10.26);2.5486718285381693
(10.27);1.931087202466824
(10.28);1.3591491510997145
(10.29);1.7663193651518623
(10.30);2.2479130544790933
(10.31);1.7116259379308092
(11.12);2.169499969545091
(11.13);0.7228792388827574
(11.14);0.8164945492937212
(11.15);0.6917413360704191
(11.16);0.9850543269860846
(11.17);1.39907897542161
(11.18);3.690038517336914
(11.19);3.4713582285140094
(11.20);8.086249405982672
(11.21);3.4563000790660126
(11.22);2.492431617725349
(11.23);1.8421119591990434
(11.24);1.8860101634105084
(11.25);2.6512551898274572
(11.26);3.8203186891811063
(11.27);2.4402325155133653
(11.28);1.6144941139895974
(11.29);2.323268767959862
(11.30);3.224952562268123
(11.31);2.165507491668188
(12.13);1.0807267013035566
(12.14);1.2350300849623932
(12.15);0.9354805304279837
(12.16);1.3722728786259544
(12.17);2.6811039762664444
(12.18);3.104483295003923
(12.19);2.2164986459660865
(12.20);2.2014148840508803
(12.21);1.5907815645348147
(12.22);1.3309898555446549
(12.23);1.1041245023961828
(12.24);1.2023922640873104
(12.25);1.7586925373384223
(12.26);3.227131646020767
(12.27);3.3907967358239572
(12.28);1.9870334129285445
(12.29);1.9533187613451075
(12.30);2.5122779357486786
(12.31);4.171121662011413
(13.14);3.7289290266369584
(13.15);1.9867329082425038
(13.16);1.5265095551926466
(13.17);1.6211364904763965
(13.18);0.9491603166328544
(13.19);0.8589359000739009
(13.20);0.8184038584224511
(13.21);0.7351804516607754
(13.22);0.6795341952983647
(13.23);0.6132246119330583
(13.24);0.6756738828500636
(13.25);0.8562898489100902
(13.26);1.4518280308006717
(13.27);1.9550864821462761
(13.28);1.8774019235588453
(13.29);1.2005539420456868
(13.30);1.3012944937430346
(13.31);1.4896298070931067
(14.15);3.254619897521988
(14.16);2.5528594627385566
(14.17);2.2894927817622146
(14.18);1.1318475366718384
(14.19);1.021775524024657
(14.20);0.9381572907981606
(14.21);0.8407756531238488
(14.22);0.7692844503302078
(14.23);0.6817417845792884
(14.24);0.7719565752260155
(14.25);1.0154511973176887
(14.26);1.768877082532689
(14.27);2.6665656188147406
(14.28);2.688113115340993
(14.29);1.449356170190887
(14.30);1.5682215934083066
(14.31);1.9210821002741243
(15.16);2.4660364016937595
(15.17);1.5774492923582832
(15.18);0.9498805086431369
(15.19);0.8883679381284726
(15.20);0.8105693101479764
(15.21);0.7514799849720074
(15.22);0.6981627876068757
(15.23);0.6240447988678839
(15.24);0.7175831931835583
(15.25);0.921750889501215
(15.26);1.572017311309248
(15.27);2.2629945434969088
(15.28);2.9245317371539357
(15.30);1.4436438187050844
(15.31);1.482935425782981
(16.17);3.025032718254294
(16.18);1.5007519062215455
(16.19);1.3857332228521713
(16.20);1.1761312223369886
(16.21);1.0675438707591631
(16.22);0.9628457753923755
(16.23);0.8259533495726148
(16.24);0.9908199968100381
(16.25);1.4016979534979281
(16.26);2.572283106944474
(16.27);5.079560508630526
(16.28);7.554783776510201
(16.29);2.131652321767403
(16.30);2.264414445607136
(16.31);2.6921574647258937
(17.18);2.3036923810967322
(17.19);1.8905231343666746
(17.20);1.6051844978222458
(17.21);1.33289081356297
(17.22);1.1566429509605212
(17.23);0.9703047949610587
(17.24);1.1286851419111725
(17.25);1.6849766184033814
(17.26);3.271434091352292
(17.27);6.794748199516553
(17.28);3.4361076677904068
(17.29);2.1766441148753146
(17.30);2.59853225986239
(17.31);7.011551885366953
(18.19);8.425909686860109
(18.20);4.929753109437369
(18.21);2.9853505146747823
(18.22);2.193836979775293
(18.23);1.6050225057698284
(18.24);1.9456587871702007
(18.25);3.853434343625443
(18.26);8.332752132913553
(18.27);4.417554954727951
(18.28);2.375753593409701
(18.29);3.2410103568787525
(18.30);5.109384526181346
(18.31);4.2845116184341645
(19.20);5.97968124444855
(19.21);4.044021653892833
(19.22);2.7343551652207623
(19.23);1.8477855006838957
(19.24);2.433647347568091
(19.25);6.47939455060935
(19.27);3.8892025967527095
(19.28);2.3070479426769412
(19.29);4.005127540179202
(19.30);7.438850849980756
(19.31);3.169258649797865
(20.21);6.053843005509105
(20.22);3.5764246087943206
(20.23);2.3241574141926775
(20.24);2.6274054079434315
(20.25);4.255051421305438
(20.26);5.363506553138982
(20.27);2.868130387932343
(20.28);1.8867527455449933
(20.29);3.066926132573459
(20.30);4.580358415631807
(20.31);2.478826642087149
(21.22);8.263065948117653
(21.23);3.4600171850154307
(21.24);4.471249959515602
(21.25);5.117281691443985
(21.26);4.631214028131932
(21.27);2.4495705428077303
(21.28);1.7666111587347917
(21.29);3.477385041904524
(21.30);4.900534908229594
(21.31);1.94037089580439
(22.23);5.745673382153339
(22.24);6.654091412628113
(22.25);3.696812523089865
(22.26);3.522321122799774
(22.27);2.0825746470180966
(22.28);1.5966159477580064
(22.29);3.174224038694448
(22.30);3.9257641758103303
(22.31);1.6174948388883261
(23.24);4.318939214499657
(23.25);2.3164649273007867
(23.26);2.49943894191613
(23.27);1.676975056342887
(23.28);1.3518528298798953
(23.29);2.4133303354484115
(23.30);2.7193259579915834
(23.31);1.3050436128430216
(24.25);3.81458816616191
(24.26);3.4642996395741075
(24.27);2.0765355297513173
(24.28);1.6751998775322652
(24.29);3.9235431185805942
(24.30);4.2847643229008625
(24.31);1.5431322331389576
(25.26);9.917184965885223
(25.27);3.4563049980146303
(25.28);2.38759665802969
(25.29);6.488677611681997
(25.31);2.518982425843821
(26.27);7.008700331294246
(26.28);3.945518962855056
(26.29);7.341951990742959
(26.30);16.43264200845283
(26.31);5.207627333638486
(27.28);6.831374281463478
(27.29);4.332788525491171
(27.30);5.288003434429366
(27.31);9.49949742680779
(28.29);3.6736776328109095
(28.30);3.648481786993631
(28.31);3.5194919254138783
(29.30);12.180042267245344
(29.31);2.8818143884160343
(30.31);3.7372252580608865

****Importance nodes******

0; 0.05
1; 0.03666666666666667
2; 0.03666666666666667
3; 0.03666666666666667
4; 0.03666666666666667
5; 0.01238042269187987
6; 0.01320578420467186
7; 0.01320578420467186
8; 0.013631777243532242
9; 0.014071511993323606
10; 0.014525431735043722
11; 0.01499399404907739
12; 0.015477671276466983
13; 0.015976950995062692
14; 0.016492336511032456
15; 0.016327457795675997
16; 0.01755103955318434
17; 0.018117202119416094
18; 0.018701627994235963
19; 0.018684035377759742
20; 0.019907617135268084
21; 0.020549798333179953
22; 0.021212695053605114
23; 0.02189697553920528
24; 0.02260332958885706
25; 0.022845850412022244
26; 0.03793103448275863
27; 0.03666666666666667
28; 0.03666666666666667
29; 0.03793103448275863
30; 0.03793103448275863
31; 0.024069432169530586
