
****Importance edges******

(0.5);5.03335459251245
(0.6);3.9133805283879766
(0.7);3.4148370174035447
(0.8);4.106332122151298
(0.9);3.084395415780806
(0.10);2.933443763605455
(0.11);3.7908053393014893
(0.12);6.167913232900655
(0.13);2.4423887866271046
(0.14);3.154949521046953
(0.15);2.5537093084623828
(0.16);4.70385867257708
(0.17);9.777907344843733
(0.18);7.716680109765378
(0.19);5.904450132532571
(0.20);4.273083705849239
(0.21);3.369307934930248
(0.22);2.756123241954517
(0.23);2.2030913278451894
(0.24);2.647783324455735
(0.25);4.495286108642198
(0.31);35.78024944326679
(1.2);10.808975272185085
(1.3);4.179743105994535
(1.4);5.1878807241366625
(1.5);4.389686064774189
(1.6);5.856342707434829
(1.7);7.384900056433137
(1.8);5.130948210599534
(1.9);4.486571856752161
(1.10);3.5981307096116733
(1.11);2.978845602727466
(1.12);5.116054722099663
(1.13);1.6809781600311329
(1.14);1.7265282331068657
(1.15);1.353137046633779
(1.16);1.6903838890240672
(1.17);2.628818274812007
(1.18);2.905789001858007
(1.19);2.456468480554986
(1.20);2.709069256458637
(1.21);2.1129762228112834
(1.22);1.8406591426158316
(1.23);1.639418304965734
(1.24);1.6342170053109144
(1.25);2.0679511245324322
(1.26);2.986488507047455
(1.27);3.0139895176327274
(1.28);2.1275931136055073
(1.29);2.1050325074017455
(1.30);2.595839209000804
(1.31);3.175855718940848
(2.3);6.4495170821485015
(2.4);7.774875724357141
(2.5);5.305303081657987
(2.6);9.096202827535876
(2.7);3.755364251433153
(2.8);3.2677991849815315
(2.9);2.7964779370450703
(2.10);2.4296136368226215
(2.11);2.2352164961016854
(2.12);4.2880357335121495
(2.13);2.0908983037648845
(2.14);2.047348256018808
(2.15);1.5192444396580547
(2.16);1.8176275621590443
(2.17);2.8702186333006514
(2.18);2.4537363132325276
(2.19);2.0969876505794507
(2.20);2.163806551034378
(2.21);1.7602793706154523
(2.22);1.5539933806886297
(2.23);1.3938724955215753
(2.24);1.4273345632756786
(2.25);1.8142240296579346
(2.26);2.678880441240189
(2.27);3.0080205500195487
(2.28);2.1948542746054587
(2.29);1.947918800153781
(2.30);2.339947275323963
(2.31);3.1266392020398257
(3.4);14.212215360998092
(3.5);4.2808808386665005
(3.6);4.542426881242349
(3.7);2.157934537934529
(3.8);2.1191580804426917
(3.9);1.8103946404608353
(3.10);1.6619946319948293
(3.11);1.682411858744533
(3.12);3.0007543791598064
(3.13);3.960875764728167
(3.14);3.4149113979323737
(3.15);2.132373097997606
(3.16);2.3152875404185673
(3.17);3.4923381064126473
(3.18);2.0682183125210973
(3.19);1.8105124000890218
(3.20);1.7345568075415403
(3.21);1.4757449215374343
(3.22);1.3169537797234616
(3.23);1.1798380523830825
(3.24);1.261014784714665
(3.25);1.6258775356107025
(3.26);2.467925223921603
(3.27);3.239736993747323
(3.28);2.560712393557192
(3.29);1.8788183639098344
(3.30);2.1760619560278096
(3.31);3.1241918564411373
(4.5);8.20504024893972
(4.6);7.5543991962606585
(4.7);2.7366397098351047
(4.8);2.7440136662459764
(4.9);2.2167044647916048
(4.10);2.008720429538684
(4.11);2.079106513078289
(4.12);4.425459037122345
(4.13);3.2694393584756596
(4.14);3.4079505075530334
(4.15);2.1740522941883182
(4.16);2.6872449386184996
(4.17);5.000726747267949
(4.18);2.663039504417535
(4.19);2.252370182040177
(4.20);2.1264027963390255
(4.21);1.7555682888153412
(4.23);1.3512768017948018
(4.24);1.4587545478934063
(4.25);1.9527605309951122
(4.26);3.0371336193345386
(4.27);4.110658118821917
(4.28);2.9363312436874147
(4.29);2.190069364620479
(4.30);2.602517008922813
(4.31);4.368683059579729
(5.6);6.265905085239797
(5.7);1.8474573686251992
(5.8);1.9330654406951857
(5.9);1.4191767317664874
(5.10);1.2628457777633555
(5.11);1.345717927660547
(5.12);4.455982750108691
(5.13);1.215526336274227
(5.14);1.366263004743329
(5.15);0.9758626390251692
(5.16);1.3446162792335796
(5.17);2.881565050968401
(5.18);1.8901176091146608
(5.19);1.5174034056520722
(5.20);1.4503142226692893
(5.21);1.1445367460472637
(5.22);0.9787240380177022
(5.23);0.8532674189358621
(5.24);0.9302541422836308
(5.25);1.2997281785965626
(5.26);2.3555631615510144
(5.27);3.0009766613286293
(5.28);1.8927572065690987
(5.29);1.5677806527440263
(5.30);1.9608845244954933
(5.31);3.346826158069037
(6.7);2.0169051313200885
(6.8);1.930280105871777
(6.9);1.4882355274582162
(6.10);1.3023354730975232
(6.11);1.2983205546125078
(6.12);3.490142448792575
(6.13);1.179592966526331
(6.14);1.2440135825164564
(6.15);0.9031808348898609
(6.16);1.1652134272966097
(6.17);2.13065441916636
(6.18);1.6498271433709644
(6.19);1.3642361271657475
(6.20);1.3651094698716697
(6.21);1.0888767805308674
(6.22);0.9430059367232515
(6.23);0.8365555272293197
(6.24);0.8888944093735516
(6.25);1.1920264107638905
(6.26);2.071603476822055
(6.27);2.4564155463340245
(6.28);1.6653876455537107
(6.29);1.4323397998907181
(6.30);1.7689473171254972
(6.31);2.4957428515186066
(7.8);6.6766772188195125
(7.9);5.219504747765051
(7.10);3.3550313661053117
(7.11);2.498677705297863
(7.12);3.067632611337794
(7.13);0.7884117929164617
(7.14);0.8518057474263159
(7.15);0.6968613316606425
(7.16);0.9207482681845056
(7.17);1.429348635829186
(7.18);2.142611953532876
(7.19);1.7851685995467963
(7.20);2.1749598471387865
(7.21);1.5643354100144726
(7.22);1.3163690244952486
(7.23);1.1508073807822845
(7.24);1.145168705315701
(7.25);1.4884192413570925
(7.26);2.382099299044546
(7.27);2.1339998821017594
(7.28);1.4433133494691142
(7.29);1.5878579666822845
(7.30);2.0545874353813884
(7.31);2.041369620624479
(8.9);4.777377490921174
(8.10);3.524926217911544
(8.11);3.51642809267015
(8.12);3.774986514341655
(8.13);0.8052649446148445
(8.14);0.8941215640444455
(8.15);0.7364069011807733
(8.16);1.0116079741099437
(8.17);1.6051654405198983
(8.18);2.9640845118627452
(8.19);2.318182768990733
(8.20);2.874007432782404
(8.21);1.873910830486621
(8.22);1.5115490052172775
(8.23);1.2656056064111323
(8.24);1.2995183337679643
(8.25);1.7984815504347222
(8.26);2.9350128979744623
(8.27);2.478801310682374
(8.28);1.5945817569228429
(8.29);1.8227605380881375
(8.30);2.4463953490413184
(8.31);2.451945048054738
(9.10);9.271305106560627
(9.11);3.448809389799327
(9.12);2.213430694056833
(9.13);0.7161384913832303
(9.14);0.7773250593792502
(9.15);0.6559603723073165
(9.16);0.8647475953331055
(9.17);1.2587209010654696
(9.18);2.163859706809638
(9.19);1.9223337191526628
(9.20);2.6666382837016966
(9.21);1.8891818942898542
(9.22);1.586083417195941
(9.23);1.386172321154051
(9.24);1.3147207894939927
(9.25);1.631889095265393
(9.26);2.442546606284941
(9.27);1.9910929806230875
(9.28);1.381358122462441
(9.29);1.6629267422493266
(9.30);2.164563109663755
(9.31);1.80967623363046
(10.11);4.042979691813747
(10.12);1.911147738767909
(10.13);0.6830553231272645
(10.14);0.7443898326642753
(10.15);0.6380446844169824
(10.16);0.8413301859406522
(10.17);1.1862894757729763
(10.18);2.146803469569293
(10.19);1.9990617755320947
(10.20);3.0013866168844077
(10.21);2.151250612014056
(10.22);1.8088338755014681
(10.23);1.578860564658988
(10.24);1.4467184704653868
(10.25);1.7337604692158888
(10.26);2.4848487372483476
(10.27);1.9292300698131315
(10.28);1.3578420530740423
(10.29);1.7220877144439222
(10.30);2.245817839492928
(10.31);1.7062166460742367
(11.12);2.1606808721505986
(11.13);0.7199407081145359
(11.14);0.8131754688358386
(11.15);0.7042577807077378
(11.16);0.9817276999112882
(11.17);1.3943682052149724
(11.18);3.6776509404811653
(11.19);3.523521414896364
(11.20);8.06388952064477
(11.21);3.4468039450451196
(11.22);2.447154879156016
(11.23);1.836215225103902
(11.24);1.8799938702580048
(11.25);2.642552779755141
(11.26);3.725360874370468
(11.27);2.4378170503856094
(11.28);1.612896006347594
(11.29);2.265521615595837
(11.30);3.221857225904137
(11.31);2.158640287232906
(12.13);1.0763335074020035
(12.14);1.230009642115051
(12.15);0.952091975536346
(12.16);1.3676247511240027
(12.17);2.672049619736605
(12.18);3.094030341546667
(12.19);2.2492062456126245
(12.20);2.1952884751832418
(12.21);1.5863827769641115
(12.22);1.30705891743037
(12.23);1.1005777746819896
(12.24);1.1985433191716814
(12.25);1.7529024791518681
(12.26);3.147525707973064
(12.27);3.387343633119494
(12.28);1.9850098677305825
(12.29);1.9051348663698937
(12.30);2.509795981626403
(12.31);4.157848703026174
(13.14);3.7137707926085155
(13.15);2.02134150487682
(13.16);1.521323592065349
(13.17);1.6156454185305993
(13.18);0.9459549072243255
(13.19);0.871377852728726
(13.20);0.8161116893139145
(13.21);0.733134487462477
(13.22);0.6674432460688763
(13.23);0.611247885221516
(13.24);0.6735034471058519
(13.25);0.8534622172093014
(13.26);1.416291793980354
(13.27);1.9530389787125852
(13.28);1.8754357768333643
(13.29);1.171168113769198
(13.30);1.299971820276604
(13.31);1.4848732466203902
(14.15);3.3102168306706377
(14.16);2.5441609053249854
(14.17);2.281714759603071
(14.18);1.1280137717223422
(14.19);1.0362985508957459
(14.20);0.9355129251335348
(14.21);0.8384208255415169
(14.22);0.7557409281766089
(14.23);0.6795364908324278
(14.24);0.7694681767620501
(14.25);1.0120878358258074
(14.26);1.72592239242846
(14.27);2.663694986884677
(14.28);2.6852192869326186
(14.29);1.4141605956899939
(14.30);1.5665823327763093
(14.31);1.9149265793935377
(15.16);2.5081623842306113
(15.17);1.6038807718005532
(15.18);0.9654868000806949
(15.19);0.9186819662336249
(15.20);0.8238150408510518
(15.21);0.7635229006388616
(15.22);0.6987377679176916
(15.23);0.6333594147305056
(15.24);0.7280656721573383
(15.25);0.9350320075757437
(15.26);1.5538552253899987
(15.27);2.290217533723507
(15.28);2.9597127759799915
(15.29);1.379737436972194
(15.30);1.4606146406568374
(15.31);1.5036672523415984
(16.17);3.01659472164377
(16.18);1.4965657235658942
(16.19);1.4055455271867427
(16.20);1.1734776237724744
(16.21);1.0651437260012504
(16.22);0.9468067218747617
(16.23);0.8237319314202913
(16.24);0.988156561699257
(16.25);1.3978044701214034
(16.26);2.5118492453654317
(16.27);5.075893375063342
(16.28);7.549329682374973
(16.29);2.0815707498748908
(16.30);2.2628307435287716
(16.31);2.684920511213544
(17.18);2.2972664841515247
(17.19);1.917055635513254
(17.20);1.6015501220882462
(17.21);1.3298835325025313
(17.22);1.137606544041406
(17.23);0.9676937695866109
(17.24);1.12564952051222
(17.25);1.6802960020480693
(17.26);3.195258412360147
(17.27);6.789697628069982
(17.28);3.4335535912058583
(17.29);2.12596073298687
(17.30);2.596660020315936
(17.31);6.99269417749272
(18.19);8.541946926657438
(18.20);4.9185522230925995
(18.21);2.978591238415426
(18.22);2.158169171285293
(18.23);1.6007012226277326
(18.24);1.9404231493688622
(18.25);3.842729446362083
(18.26);8.140485581596742
(18.27);4.414175957690552
(18.28);2.3739363745101083
(18.29);3.1662285952039024
(18.30);5.105594134497938
(18.31);4.27298249266213
(19.20);6.062030300189762
(19.21);4.09868401225443
(19.22);2.7323164776934026
(19.23);1.8710021098917036
(19.24);2.463593275214109
(19.25);6.557991344501012
(19.26);11.967085348129237
(19.27);3.9297338860834197
(19.28);2.3310908217346
(19.29);3.956489443093612
(19.30);7.514687916230063
(19.31);3.206626640427671
(20.21);6.043029966329816
(20.22);3.52142826012262
(20.23);2.3190038324189497
(20.24);2.6215622881519596
(20.25);4.245217202459036
(20.26);5.24387170690049
(20.27);2.866825298817815
(20.28);1.8858942139801882
(20.29);2.998517297297495
(20.30);4.578346572338088
(20.31);2.4732754718606507
(21.22);8.137727857860273
(21.23);3.4523675249506662
(21.24);4.461335419236866
(21.25);5.105494457213462
(21.26);4.528956733202687
(21.27);2.4484193148579885
(21.28);1.765780902121757
(21.29);3.4006043132116615
(21.30);4.898309951519558
(21.31);1.9360382209359328
(22.23);5.658520292309513
(22.24);6.554506212594989
(22.25);3.641432200178508
(22.26);3.412065170342996
(22.27);2.0614552967983313
(22.28);1.5804246955426562
(22.29);3.074864246530106
(22.30);3.886826617089993
(22.31);1.5939303116699644
(23.24);4.307669065902253
(23.25);2.310231840184314
(23.26);2.444640271497676
(23.27);1.6756199088321855
(23.28);1.3507604105321436
(23.29);2.360419543572171
(23.30);2.717190319447786
(23.31);1.3016348071446167
(24.25);3.8043287858129586
(24.26);3.3891277684901064
(24.27);2.074812922019699
(24.28);1.6738102012085527
(24.29);3.838406118843839
(24.30);4.28130805715031
(24.31);1.5391015937866621
(25.26);9.70215371588996
(25.27);3.4532014501688537
(25.28);2.3854527440901316
(25.29);6.347985624746598
(25.31);2.51220759257917
(26.27);6.89175306847751
(26.28);3.879683983288706
(26.29);7.0991200183922984
(26.30);16.163089966842136
(26.31);5.096967862454445
(27.28);6.833202881357346
(27.29);4.260491561080027
(27.30);5.289418909869676
(27.31);9.491190536719998
(28.29);3.6123786011330967
(28.30);3.6494584006490385
(28.31);3.5164142854845513
(29.30);11.980247538050142
(29.31);2.820577276802314
(30.31);3.7340442650479626

****Importance nodes******

0; 0.05
1; 0.03666666666666667
2; 0.03666666666666667
3; 0.03666666666666667
4; 0.03793103448275863
5; 0.012339636633296257
6; 0.012737689427918716
7; 0.013148582635270934
8; 0.013572730462215157
9; 0.014010560477125325
10; 0.014462514040903561
11; 0.01492904675190045
12; 0.015410628905187561
13; 0.015907745966645223
14; 0.016420899062343456
15; 0.016950605483709375
16; 0.01749739920899032
17; 0.018061831441538393
18; 0.018644471165458986
19; 0.01924590571918347
20; 0.019866741387544223
21; 0.020507604012948873
22; 0.02061040979772018
23; 0.02183399155522852
24; 0.0225383138634617
25; 0.022776500304933858
26; 0.03666666666666667
27; 0.03666666666666667
28; 0.03666666666666667
29; 0.03666666666666667
30; 0.03793103448275863
31; 0.0240000820624422
