
****Mix criterion 0.5*C(weight)+0.5*C(distance) ******

(0.5);0.4653886907329168
(0.6);0.4186435287127493
(0.7);0.39103136576060576
(0.8);0.42601771378038433
(0.10);0.3542964724204729
(0.11);0.4079160345303339
(0.12);0.4963182018624255
(0.13);0.30479574957780575
(0.14);0.36521278565022447
(0.15);0.31286889090599623
(0.16);0.443888217415794
(0.17);0.5777604389454054
(0.18);0.5324129828521492
(0.19);0.4829357518175282
(0.20);0.42035588080065506
(0.21);0.3691988057829483
(0.22);0.32101286574711185
(0.23);0.2535694727579874
(0.24);0.3040777364068561
(0.25);0.425416883389948
(0.31);0.9824127216643568
(1.2);0.5856226290461011
(1.3);0.4001953987649578
(1.4);0.4408284448676476
(1.5);0.46448746878013536
(1.6);0.5075356836189644
(1.7);0.5434860946032949
(1.8);0.4862180532543954
(1.9);0.4631833336465844
(1.10);0.42786044855971184
(1.11);0.39342271645902277
(1.12);0.4826961210848818
(1.13);0.25682273458070365
(1.14);0.26192893058667804
(1.15);0.18140375110182197
(1.16);0.2504364696802096
(1.17);0.35857367174827004
(1.18);0.37749240106471066
(1.19);0.3397250786727199
(1.20);0.3589124243724781
(1.21);0.29853045379471915
(1.22);0.26057560851734146
(1.23);0.21879227286340752
(1.24);0.2140926217908773
(1.25);0.2837263530891667
(1.26);0.3216288814882043
(1.27);0.3239962313329058
(1.28);0.22172543113826523
(1.29);0.21813008479521528
(1.30);0.2797326210720886
(1.31);0.38059442357893974
(2.3);0.4858661281694086
(2.4);0.5178111501317068
(2.5);0.4932622991139757
(2.6);0.5769357100396365
(2.7);0.4384904217722885
(2.8);0.4135239190992343
(2.9);0.38283002200810373
(2.10);0.3539409865371223
(2.11);0.33426801007626955
(2.12);0.4547757423632397
(2.13);0.314506661228271
(2.14);0.3072394191065065
(2.15);0.2204887383624747
(2.16);0.2712316431390241
(2.17);0.3767295115812542
(2.18);0.3415553201757823
(2.19);0.3016814692532673
(2.20);0.3068842076841387
(2.21);0.2476585515271108
(2.22);0.20784964795803526
(2.23);0.16201898016059538
(2.24);0.1666432842409019
(2.25);0.2460927527517062
(2.26);0.2923568250078017
(2.27);0.3234855096509602
(2.28);0.2320429649558962
(2.29);0.190978149681511
(2.30);0.24821873724828605
(2.31);0.3773710939030874
(3.4);0.6420331284395127
(3.5);0.46060221716327115
(3.6);0.46900388395322545
(3.7);0.3331846651249268
(3.8);0.32711751094989927
(3.9);0.28588752018196123
(3.10);0.2609128054776752
(3.11);0.2622266211102855
(3.12);0.39305360542081597
(3.13);0.4407531073990648
(3.14);0.41404354016881983
(3.15);0.31507029493858724
(3.16);0.3324299116585952
(3.17);0.41403260500426997
(3.18);0.3006098146447854
(3.19);0.26193112175659
(3.20);0.2461502498331608
(3.21);0.19055994644931012
(3.22);0.14820232675892842
(3.23);0.0943837407576138
(3.24);0.11787425135866303
(3.25);0.21125758219438256
(3.26);0.26866315263799556
(3.27);0.3421484855574648
(3.28);0.27950770544425707
(3.29);0.1777110227702654
(3.30);0.22457727141948244
(3.31);0.37720870790755423
(4.5);0.5561628179170826
(4.6);0.542667474161409
(4.7);0.37774027718467934
(4.8);0.3766497483830177
(4.9);0.32931466362168144
(4.10);0.30474649086274147
(4.11);0.311548438765078
(4.12);0.45599336904316096
(4.13);0.40319843213112755
(4.14);0.40945166804395156
(4.15);0.31411028299632154
(4.16);0.3601673992229471
(4.17);0.4709659438598578
(4.18);0.3546101923486212
(4.19);0.31397764315241694
(4.20);0.29679491574333094
(4.21);0.24021590444277285
(4.22);0.19703811901228457
(4.23);0.14185034256503604
(4.24);0.16688254233008998
(4.25);0.2616832351220114
(4.26);0.3215567116024366
(4.27);0.3929541095852595
(4.28);0.3127069398490223
(4.29);0.22568402073816254
(4.30);0.27555706253749385
(4.31);0.43743030178381914
(5.6);0.5528049510709618
(5.7);0.41383565011471113
(5.8);0.41775305511120736
(5.9);0.36802824788189187
(5.10);0.3452926043304072
(5.11);0.35452809313390543
(5.12);0.5101439047790272
(5.13);0.3283401634920114
(5.14);0.348109438812147
(5.15);0.27021244817855145
(5.16);0.3385876847951662
(5.17);0.45373566268275184
(5.18);0.39294802532891504
(5.19);0.35206636836004873
(5.20);0.3395795762547028
(5.21);0.2831501806257503
(5.22);0.24089980898664262
(5.23);0.18727996585634163
(5.24);0.20903547323919136
(5.25);0.29902020195894624
(5.26);0.35498662140309756
(5.27);0.4017659799504506
(5.28);0.30546994134993477
(5.29);0.25543876764653256
(5.30);0.3092710666637218
(5.31);0.45757897621886956
(6.7);0.42396031333398554
(6.8);0.4158884307010247
(6.9);0.37374807225243983
(6.10);0.34856563107932753
(6.11);0.34539504756009887
(6.12);0.48213507636590053
(6.13);0.3193867091663848
(6.14);0.3271053172215018
(6.15);0.24609652419739192
(6.16);0.30571678847248596
(6.17);0.41190558994880105
(6.18);0.36839439231579796
(6.19);0.32869699923995815
(6.20);0.3248582691533388
(6.21);0.2675544161542995
(6.22);0.22665968151198776
(6.23);0.1767208733538805
(6.24);0.1907204014226628
(6.25);0.27507152605093327
(6.26);0.32526355826807285
(6.27);0.36223773198746206
(6.28);0.2703055058940765
(6.29);0.22611170179522005
(6.30);0.28103450362501187
(6.31);0.41473188251790993
(7.8);0.5599288205072838
(7.9);0.5267182465705682
(7.10);0.4796651337117592
(7.11);0.4440847557799535
(7.12);0.46695205797500283
(7.13);0.21244147454741116
(7.14);0.23064536809472264
(7.15);0.1598475734111455
(7.16);0.2431703952892045
(7.17);0.34288400478627085
(7.18);0.4093681807479774
(7.19);0.3776484089042466
(7.20);0.406579895360176
(7.21);0.3473093850532607
(7.22);0.3107408771369222
(7.23);0.2696804161877124
(7.24);0.2634064068447698
(7.26);0.35471645059227347
(7.27);0.3306563753447591
(7.28);0.22624287436645235
(7.29);0.25493103691227015
(7.30);0.3173970282213937
(7.31);0.38071966590210077
(8.9);0.515298114051447
(8.10);0.4835117578265873
(8.11);0.48299866137617115
(8.12);0.489169685594141
(8.13);0.21449481551741442
(8.14);0.2405170749920623
(8.15);0.17437024775274504
(8.16);0.2650453781269123
(8.17);0.36223836916835817
(8.18);0.45229354065524746
(8.19);0.41688458989757177
(8.20);0.44427132831830646
(8.21);0.37819825372886456
(8.22);0.3377521655517425
(8.23);0.2906659928889118
(8.24);0.29265003747800644
(8.25);0.3609782059014184
(8.26);0.394196302267768
(8.27);0.36123293285727903
(8.28);0.25370216973662507
(8.29);0.29032654698946897
(8.30);0.35498487247003474
(8.31);0.4092620924099512
(9.10);0.595556077217813
(9.11);0.4776832397500293
(9.12);0.42117066492991223
(9.13);0.17102431942198973
(9.14);0.19311206801403774
(9.15);0.12634311523510466
(9.16);0.21623658007264326
(9.17);0.31010896423885254
(9.18);0.4060808436926667
(9.19);0.3850540572480067
(9.20);0.4314885835073584
(9.21);0.3767767974442306
(9.22);0.3443585357511925
(9.23);0.3087859310213409
(9.24);0.2921422734296385
(9.25);0.33904879506133473
(9.26);0.3558309202505629
(9.27);0.3098729060467099
(9.28);0.2063008571343408
(9.29);0.2628343320815188
(9.30);0.32531870169466787
(9.31);0.3537069494988397
(10.11);0.49694437813225306
(10.12);0.39938108285272
(10.13);0.1492312372510473
(10.14);0.17414827997748145
(10.15);0.10998535438537094
(10.16);0.20381429427912795
(10.17);0.2940971551691497
(10.18);0.4042796541706076
(10.19);0.3906074587027887
(10.20);0.44754391287698253
(10.21);0.3975720176763433
(10.22);0.3679351540457648
(10.23);0.33528631631628136
(10.24);0.31254546547514706
(10.25);0.34979638772934724
(10.26);0.35866574605465495
(10.27);0.3007614356975229
(10.28);0.19820602994723568
(10.29);0.27085358969628587
(10.30);0.3328074342131204
(10.31);0.3406373857490799
(11.12);0.4161208907447831
(11.13);0.1630889294374359
(11.14);0.19903048650367705
(11.15);0.14315271487273082
(11.16);0.2460693442013067
(11.17);0.32763037805721784
(11.18);0.4767683889476015
(11.19);0.4700157610881147
(11.21);0.4642010313738818
(11.22);0.41661019666259325
(11.23);0.36315326461263053
(11.24);0.36449133239059317
(11.25);0.421089662341767
(11.26);0.43313279413590344
(11.27);0.3533471157741121
(11.28);0.25003832557538397
(11.29);0.3373074275060293
(11.30);0.4056182825694784
(11.31);0.3836679763600914
(12.13);0.2790028498849422
(12.14);0.30715131838436727
(12.15);0.23769763315256343
(12.16);0.32373434685424163
(12.17);0.4348709304781164
(12.18);0.4529155284935224
(12.19);0.4057913246924983
(12.20);0.3992741885091974
(12.21);0.33820089153270044
(12.22);0.29486332564328577
(12.23);0.2409193826878026
(12.24);0.25989097601345534
(12.25);0.3475829844755555
(12.26);0.40192108429770695
(12.27);0.4151270177623545
(12.28);0.30379709283916656
(12.29);0.2933635337780272
(12.30);0.3541194267968361
(12.31);0.479760312253517
(13.14);0.4799757365106566
(13.15);0.3958328714941364
(13.16);0.34286256030053075
(13.17);0.35169597383638407
(13.18);0.21707292097649009
(13.19);0.1851558871666792
(13.20);0.15596446944504994
(13.21);0.10773574984993907
(13.22);0.0661473488789369
(13.23);0.00830685860276521
(13.24);0.04690212316804317
(13.25);0.1446395316654478
(13.26);0.20354136480344742
(13.27);0.29754954662800975
(13.28);0.2870281564542688
(13.29);0.1341630807986708
(13.30);0.16589643223676379
(13.31);0.30254492914988945
(14.15);0.4633466699254445
(14.16);0.426614795805948
(14.17);0.40862762042859735
(14.18);0.2636015034917232
(14.19);0.2353770445665482
(14.20);0.1984298124223921
(14.21);0.1547194432543374
(14.22);0.11362934897804594
(14.23);0.053366109725158706
(14.24);0.10045558194119314
(14.25);0.20023024464810812
(14.26);0.26182895785796834
(14.27);0.36659719893847154
(14.28);0.36824690866978055
(14.29);0.19995226372469832
(14.30);0.2267355564020148
(14.31);0.35509735297497635
(15.16);0.42286593248513454
(15.17);0.34502200454775045
(15.18);0.21457534204325163
(15.19);0.19342780329828813
(15.20);0.14914056144769158
(15.21);0.11309684491351144
(15.22);0.0743324593986924
(15.23);0.012729678941617181
(15.24);0.07068619422228986
(15.25);0.16874168100904993
(15.26);0.22764117802316328
(15.27);0.33194192832421404
(15.28);0.38603249585544863
(15.29);0.18825926193413367
(15.30);0.20077604290312223
(15.31);0.29990433088093144
(16.17);0.44553757107852093
(16.18);0.32477649554886134
(16.19);0.30741051223026594
(16.20);0.2578920202803091
(16.21);0.22553427461539502
(16.22);0.18712370553746002
(16.23);0.12454321086600613
(16.24);0.18534255455537776
(16.25);0.28581080031081885
(16.26);0.35065642761838073
(16.27);0.4779828002653796
(16.28);0.5411936147968932
(16.29);0.306932401250444
(16.30);0.3231037639067921
(16.31);0.4113370249647949
(17.18);0.40182945916009916
(17.19);0.36846045255006576
(17.20);0.32969689975103994
(17.21);0.28321146107598655
(17.22);0.2403966175461536
(17.23);0.1792974230838756
(17.24);0.223224636616194
(17.25);0.3261787758028561
(17.26);0.39762225803869006
(17.27);0.5233817830330958
(17.28);0.4109555437598832
(17.29);0.30989665571083547
(17.30);0.35265340447140775
(17.31);0.5463397524807552
(18.19);0.5801611125049866
(18.20);0.5025541338207343
(18.21);0.43401859046441726
(18.22);0.38244213066583743
(18.23);0.31697606768781783
(18.24);0.3545048794868055
(18.25);0.4652844185256891
(18.26);0.5524371820475461
(18.27);0.4532189261991446
(18.28);0.33403219149237456
(18.29);0.3943310980299609
(18.30);0.4765512848354372
(18.31);0.47726395489373463
(19.20);0.5290617751258218
(19.21);0.47713436197846704
(19.22);0.4195124104257999
(19.23);0.34762998560226976
(19.24);0.39613481578705145
(19.25);0.5378205845775396
(19.26);0.6222965362120437
(19.27);0.4322271731539139
(19.28);0.3276184934446316
(19.29);0.4334075157652618
(19.30);0.5394481655779836
(19.31);0.434375120735085
(20.21);0.5269519547151046
(20.22);0.45481323464649237
(20.23);0.3855139296712633
(20.24);0.40421284947272224
(20.25);0.4760362115734575
(20.26);0.47869223707217257
(20.27);0.3707930118680295
(20.28);0.2704189664869387
(20.29);0.37992392731983965
(20.31);0.3896028437106268
(21.22);0.5710849881322199
(21.23);0.4475823905440058
(21.24);0.4824717671124869
(21.25);0.5011477687885969
(21.26);0.45396511695507585
(21.27);0.33459156195304174
(21.28);0.24859345861809137
(21.29);0.4030753675022732
(21.30);0.46639570767840316
(21.31);0.34014479710125806
(22.23);0.5171375941072471
(22.24);0.5368838970108347
(22.25);0.4539364304120208
(22.26);0.4039067187679462
(22.27);0.29193222485934767
(22.28);0.21345212055347432
(22.29);0.38364520001904
(22.30);0.4262665759958494
(22.31);0.2952894279366136
(23.24);0.4751266526823988
(23.25);0.3752224837539211
(23.26);0.329632801126624
(23.27);0.2258375499170325
(23.28);0.15004550384715573
(23.29);0.32123245867281197
(23.30);0.350606824112174
(23.31);0.23254750726113865
(24.25);0.4555605492574879
(24.26);0.39736070591601597
(24.27);0.2854720472342736
(24.28);0.22191524276266011
(24.29);0.42083041670933996
(24.30);0.4391778693248565
(24.31);0.2760641046222223
(25.26);0.5799093276076546
(25.27);0.40061773142121426
(25.28);0.32057662733610587
(25.29);0.5067476941635531
(25.31);0.3835706087749923
(26.27);0.4983410267580679
(26.28);0.3840538090927413
(26.29);0.5039117187429816
(26.30);0.6812589884258046
(26.31);0.46783509974972654
(27.28);0.49673771740346917
(27.29);0.40424850619439806
(27.30);0.44714535939242217
(27.31);0.5742108732288773
(28.29);0.36798302313811876
(28.30);0.36813083238370065
(28.31);0.4009376033563618
(29.30);0.6093576624865842
(29.31);0.3553235775837896
(30.31);0.4106571743787738
