
****Mix criterion 0.5*C(weight)+0.5*C(distance) ******

(0.5);0.4648306209713564
(0.6);0.4182225431463492
(0.7);0.39035315918044305
(0.8);0.42559141365606445
(0.9);0.3665299441471404
(0.10);0.3540374268780408
(0.11);0.40760807199533466
(0.12);0.4958208137974666
(0.13);0.30460826786561523
(0.14);0.3649830492454177
(0.15);0.31269316984706175
(0.16);0.4435836934790856
(0.17);0.5771678438312932
(0.18);0.5329574260599003
(0.19);0.48344618227826547
(0.20);0.4213319069637114
(0.21);0.36912483562223236
(0.22);0.3209627133928863
(0.23);0.25353356931522325
(0.24);0.30404770747757665
(0.25);0.4255656285644754
(0.31);0.9824127216643568
(1.3);0.4038910449645906
(1.4);0.44533772028536406
(1.5);0.4678435089686259
(1.6);0.5119962485831031
(1.7);0.5482057809708151
(1.8);0.49007639682546406
(1.9);0.4680691733039277
(1.10);0.4305829145666002
(1.11);0.39568034872516833
(1.12);0.48653766312096447
(1.13);0.25807990594642927
(1.14);0.263214924923576
(1.15);0.1824074680156638
(1.16);0.2516850894649927
(1.17);0.3605072083472253
(1.18);0.38007828091107354
(1.19);0.341937809950835
(1.20);0.3618037621864467
(1.21);0.3001133361453225
(1.22);0.2619604700770416
(1.23);0.22000312837758368
(1.24);0.21529488235567454
(1.25);0.28535400182049064
(1.26);0.3235528766216963
(1.27);0.3259379435312407
(1.28);0.22309609731928967
(1.29);0.2194862166840627
(1.30);0.28014509814641964
(1.31);0.38291760677288933
(2.3);0.491568663633831
(2.4);0.524569026390606
(2.5);0.49731835462488
(2.6);0.5838639595745717
(2.7);0.4408904734083457
(2.8);0.4159812216209925
(2.9);0.38587536336046335
(2.10);0.355779313454611
(2.11);0.33596205453389416
(2.12);0.45799554168464945
(2.13);0.31607040401722475
(2.14);0.30876437433886916
(2.15);0.22161566881208322
(2.16);0.2725742527972297
(2.17);0.37884060188660706
(2.18);0.3437389155010518
(2.19);0.3035703883259069
(2.20);0.30919359703924776
(2.21);0.2489772200089412
(2.22);0.20901883004455984
(2.23);0.1630484783625787
(2.24);0.1676933455562729
(2.25);0.24752069725444575
(2.26);0.294082648803872
(2.27);0.32542337644201746
(2.28);0.2334569630118405
(2.29);0.1922330636994587
(2.30);0.24859055326942778
(2.31);0.3796582745216531
(3.5);0.4638750726533239
(3.6);0.4724636866339854
(3.7);0.33456380013594406
(3.8);0.32871106434785863
(3.9);0.28785902497720783
(3.10);0.2621703261889573
(3.11);0.263501701394329
(3.12);0.3953068112041135
(3.13);0.4437153705105145
(3.14);0.41658711671424753
(3.15);0.3166520260355267
(3.16);0.3341401230781429
(3.17);0.41660127382758677
(3.18);0.3024503350847786
(3.19);0.2635619903994424
(3.20);0.24800150914525293
(3.21);0.19166546319156014
(3.22);0.1491931667375075
(3.23);0.09525515558031995
(3.24);0.11880195455986689
(3.25);0.21253728241395287
(3.26);0.2702530720732931
(3.27);0.3442356317812172
(3.28);0.28115740145743456
(3.29);0.17892141999106426
(3.30);0.2249230461755124
(3.31);0.37949409825834096
(4.5);0.5622780320200333
(4.6);0.5482778065566606
(4.7);0.3794459699878922
(4.8);0.3786625222178138
(4.9);0.33166987527339414
(4.10);0.3062296783283677
(4.11);0.3130864791681429
(4.12);0.4592375913209153
(4.13);0.40558616045877516
(4.14);0.41193101019444234
(4.15);0.31568577817654403
(4.16);0.3621070822794621
(4.17);0.4745610009323198
(4.18);0.35692708559247205
(4.19);0.31596166208018633
(4.20);0.29901473852267624
(4.21);0.2415025896216054
(4.22);0.19817063778470975
(4.23);0.1428272659476158
(4.24);0.16793327939901698
(4.25);0.26318820824668215
(4.26);0.3234801709086508
(4.27);0.3955574470093947
(4.28);0.31456655959734137
(4.29);0.22707102237477703
(4.30);0.27596370840679424
(4.31);0.4405608114040995
(5.6);0.5553676369621156
(5.7);0.41415919426233755
(5.8);0.41852931343311706
(5.9);0.36952625795048316
(5.10);0.3458256370822373
(5.11);0.3551070029200637
(5.12);0.512027542505662
(5.13);0.3288542272811189
(5.14);0.3486875146587987
(5.15);0.27062553001828926
(5.16);0.3391571164449961
(5.17);0.4549565239965487
(5.18);0.39428084895838444
(5.19);0.35317091024062297
(5.20);0.3410640012684754
(5.21);0.28368878468370273
(5.22);0.24136676032948978
(5.23);0.1876753372124334
(5.24);0.20946709454712847
(5.25);0.29973874078500223
(5.26);0.35594173244698446
(5.27);0.40298278703865226
(5.28);0.3062373982964937
(5.29);0.2560744562327143
(5.30);0.30866569921866466
(5.31);0.4591451459216741
(6.7);0.42432078567085774
(6.8);0.4166637872200575
(6.9);0.3753046578130848
(6.10);0.349115082319121
(6.11);0.3459531716720138
(6.12);0.4836097553131999
(6.13);0.31988534794898954
(6.14);0.3276314286819
(6.15);0.2464786665989617
(6.16);0.306210022342691
(6.17);0.4128079009499847
(6.18);0.3695515765187922
(6.19);0.3296846332973634
(6.20);0.32624524366233326
(6.21);0.26806602428411413
(6.22);0.22710882498975632
(6.23);0.17710797734549474
(6.24);0.19113228095803134
(6.25);0.27572860137118144
(6.26);0.3261035908048807
(6.27);0.3632338053219241
(6.28);0.2709808184354558
(6.29);0.22669251373589072
(6.30);0.2804983652439057
(6.31);0.41589818752547925
(7.8);0.5611221128452502
(7.9);0.5309816368217227
(7.10);0.4803556847998538
(7.11);0.4446276775073015
(7.12);0.46760736458750185
(7.13);0.21261286362970366
(7.14);0.23083373597599877
(7.15);0.16000428397931993
(7.16);0.24338088448604292
(7.17);0.343216065390295
(7.18);0.41046120205881204
(7.19);0.3786051686891957
(7.20);0.408380588050452
(7.21);0.34776617395231096
(7.22);0.31113434617452945
(7.23);0.27001612372353334
(7.24);0.2637450434405302
(7.25);0.3257550338484287
(7.26);0.3553974263626092
(7.27);0.33126642640946213
(7.28);0.2266554774096524
(7.29);0.2553849612312432
(7.30);0.3165463287003105
(7.31);0.38134477069144446
(8.9);0.5201694803523569
(8.10);0.4849733822209884
(8.11);0.48448443403564
(8.12);0.49073820264912016
(8.13);0.2148296525936334
(8.14);0.24088913344983215
(8.15);0.1746769035150778
(8.16);0.26546694147184624
(8.17);0.3629077699512485
(8.18);0.4543323863486673
(8.19);0.4185306709737216
(8.20);0.44713127740178643
(8.21);0.37906534275237386
(8.22);0.33846111243652466
(8.23);0.2912431563744215
(8.24);0.29324363094406125
(8.25);0.3619541845212549
(8.26);0.39537538340727524
(8.27);0.36222874036327957
(8.28);0.25434276020090807
(8.29);0.29105880359174185
(8.30);0.3542625213254357
(8.31);0.41039220351562006
(9.10);0.6050097834295123
(9.11);0.4811929915409825
(9.12);0.4233863373262649
(9.13);0.17173443281485296
(9.14);0.19387554079434535
(9.15);0.12698123089249141
(9.16);0.21706971317485116
(9.17);0.31130993292557113
(9.18);0.4087028471415298
(9.19);0.3874073442893958
(9.20);0.4354781719196808
(9.21);0.37859262369298147
(9.22);0.34589055698120036
(9.23);0.3100835666360595
(9.24);0.29336182192812843
(9.25);0.3406960697155957
(9.26);0.35764273390427503
(9.27);0.311349843861866
(9.28);0.2073255104615296
(9.29);0.2640678452390478
(9.30);0.32541041242080726
(9.31);0.35536023430487906
(10.11);0.49872571925699477
(10.12);0.4002095618966439
(10.13);0.14952734292533873
(10.14);0.1744709769269427
(10.15);0.11026195242168803
(10.16);0.20417902137634839
(10.17);0.2946114306124524
(10.18);0.4057754784525989
(10.19);0.39204327731387517
(10.20);0.4505325290756354
(10.21);0.3985979223192721
(10.22);0.3688088026031683
(10.23);0.3360281511343744
(10.24);0.3132258801621152
(10.25);0.35075700481970024
(10.26);0.35969070473514964
(10.27);0.3015572109401302
(10.28);0.19876611715825043
(10.29);0.2715639221704658
(10.30);0.33219445998028463
(10.31);0.3414458430004385
(11.12);0.41707288902041084
(11.13);0.16340605617333198
(11.14);0.19938859206876514
(11.15);0.14346277738929547
(11.16);0.24650145952079933
(11.17);0.32824396673989775
(11.18);0.47934101066125245
(11.19);0.47255503904650437
(11.21);0.4658637612468741
(11.22);0.41780539668126243
(11.23);0.3640259351242564
(11.24);0.3653854745885508
(11.25);0.42256497093033596
(11.26);0.4346857109583737
(11.27);0.35436331990448067
(11.28);0.2507106613371041
(11.29);0.3382518102778389
(11.30);0.40477213058296424
(11.31);0.38470171184571755
(12.13);0.27946967366448555
(12.14);0.3076847940645892
(12.15);0.23811057130921864
(12.16);0.324327508500633
(12.17);0.43602984292861124
(12.18);0.45504928413380125
(12.19);0.40738972440583704
(12.20);0.40142738255509197
(12.21);0.3389558982411619
(12.22);0.2954931636293031
(12.23);0.24143567457295398
(12.24);0.2604537801912812
(12.25);0.348549269371734
(12.26);0.40322099742815154
(12.27);0.4165259745539912
(12.28);0.30461689246291185
(12.29);0.2941503454065355
(12.30);0.35346623341068817
(12.31);0.4817271033969667
(13.14);0.48158646079438533
(13.15);0.3967095609909933
(13.16);0.34352238369567034
(13.17);0.35239670617955987
(13.18);0.21772180279312164
(13.19);0.1857717198533764
(13.20);0.1567587277561597
(13.21);0.10808424786169055
(13.22);0.06646853501641545
(13.23);0.008593316058824779
(13.24);0.04721807027542746
(13.25);0.145108712414867
(13.26);0.20412656406662588
(13.27);0.29835652508835186
(13.28);0.28780306995684374
(13.29);0.13464699712166922
(13.30);0.1655664346568565
(13.31);0.3032465929826095
(14.15);0.464782366130547
(14.16);0.42771824078970316
(14.17);0.40961723814521833
(14.18);0.2643711055375903
(14.19);0.23610536178029043
(14.20);0.1993331374061188
(14.21);0.15511750439819677
(14.22);0.11399252814179889
(14.23);0.05368425183289399
(14.24);0.1008161883363452
(14.25);0.20078509069673908
(14.26);0.26254243617816536
(14.27);0.3676983426707141
(14.28);0.369356950323221
(14.29);0.20053686296897952
(14.30);0.22634804930433333
(14.31);0.3560012908982076
(15.16);0.42395376431036613
(15.17);0.34571763436757846
(15.18);0.21523048687676358
(15.19);0.19406984114285009
(15.20);0.14992972760241832
(15.21);0.11345890309148376
(15.22);0.07466778350315
(15.23);0.013025904016269577
(15.24);0.07102705648742899
(15.25);0.16925285602214807
(15.26);0.2282838376150779
(15.27);0.33288914029195
(15.28);0.38725660462292943
(15.29);0.18882990808166733
(15.30);0.2004243492821575
(15.31);0.30061338895754697
(16.17);0.4468459184816483
(16.18);0.3257864677963057
(16.19);0.3083872575957122
(16.20);0.25900714009369247
(16.21);0.22603873935232707
(16.22);0.18757745046563257
(16.23);0.12492808481218197
(16.24);0.18580471986696814
(16.25);0.2865728255365838
(16.26);0.35169581468390165
(16.27);0.480083172303924
(16.28);0.5443174788742027
(16.29);0.3077937418413966
(16.30);0.3225739655040632
(16.31);0.4126017674315403
(17.18);0.40337127387774957
(17.19);0.3697850820168927
(17.20);0.33120649253512047
(17.21);0.28384053330256964
(17.22);0.24094104502449235
(17.23);0.17974910176723802
(17.24);0.2237505761317637
(17.25);0.3270922156515061
(17.26);0.3989450919627532
(17.27);0.5261927113516939
(17.28);0.4123770316598809
(17.29);0.31077680141922087
(17.30);0.3520629275586216
(17.31);0.5496301852703106
(18.20);0.5082655120175735
(18.21);0.436088848491269
(18.22);0.38395269146606914
(18.23);0.31806709134849
(18.24);0.35582123223104967
(18.25);0.46817600354984273
(18.26);0.5570917213427937
(18.27);0.45574284878892923
(18.28);0.33538955279825966
(18.29);0.3961414735003665
(18.30);0.4762115498398427
(18.31);0.4801457484392865
(19.20);0.5361698690651724
(19.22);0.4214743348762745
(19.23);0.34893863423717036
(19.24);0.39784941739673624
(19.25);0.5428631120725866
(19.26);0.6293100831252795
(19.27);0.4345302713741407
(19.28);0.328984675297743
(19.29);0.43572629460853274
(19.30);0.53910361510086
(19.31);0.4365924199236934
(20.21);0.5326886667645288
(20.23);0.3876663420291647
(20.24);0.4066271846402074
(20.25);0.4802456492088152
(20.26);0.48265675767229965
(20.27);0.372960415761449
(20.28);0.2718447577493653
(20.29);0.38219089422128577
(20.30);0.456131380656915
(20.31);0.3918510951455867
(21.22);0.5752578474430506
(21.23);0.44931084771233903
(21.24);0.48470489321000704
(21.25);0.5040703470759352
(21.26);0.45596402524571444
(21.27);0.3356722005980412
(21.28);0.2493728067754332
(21.29);0.40457626418892645
(21.30);0.46554445897292984
(21.31);0.34111784053951755
(22.23);0.5199987880460148
(22.24);0.5401969043617162
(22.25);0.456038062842905
(22.26);0.4054256413382141
(22.27);0.2928499069145209
(22.28);0.21415566594924623
(22.29);0.38501401347112746
(22.30);0.42560975868264017
(22.31);0.2960980823864936
(23.24);0.47725503189041424
(23.25);0.3765251648445816
(23.26);0.3307030735152622
(23.27);0.22657114239817774
(23.28);0.15063687166020925
(23.29);0.3222658589209145
(23.30);0.35016225142357427
(23.31);0.23319348479008026
(24.25);0.4577015873524259
(24.26);0.3988467477539467
(24.27);0.2863817971813446
(24.28);0.22264916374695495
(24.29);0.4225134550818096
(24.30);0.4385101815026369
(24.31);0.27682788153548393
(25.26);0.5846737355684347
(25.27);0.4023134848550541
(25.28);0.32174804456745665
(25.29);0.5098649807095215
(25.30);0.684287186468368
(25.31);0.38498445401838
(26.27);0.5011272676417553
(26.28);0.3856223119138115
(26.29);0.5067817952296045
(26.30);0.6800147411187047
(26.31);0.4700852513164205
(27.28);0.49950028725259105
(27.29);0.4059709642764182
(27.30);0.4467381757877878
(27.31);0.578400936386487
(28.29);0.3694434580732982
(28.30);0.3678498942217096
(28.31);0.4024899900551113
(29.30);0.6084354136611314
(29.31);0.3565687740515032
(30.31);0.4101381812339622
