
****Mix criterion 0.5*C(weight)+0.5*C(distance) ******

(0.5);0.46503791012497964
(0.6);0.41838095561053795
(0.7);0.39048894302553727
(0.8);0.42575169493133175
(0.9);0.3666480429057697
(0.10);0.3541475252386073
(0.11);0.40734041586578945
(0.12);0.4960215182046833
(0.13);0.30468559145021706
(0.14);0.3650801059899078
(0.15);0.3127694061502324
(0.16);0.4437197696436483
(0.17);0.5774415259328651
(0.18);0.5321863220381451
(0.19);0.4827817481591566
(0.20);0.4206811386680265
(0.21);0.369144214089165
(0.22);0.32097757800627746
(0.23);0.25354929218259925
(0.24);0.30406298872386806
(0.25);0.42516152677670827
(0.31);0.9824127216643568
(1.2);0.5907334353169648
(1.3);0.4021717061149882
(1.4);0.44323985377151665
(1.5);0.4664154600677232
(1.6);0.5101031304179606
(1.7);0.5458339884392414
(1.8);0.48843939512672296
(1.9);0.46664742229764145
(1.10);0.4294505645229287
(1.11);0.3943470052895986
(1.12);0.4849283444986624
(1.13);0.2575547936821152
(1.14);0.2626793904253547
(1.15);0.18199077194242447
(1.16);0.2511683557694996
(1.17);0.35970960750776904
(1.18);0.3787454879966051
(1.19);0.34078224015774283
(1.20);0.3604068825948847
(1.21);0.29944425213323805
(1.22);0.26137786900374943
(1.23);0.2194987714019877
(1.24);0.2147955113740894
(1.25);0.28448246670001337
(1.26);0.3230409824325887
(1.27);0.32542133557629077
(1.28);0.22273142069352334
(1.29);0.21912540702218766
(1.30);0.2803230263835761
(1.31);0.38194862162346765
(2.3);0.48891565243211177
(2.4);0.5214250351736205
(2.5);0.4955924379823405
(2.6);0.5809235259854023
(2.7);0.43968437111625996
(2.8);0.41493864769559047
(2.9);0.3849891866874947
(2.10);0.35501470167983257
(2.11);0.3349615625179852
(2.12);0.4566466867302197
(2.13);0.3154172388727591
(2.14);0.3081293278913527
(2.15);0.2211478202716334
(2.16);0.27201862196489435
(2.17);0.37796975858287685
(2.18);0.34261346476455334
(2.19);0.302583925196142
(2.20);0.30807787170146905
(2.21);0.24841981913951075
(2.22);0.20852696373943205
(2.23);0.16261966204762218
(2.24);0.16725719205915654
(2.25);0.24675609506462454
(2.26);0.2936234796733199
(2.27);0.3249077915882209
(2.28);0.2330807575965318
(2.29);0.19189918385619154
(2.30);0.24875094174506748
(2.31);0.3787043058207744
(3.4);0.6486391906232031
(3.5);0.4624824201751409
(3.6);0.4709953041857051
(3.7);0.3338707409230114
(3.8);0.328034958249103
(3.9);0.28728532851495747
(3.10);0.2616472880210848
(3.11);0.2627486469877066
(3.12);0.3943628866048562
(3.13);0.442478052566155
(3.14);0.415527879554441
(3.15);0.31599536564859304
(3.16);0.3334323624950836
(3.17);0.41554167536388575
(3.18);0.30150170918291874
(3.19);0.26271029071099816
(3.20);0.24710711820301945
(3.21);0.1911981615143071
(3.22);0.14877632764558701
(3.23);0.09489218564763677
(3.24);0.1184166237324493
(3.25);0.2118520585916538
(3.26);0.2698300613775223
(3.27);0.3436803299485054
(3.28);0.2807184867282654
(3.29);0.1785993841953113
(3.30);0.2250722013567874
(3.31);0.37854087626693217
(4.5);0.5596759103861946
(4.6);0.5458967130729142
(4.7);0.3785888050966698
(4.8);0.3778085510444198
(4.9);0.3309845223411081
(4.10);0.30561277902192074
(4.11);0.31217812216695207
(4.12);0.4578785049755264
(4.13);0.4045888219392376
(4.14);0.41089852255714465
(4.15);0.3150317066490519
(4.16);0.36130435625662194
(4.17);0.4730780082956983
(4.18);0.35573293153951885
(4.19);0.31492553430248055
(4.20);0.2979422850990841
(4.21);0.24095870808712827
(4.22);0.19769419546618566
(4.23);0.1424203485930195
(4.24);0.16749684522088482
(4.25);0.26238236057925696
(4.26);0.32296841928064696
(4.27);0.3948648084072989
(4.28);0.31407179299084453
(4.29);0.2267019995712853
(4.30);0.27613912126528806
(4.31);0.4392550954622514
(5.6);0.5549310206062885
(5.7);0.41403046104776414
(5.8);0.418394614937559
(5.9);0.3694273678836103
(5.10);0.34573764035806775
(5.11);0.3546691942876523
(5.12);0.5116809336420572
(5.13);0.3287595386903924
(5.14);0.34858092839777416
(5.15);0.2705492895624613
(5.16);0.339051915174098
(5.17);0.45473075070737146
(5.18);0.39360088399650406
(5.19);0.3525906057916695
(5.20);0.34039179385497303
(5.21);0.28355353677808526
(5.22);0.2412507334345288
(5.23);0.18758109666753192
(5.24);0.20936391827943318
(5.25);0.29933792614130195
(5.26);0.35602120683490723
(5.27);0.40308403704426554
(5.28);0.30630125806596786
(5.29);0.25612735161238726
(5.30);0.30941993739265744
(5.31);0.45875031839015473
(6.7);0.42418024511741714
(6.8);0.41652928281022583
(6.9);0.375200955640171
(6.10);0.34902433390199805
(6.11);0.3455355585161758
(6.12);0.4833386743520979
(6.13);0.319793593245129
(6.14);0.32753452095603847
(6.15);0.24640820676224964
(6.16);0.3061189886261808
(6.17);0.41264120093585976
(6.18);0.3689641255003773
(6.19);0.329168215092328
(6.20);0.32561909110752685
(6.21);0.26793798576062977
(6.22);0.22699758250150542
(6.23);0.17701597522413295
(6.24);0.1910341055306797
(6.25);0.27536418936311025
(6.26);0.32617175848466945
(6.27);0.36331463553401055
(6.28);0.27103561927597203
(6.29);0.22673964596072044
(6.30);0.28117246269398094
(6.31);0.4156050687242437
(7.8);0.5606568733568351
(7.9);0.5306179349923479
(7.10);0.4801219018828088
(7.11);0.4438331755052868
(7.12);0.46736945276309005
(7.13);0.21255162732496719
(7.14);0.23076747821902693
(7.15);0.15994999900378498
(7.16);0.2433090541613471
(7.17);0.343104395789293
(7.18);0.40970621639870464
(7.19);0.37793640416755103
(7.20);0.40739350057132545
(7.21);0.34758314226841575
(7.22);0.31097983321147965
(7.23);0.26989010571121036
(7.24);0.263619100873926
(7.25);0.325304030252372
(7.26);0.3554737954741405
(7.27);0.33133484155700427
(7.28);0.22670174943458626
(7.29);0.2554358672964111
(7.30);0.3173218259734319
(7.31);0.38110609541833323
(8.9);0.5198365865210396
(8.10);0.4847277608113298
(8.11);0.4833793117651959
(8.12);0.4904458666314639
(8.13);0.21476719985682258
(8.14);0.2408196866187989
(8.15);0.1746196220637161
(8.16);0.2653881379687237
(8.17);0.3627825461970834
(8.18);0.45329897212719844
(8.19);0.4176713633885205
(8.20);0.4458409371773737
(8.21);0.3788471934897589
(8.22);0.3382845841842412
(8.23);0.29110517125208607
(8.24);0.2931013284874265
(8.25);0.3614141260127433
(8.26);0.3954669576668274
(8.27);0.3623060805326394
(8.28);0.2543925121606989
(8.29);0.2911156748738856
(8.30);0.35517689703319316
(8.31);0.4101068316073475
(9.10);0.6043637469201303
(9.11);0.4801218822841288
(9.12);0.42321518420449655
(9.13);0.17167897484861494
(9.14);0.1938152549496994
(9.15);0.12693028215020402
(9.16);0.2170024487355272
(9.17);0.3112118795106158
(9.18);0.40795652099333435
(9.19);0.38670238836551973
(9.20);0.4342940056386634
(9.21);0.378373816495063
(9.22);0.345706268971877
(9.23);0.3099331026796931
(9.24);0.29321848192705996
(9.25);0.3402105154339414
(9.26);0.35771681403509586
(9.27);0.31141023183075933
(9.28);0.2073674057482599
(9.29);0.26411828023598677
(9.30);0.3262113582674501
(9.31);0.35515058700747926
(10.11);0.49748505236772483
(10.12);0.40006200375322937
(10.13);0.14947452579796824
(10.14);0.17441333116888813
(10.15);0.11021246853813403
(10.16);0.20411367487581006
(10.17);0.29451915502025133
(10.18);0.4050431009787153
(10.19);0.3913181452329132
(10.20);0.4492145055721385
(10.21);0.3983500448386437
(10.22);0.3685997171589513
(10.23);0.33585753563935494
(10.24);0.31306884414177877
(10.25);0.3502459342081284
(10.26);0.3597638711540915
(10.27);0.3016140171567048
(10.28);0.19880609884366363
(10.29);0.27161462907639566
(10.30);0.3330169538995808
(10.31);0.34124910687349685
(11.12);0.4164098421043494
(11.13);0.1631877118409242
(11.14);0.19914488649961382
(11.15);0.14325423486528854
(11.16);0.24621426045176378
(11.17);0.32784102042619223
(11.18);0.4773366197847093
(11.19);0.4705722652072441
(11.20);0.577460384501164
(11.21);0.46479059271800327
(11.22);0.4170439740126106
(11.23);0.36348020438708795
(11.24);0.3648325185827942
(11.25);0.4213047919793046
(11.26);0.4342887148868453
(11.27);0.35410353197392974
(11.28);0.2505387817796875
(11.29);0.33801038314857956
(11.30);0.4055147802588042
(11.31);0.38406742523684595
(12.13);0.2793789668196039
(12.14);0.30758113632928413
(12.15);0.2380303347853679
(12.16);0.32421225340051457
(12.17);0.43580465883027497
(12.18);0.45399671494717275
(12.19);0.406577293495573
(12.20);0.40047115146997425
(12.21);0.3387650824570187
(12.22);0.29533549840459933
(12.23);0.24131117354280826
(12.24);0.2603177440224041
(12.25);0.34803202982814463
(12.26);0.40329440435827313
(12.27);0.41660497454333023
(12.28);0.3046631870746706
(12.29);0.2941947771649969
(12.30);0.3543553778244352
(12.31);0.48122851917739545
(13.14);0.48127348676831033
(13.15);0.39653921461686786
(13.16);0.3433941757915856
(13.17);0.3522605494053309
(13.18);0.21740347805530133
(13.19);0.185460383834902
(13.20);0.15640722714987512
(13.21);0.10799642422140088
(13.22);0.06638835432826981
(13.23);0.008524401927468742
(13.24);0.04714188131822668
(13.25);0.144859188131727
(13.26);0.20415815407691346
(13.27);0.298400087101273
(13.28);0.2878449010510686
(13.29);0.13467311971372242
(13.30);0.16602171122136153
(13.31);0.30306919512701225
(14.15);0.46450340117914557
(14.16);0.42750383437477124
(14.17);0.40942494909601557
(14.18);0.2639956797197778
(14.19);0.23573917157613852
(14.20);0.1989347935048921
(14.21);0.1550174821036856
(14.22);0.11390211567105603
(14.23);0.05360789812412134
(14.24);0.10072943592003467
(14.25);0.2004919466838403
(14.26);0.26257915435945245
(14.27);0.36775501151970236
(14.28);0.36941407709149626
(14.29);0.20056694856573024
(14.30);0.22689027186980404
(14.31);0.35577337018861005
(15.16);0.423742391631954
(15.17);0.34558246904625767
(15.18);0.21491272440030493
(15.19);0.1937488300457531
(15.20);0.14958299295135058
(15.21);0.11336819416835721
(15.22);0.0745845390005624
(15.23);0.01295498179375771
(15.24);0.0709452499692372
(15.25);0.16898459108970437
(15.26);0.22831527485825637
(15.27);0.33293547544876695
(15.28);0.3873164848542126
(15.29);0.18885782261361328
(15.30);0.20092382703107717
(15.31);0.30043509353675224
(16.17);0.446591698216642
(16.18);0.3252994595824034
(16.19);0.30790166991659407
(16.20);0.25851901697601143
(16.21);0.2259127260748392
(16.22);0.18746512574116964
(16.23);0.12483616234260725
(16.24);0.1856940682244482
(16.25);0.2861756345684497
(16.26);0.35174398384333844
(16.27);0.48018051155217645
(16.28);0.5444622506457499
(16.29);0.3078336596483727
(16.30);0.3233382576471844
(16.31);0.41228461987490794
(17.18);0.402632222264823
(17.19);0.36913035373241
(17.20);0.33054821242581656
(17.21);0.28368386195333084
(17.22);0.2408066552268866
(17.23);0.17964148821790088
(17.24);0.22362496186351177
(17.25);0.32661939566188436
(17.26);0.3990029576200255
(17.27);0.5263156717715488
(17.28);0.4124392128075985
(17.29);0.3108153022536678
(17.30);0.35292892673604864
(17.31);0.5488073720044894
(18.19);0.5831460338811246
(18.20);0.5051550654017469
(18.21);0.4350763887882602
(18.22);0.38321966660760437
(18.23);0.3175450589268546
(18.24);0.35519480017446114
(18.25);0.46629680219347036
(18.26);0.5559476695932872
(18.27);0.45512248705787456
(18.28);0.3350559233070884
(18.29);0.39569649643758914
(18.30);0.47710581563067445
(18.31);0.4787716269506429
(19.20);0.5322506592428867
(19.21);0.4785895901706612
(19.22);0.42049635104649297
(19.23);0.3482948940742404
(19.24);0.3970105338600629
(19.25);0.5395563865502971
(19.26);0.6274466701617234
(19.27);0.4339183665657741
(19.28);0.3286216976193791
(19.29);0.4351102236519079
(19.30);0.5402833904240896
(19.31);0.43550639013307557
(20.21);0.5301308438536122
(20.22);0.4566816863750841
(20.23);0.3867219600412316
(20.24);0.40557150973879347
(20.25);0.4778527279362167
(20.26);0.48158501922269864
(20.27);0.37237449622093305
(20.28);0.2714593201463929
(20.29);0.38157805957182656
(20.30);0.4566168405636891
(20.31);0.390864718334167
(21.22);0.574056917068495
(21.23);0.4488268348285754
(21.24);0.48407991561565006
(21.25);0.5025380121233611
(21.26);0.455923753826303
(21.27);0.33565042928801725
(21.28);0.2493571054765498
(21.29);0.40454602606332335
(21.30);0.4669840109744326
(21.31);0.3408373226576195
(22.23);0.5192041070807636
(22.24);0.5392771354211265
(22.25);0.45494566019928667
(22.26);0.40539388442498625
(22.27);0.2928307204530334
(22.28);0.21414095655554655
(22.29);0.38498539496820045
(22.30);0.4267484025316069
(22.31);0.29586678319833126
(23.24);0.4766800204645486
(23.25);0.37585794892675684
(23.26);0.3306863057592952
(23.27);0.22655964934292036
(23.28);0.15062760681204418
(23.29);0.3222496688338298
(23.30);0.3509479481397997
(23.31);0.23301338774141808
(24.25);0.45661204699141206
(24.26);0.39881839641666844
(24.27);0.28636444058550053
(24.28);0.22263516169073405
(24.29);0.4224813453609847
(24.30);0.4397270791053969
(24.31);0.2766150416540301
(25.26);0.583456766612418
(25.27);0.4018803398970594
(25.28);0.3214488303908303
(25.29);0.5090687346733549
(25.31);0.3842649705768941
(26.27);0.5015996534005265
(26.28);0.3858882395296196
(26.29);0.5072683946714556
(26.30);0.6849351691897687
(26.31);0.4700084679764982
(27.28);0.4999686597691154
(27.29);0.4062629938251878
(27.30);0.44834840040060203
(27.31);0.5782579562208445
(28.29);0.3696910636084225
(28.30);0.36896087594584603
(28.31);0.40243701698549894
(29.30);0.6120824852548332
(29.31);0.3565262834277312
(30.31);0.4111492347699187
