
****Mix criterion 0.5*C(weight)+0.5*C(distance) ******

(0.5);0.464695892989377
(0.6);0.41812525047744364
(0.7);0.3902748918839034
(0.8);0.425505420079396
(0.9);0.36647156482969107
(0.10);0.3539879201825397
(0.11);0.40714499402341703
(0.12);0.495721480741586
(0.13);0.3045740010623183
(0.14);0.36494543936860824
(0.15);0.31266820053326705
(0.16);0.4435479414948207
(0.17);0.5771151416158592
(0.18);0.5319534088276665
(0.19);0.4826226840199814
(0.20);0.420580079088406
(0.21);0.36907576496443545
(0.22);0.32093053060909404
(0.23);0.2535195142989501
(0.24);0.30403637941783723
(0.25);0.42555589176683806
(0.31);0.9824127216643568
(1.3);0.40345482775628305
(1.4);0.4461070876858184
(1.5);0.4678031057348559
(1.6);0.5119556882566763
(1.7);0.5481717193791639
(1.8);0.49006478116561475
(1.9);0.4680697079559594
(1.10);0.43059204028920084
(1.11);0.3952927185572237
(1.12);0.486553790275839
(1.13);0.2580892708949237
(1.14);0.26322877255744154
(1.15);0.18242167557695357
(1.16);0.2517070780543376
(1.17);0.3605480725639826
(1.18);0.3796730367538008
(1.19);0.3415669976588903
(1.20);0.3612730447438251
(1.21);0.300120384282649
(1.22);0.26197310215489517
(1.23);0.2200244072032147
(1.24);0.21531992476198117
(1.25);0.28539087621665526
(1.26);0.3239577918961596
(1.27);0.32634658745867656
(1.28);0.22392757094644872
(1.29);0.2203088735177516
(1.30);0.2804910829961066
(1.31);0.3829813464760714
(2.3);0.4908955623773275
(2.4);0.525722047487848
(2.5);0.497269523934606
(2.6);0.5838009603659596
(2.7);0.44087315243139863
(2.8);0.415973823837536
(2.9);0.3858756966088005
(2.10);0.3557854755376107
(2.11);0.3356711910715572
(2.12);0.4580090587051151
(2.13);0.316082052684285
(2.14);0.30878079511236184
(2.15);0.22163162045463436
(2.16);0.2725978965779743
(2.17);0.3788852186018421
(2.18);0.3433967150509195
(2.19);0.30325384089082014
(2.20);0.3087696987293928
(2.21);0.24898309167498417
(2.22);0.20902949479226585
(2.23);0.16306657012701384
(2.24);0.16771521773845732
(2.25);0.24755304734957487
(2.26);0.294445857839018
(2.27);0.3258312110825085
(2.28);0.23431472262439118
(2.29);0.19299431974029557
(2.30);0.24890243171841692
(2.31);0.3797210264450188
(3.5);0.4638356708768155
(3.6);0.4724322263308103
(3.7);0.33455384703103
(3.8);0.32870626690722604
(3.9);0.28785924071679775
(3.10);0.26217454140602403
(3.11);0.2632827730984952
(3.12);0.3953162703739703
(3.13);0.44373743706581636
(3.14);0.41661450603914535
(3.15);0.3166744153578484
(3.16);0.33417024044217614
(3.17);0.41665556120938774
(3.18);0.30216189934956944
(3.19);0.26328868738009337
(3.20);0.2476617025674825
(3.21);0.19167038575185855
(3.22);0.14920220472954512
(3.23);0.09527046928525629
(3.24);0.11882127809186714
(3.25);0.21256627403355743
(3.26);0.2705876792941282
(3.27);0.3446748830928886
(3.28);0.28215814018344687
(3.29);0.17965567124889323
(3.30);0.2252130812694255
(3.31);0.3795568010632655
(4.5);0.5652592357405142
(4.6);0.551017279561712
(4.7);0.3804364045047707
(4.8);0.37965362885862763
(4.9);0.3324688864619467
(4.10);0.3069522160947419
(4.11);0.3135585560403202
(4.12);0.4608039983080271
(4.13);0.40674052273054756
(4.14);0.41313124951996794
(4.15);0.31644949726089666
(4.16);0.3630486325843134
(4.17);0.4763085354347308
(4.18);0.35744498226494087
(4.19);0.31636646897022047
(4.20);0.29929586092474536
(4.21);0.24207057976548582
(4.22);0.19867283978437852
(4.23);0.14326760630316507
(4.24);0.16840667544783788
(4.25);0.26382434520307785
(4.26);0.3246469799451409
(4.27);0.3971366837635596
(4.29);0.2284618863969742
(4.30);0.2769468820386338
(4.31);0.4419669685089245
(5.6);0.5570817433497943
(5.7);0.41466458629005665
(5.8);0.4190581244787076
(5.9);0.3699144891585965
(5.10);0.34617110226003206
(5.11);0.35513110140465937
(5.12);0.5132104147489294
(5.13);0.32917675856544504
(5.14);0.349049887451245
(5.15);0.27088424675439726
(5.16);0.33951344415892865
(5.17);0.4557198252955914
(5.18);0.39424965203153217
(5.19);0.3531114426015498
(5.20);0.3408896028293337
(5.21);0.2839463900334434
(5.22);0.24159236926078873
(5.23);0.18787412847903637
(5.24);0.20968339103833233
(5.25);0.30004454718904056
(5.26);0.35676583571418263
(5.27);0.4040326908203695
(5.28);0.30762246203053945
(5.29);0.2572217117378144
(5.30);0.30933446826161676
(5.31);0.459920607171778
(6.7);0.4248725319743697
(6.8);0.4171918363070566
(6.9);0.3757117808047809
(6.10);0.349471350331957
(6.11);0.34598119685687523
(6.12);0.4845366383557939
(6.13);0.32019847927303324
(6.14);0.3279615188547859
(6.15);0.2467182164953482
(6.16);0.3065189389901001
(6.17);0.4133725313431216
(6.18);0.3695304157189221
(6.19);0.329636478435978
(6.20);0.3260876542192063
(6.21);0.26831173416966325
(6.22);0.22732668496579747
(6.23);0.1773032660409507
(6.24);0.19133937247658014
(6.25);0.27600957856477076
(6.26);0.32682707622330265
(6.27);0.36409168225119243
(6.28);0.27219335155246527
(6.29);0.22773536970207675
(6.30);0.2811007352332944
(6.31);0.41647758431842363
(7.8);0.5629485904113096
(7.9);0.5324094890325293
(7.10);0.4812734900677712
(7.11);0.44469082701713847
(7.12);0.4684223935810839
(7.13);0.21282224348515574
(7.14);0.2310598538565632
(7.15);0.16018919118666736
(7.16);0.24362509377804872
(7.17);0.3435950084905161
(7.18);0.41044165113579084
(7.19);0.3785491492787213
(7.20);0.4081400384690144
(7.21);0.34812008812045475
(7.22);0.31143914463718825
(7.23);0.2702853148254919
(7.24);0.2640123759668943
(7.25);0.3261065192509232
(7.26);0.35622786217657243
(7.27);0.3320103710173975
(7.28);0.2277009119751415
(7.29);0.25653509373993755
(7.30);0.31724485942317393
(7.31);0.38181961783221063
(8.9);0.5214763838502778
(8.10);0.4859376640707808
(8.11);0.484586298109854
(8.12);0.49174160112510434
(8.13);0.21504360072906223
(8.14);0.24112658682828012
(8.15);0.1748723879529689
(8.16);0.2657353644663857
(8.17);0.3633335066366451
(8.18);0.454316370872729
(8.19);0.41846706143007184
(8.20);0.44682741767246614
(8.21);0.3794903986752194
(8.22);0.3388118918470291
(8.23);0.2915398015765177
(8.24);0.29354760776774524
(8.25);0.36237967530685405
(8.26);0.39639671349216976
(8.27);0.36309131727216576
(8.28);0.2554916945610257
(8.29);0.2923721462305773
(8.30);0.3550929229596358
(8.31);0.4109636888745825
(9.10);0.6075460496335297
(9.11);0.4813056590397216
(9.12);0.4239749269184575
(9.13);0.17192478376527826
(9.14);0.19408206567561387
(9.15);0.12715543539979332
(9.16);0.21729926656078535
(9.17);0.311643925581027
(9.18);0.40869924885497305
(9.19);0.3873622143274752
(9.20);0.43520930830083915
(9.21);0.37902226335332134
(9.22);0.346259465617521
(9.23);0.31040913469034564
(9.24);0.2936699792342623
(9.25);0.3410828656895376
(9.26);0.3584911243813492
(9.27);0.31204142711329025
(9.28);0.20831547786790325
(9.29);0.26525960228397644
(9.30);0.3261439472525656
(9.31);0.35578286725503994
(10.11);0.49887277341622893
(10.12);0.4007179902152092
(10.13);0.1497089791767759
(10.14);0.1746688371367198
(10.15);0.11043147236846353
(10.16);0.2044024548590822
(10.17);0.29492633957239794
(10.18);0.40577997442078456
(10.19);0.3920043074980324
(10.20);0.45024470797245786
(10.21);0.3990884447274544
(10.22);0.36923047593942687
(10.23);0.33639973624047176
(10.24);0.3135656685927031
(10.25);0.35116871551383955
(10.26);0.360552167868506
(10.27);0.30222604866694774
(10.28);0.199733913125327
(10.29);0.27279133263489935
(10.30);0.3329542652254091
(10.31);0.34184511629127834
(11.12);0.41715147885594
(11.13);0.1634348258386394
(11.14);0.19942400259720777
(11.15);0.14349596582125643
(11.16);0.24655123077981783
(11.17);0.3283196263691455
(11.18);0.47859894460654556
(11.19);0.4717816862790855
(11.20);0.5802282512909153
(11.21);0.46597368112042364
(11.22);0.41789714616699164
(11.23);0.36411077984792667
(11.24);0.365478132153344
(11.25);0.42270509168820736
(11.26);0.4354714291578897
(11.27);0.3548774814282021
(11.28);0.25163591518752676
(11.29);0.3395514493058953
(11.30);0.4054354008823572
(11.31);0.3848213165049266
(12.13);0.27974840984857985
(12.14);0.3080033274853966
(12.15);0.23835713288362173
(12.16);0.3246816798627431
(12.17);0.43672181889107464
(12.18);0.45505871657888225
(12.19);0.4073493158868265
(12.20);0.4012246670096933
(12.21);0.33930959589472776
(12.22);0.2957910950327311
(12.23);0.24168912103541548
(12.24);0.2607293362995453
(12.25);0.3489567737830327
(12.26);0.40429441953568707
(12.27);0.4176811834002286
(12.28);0.30600725615095464
(12.29);0.29548476211754826
(12.30);0.35430187786908257
(12.31);0.4826803162399578
(13.14);0.48254820944590815
(13.15);0.3972330242242255
(13.16);0.34391635817468524
(13.17);0.35281510701509433
(13.18);0.2177281696530229
(13.19);0.1857594774439746
(13.20);0.1566873510821037
(13.21);0.10824806688032788
(13.22);0.06662095414522268
(13.23);0.008734308159526227
(13.24);0.04737316796143509
(13.25);0.14530741084369328
(13.26);0.20460847265247192
(13.27);0.29902106770332276
(13.28);0.2891088559398209
(13.29);0.13546243155326132
(13.30);0.16599837630279862
(13.31);0.30358755903757007
(14.15);0.46563960712654007
(14.16);0.4283770976380642
(14.17);0.4102081297795582
(14.18);0.26438286159387697
(14.19);0.23609487292050196
(14.20);0.19925590097421333
(14.21);0.15530526347183443
(14.22);0.11416543168294806
(14.23);0.05384125358349248
(14.24);0.10099367596008607
(14.25);0.20102106600864506
(14.26);0.2631283437127378
(14.27);0.36860260057330874
(14.28);0.3712152038679331
(14.29);0.20151550517988623
(14.30);0.22686749345143117
(14.31);0.3564417218518462
(15.16);0.42460329868541025
(15.17);0.34613298853336394
(15.18);0.21524412016695638
(15.19);0.19406416042052715
(15.20);0.14986576099853569
(15.21);0.11363026741160817
(15.22);0.07482794288185915
(15.23);0.013172478467705907
(15.24);0.07119527053718422
(15.25);0.16947118703099315
(15.26);0.22881009677287195
(15.27);0.3336647903851947
(15.28);0.3892921532047756
(15.29);0.18977882535699953
(15.30);0.20090763326047043
(15.31);0.30095979419181074
(16.17);0.4476271206795615
(16.18);0.325813144021449
(16.19);0.30838411238759067
(16.20);0.25892180396051073
(16.21);0.22627832829917063
(16.22);0.18779487457408406
(16.23);0.12511903142803646
(16.24);0.1860334028273784
(16.25);0.28689969773814594
(16.26);0.3525445056499047
(16.27);0.4817981895804421
(16.28);0.5494768677035082
(16.29);0.3092163360750789
(16.30);0.32332107925607795
(16.31);0.4132213138493259
(17.18);0.40342074095576147
(17.19);0.3697883680335804
(17.20);0.33109793193570086
(17.21);0.2841403340384738
(17.22);0.24120277125285164
(17.23);0.17997379156479906
(17.24);0.22401150928049984
(17.25);0.3274857310223825
(17.26);0.4000220895052556
(17.27);0.5284812547857645
(17.28);0.4147085721333142
(17.29);0.3122204263291638
(17.30);0.35291839729447316
(17.31);0.5512463999191543
(18.19);0.5860779901235289
(18.20);0.5068433198498146
(18.21);0.43609876685382615
(18.22);0.38397098496799187
(18.23);0.31809473169842334
(18.24);0.3558611360827821
(18.25);0.46826874008991093
(18.26);0.5585461711635498
(18.27);0.45653152378455397
(18.28);0.33661699894266583
(18.29);0.3977785751191045
(18.30);0.47710337324821284
(18.31);0.4802617044209242
(19.20);0.5343314035665043
(19.21);0.4799964312899696
(19.22);0.42144734452581817
(19.23);0.3489373826283174
(19.24);0.39785651943467387
(19.25);0.5429057417825021
(19.26);0.6312697438417467
(19.27);0.4351737818780523
(19.28);0.33014671626114817
(19.29);0.43769859133815303
(19.30);0.5403069652341091
(19.31);0.43662436291923107
(20.21);0.5322050664617536
(20.22);0.4579070734181778
(20.23);0.3875182839381366
(20.24);0.4064717352142394
(20.25);0.4800105311622163
(20.26);0.48326162574561726
(20.27);0.37329109721056847
(20.28);0.2726866472982943
(20.29);0.38352947427321227
(20.30);0.45664792940026394
(20.31);0.39172682315644
(21.22);0.5768880836822562
(21.23);0.45001233730414103
(21.24);0.48561189583783926
(21.25);0.5051206097497543
(21.26);0.45737297659443016
(21.27);0.33643390001340556
(21.28);0.2505001764895137
(21.29);0.40674739329541976
(21.30);0.46703534564464
(21.31);0.34151201526644354
(22.23);0.5211727418169821
(22.24);0.5415570205836842
(22.25);0.4568023596413901
(22.26);0.40649727953831044
(22.27);0.2934973547601955
(22.28);0.21516846704702403
(22.29);0.38698451285220303
(22.30);0.42680414122435006
(22.31);0.29642908714717997
(23.24);0.4781598145975896
(23.25);0.377015723310291
(23.26);0.3314701145309359
(23.27);0.22709689222392462
(23.28);0.1514928454251254
(23.29);0.3237616513558565
(23.30);0.35099677252740513
(23.31);0.2334669741973778
(24.25);0.45850926874586057
(24.26);0.39990595331351636
(24.27);0.2870302393564973
(24.28);0.2237014174605381
(24.29);0.4249264987410473
(24.30);0.43982024317871643
(24.31);0.277151263938375
(25.26);0.5877187284464677
(25.27);0.4033972621410144
(25.28);0.32324779705801115
(25.29);0.5138560081043438
(25.30);0.6891207703134018
(25.31);0.38551781047709044
(26.28);0.3880694296021974
(26.29);0.5112595780190822
(26.30);0.6859815799760898
(26.31);0.4716659001303225
(27.28);0.5038103423270057
(27.29);0.40865827703313923
(27.30);0.4486908414197396
(27.31);0.581344301828301
(28.30);0.3701127814111417
(28.31);0.40466533433158086
(29.31);0.358313655665925
(30.31);0.41127252520540597
