
****Importance edges******

(0.5);4.97745354057916
(0.6);3.8701823596628064
(0.7);3.3773770939127945
(0.8);4.0615745776118315
(0.9);3.0509968426774012
(0.10);2.901892953806097
(0.11);3.7503135380297725
(0.12);6.1024942891010365
(0.13);2.416670896970946
(0.14);3.1219739272628457
(0.15);2.527219757321996
(0.16);4.6554433942040525
(0.17);9.678063780859903
(0.18);7.6385226412844
(0.19);5.8451433976000295
(0.20);4.230526982137704
(0.21);3.3360430271548336
(0.22);2.750748774924031
(0.23);2.1822757717913284
(0.24);2.6230184395064122
(0.25);4.483591213228964
(0.31);35.46009019773698
(1.2);10.660532422861966
(1.3);4.122341459634115
(1.4);5.029911415548505
(1.5);4.344071356212725
(1.6);5.795956042274653
(1.7);7.30935195965604
(1.8);5.078881399809075
(1.9);4.441419397878214
(1.10);3.5622248727336787
(1.11);2.949375998943218
(1.12);5.065888028485122
(1.13);1.6646434600931228
(1.14);1.7099053870096041
(1.15);1.3402317212670036
(1.16);1.6744170135040215
(1.17);2.6042308161741965
(1.18);2.878883205625407
(1.19);2.4339555999221534
(1.20);2.6845002998277683
(1.21);2.0940172041023253
(1.22);1.8421187499347942
(1.23);1.6255296070802094
(1.24);1.620544153040071
(1.25);2.067734596934401
(1.26);2.99625821602438
(1.27);3.023849190749596
(1.28);2.173316186561869
(1.29);2.111918706674152
(1.30);2.5601897825875213
(1.31);3.150778509709724
(2.3);6.360943959505145
(2.4);7.538133245521541
(2.5);5.250173887832024
(2.6);9.00240890497767
(2.7);3.716946585691912
(2.8);3.234638865507995
(2.9);2.7683344325887003
(2.10);2.4053684612131674
(2.11);2.213103586170462
(2.12);4.245988377387894
(2.13);2.070580254902036
(2.14);2.0276365859084065
(2.15);1.504754891940603
(2.16);1.8004587798396903
(2.17);2.843373345969865
(2.18);2.4310162433271927
(2.19);2.0777693161942468
(2.20);2.144182663906646
(2.21);1.744484981090288
(2.22);1.5552256675686704
(2.23);1.3820639937361534
(2.24);1.4153926151982108
(2.25);1.8140340688959165
(2.26);2.687643871011686
(2.27);3.01786069683443
(2.28);2.242022824590235
(2.29);1.9542910328756802
(2.30);2.307812088401222
(2.31);3.1019506165376054
(3.4);13.77945794935647
(3.5);4.2363967619100515
(3.6);4.495588431924156
(3.7);2.1358587012861374
(3.8);2.0976537116046776
(3.9);1.792174990322835
(3.10);1.6454095457473792
(3.11);1.665767823607658
(3.12);2.9713297670848955
(3.13);3.922386438306834
(3.14);3.382032962749495
(3.15);2.112035935031388
(3.16);2.2934180064085625
(3.17);3.4596741069405623
(3.18);2.0490678991753093
(3.19);1.7939195352221955
(3.20);1.7188258509125558
(3.21);1.4625035630805687
(3.22);1.3179980987563096
(3.23);1.1698427911286726
(3.24);1.2504643689456936
(3.25);1.625707295921136
(3.26);2.475998555246211
(3.27);3.2503351552724715
(3.28);2.61574342314746
(3.29);1.8849645481635446
(3.30);2.1461774545905974
(3.31);3.0995225956825667
(4.5);7.915556706633071
(4.6);7.289937531871782
(4.7);2.6415969331211877
(4.8);2.649489192258977
(4.9);2.1409795346647713
(4.10);1.9406843896719927
(4.11);2.0092995295241156
(4.12);4.278195225836776
(4.13);3.1616344863244352
(4.14);3.296624547811269
(4.15);2.103709310980283
(4.16);2.601142757960084
(4.17);4.842090094942577
(4.18);2.579418010597444
(4.19);2.182377059228516
(4.20);2.0610234085852395
(4.21);1.7021738221490839
(4.22);1.5064567651002805
(4.23);1.3114842057045932
(4.24);1.4163034730489372
(4.25);1.911889793817425
(4.26);2.995423766469095
(4.27);4.054205236991261
(4.28);2.948596642875613
(4.29);2.15999249530465
(4.30);2.5239962764060477
(4.31);4.245701527846381
(5.6);6.263017369229819
(5.7);1.8466059461812663
(5.8);1.9321745647649746
(5.9);1.4185226874881975
(5.10);1.2622637804427816
(5.11);1.3450977377355877
(5.12);4.453929158081264
(5.13);1.2149661466744714
(5.14);1.3656333463781027
(5.15);0.9754129012573742
(5.16);1.3439965970162469
(5.17);2.880237047843829
(5.18);1.8892465261974556
(5.19);1.5167040924565347
(5.20);1.449645828312317
(5.21);1.1440092728345985
(5.22);0.9948614345005521
(5.23);0.8533239957269348
(5.24);0.930321420565584
(5.25);1.317925013437618
(5.26);2.3910248650208925
(5.27);3.04615470886355
(5.28);1.9728545079902273
(5.29);1.5913827252848505
(5.30);1.9403434912850732
(5.31);3.3485603857970845
(6.7);2.0159756168829746
(6.8);1.929390513595859
(6.9);1.4875496566221926
(6.10);1.30173527648668
(6.11);1.2977222083240412
(6.12);3.4885339756208027
(6.13);1.1790493372423958
(6.14);1.243440264234422
(6.15);0.9027645933858268
(6.16);1.1646764249923505
(6.17);2.1296724820328965
(6.18);1.6490668011393481
(6.19);1.3636074029108771
(6.20);1.3644803431265478
(6.21);1.0883749588675555
(6.22);0.9583636274555422
(6.23);0.8366059182583832
(6.24);0.8889533484495888
(6.25);1.2085221560076715
(6.26);2.1025313580791893
(6.27);2.49308845656284
(6.28);1.7352891618170434
(6.29);1.4537238319926746
(6.30);1.75055607149339
(6.31);2.497009598370586
(7.8);6.673600193643429
(7.9);5.217099277650322
(7.10);3.3534851604641345
(7.11);2.497526160307123
(7.12);3.066218856790928
(7.13);0.7880484440744527
(7.14);0.8514131827352183
(7.15);0.6965401749248166
(7.16);0.9203239305223444
(7.17);1.4286899037093446
(7.18);2.1416245056291463
(7.19);1.7843458836142547
(7.20);2.173957491328062
(7.21);1.5636144676530708
(7.22);1.3375389486092546
(7.23);1.1508696575125732
(7.24);1.145237686067885
(7.25);1.5087731630351868
(7.26);2.417360314918424
(7.27);2.1655884072937304
(7.28);1.5033885404561182
(7.29);1.611362228234733
(7.30);2.033390684515916
(7.31);2.0423838782143906
(8.9);4.775175780349666
(8.10);3.5233017142309144
(8.11);3.514807505450427
(8.12);3.773246767434127
(8.13);0.8048938287997781
(8.14);0.8937094976118659
(8.15);0.736067519404403
(8.16);1.0111417626843129
(8.17);1.6044256811590087
(8.18);2.9627184786746597
(8.19);2.317114407212985
(8.20);2.872682912675007
(8.21);1.8730472166538465
(8.22);1.535547555323334
(8.23);1.2656662879159655
(8.24);1.2995886580934148
(8.25);1.8227788790617705
(8.26);2.9780802053739834
(8.27);2.515174335858232
(8.28);1.6603866620229135
(8.29);1.8495070605527353
(8.30);2.4213549624135844
(8.31);2.4531367918857425
(9.10);9.267032316624393
(9.11);3.447219965453633
(9.12);2.2124106085041073
(9.13);0.7158084505417563
(9.14);0.7769668199887089
(9.15);0.6556580652593713
(9.16);0.8643490662392773
(9.17);1.2581408047428069
(9.18);2.162862466629058
(9.19);1.9214477890624682
(9.20);2.665409332104136
(9.21);1.8883112426078248
(9.22);1.6109376304918026
(9.23);1.3862301684532914
(9.24);1.3147838259056024
(9.25);1.6536644295410818
(9.26);2.4780682662512135
(9.27);2.020049205096732
(9.28);1.437865749175077
(9.29);1.6871104847969645
(9.30);2.142585799688818
(9.31);1.8105360708671419
(10.11);4.041116437100303
(10.12);1.9102669638682588
(10.13);0.6827405290527514
(10.14);0.7440467718600966
(10.15);0.6377506340243881
(10.16);0.8409424490351985
(10.17);1.1857427603240416
(10.18);2.14581408995613
(10.19);1.9981404844152315
(10.20);3.000003392582762
(10.21);2.1502591828830244
(10.22);1.8368026329016514
(10.23);1.5789165724196406
(10.24);1.446778844457134
(10.25);1.7566046653185554
(10.26);2.520656039580192
(10.27);1.9570307658241013
(10.28);1.412891176750143
(10.29);1.746903436426795
(10.30);2.223203298980171
(10.31);1.7070085606082224
(11.12);2.159685096973336
(11.13);0.719608914976789
(11.14);0.8128007073627022
(11.15);0.7039332152314285
(11.16);0.9812752591612439
(11.17);1.3937255942377507
(11.18);3.6759560518169634
(11.19);3.521897558635716
(11.20);8.060173182373653
(11.21);3.445215444932214
(11.22);2.4844820365463294
(11.23);1.8362687965094744
(11.24);1.8800605602805884
(11.25);2.6769254314271533
(11.26);3.7785433382623177
(11.27);2.4726188109745024
(11.28);1.67768745404125
(11.29);2.2978637229998595
(11.30);3.1896875658250976
(11.31);2.159618258146618
(12.13);1.0758374664535504
(12.14);1.2294427777135573
(12.15);0.9516531927582276
(12.16);1.3669944651819503
(12.17);2.670818174261227
(12.18);3.092604421295546
(12.19);2.248169672476447
(12.20);2.194276750685333
(12.21);1.5856516738144988
(12.22);1.3267212633370888
(12.23);1.1006029103488337
(12.24);1.1985782865596926
(12.25);1.7754053942793635
(12.26);3.192030185690592
(12.27);3.4352390192826334
(12.28);2.064003608212308
(12.29);1.9320725437952027
(12.30);2.4849519280201773
(12.31);4.159685981100708
(13.14);3.7120592576858975
(13.15);2.020409945884806
(13.16);1.5206224722058237
(13.17);1.6149008293486584
(13.18);0.9455189527862756
(13.19);0.8709762680028431
(13.20);0.8157355746490574
(13.21);0.7327966138164337
(13.22);0.6773428597685128
(13.23);0.6112579509633442
(13.24);0.6735188289885812
(13.25);0.8642727024451647
(13.26);1.43612194449031
(13.27);1.9803843725532404
(13.28);1.9493551347362417
(13.29);1.1875661752895816
(13.30);1.2872169010803174
(13.31);1.485512687614772
(14.15);3.3086912783348796
(14.16);2.542988398866889
(14.17);2.280663204536106
(14.18);1.1274939133166106
(14.19);1.0358209605275823
(14.20);0.9350817830056699
(14.21);0.8380344294490008
(14.22);0.7667900295636897
(14.23);0.6795433301011038
(14.24);0.7694808480010018
(14.25);1.0247336361762933
(14.26);1.7498465472715317
(14.27);2.700618229552198
(14.28);2.7900208590098003
(14.29);1.4337632135207146
(14.30);1.5513498183000367
(14.31);1.9157295444674434
(15.16);2.5070064681140996
(15.17);1.603141604494343
(15.18);0.9650418441402381
(15.19);0.9182585808510056
(15.20);0.8234353760060912
(15.21);0.7631710221354109
(15.22);0.7088048614832111
(15.23);0.6333617156374342
(15.24);0.7280729998532205
(15.25);0.946553490829942
(15.26);1.5751743758134227
(15.27);2.321639696680522
(15.28);3.0740728772128336
(15.29);1.3986676625704357
(15.30);1.4465430721827128
(15.31);1.5042806488121236
(16.17);3.015204488508285
(16.18);1.4958760136610787
(16.19);1.4048977650093086
(16.20);1.1729368128161293
(16.21);1.064652841995084
(16.22);0.9602458867663133
(16.23);0.8237296046692507
(16.24);0.9881601515350223
(16.25);1.4147856537921173
(16.26);2.5459526371289964
(16.27);5.1448088088375865
(16.28);7.83804776405109
(16.29);2.10983224801119
(16.30);2.2412353888194816
(16.31);2.68598504439791
(17.18);2.296207761889501
(17.19);1.916172137889945
(17.20);1.6008120288893513
(17.21);1.329270640044703
(17.22);1.1535106318750128
(17.23);0.9676847653938053
(17.24);1.1256463409508923
(17.25);1.700416191127637
(17.26);3.23817785458435
(17.27);6.88089840042082
(17.28);3.5634965075077187
(17.29);2.1545171240748004
(17.30);2.5721165040592835
(17.31);6.995386232616489
(18.19);8.538010270011522
(18.20);4.916285450486356
(18.21);2.977218519631892
(18.22);2.1878784492964556
(18.23);1.6006759244645794
(18.24);1.9404050941279272
(18.25);3.8880708796927927
(18.26);8.248639104247523
(18.27);4.4728221741403305
(18.28);2.4628201481609007
(18.29);3.2082947315119243
(18.30);5.057809032243523
(18.31);4.274578129469997
(19.20);6.059236542270883
(19.21);4.096795085550146
(19.22);2.769342862543755
(19.23);1.8709603484995867
(19.24);2.4635543395378328
(19.25);6.634220177268768
(19.26);12.124309052532883
(19.27);3.981362774899455
(19.28);2.417419997128136
(19.29);4.008469846724171
(19.30);7.445058622300993
(19.31);3.2077868683105546
(20.21);6.040244964938133
(20.22);3.56839130385312
(20.23);2.318936930810014
(20.24);2.621503774005933
(20.25);4.293815894717759
(20.26);5.311982636779522
(20.27);2.9040615524519886
(20.28);1.9549595323806512
(20.29);3.037464055111677
(20.30);4.536357722882538
(20.31);2.4741415602907484
(21.22);8.244505588045406
(21.23);3.45224535247612
(21.24);4.46120671288745
(21.25);5.163041289499987
(21.26);4.58709910435926
(21.27);2.4798519190839796
(21.28);1.829713460019401
(21.29);3.444260989524305
(21.30);4.8538545512846
(21.31);1.9366935710533664
(22.23);5.732767547019034
(22.24);6.639145104157689
(22.25);3.729247732111446
(22.26);3.4890564115592206
(22.27);2.1079708215871817
(22.28);1.6529518761027462
(22.29);3.14424674747687
(22.30);3.8886893586218743
(22.31);1.6144211061173406
(23.24);4.309238085711071
(23.25);2.336398791597542
(23.26);2.4760400689606894
(23.27);1.6971421452019932
(23.28);1.3989595735065476
(23.29);2.390737581141968
(23.30);2.6938685797182425
(23.31);1.3025569129680734
(24.25);3.846770494293365
(24.26);3.432155711715599
(24.27);2.101154487965428
(24.28);1.7328334706981543
(24.29);3.8871380439407726
(24.30);4.245007613142648
(24.31);1.5401839090598886
(25.26);9.904670455640414
(25.27);3.525281435692521
(25.28);2.488861883775032
(25.29);6.480489539892875
(25.30);15.72255076527305
(25.31);2.5402341876211456
(26.28);4.029032860265388
(26.29);7.243061075996452
(26.30);16.21130591119059
(26.31);5.161489235631104
(27.28);7.096247804830589
(27.29);4.346876867938708
(27.30);5.305197720005433
(27.31);9.61133738932652
(28.31);3.638370459859657
(29.30);12.015985688970563
(29.31);2.856282332035394
(30.31);3.7041145045094024

****Importance nodes******

0; 0.05
1; 0.03666666666666667
2; 0.03666666666666667
3; 0.03666666666666667
4; 0.03666666666666667
5; 0.012505694157529534
6; 0.012909103646482099
7; 0.013325526344755714
8; 0.013755382033296222
9; 0.014199104034370292
10; 0.014657139648382236
11; 0.015129950604781664
12; 0.015618013527516557
13; 0.016121820415500962
14; 0.016641879138581638
15; 0.017178713949503627
16; 0.017732866012390838
17; 0.01830489394827441
18; 0.018895374398218746
19; 0.0195049026046129
20; 0.02013409301121331
21; 0.020783579882542775
22; 0.021454017943269958
23; 0.02214608303821415
24; 0.022860472813640415
25; 0.02359790742053204
26; 0.03793103448275863
27; 0.03793103448275863
28; 0.03928571428571429
29; 0.03793103448275863
30; 0.03793103448275863
31; 0.024359130240549205
