
****Mix criterion 0.5*C(weight)+0.5*C(distance) ******

(0.5);0.46505238936801796
(0.6);0.41839129091604954
(0.7);0.3904971416753462
(0.8);0.42576054930692386
(0.9);0.3666539253603096
(0.10);0.35415237590010024
(0.11);0.4073457059390252
(0.12);0.49602850624343764
(0.13);0.3046877065275373
(0.14);0.36508198188317215
(0.15);0.3127702202642688
(0.16);0.4437199514471937
(0.17);0.5774391224010187
(0.18);0.532182197130926
(0.19);0.4827768622648101
(0.20);0.4206763331473576
(0.21);0.3691394101045635
(0.22);0.3209727692977071
(0.23);0.253544796261216
(0.24);0.3040567561696895
(0.25);0.4255734061791784
(0.31);0.9824127216643568
(1.2);0.5908636022780189
(1.3);0.40222204062352335
(1.4);0.4433012698675767
(1.5);0.4664171407734866
(1.6);0.5101037379073553
(1.7);0.5458326610938993
(1.8);0.4884369964702327
(1.9);0.46664401488923185
(1.10);0.429446766257316
(1.11);0.3943429663117324
(1.12);0.48491985085015027
(1.13);0.25755148472388484
(1.14);0.2626754528406272
(1.15);0.18198725837983298
(1.16);0.25116342613158754
(1.17);0.3597010912591483
(1.18);0.3787351248757306
(1.19);0.3407726683650698
(1.20);0.3603954231116073
(1.21);0.29943460284003526
(1.22);0.2613687499788989
(1.23);0.21949016355737366
(1.24);0.2147863662500605
(1.25);0.2847088563591083
(1.26);0.3230769471862676
(1.27);0.32545763151057505
(1.28);0.22275704220925302
(1.29);0.21915075685207525
(1.30);0.279738434371148
(1.31);0.3819402160950219
(2.3);0.4889933206677872
(2.4);0.5215170770958877
(2.5);0.49559446925595196
(2.6);0.5809244695515537
(2.7);0.4396836961355278
(2.8);0.4149371200388295
(2.9);0.3849870628515808
(2.10);0.3550121369264443
(2.11);0.33495853181711716
(2.12);0.45663956775469927
(2.13);0.3154131229982548
(2.14);0.30812465863250704
(2.15);0.22114387539373373
(2.16);0.272013321248413
(2.17);0.3779604603001803
(2.18);0.34260471383116076
(2.19);0.3025757541444114
(2.20);0.3080687187036533
(2.21);0.2484117805011283
(2.22);0.20851926491897807
(2.23);0.16261234345308356
(2.24);0.1672492046550545
(2.25);0.246954707862927
(2.26);0.2936557400603856
(2.27);0.32494401564128095
(2.28);0.23310718910402328
(2.29);0.19192264164605705
(2.30);0.248223977485527
(2.31);0.3786960305535462
(3.4);0.6488074402091615
(3.5);0.46248405922198654
(3.6);0.4709957753801509
(3.7);0.33387035306070645
(3.8);0.32803396756822395
(3.9);0.2872839535778965
(3.10);0.2616455335831367
(3.11);0.26274636582742994
(3.12);0.3943579047674146
(3.13);0.44247025569361215
(3.14);0.41552009138005236
(3.15);0.3159898287176762
(3.16);0.3334256104612346
(3.17);0.41553036167976126
(3.18);0.3014943331496438
(3.19);0.2627032359291181
(3.20);0.24709978095068372
(3.21);0.19119142225463787
(3.22);0.1487698031707583
(3.23);0.09488599085123009
(3.24);0.11840956705847577
(3.25);0.21203005209287848
(3.26);0.26985978133879684
(3.27);0.34371934444418806
(3.28);0.2807493240779687
(3.29);0.1786220098439639
(3.30);0.2245821446407814
(3.31);0.3785326074770867
(4.5);0.5596789728869425
(4.6);0.5458974771504377
(4.7);0.3785883253945834
(4.8);0.37780729974242105
(4.9);0.33098287980501373
(4.10);0.3056107097435776
(4.11);0.3121753705624333
(4.12);0.45787133200085545
(4.13);0.40458253728026666
(4.14);0.4108909310619833
(4.15);0.31502619154728173
(4.16);0.361296698252761
(4.17);0.4730621738916061
(4.18);0.35572364640402687
(4.19);0.3149169518695282
(4.20);0.29793348708804035
(4.21);0.2409508644198175
(4.22);0.1976867380660166
(4.23);0.14241340374734746
(4.24);0.1674888526765908
(4.25);0.26259168728844445
(4.26);0.3230043740182423
(4.27);0.3949134719343381
(4.28);0.31410655439175483
(4.29);0.22672792644154852
(4.30);0.27556279365371
(4.31);0.4392437689393446
(5.6);0.5547163310864189
(5.7);0.4139671613759603
(5.8);0.4183283820652614
(5.9);0.3693787424469003
(5.10);0.34569437130914193
(5.11);0.35462308577948964
(5.12);0.5115282577262631
(5.13);0.3287178909536371
(5.14);0.3485341159509666
(5.15);0.2705158534540969
(5.16);0.33900584441185844
(5.17);0.454632019269718
(5.18);0.3935361226513388
(5.19);0.3525386148016726
(5.20);0.34034210155036754
(5.21);0.28351432136688137
(5.22);0.24121663065129859
(5.23);0.18755184563593877
(5.24);0.20933202785867738
(5.25);0.29954679414043645
(5.26);0.3560221087236809
(5.27);0.4030851860464257
(5.28);0.3063019827574148
(5.29);0.25612795187808735
(5.30);0.30873092546855574
(5.31);0.4586559250969474
(6.7);0.42411113963490904
(6.8);0.4164631453722171
(6.9);0.37514996403297357
(6.10);0.34897971181251136
(6.11);0.3454910739903627
(6.12);0.48321909114800926
(6.13);0.3197531766980891
(6.14);0.3274918971570647
(6.15);0.2463772609599816
(6.16);0.3060790647671614
(6.17);0.41256819804672623
(6.18);0.3689075972586533
(6.19);0.32912147209269016
(6.20);0.32557231818443444
(6.21);0.26790067743405455
(6.22);0.22696473082396582
(6.23);0.17698729727030937
(6.24);0.19100363316307895
(6.25);0.2755531447151017
(6.26);0.32617197337597703
(6.27);0.3633148903425947
(6.28);0.27103579202975087
(6.29);0.22673979454000986
(6.30);0.2805553001973641
(6.31);0.4155345153825509
(7.8);0.5604281094979938
(7.9);0.5304390984231673
(7.10);0.4800069480072971
(7.11);0.4437475629864947
(7.12);0.4672643460684457
(7.13);0.21252461386929267
(7.14);0.23073829268805424
(7.15);0.15992612235345677
(7.16);0.24327750644383012
(7.17);0.3430554218313128
(7.18);0.40963280380701783
(7.19);0.3778752387039333
(7.20);0.4073189796395581
(7.21);0.347529543241057
(7.22);0.31093398381050324
(7.23);0.2698506551333758
(7.24);0.26357984335403367
(7.25);0.3255366867992316
(7.26);0.35547336732096513
(7.27);0.33133445799666056
(7.28);0.22670149001668796
(7.29);0.2554355818983881
(7.30);0.3166102073187942
(7.31);0.38104825163805256
(8.9);0.5196728986154922
(8.10);0.4846069858064415
(8.11);0.4832588279326766
(8.12);0.49031652377815643
(8.13);0.21473960895942223
(8.14);0.24078905121550465
(8.15);0.1745943904584025
(8.16);0.26535347711330004
(8.17);0.3627275482050857
(8.18);0.4531974133145372
(8.19);0.4175919351911772
(8.20);0.4457424646873739
(8.21);0.378782987439555
(8.22);0.3382319472605422
(8.23);0.2910617855688525
(8.24);0.29305677998171664
(8.25);0.3616912493837299
(8.26);0.3954655855836474
(8.27);0.3623049217228818
(8.28);0.254391766712933
(8.29);0.2911148227552877
(8.30);0.3543358610182301
(8.31);0.41003718979128556
(9.10);0.604046082988932
(9.11);0.48000371528000957
(9.12);0.4231393451411039
(9.13);0.17165443770245908
(9.14);0.19378862136021624
(9.15);0.1269078068947591
(9.16);0.21697281977633856
(9.17);0.3111687517928761
(9.18);0.407882380387117
(9.19);0.38663652319559144
(9.20);0.4342026382647556
(9.21);0.37830908721041634
(9.22);0.3456510477572386
(9.23);0.30988558419590984
(9.24);0.29317341254729057
(9.25);0.3404583108000107
(9.26);0.35771495899875344
(9.27);0.311408719659065
(9.28);0.2073663566507678
(9.29);0.26411701729609705
(9.30);0.3254728596358086
(9.31);0.35509906518762857
(10.11);0.4973465272293657
(10.12);0.39999652185
(10.13);0.1494511221847038
(10.14);0.17438782604335615
(10.15);0.11019060713023054
(10.16);0.2040848482703613
(10.17);0.29447850902984524
(10.18);0.4049695447725701
(10.19);0.39124965111962223
(10.20);0.4491116686726074
(10.21);0.3982763362594792
(10.22);0.368536753534215
(10.23);0.33580341207225256
(10.24);0.31301925011430565
(10.25);0.35050528222405486
(10.26);0.359761248093321
(10.27);0.3016119806191733
(10.28);0.19880466547584186
(10.29);0.27161281120287306
(10.30);0.3322566787932226
(10.31);0.3412004144255631
(11.12);0.4163358104149569
(11.13);0.16316304441892257
(11.14);0.19911702456289448
(11.15);0.14323010478946585
(11.16);0.24618062338805638
(11.17);0.32779324500725004
(11.18);0.47721061195281284
(11.19);0.47045153833530395
(11.20);0.5771840904070279
(11.21);0.4646724944266982
(11.22);0.41695880863239443
(11.23);0.36341725906169076
(11.24);0.3647680721226909
(11.25);0.4216940722593377
(11.26);0.43428366371866745
(11.27);0.354100226569615
(11.28);0.25053659487504765
(11.29);0.3380073113573956
(11.30);0.4044327391914776
(11.31);0.3840056733075874
(12.13);0.27934208826482526
(12.14);0.30753899234913945
(12.15);0.2379977131343344
(12.16);0.3241653942960139
(12.17);0.43571310604705765
(12.18);0.45389070378366925
(12.19);0.40650022864981017
(12.20);0.4003959340157835
(12.21);0.3387107280178622
(12.22);0.29529001982227476
(12.23);0.24127344605516773
(12.24);0.26027665804392164
(12.25);0.34828623984635165
(12.26);0.4032891788518041
(12.27);0.41659935089233896
(12.28);0.30465989157119666
(12.29);0.29419161426960155
(12.30);0.3535193117183183
(12.31);0.48110928878602993
(13.14);0.4811462413572285
(13.15);0.39646995713031624
(13.16);0.3433420504837324
(13.17);0.3522051923364853
(13.18);0.21737106667943662
(13.19);0.18543052770234292
(13.20);0.15637926460905216
(13.21);0.1079713047392236
(13.22);0.06636513574132077
(13.23);0.008503448660333706
(13.24);0.04711879381495244
(13.25);0.1449809929002738
(13.26);0.20415536614635035
(13.27);0.29839624259897285
(13.28);0.28784120930848867
(13.29);0.13467081430222966
(13.30);0.16559225037811182
(13.31);0.303026511586872
(14.15);0.4643899827898828
(14.16);0.4274166634591884
(14.17);0.4093467704068151
(14.18);0.2639570304373895
(14.19);0.23570366474427515
(14.20);0.19890273990401616
(14.21);0.15498875518203012
(14.22);0.11387583093103652
(14.23);0.053584604107408756
(14.24);0.10070305894164437
(14.25);0.2006340452857562
(14.26);0.2625752181564278
(14.27);0.3677489365974984
(14.28);0.36940795308017027
(14.29);0.20056372337829512
(14.30);0.22637711260482693
(14.31);0.3557181903828043
(15.16);0.4236564541383756
(15.17);0.34552751507103113
(15.18);0.2148796438006581
(15.19);0.19371735312620827
(15.20);0.14955476646959323
(15.21);0.11334203348403184
(15.22);0.07456024192992984
(15.23);0.012933270833270503
(15.24);0.07092029240748167
(15.25);0.1691136933337618
(15.26);0.22831124010981305
(15.27);0.3329295286581792
(15.28);0.387308799648847
(15.29);0.18885423998031192
(15.30);0.20044951404456623
(15.31);0.30039165846992366
(16.17);0.446488340239842
(16.18);0.32524818255661464
(16.19);0.3078535115276173
(16.20);0.25847880995975464
(16.21);0.22587623091699424
(16.22);0.18743220954179912
(16.23);0.12480792577500682
(16.24);0.18566019515401258
(16.25);0.28636536242686783
(16.26);0.3517366585799177
(16.27);0.4801657088102776
(16.28);0.544440234663431
(16.29);0.30782758919884234
(16.30);0.3226099209196641
(16.31);0.41220687279181323
(17.18);0.4025535107248641
(17.19);0.36906466940614696
(17.20);0.33049333830594385
(17.21);0.28363829598110635
(17.22);0.2407671141192827
(17.23);0.17960831702174737
(17.24);0.22358637591392316
(17.25);0.32684351895841846
(17.26);0.3989926063472472
(17.27);0.5262936760506522
(17.28);0.4124280895602004
(17.29);0.3108084150487463
(17.30);0.3521006687013338
(17.31);0.5486043870671743
(18.19);0.5828533600439871
(18.20);0.5049865404080126
(18.21);0.4349743329297427
(18.22);0.3831446684803247
(18.23);0.31749018947249563
(18.24);0.35512828516844225
(18.25);0.46680029604808493
(18.26);0.5559186376036949
(18.27);0.4551067444698952
(18.28);0.3350474569698623
(18.29);0.39568520449256916
(18.30);0.47549225136451767
(18.31);0.47864728457628497
(19.20);0.5320429551112604
(19.21);0.47844915642793484
(19.22);0.4204014209426048
(19.23);0.3482307595596392
(19.24);0.39692608585886036
(19.25);0.5404001338877608
(19.26);0.6274000396184214
(19.27);0.4339030540965462
(19.28);0.3286126143690853
(19.29);0.43509480692787417
(19.30);0.5379307329334648
(19.31);0.43541284809350583
(20.21);0.529923790732893
(20.22);0.4565593657474111
(20.23);0.3866424693697336
(20.24);0.4054816474003393
(20.25);0.47838884561110456
(20.26);0.4815628374124734
(20.27);0.3723623694225898
(20.28);0.2714513427301063
(20.29);0.38156537571048077
(20.30);0.4551971882925573
(20.31);0.3907923910060852
(21.22);0.5737743042571437
(21.23);0.4487084955595776
(21.24);0.4839269902330805
(21.25);0.5031706357256523
(21.26);0.4559030715152814
(21.27);0.3356392481324522
(21.28);0.24934904171441535
(21.29);0.4045304965804401
(21.30);0.46547996057532626
(21.31);0.3407805661176871
(22.23);0.5190075939562366
(22.24);0.5390495526458082
(22.25);0.4553938998210421
(22.26);0.40537698031364944
(22.27);0.2928205075561181
(22.28);0.21413312678862267
(22.29);0.3849701614234192
(22.30);0.425555524074172
(22.31);0.29581935365012413
(23.24);0.47653230440356964
(23.25);0.3761333137578391
(23.26);0.3306734700580404
(23.27);0.22655085142004508
(23.28);0.1506205145795801
(23.29);0.3222372753375553
(23.30);0.35013004361552597
(23.31);0.23297502536280862
(24.25);0.4570564230063139
(24.26);0.398799430762969
(24.27);0.2863528298744096
(24.28);0.22262579500207452
(24.29);0.4224598655330818
(24.30);0.4384516582292767
(24.31);0.2765695682968712
(25.26);0.584518913220319
(25.27);0.402258380310982
(25.28);0.3217099786486953
(25.29);0.5097636825783016
(25.30);0.6840414233974259
(25.31);0.3845584165068988
(26.27);0.5016826472580079
(26.28);0.38593496057960247
(26.29);0.5073538857430588
(26.30);0.6812951851499215
(26.31);0.4699949778459172
(27.28);0.5000509485366382
(27.29);0.4063143007460696
(27.30);0.44715720487725286
(27.31);0.5782328359134059
(28.29);0.36973456563639895
(28.30);0.3681390052293122
(28.31);0.4024277101016479
(29.30);0.6093844918685821
(29.31);0.3565188182137442
(30.31);0.41007339697186296
