
****Importance edges******

(0.5);5.017431144600251
(0.6);3.9011312727934806
(0.7);3.404264789949595
(0.8);4.0937618062868655
(0.9);3.0750626544855426
(0.10);2.924673476795096
(0.11);3.779610786635949
(0.12);6.149929026786095
(0.13);2.435360019908298
(0.14);3.145991821879414
(0.15);2.5465587773281753
(0.16);4.6908748854735265
(0.17);9.751313261835001
(0.18);7.7660206323445005
(0.19);5.947359221085454
(0.20);4.264577235398978
(0.21);3.363782360063675
(0.22);2.77274482325282
(0.23);2.1996578035557626
(0.24);2.6438279371488203
(0.25);4.519017690646494
(0.31);35.73912353727975
(1.3);4.304560672865896
(1.4);5.25224780125105
(1.5);4.490103259947198
(1.6);5.9893311188472715
(1.7);7.5513451976736174
(1.8);5.245707762391392
(1.9);4.5861342061984125
(1.10);3.6773389574950985
(1.11);3.04388510381441
(1.12);5.226824692091692
(1.13);1.717063238980038
(1.14);1.7632681602270595
(1.15);1.3816751384357207
(1.16);1.7257108135132442
(1.17);2.683248045293284
(1.18);2.9981032595191572
(1.19);2.536494347597317
(1.20);2.7655756277616175
(1.21);2.1574219199675824
(1.22);1.896707854596232
(1.23);1.6732240578178132
(1.24);1.6676137709541299
(1.25);2.1271779877640666
(1.26);3.024411303248711
(1.27);3.0522615250287672
(1.28);2.1546095510892145
(1.29);2.131762467549537
(1.30);2.584245535150685
(1.31);3.24041353625937
(2.3);6.642115768066427
(2.4);7.871340167530661
(2.5);5.426665668216948
(2.6);9.302763410539944
(2.7);3.8400048191405984
(2.8);3.3408872682016226
(2.9);2.858535098387041
(2.10);2.4830984751283336
(2.11);2.2840197525023025
(2.12);4.3808778971180455
(2.13);2.1357830215794755
(2.14);2.0909151229100784
(2.15);1.5512857893472152
(2.16);1.8556137214301858
(2.17);2.9296466062946434
(2.18);2.531689270624627
(2.19);2.1653024920858908
(2.20);2.2089397111073703
(2.21);1.7973062159591078
(2.22);1.6013130203748158
(2.23);1.4226149518844118
(2.24);1.4565034911165131
(2.25);1.8661840577269684
(2.26);2.7128971926125627
(2.27);3.0462167627350496
(2.28);2.2227248025351334
(2.29);1.972653711237654
(2.30);2.3294964795109894
(2.31);3.1901965611548473
(3.5);4.3788090367985655
(3.6);4.645578312958714
(3.7);2.2065713124622137
(3.8);2.166555485660173
(3.9);1.850569444205016
(3.10);1.6985813191989125
(3.11);1.719145292600693
(3.12);3.065725043194567
(3.13);4.04590275560494
(3.14);3.487579538236216
(3.15);2.1773455266056567
(3.16);2.363674175337527
(3.17);3.5646470839469173
(3.18);2.1339237157969375
(3.19);1.8694945632044553
(3.20);1.7707365806423507
(3.21);1.5067866867757256
(3.22);1.3570554810011464
(3.23);1.2041669948400073
(3.24);1.2867848110336195
(3.25);1.6724432524164006
(3.26);2.4992632401523256
(3.27);3.28087557019576
(3.28);2.5932286326124374
(3.29);1.9026758292058152
(3.30);2.1663431134630002
(3.31);3.1876994666682816
(4.5);8.18164897819179
(4.6);7.533157497336197
(4.7);2.7290531944849357
(4.8);2.7365171438591744
(4.9);2.210739090162839
(4.10);2.003398035022638
(4.11);2.0736850470103474
(4.12);4.414107915188029
(4.13);3.2611946532115246
(4.14);3.3995056951919462
(4.15);2.1687614218900655
(4.16);2.6808257134880087
(4.17);4.989008156149388
(4.18);2.6862366386116125
(4.19);2.2743171959407285
(4.20);2.1232689403667444
(4.21);1.7537139180638677
(4.22);1.551098906667376
(4.23);1.3499642915607202
(4.24);1.4574408053466767
(4.25);1.9668529464413802
(4.26);3.023569013137166
(4.27);4.092298880940881
(4.28);2.923216846371439
(4.29);2.180287961429362
(4.30);2.5477119518253146
(4.31);4.366485508058766
(5.6);6.279156219597635
(5.7);1.8513643709622918
(5.8);1.937153486959641
(5.9);1.4221780063300706
(5.10);1.2655164436682365
(5.11);1.3485638515653295
(5.12);4.46540626120799
(5.13);1.2180969310372092
(5.14);1.3691523773714982
(5.15);0.9779263930668605
(5.16);1.3474598733725707
(5.17);2.88765898394884
(5.18);1.9321071763919526
(5.19);1.5535608236029745
(5.20);1.4552823247558464
(5.21);1.1491981340790285
(5.22);0.998781007596293
(5.23);0.8566994771170899
(5.24);0.9340161115628752
(5.25);1.3231795749802806
(5.26);2.3489459985360965
(5.27);2.992546426004818
(5.28);1.8874401413390236
(5.29);1.5633764999196922
(5.30);1.9061960192537806
(5.31);3.3619627542506416
(6.7);2.0211704817393112
(6.8);1.9343622617109109
(6.9);1.491382847544011
(6.10);1.3050896517992796
(6.11);1.3010662425657518
(6.12);3.4975234010872227
(6.13);1.1820875694088135
(6.14);1.2466444220999882
(6.15);0.9050908814720767
(6.16);1.1676776203334684
(6.17);2.135160326548361
(6.18);1.6860579478619537
(6.19);1.3963751327469052
(6.20);1.3697638553765226
(6.21);1.0932859544004074
(6.22);0.9621240713230829
(6.23);0.83990199340536
(6.24);0.8924697683550804
(6.25);1.2133216971459526
(6.26);2.065866188926383
(6.27);2.4496125247430673
(6.28);1.660775368886221
(6.29);1.4283729472143514
(6.30);1.7200288528499477
(6.31);2.5069651652453917
(7.8);6.690797053972922
(7.9);5.23054295497584
(7.10);3.362126585519304
(7.11);2.5039619082245608
(7.12);3.0741200399439306
(7.13);0.790079125960151
(7.14);0.8536071459876369
(7.15);0.6983350538139463
(7.16);0.9226954663698407
(7.17);1.4323714219326944
(7.18);2.1891149462505965
(7.19);1.8267384870578114
(7.20);2.182340397544636
(7.21);1.5706329066767353
(7.22);1.3427656359945757
(7.23);1.1553854598885693
(7.24);1.1497497142427369
(7.25);1.5147413952181483
(7.26);2.3755980640124212
(7.27);2.128175761000832
(7.28);1.4393742528438533
(7.29);1.5835243783036748
(7.30);1.9982618824781662
(7.31);2.050495029007053
(8.9);4.7874806875303015
(8.10);3.5323807309115964
(8.11);3.5238646338372694
(8.12);3.7829698547880986
(8.13);0.8069679186991289
(8.14);0.8960124520831588
(8.15);0.7379642542936656
(8.16);1.0137473223764808
(8.17);1.608560043953805
(8.18);3.0276522228547957
(8.19);2.3715302587529155
(8.20);2.8837135338053583
(8.21);1.8814100104029692
(8.22);1.5415230499163453
(8.23);1.2706121192339654
(8.24);1.3046880066701425
(8.25);1.829960296298475
(8.26);2.927122678225077
(8.27);2.472137528363105
(8.28);1.5902950294337868
(8.29);1.817860395671064
(8.30);2.3799234855139106
(8.31);2.4628406296191003
(9.10);9.29091206006028
(9.11);3.4561029309521376
(9.12);2.218111656682297
(9.13);0.7176529808686349
(9.14);0.7789689462018918
(9.15);0.6573475971229841
(9.16);0.8665763633108348
(9.17);1.2613828436822396
(9.18);2.2097049637152137
(9.19);1.9660427970831222
(9.20);2.675600550495089
(9.21);1.896696968000234
(9.22);1.6171801449639502
(9.23);1.3916246030623307
(9.24);1.3199215933286972
(9.25);1.6601531067872626
(9.26);2.4360816457618184
(9.27);1.9858229327621895
(9.28);1.3777019278551257
(9.29);1.6585252885723223
(9.30);2.1062833547309183
(9.31);1.8176692536664143
(10.11);4.051529784158497
(10.12);1.9151894334823327
(10.13);0.6844998483375038
(10.14);0.7459640680784821
(10.15);0.6393940211408069
(10.16);0.8431094307874132
(10.17);1.1887982404313795
(10.18);2.1917284227030374
(10.19);2.043962710050503
(10.20);3.011424696715208
(10.21);2.159756381604173
(10.22);1.8438901463116313
(10.23);1.585035002684774
(10.24);1.452408900740553
(10.25);1.7634689315552607
(10.26);2.478376398238654
(10.27);1.9242049627100921
(10.28);1.3543052526413342
(10.29);1.7176021554941039
(10.30);2.185912912416418
(10.31);1.713706550483549
(11.12);2.1652502794671444
(11.13);0.7214632385268424
(11.14);0.8148951720945785
(11.15);0.7057471448694603
(11.16);0.9838038573821347
(11.17);1.3973170147134002
(11.18);3.753649728796869
(11.19);3.60168457746885
(11.20);8.090726092833746
(11.21);3.460348713152004
(11.22);2.4940275383842723
(11.23);1.8433542500505709
(11.24);1.8873459480162278
(11.25);2.687342532080229
(11.26);3.7158163238608437
(11.27);2.4315712479639693
(11.28);1.608763690601953
(11.29);2.2597172422156735
(11.30);3.1367360551591577
(11.31);2.1680573765130036
(12.13);1.078609737208616
(12.14);1.2326108661692579
(12.15);0.9541054593854025
(12.16);1.370517003573045
(12.17);2.6777004695404667
(12.18);3.1571569515572566
(12.19);2.298473721697712
(12.20);2.2025580233720965
(12.21);1.592578120426616
(12.22);1.3317964927208117
(12.23);1.1048314807103983
(12.24);1.2032031382050117
(12.25);1.7822852347262799
(12.26);3.1395977254924863
(12.27);3.378811597650795
(12.28);1.980010028200987
(12.29);1.9003362158599204
(12.30);2.444133973464419
(12.31);4.175873158764155
(13.14);3.7216246740634062
(13.15);2.0256162373376254
(13.16);1.524540886781111
(13.17);1.6190621850191325
(13.18);0.9650060571176469
(13.19);0.8902209925022891
(13.20);0.8188006170702827
(13.21);0.7359796973263192
(13.22);0.6799226231559898
(13.23);0.6135962524585357
(13.24);0.6761065213628583
(13.25);0.8676075976912494
(13.26);1.4127864925181854
(13.27);1.9482052358236899
(13.28);1.8707941007333693
(13.29);1.16826948982808
(13.30);1.266300997463562
(13.31);1.4912691702218375
(14.15);3.3172172763173684
(14.16);2.5495412961106423
(14.17);2.286540129351647
(14.18);1.1504339681999443
(14.19);1.0584171404372273
(14.20);0.9385796458480963
(14.21);0.8416540635705494
(14.22);0.7696975719857575
(14.23);0.682131474314801
(14.24);0.7724244141575912
(14.25);1.028670713065414
(14.26);1.7217273313726453
(14.27);2.6572205572387846
(14.28);2.6786925398979022
(14.29);1.4107233090149545
(14.30);1.5264203520314106
(14.31);1.9231216064087184
(15.16);2.513466645353719
(15.17);1.6072726584174037
(15.18);0.9844214524776844
(15.19);0.9380316480072837
(15.20);0.8265018145492795
(15.21);0.7664485028512823
(15.22);0.7114805666715316
(15.23);0.6357633197086
(15.24);0.7308459767014209
(15.25);0.9501744293214546
(15.26);1.5501481716308207
(15.27);2.2847537302886702
(15.28);2.9526517485477033
(15.29);1.3764457784129982
(15.30);1.4235605485718408
(15.31);1.5100601688435817
(16.17);3.022974215334764
(16.18);1.5255194797636944
(16.19);1.4347534230570729
(16.20);1.177285089850171
(16.21);1.0691987421277285
(16.22);0.9638545008959003
(16.23);0.8268391453859645
(16.24);0.9919070932656289
(16.25);1.4201740803151752
(16.26);2.5059708137239887
(16.27);5.064014361113911
(16.28);7.531662133831429
(16.29);2.0766992905775052
(16.30);2.2060388670075586
(16.31);2.696259991064009
(17.18);2.3411025161040024
(17.19);1.9563515852884643
(17.20);1.6067195854218215
(17.21);1.334913483090248
(17.22);1.1578259343497241
(17.23);0.971321334907418
(17.24);1.1298956032208967
(17.25);1.7068638913066394
(17.26);3.187927423018964
(17.27);6.774119795382432
(17.28);3.425675873184011
(17.29);2.121083069442347
(17.30);2.532202092260546
(17.31);7.022029225930587
(18.20);5.013887420740358
(18.21);3.0371639035676408
(18.22);2.230266408207002
(18.23);1.6312922732261605
(18.24);1.9770416778743272
(18.25);3.9605266062589326
(18.26);8.213847554160271
(18.27);4.45395646614459
(18.28);2.3953302647674772
(18.29);3.1947626148275385
(18.30);5.036475935468027
(18.31);4.3531908330510936
(19.20);6.187690402493476
(19.22);2.8266256438375037
(19.23);1.9091645807336894
(19.24);2.513207498266687
(19.25);6.766183172573001
(19.26);12.087537698634168
(19.27);3.9692878517874934
(19.28);2.354553959211287
(19.29);3.996312711609289
(19.30);7.422478788331804
(19.31);3.270750025833302
(20.21);6.0717541342838235
(20.22);3.585230531312011
(20.23);2.329880567920778
(20.24);2.63387595466782
(20.25);4.314081620272664
(20.26);5.236494332640371
(20.27);2.8627920874141255
(20.28);1.8832410317115955
(20.29);2.9942988141682276
(20.30);4.471891783348415
(20.31);2.485819499098604
(21.22);8.287513367407524
(21.23);3.4702272846124345
(21.24);4.484409440002826
(21.25);5.189854219861688
(21.26);4.524514413717963
(21.27);2.446017732888916
(21.28);1.7640488999478916
(21.29);3.397268761187138
(21.30);4.78763034757788
(21.31);1.9467363043063521
(22.23);5.7599082005585895
(22.24);6.670576822885666
(22.25);3.746903117547934
(22.26);3.4409802110532888
(22.27);2.078924794259126
(22.28);1.5938177704488352
(22.29);3.100921727975604
(22.30);3.835106559361016
(22.31);1.6220642633792912
(23.24);4.3296393207069945
(23.25);2.3474600093449736
(23.26);2.442450422883808
(23.27);1.6741189297402894
(23.28);1.349550432586857
(23.29);2.3583051378144395
(23.30);2.657323899644326
(23.31);1.3087236109198859
(24.25);3.864982267991757
(24.26);3.3863336207824988
(24.27);2.0731023539426627
(24.28);1.6724302376143327
(24.29);3.8352415660767383
(24.30);4.188333283304654
(24.31);1.5474756050025797
(25.26);9.774581858455846
(25.27);3.478980156038246
(25.28);2.403260533627642
(25.29);6.395374361443516
(25.30);15.516049743116092
(25.31);2.552260423715684
(26.27);6.860972757796311
(26.28);3.862356334261827
(26.29);7.067413554513217
(26.30);15.81817437834411
(26.31);5.094824967965992
(27.28);6.802684070606876
(27.29);4.241463129184448
(27.30);5.176544265240898
(27.31);9.487200199633548
(28.29);3.5962448054883325
(28.30);3.5715800311948565
(28.31);3.514935895784081
(29.30);11.724592577370252
(29.31);2.819391434618525
(30.31);3.6562732576292962

****Importance nodes******

0; 0.05
1; 0.03793103448275863
2; 0.03793103448275863
3; 0.03793103448275863
4; 0.03793103448275863
5; 0.012421208750463483
6; 0.01282189290370424
7; 0.013235502352210828
8; 0.013662454040991822
9; 0.014103178364894785
10; 0.014558119602472037
11; 0.015027736363842102
12; 0.0155125020529983
13; 0.0160129053450305
14; 0.01652945067874116
15; 0.01706265876515217
16; 0.017613067112415143
17; 0.01818123056765434
18; 0.019393312605497964
19; 0.020062047522928925
20; 0.02004047542881825
21; 0.020707772206641835
22; 0.02135493502996212
23; 0.022043803901896385
24; 0.022754894350344654
25; 0.023488923200355772
26; 0.03666666666666667
27; 0.03666666666666667
28; 0.03666666666666667
29; 0.03666666666666667
30; 0.03666666666666667
31; 0.024246630400367248
