
****Importance edges******

(0.5);5.003968943264939
(0.6);3.8926652950533933
(0.7);3.374658856665865
(0.8);4.0587122130535525
(0.9);3.0100292525091343
(0.10);2.899252637428079
(0.11);3.7766545511639698
(0.12);6.148706593104889
(0.13);2.4363413569975902
(0.14);3.0869605518301566
(0.15);2.5235046724343086
(0.16);4.617424337935283
(0.17);9.683269214790927
(0.18);7.649360246548741
(0.19);5.796031921666263
(0.20);4.282653879053435
(0.21);3.3379345615219913
(0.22);2.752639296025726
(0.23);2.2066694812593592
(0.24);2.62633289570787
(0.25);4.428988054931226
(0.31);35.55366664575121
(1.3);4.319975285902977
(1.4);5.363530745801829
(1.5);4.609370921419565
(1.6);6.1508417429351745
(1.7);7.692289616910897
(1.8);5.343304037397242
(1.10);3.7434624298597976
(1.11);3.1274613099915842
(1.12);5.372737045101629
(1.13);1.7658134247700177
(1.14);1.771576070019004
(1.15);1.4042325400876297
(1.16);1.7395756830003137
(1.17);2.7324632034004184
(1.18);3.022294194966357
(1.19);2.524346790280276
(1.20);2.8515338837019306
(1.21);2.192801788195986
(1.22);1.9283021134789269
(1.23);1.7216173558820185
(1.24);1.695739308717526
(1.25);2.128593798561173
(1.26);3.0866864816584143
(1.27);3.0641025111920084
(1.28);2.2375532830310005
(1.29);2.175657253900572
(1.30);2.637457329321378
(1.31);3.298765872051083
(2.3);6.548955521415923
(2.4);7.899527402416339
(2.5);5.426859020653812
(2.6);9.308801815528458
(2.7);3.8114361745702454
(2.8);3.3165537462500208
(2.9);2.7933583213498476
(2.10);2.4645610681321286
(2.11);2.2891267375703093
(2.12);4.393686321630995
(2.13);2.1435382573184714
(2.14);2.0494857129781283
(2.15);1.5389348534379557
(2.16);1.82589997607349
(2.17);2.9136446900793844
(2.18);2.4931274893864965
(2.19);2.1050620088099485
(2.20);2.226702307662044
(2.21);1.785841309159825
(2.22);1.5919100834866609
(2.23);1.4320775067994211
(2.24);1.4490112836620213
(2.25);1.826842868849159
(2.26);2.720183330536857
(2.27);3.0034914753602546
(2.28);2.2684925800476896
(2.29);1.9779517472473076
(2.30);2.3357529026036503
(2.31);3.1791138862692176
(3.5);4.378965054038173
(3.6);4.648593748482713
(3.7);2.1901549915162994
(3.8);2.1507752688382946
(3.9);1.8083750516558916
(3.10);1.6859006730040356
(3.11);1.7229892389279644
(3.12);3.074688339756438
(3.13);4.060593821752458
(3.14);3.418476607764904
(3.15);2.1600100651219702
(3.16);2.3258249119153716
(3.17);3.5451767547093476
(3.18);2.1014205565576844
(3.19);1.8174836980339755
(3.20);1.7849754841888783
(3.21);1.4971749863448864
(3.22);1.3490868284771125
(3.23);1.2121765383221856
(3.24);1.2801656310506297
(3.25);1.637186330352201
(3.26);2.50597561271346
(3.27);3.234859031487037
(3.28);2.6466253963329076
(3.29);1.9077859227819987
(3.30);2.172161348949041
(3.31);3.176625466635697
(4.5);8.398972742061796
(4.6);7.736299541849075
(4.7);2.779990452350305
(4.8);2.7874299838090217
(4.9);2.2170805811865337
(4.10);2.03942181094743
(4.11);2.130622389624981
(4.12);4.537332417689399
(4.13);3.353785212273163
(4.14);3.4155229903997375
(4.15);2.204168892951698
(4.16);2.7023642576890627
(4.17);5.080514726193617
(4.18);2.7079112013252993
(4.19);2.2634252345527632
(4.20);2.189263337039195
(4.21);1.7824733214782675
(4.22);1.5769362122340504
(4.23);1.389008210414441
(4.24);1.4820216208344497
(4.26);3.085826848083395
(4.27);4.108174602607495
(4.28);3.0357488428951593
(4.29);2.2251819286079315
(4.30);2.6001714887163554
(4.31);4.445115789578332
(5.6);6.552468788198776
(5.7);1.9008038662393902
(5.8);1.9883997469050978
(5.9);1.4157112831339427
(5.10);1.2971296954794422
(5.11);1.4067447377548992
(5.12);4.660762262529127
(5.13);1.2721467127038786
(5.14);1.368524865247823
(5.15);0.9987548942664756
(5.17);2.9593090236524997
(5.18);1.9438079690753434
(5.19);1.5273708781605857
(5.20);1.5239619071677337
(5.21);1.1731942689059158
(5.22);1.020003345711164
(5.23);0.8931085270717081
(5.24);0.9540273353674258
(5.25);1.3147420725355912
(5.26);2.409534195356085
(5.27);2.9937368930306274
(5.28);1.987481542080555
(5.29);1.6037018897498168
(5.30);1.9553640204185596
(5.31);3.4398790600296527
(6.8);1.9870355896380245
(6.9);1.4864277414421918
(6.10);1.3386991303127065
(6.11);1.35784558785231
(6.12);3.652216957830202
(6.13);1.2350876494931013
(6.14);1.247403878644743
(6.15);0.9250530252785848
(6.16);1.1756401514034938
(6.17);2.1895995430299444
(6.18);1.6977719596941148
(6.19);1.3744445840968558
(6.20);1.4349177225979526
(6.21);1.116857474017516
(6.22);0.9832047407643811
(6.23);0.875937328781552
(6.24);0.912156923030383
(6.25);1.2067109595602663
(6.26);2.120021570728344
(6.27);2.4521209758355056
(6.28);1.7491353153625677
(6.29);1.4658168449491733
(6.30);1.7651183265708412
(6.31);2.5665448176081567
(7.8);6.767303830434802
(7.9);5.134294071105479
(7.10);3.3973883411999988
(7.11);2.574993790269573
(7.12);3.1639018493218614
(7.13);0.8138294575678379
(7.14);0.8422583374179557
(7.15);0.7039936713152357
(7.16);0.9165318178386047
(7.17);1.4495536037963044
(7.18);2.1763815276193315
(7.19);1.775714257648406
(7.20);2.257729059729883
(7.21);1.5849448575355924
(7.22);1.355778680038748
(7.23);1.1908296326738264
(7.24);1.1616076095197525
(7.25);1.489521533486298
(7.26);2.417666791265833
(7.27);2.1126978064631414
(7.28);1.503389918242515
(7.29);1.6115665190088533
(7.30);2.0336484806524706
(7.31);2.076061739315227
(8.9);4.701581166584661
(8.10);3.5694786935843723
(8.11);3.62294092981729
(8.12);3.8924702967226352
(8.13);0.831009687159804
(8.14);0.8844132043285653
(8.15);0.7439781522263418
(8.16);1.0072261317366227
(8.17);1.6278436184296952
(8.18);3.010715908002961
(8.19);2.306470895843405
(8.20);2.9824867954158605
(8.21);1.8986081075998222
(8.22);1.5564950642622615
(8.23);1.3092987840592938
(8.24);1.3181610008928784
(8.25);1.80008278117331
(8.26);2.978802389940724
(8.27);2.454550309836322
(8.28);1.6605771077798974
(8.29);1.849955566087542
(8.30);2.421942141087047
(8.31);2.4935200149382997
(9.10);9.124209581826587
(9.11);3.455629787724664
(9.12);2.2206470217367023
(9.13);0.7194038281001112
(9.14);0.7484159854429091
(9.15);0.6455308975178154
(9.16);0.8389305145457275
(9.17);1.2446256726564962
(9.18);2.1440305482301034
(9.19);1.8661549704478781
(9.20);2.7025386630056114
(9.21);1.8696472823723547
(9.22);1.5957201201190219
(9.23);1.4022704397892756
(9.24);1.3043592975693075
(9.25);1.5975662538686222
(9.26);2.4398218192847154
(9.27);1.9401106885294117
(9.28);1.4160624448656434
(9.29);1.6610716615077965
(9.30);2.1095171811705167
(9.31);1.8016298036207292
(10.11);4.159792584309062
(10.12);1.9679510758440075
(10.13);0.7039356591603746
(10.14);0.7361998598524561
(10.15);0.644132091185031
(10.16);0.8374157470433272
(10.17);1.202076250542376
(10.18);2.178754169675885
(10.19);1.988391549892757
(10.20);3.1105033569855878
(10.21);2.1780132610736262
(10.22);1.8605271435162973
(10.23);1.6314181127346528
(10.24);1.466421781103531
(10.25);1.7346099395072412
(10.26);2.5205906672586957
(10.27);1.9101515151128134
(10.28);1.412686509077641
(10.29);1.746858131104976
(10.30);2.2231456409901362
(10.31);1.7338516006346767
(11.12);2.260160748605767
(11.13);0.7534985963188919
(11.14);0.8175639881487138
(11.15);0.7221224340770727
(11.16);0.9926352639394113
(11.17);1.4341736226756803
(11.18);3.7873778693184716
(11.19);3.5574476062186893
(11.21);3.5386257764474314
(11.22);2.5512189330563086
(11.23);1.9219859590525943
(11.24);1.9308180773193664
(11.25);2.679502524333552
(11.26);3.815211277964635
(11.27);2.437975275499013
(11.28);1.6933639837772887
(11.29);2.320162773426485
(11.30);3.2206411002595323
(11.31);2.2214069523968307
(12.13);1.1270617636879012
(12.14);1.2380422839586525
(12.15);0.9770222036048395
(12.16);1.3842053660092564
(12.17);2.750320378242441
(12.19);2.2730726878681238
(12.20);2.3070350075352457
(12.21);1.6297856815990008
(12.22);1.3633017215749443
(12.23);1.152464968657964
(12.24);1.2317557602213407
(12.25);1.7788794469477271
(12.26);3.22507588778329
(12.27);3.3900779658837417
(12.28);2.0846016375038747
(12.29);1.9520744516687407
(12.30);2.5106775560221135
(12.31);4.281350639539752
(13.15);2.075960157048803
(13.16);1.5413374020729722
(13.17);1.664205055625209
(13.18);0.9755470216339065
(13.19);0.8814971495949568
(13.20);0.8580007008883705
(13.21);0.75373427987536
(13.22);0.6965125518287987
(13.23);0.6403417110837156
(13.24);0.692634783996235
(13.25);0.866840930571435
(13.26);1.4519480160544793
(13.27);1.956104973336993
(13.28);1.9700848891249167
(13.29);1.200653160938276
(13.30);1.3014020382640092
(13.31);1.529936290402412
(14.15);3.272492627610138
(14.16);2.4820002682166713
(14.17);2.2653581631952906
(14.18);1.1219889663162717
(14.19);1.0113130656831992
(14.20);0.9501572709355969
(14.21);0.8328590688014119
(14.22);0.7623186161244836
(14.23);0.6889196961095218
(14.24);0.7659903025785574
(14.25);0.9950007558638461
(14.26);1.727724276801623
(14.27);2.6042047940459985
(14.29);1.4156369968825944
(14.30);1.5317370240653703
(14.31);1.9122238140142263
(15.16);2.494385023447919
(15.18);0.9777524709461919
(15.19);0.9130869417635
(15.20);0.8508344352347983
(15.21);0.7715645708805651
(15.22);0.7166298453248846
(15.23);0.6524285585518169
(15.24);0.736609510529908
(15.25);0.9345076533025732
(15.26);1.5739942178676523
(15.27);2.266889141961212
(15.28);3.0714738020686467
(15.30);1.4454592878558798
(15.31);1.52505386263817
(16.17);3.0118353301484886
(16.18);1.496723135831028
(16.19);1.379959949375152
(16.20);1.1973191995312782
(16.21);1.0636336336871275
(16.22);0.9595622652896973
(16.23);0.838796940010755
(16.24);0.9885267594612105
(16.25);1.3814683141892854
(16.26);2.5232812114518555
(16.27);4.982690428702891
(16.29);2.0910444259973597
(16.30);2.2212774364202184
(16.31);2.693592830054836
(17.18);2.333899068127054
(17.19);1.9125683680512622
(17.20);1.658159697614983
(17.21);1.3480767613096154
(17.22);1.1698153326911362
(17.23);0.9992464178905958
(17.24);1.1421882453836878
(17.25);1.6848565903060861
(17.26);3.2436022812306198
(17.27);6.73845640688205
(17.28);3.5689263631371797
(17.29);2.1581262587865115
(17.30);2.576425179471345
(17.31);7.111654415624631
(18.19);8.53576496813791
(18.20);5.097427601482846
(18.21);3.0232903110058458
(18.22);2.2216594364434923
(18.23);1.6545113765748505
(18.24);1.971352218671569
(18.25);3.858570012768543
(18.26);8.271169265819145
(18.27);4.385994259221941
(18.28);2.4691173788990675
(18.29);3.217057801123386
(18.30);5.07162382681202
(18.31);4.350684055018649
(19.20);6.174847542235506
(19.21);4.0899095329068365
(19.22);2.7653713462603826
(19.23);1.9023418221446606
(19.24);2.4626366711963223
(19.25);6.479664364974218
(19.27);3.857638604258337
(19.28);2.395504636138493
(19.29);3.9717237307585367
(19.30);7.376808891613961
(19.31);3.214250135756054
(20.21);6.244024542549106
(20.22);3.6876073046466415
(20.23);2.43668011785147
(20.24);2.7088395970670267
(20.25);4.337409560398963
(20.26);5.396296274848236
(20.27);2.8872209961730015
(20.28);1.9850696837746329
(20.29);3.0856757422539154
(20.30);4.608360372241576
(21.22);8.354864519795589
(21.23);3.558614436088243
(21.24);4.523390031236956
(21.25);5.118830673322433
(21.26);4.594724085599582
(21.27);2.4308269191615755
(21.28);1.8324898680512651
(21.29);3.4499862692347296
(21.30);4.861922951171932
(21.31);1.9672610146825575
(22.23);5.907866957662077
(22.24);6.731630463944619
(22.25);3.6985326258300635
(22.26);3.4953179451611733
(22.27);2.06708669502491
(22.28);1.6556766052177494
(22.29);3.149889478444742
(22.30);3.8956680818680502
(22.31);1.63984537798554
(23.25);2.3561286568809083
(23.26);2.511646048168731
(23.27);1.685999849174754
(23.28);1.4184863981124478
(23.29);2.4251168925566478
(23.30);2.7326069789231093
(23.31);1.3439770494976686
(24.25);3.819603548306933
(24.26);3.44059795416441
(24.27);2.0628301660963664
(24.28);1.7368230438782704
(24.29);3.8966994288415004
(24.30);4.255449267448968
(24.31);1.565117814672039
(25.26);9.76963706720046
(25.27);3.4051235655048635
(25.28);2.4554061542334833
(25.29);6.392139052590889
(25.31);2.528372290636918
(26.27);6.881376389308762
(26.28);4.009849050503522
(26.29);7.208574014065085
(26.30);16.13411750906592
(26.31);5.18251076069968
(27.28);6.946817162355803
(27.29);4.2540766832410775
(27.30);5.191938627735027
(27.31);9.456319756714395
(28.29);3.733575457744926
(28.30);3.7079688038729754
(28.31);3.6525045416162314
(29.30);11.958772856126275
(29.31);2.8679152945205844
(30.31);3.7192004869378628

****Importance nodes******

0; 0.05
1; 0.03928571428571429
2; 0.03793103448275863
3; 0.03793103448275863
4; 0.03928571428571429
5; 0.013139299397920091
6; 0.013577276044517427
7; 0.013577276044517427
8; 0.014015252691114763
9; 0.013640079060998603
10; 0.01490736016698939
11; 0.015901184178122016
12; 0.016431223650726086
13; 0.016978931105750286
14; 0.016209731685751527
15; 0.01740088143038799
16; 0.017501119438302203
17; 0.018668590513410417
18; 0.01932319878984616
19; 0.01925064505510661
20; 0.02133792575906695
21; 0.021162546998391304
22; 0.021845209804791023
23; 0.023301557125110426
24; 0.023301557125110426
25; 0.02304941652534692
26; 0.03793103448275863
27; 0.03666666666666667
28; 0.03928571428571429
29; 0.03793103448275863
30; 0.03793103448275863
31; 0.024912043958993782
