
****Importance edges******

(0.5);5.017137039412624
(0.6);3.900972666426219
(0.7);3.4041886852212593
(0.8);4.093746602151928
(0.9);3.075109606473317
(0.10);2.9247746462765427
(0.11);3.7798158476736896
(0.12);6.150385695641352
(0.13);2.435590391454069
(0.14);3.1463544544169415
(0.15);2.546905808642393
(0.16);4.691614219983613
(0.17);9.753061426228573
(0.18);7.697557746897887
(0.19);5.837917493133542
(0.20);4.261835050217629
(0.21);3.3606379334370353
(0.22);2.770950480643676
(0.23);2.198239793454962
(0.24);2.6421302454345468
(0.25);4.452093441149847
(0.31);35.700187909677105
(1.2);10.752541346233908
(1.3);4.2296088499491455
(1.4);5.2545137027389766
(1.5);4.377929875019456
(1.6);5.841015138627317
(1.7);7.366028412108066
(1.8);5.1181583975180684
(1.9);4.4756739681677
(1.10);3.5896232460812363
(1.11);2.971997456585191
(1.12);5.104632830267346
(1.13);1.6773382953299099
(1.14);1.7229072818777291
(1.15);1.350392433261961
(1.16);1.687073079560162
(1.17);2.6238547858691086
(1.18);2.9005096654247993
(1.19);2.4252460807901497
(1.20);2.703591705051502
(1.21);2.10884377020567
(1.22);1.8551036433666328
(1.23);1.6369360725620583
(1.24);1.6318636733438803
(1.25);2.0460462508226898
(1.26);3.0221183214736653
(1.27);2.998253404173997
(1.28);2.116484897590209
(1.29);2.09404208086675
(1.30);2.582286268595908
(1.31);3.17083186088446
(2.3);6.526461994621245
(2.4);7.874735986249142
(2.5);5.2910947421972585
(2.6);9.072395703927974
(2.7);3.745767655958256
(2.8);3.2596536066111748
(2.9);2.7896852886801597
(2.10);2.4238690291147624
(2.11);2.2300778983808387
(2.12);4.278462442571824
(2.13);2.086370828565814
(2.14);2.0430544668748207
(2.15);1.5161629050754941
(2.16);1.8140675314620378
(2.17);2.8647993547652777
(2.18);2.449278281521467
(2.19);2.0703343524620146
(2.20);2.1594314832541324
(2.21);1.7568367047713334
(2.22);1.5661882830659364
(2.23);1.391762042402627
(2.24);1.4252791495549224
(2.25);1.795006772644753
(2.26);2.7108403877680782
(2.27);2.9923156006876495
(2.28);2.183394886412995
(2.29);1.9377486681515674
(2.30);2.3277303530033895
(2.31);3.1216931991559713
(3.5);4.379286576084655
(3.6);4.646182071926784
(3.7);2.206904951605994
(3.8);2.1669297987425056
(3.9);1.8509296750241335
(3.10);1.6989496917207374
(3.11);1.7195568528486571
(3.12);3.066528989967634
(3.13);4.0470573840632715
(3.14);3.4886565994774568
(3.15);2.178069641209976
(3.16);2.3645170502575503
(3.17);3.566004870452708
(3.18);2.1114916601494773
(3.19);1.8282281863603371
(3.20);1.7696404184497811
(3.21);1.505323381558094
(3.22);1.3562079525622048
(3.23);1.20341823329843
(3.24);1.2859882145740418
(3.25);1.6430575247248722
(3.26);2.539696681635845
(3.27);3.278388147972277
(3.28);2.591262555450009
(3.29);1.9012333002100061
(3.30);2.20139052507783
(3.31);3.184021680029422
(4.5);8.40249393779802
(4.6);7.735056560517138
(4.7);2.801665177118226
(4.8);2.8087876308909885
(4.9);2.26868107358224
(4.10);2.0554985249345945
(4.11);2.127185913179517
(4.12);4.527068861465222
(4.13);3.3439607620326437
(4.14);3.485052604338071
(4.15);2.222866072978114
(4.16);2.7471154804652826
(4.17);5.111263360367016
(4.18);2.7214311911705695
(4.19);2.277201205421288
(4.20);2.171533533945266
(4.21);1.7924945759281998
(4.22);1.5855458099950077
(4.23);1.3795940306136607
(4.24);1.4890480550535106
(4.26);3.127350548193986
(4.27);4.163455283798849
(4.28);2.9740453908187545
(4.29);2.2181985473966743
(4.30);2.635160082195158
(4.31);4.456509253086493
(5.6);6.296469726517673
(5.7);1.8564691348393434
(5.8);1.9424947970224444
(5.9);1.426099375363265
(5.10);1.269005850037278
(5.11);1.3522822444129732
(5.12);4.477718718407718
(5.13);1.2214555876635513
(5.14);1.3729275389268396
(5.15);0.9806228278713978
(5.16);1.3511752222229936
(5.17);2.8956211212253837
(5.18);1.8993374689608744
(5.19);1.4953508731307732
(5.20);1.4564981279208622
(5.21);1.14940834825469
(5.22);0.9995492679786155
(5.23);0.8573386475115603
(5.24);0.9346915690217225
(5.25);1.2857366045848337
(5.26);2.4097111134990703
(5.27);2.992939628484022
(5.28);1.8876881395443226
(5.29);1.5635819181248556
(5.30);1.9555075914755795
(5.31);3.361162293892085
(6.7);2.026743451721003
(6.8);1.939695875533014
(6.9);1.4954950349698928
(6.10);1.3086881733087736
(6.11);1.3046536703357101
(6.12);3.507167116498972
(6.13);1.1853469374826915
(6.14);1.2500817926755905
(6.15);0.9075864870425706
(6.16);1.170897255878913
(6.17);2.1410476005380903
(6.18);1.6578748833417505
(6.19);1.3447391581174966
(6.20);1.3709403102827562
(6.21);1.0935195749930546
(6.22);0.9628865606409386
(6.23);0.8405480443631371
(6.24);0.8931356264174806
(6.25);1.1794032445843288
(6.26);2.1189217098678728
(6.27);2.4499864693166438
(6.28);1.661028893854293
(6.29);1.4285909948881197
(6.30);1.7642025884536907
(6.31);2.5064494445733714
(7.8);6.709245577475648
(7.9);5.244965122298877
(7.10);3.3713969715184215
(7.11);2.510866078197312
(7.12);3.082596305977651
(7.13);0.7922576098099388
(7.14);0.8559607955405696
(7.15);0.7002605718873741
(7.16);0.9252396130327667
(7.17);1.4363208972536452
(7.18);2.1530634629104575
(7.19);1.7600899339380875
(7.20);2.1842662497402325
(7.21);1.571017211237391
(7.22);1.343861332625383
(7.23);1.1563011100603389
(7.24);1.1506340994566342
(7.25);1.4729206902288137
(7.26);2.4361567257319994
(7.27);2.1285465805733677
(7.28);1.4396250536258846
(7.29);1.5838002962254103
(7.30);2.0492015036208655
(7.31);2.050140254931153
(8.9);4.800681200005912
(8.10);3.542120558380448
(8.11);3.533580979885931
(8.12);3.793400631228211
(8.13);0.8091929699888292
(8.14);0.8984830257155147
(8.15);0.7399990418951553
(8.16);1.0165425261693655
(8.17);1.6129953238669514
(8.18);2.9785431062062515
(8.19);2.28618317063531
(8.20);2.8863268170545195
(8.21);1.881929079030685
(8.22);1.5428174195058075
(8.23);1.2716489386019825
(8.24);1.3057219800399722
(8.25);1.780075284309028
(8.26);3.0011762534420576
(8.27);2.47262245170184
(8.28);1.590606974528426
(8.29);1.818216978960751
(8.30);2.440133412537547
(8.31);2.4624957925246
(9.10);9.316529876311336
(9.11);3.4656324377710073
(9.12);2.224227652235573
(9.13);0.7196317642299527
(9.14);0.7811167959716536
(9.15);0.6591601005507753
(9.16);0.8689657728649554
(9.17);1.264860852482968
(9.18);2.1744148612230174
(9.19);1.8962711153833982
(9.20);2.678089166992276
(9.21);1.897279840540866
(9.22);1.618576587056528
(9.23);1.3927931075269566
(9.24);1.3209986492228691
(9.25);1.6154813077056083
(9.26);2.4972356276151326
(9.27);1.986256613312604
(9.28);1.378002801875927
(9.29);1.6588874911373936
(9.30);2.1591582714141286
(9.31);1.8174752730298094
(10.11);4.062701060441738
(10.12);1.920470182097296
(10.13);0.6863872186220603
(10.14);0.7480209135531125
(10.15);0.6411570212036342
(10.16);0.845434135007819
(10.17);1.1920761118272205
(10.18);2.1572754248652735
(10.19);1.9724530392762456
(10.20);3.0142980203922334
(10.21);2.1604883552196195
(10.22);1.8455265889556838
(10.23);1.5864036873071092
(10.24);1.4536284439142242
(10.25);1.7166426244987518
(10.26);2.5401002595620157
(10.27);1.9246685750300452
(10.28);1.3546315549907562
(10.29);1.718015989537512
(10.30);2.2403529827652253
(10.31);1.713581206373337
(11.12);2.171220520433624
(11.13);0.7234525279052149
(11.14);0.8171420811867797
(11.15);0.7076931002891325
(11.16);0.9865164981091777
(11.17);1.4011698345760784
(11.18);3.6955902613313705
(11.19);3.477496068386904
(11.20);8.098641153013952
(11.21);3.4616314505375776
(11.22);2.496301167524267
(11.23);1.8449902170895573
(11.24);1.8889756794554082
(11.25);2.6169445154126247
(11.26);3.8076109530268845
(11.27);2.4322126889464384
(11.28);1.6091880774929908
(11.29);2.260313348642398
(11.30);3.214225225204008
(11.31);2.1679721770964866
(12.13);1.081583786029204
(12.14);1.2360095420446136
(12.15);0.9567362127694252
(12.16);1.3742959278099243
(12.17);2.6850836885571367
(12.18);3.1091228024450945
(12.19);2.2203871211203157
(12.20);2.204766186552359
(12.21);1.593219352653885
(12.22);1.3330429184102814
(12.23);1.1058386777082927
(12.24);1.2042709745556508
(12.25);1.7362376307619065
(12.26);3.2165174521449167
(12.27);3.379781190049984
(12.28);1.980578216931899
(12.29);1.9008815411903064
(12.30);2.5040149307011657
(12.31);4.1758514445798225
(13.14);3.7318863035395258
(13.15);2.0312014655937762
(13.16);1.5287445008130065
(13.17);1.6235264224682358
(13.18);0.9505692082727829
(13.19);0.8604308655892066
(13.20);0.8196414433909931
(13.21);0.7362996464588752
(13.22);0.6805755453018673
(13.23);0.6141705159711719
(13.24);0.6767228800297344
(13.25);0.8455061168791498
(13.26);1.447107787085511
(13.27);1.948810013811223
(13.28);1.8713748481158967
(13.29);1.168632153708642
(13.30);1.2970636709283816
(13.31);1.4913126204043947
(14.15);3.326363833953494
(14.16);2.556571142053217
(14.17);2.292844802617924
(14.18);1.1335161430190943
(14.19);1.023539726155378
(14.20);0.9395664136804001
(14.21);0.8420470685741962
(14.22);0.7704555630184242
(14.23);0.6827865175959215
(14.24);0.7731473246309567
(14.25);1.0028411517018991
(14.26);1.763193782473271
(14.27);2.6581085681677075
(14.28);2.679587726503385
(14.29);1.4111947556597122
(14.30);1.5631829878641406
(14.31);1.9232441021937208
(15.16);2.5203970227222245
(15.17);1.6117043886245683
(15.18);0.9701963763193304
(15.19);0.9076023305657331
(15.20);0.8273910130240595
(15.21);0.766831172764089
(15.22);0.7121987293475499
(15.23);0.6363894135313909
(15.24);0.731547799978309
(15.25);0.9266640443979712
(15.26);1.5871541881838354
(15.27);2.2855722084897714
(15.28);2.9537094910341657
(15.29);1.3769388691341966
(15.30);1.4575445935739684
(15.31);1.5102088562326363
(16.17);3.0313094570720116
(16.18);1.5038658651842711
(16.19);1.388948432195982
(16.20);1.1785806175233582
(16.21);1.0697672447955897
(16.22);0.964851203902568
(16.23);0.8276737500696382
(16.24);0.9928839141746437
(16.25);1.3855573894206599
(16.26);2.5652582086065183
(16.27);5.065951659496214
(16.28);7.534543459954825
(16.29);2.0774937563687277
(16.30);2.2582303357661773
(16.31);2.696619740215384
(17.18);2.3084723873774107
(17.19);1.8949024344792877
(17.20);1.608527250699984
(17.21);1.3356666741818306
(17.22);1.1590518916860695
(17.23);0.9723257592204679
(17.24);1.1310361106191895
(17.25);1.6658905882663892
(17.26);3.262658629732611
(17.27);6.776877955662251
(17.28);3.4270706762595915
(17.29);2.1219466926508295
(17.30);2.5915618244272993
(17.31);7.023212875117932
(18.19);8.445396063788387
(18.20);4.940018622995499
(18.21);2.9915674255890896
(18.22);2.198405835389265
(18.23);1.608365286769237
(18.24);1.9497112322269472
(18.25);3.8105122571089125
(18.26);8.310809023906296
(18.27);4.406156132458533
(18.28);2.3696233260458
(18.29);3.1604760832466208
(18.30);5.0959296939926935
(18.31);4.291661346837015
(19.20);5.99351029400767
(19.21);4.05335937167243
(19.22);2.7406588591541245
(19.23);1.8520385945456936
(19.24);2.439240091266265
(19.25);6.408573223950945
(19.27);3.879785871959908
(19.28);2.3014620069948744
(19.29);3.9062013583754576
(19.30);7.4204186566465085
(19.31);3.1752056463202547
(20.21);6.066491509812809
(20.22);3.5838969568573678
(20.23);2.329013356943282
(20.24);2.632894937252286
(20.25);4.209270374766837
(20.26);5.349935661576258
(20.27);2.861028775560939
(20.28);1.8820810657999165
(20.29);2.992454501892035
(20.30);4.568769066991864
(20.31);2.4830069278359588
(21.22);8.280330258591421
(21.23);3.4672463190077942
(21.24);4.4805918972408465
(21.25);5.063196699927309
(21.26);4.6197309338882455
(21.27);2.4436308195270486
(21.28);1.7623274766590666
(21.29);3.3939535823595675
(21.30);4.8883840329183155
(21.31);1.9436543841497447
(22.23);5.757678016967243
(22.24);6.667994036761788
(22.25);3.658444673798493
(22.26);3.5137679012936784
(22.27);2.077632486747813
(22.28);1.5928270166312357
(22.29);3.098994123642767
(22.30);3.91623127707516
(22.31);1.6202413613935325
(23.24);4.327962924099049
(23.25);2.2928648996700702
(23.26);2.49349872267106
(23.27);1.6730828638197264
(23.28);1.348715233135704
(23.29);2.3568456479656765
(23.30);2.712863150631746
(23.31);1.3072671925131127
(24.25);3.7764531921580886
(24.26);3.4562468424587798
(24.27);2.071825115896561
(24.28);1.6713998535983818
(24.29);3.8328786743290784
(24.30);4.274804347907604
(24.31);1.545770479623167
(25.26);9.804672442898745
(25.27);3.416623244444891
(25.28);2.360184718903285
(25.29);6.280744275678072
(25.31);2.493799804511912
(26.27);6.97397400531409
(26.28);3.9259699207804184
(26.29);7.183814912830307
(26.30);16.351222450456778
(26.31);5.194577325015809
(27.28);6.797526560919439
(27.29);4.238247429770714
(27.30);5.2618027235460305
(27.31);9.476176506404252
(28.29);3.5935182835404973
(28.30);3.6304044885104743
(28.31);3.510851700845592
(29.30);11.917698370768864
(29.31);2.8161154305694334
(30.31);3.7278599907869494

****Importance nodes******

0; 0.05
1; 0.03666666666666667
2; 0.03666666666666667
3; 0.03793103448275863
4; 0.03928571428571429
5; 0.012464908098945921
6; 0.012867001908589339
7; 0.013282066486285769
8; 0.01371052024390789
9; 0.014152795090485564
10; 0.014609336867598003
11; 0.01508060579881084
12; 0.015567076953611191
13; 0.016069240726308325
14; 0.016587603330382786
15; 0.01712268730878223
16; 0.01767503206067843
17; 0.018245194385216445
18; 0.018833749042804073
19; 0.018824964496232388
20; 0.02004854625374073
21; 0.020695273552248497
22; 0.021362863021675865
23; 0.022051987635278308
24; 0.022763342075125995
25; 0.022455524056398588
26; 0.03793103448275863
27; 0.03666666666666667
28; 0.03666666666666667
29; 0.03666666666666667
30; 0.03793103448275863
31; 0.024222015176142916
