
****Importance edges******

(0.5);5.041515601574195
(0.6);3.9196596543981537
(0.7);3.4202575524096144
(0.8);4.1127784378045975
(0.9);3.089182477232596
(0.10);2.9379433235721164
(0.11);3.751587024881854
(0.12);6.174801804101139
(0.13);2.445047192564619
(0.14);3.1582924427273165
(0.15);2.556340262705467
(0.16);4.70856466155726
(0.17);9.78739385737428
(0.18);7.723929856213019
(0.19);5.90981334227571
(0.20);4.317224809567442
(0.21);3.373172102398329
(0.22);2.7819061544579675
(0.23);2.206079552407736
(0.24);2.6513205110589237
(0.25);4.531433787696708
(0.31);35.83419173447211
(1.2);10.83358872639065
(1.3);4.189260929186818
(1.4);5.111563798574406
(1.5);4.396020269793774
(1.6);5.8646763056323294
(1.7);7.395259031127387
(1.8);5.138039886066555
(1.9);4.492679195720036
(1.10);3.602952423871447
(1.11);2.938310629646704
(1.12);5.120248714491326
(1.13);1.6823010625784929
(1.14);1.727829661021869
(1.15);1.3541115463628564
(1.16);1.6915437941597682
(1.17);2.6305317248031055
(1.18);2.907581983849129
(1.19);2.4578979478986014
(1.20);2.7421992828512414
(1.21);2.114842595051296
(1.22);1.8609107283069382
(1.23);1.6412979342331981
(1.24);1.6360537586543649
(1.25);2.0872536972709517
(1.26);2.9932891330321234
(1.27);3.0208527670250365
(1.28);2.1692040932134495
(1.29);2.1098259424793047
(1.30);2.557652813010008
(1.31);3.180106513109489
(2.3);6.464203478347222
(2.4);7.66050250657074
(2.5);5.3129584986774265
(2.6);9.109146759145515
(2.7);3.760631990055343
(2.8);3.272315732481155
(2.9);2.800284638291148
(2.10);2.4328694670477757
(2.11);2.204800538854288
(2.12);4.291550940095817
(2.13);2.092543806816673
(2.14);2.04889151266589
(2.15);1.5203385663014213
(2.16);1.8188747791715993
(2.17);2.8720894267818147
(2.18);2.4552503615745698
(2.19);2.098207928954767
(2.20);2.190268395069318
(2.21);1.7618342090071557
(2.22);1.5710909678430356
(2.23);1.3954706010994864
(2.24);1.4289387942454939
(2.25);1.831158274805706
(2.26);2.684980603318673
(2.27);3.0148702072898206
(2.28);2.237780732619906
(2.29);1.9523544667157284
(2.30);2.305525207522815
(2.31);3.130824121275359
(3.4);14.00314490632596
(3.5);4.287058040520211
(3.6);4.548890772165559
(3.7);2.1609615239599984
(3.8);2.1220870481018794
(3.9);1.8128590373518103
(3.10);1.6642218060092002
(3.11);1.6595182521264116
(3.12);3.0032143100477784
(3.13);3.96399290971168
(3.14);3.4174855006521043
(3.15);2.1339087865011908
(3.16);2.3168762410245023
(3.17);3.4946143941099304
(3.18);2.069494481639256
(3.19);1.8115659728792386
(3.20);1.7557692267797416
(3.21);1.477048433297369
(3.22);1.3314433729913353
(3.23);1.1811907627483442
(3.24);1.2624320830994191
(3.25);1.64105372571633
(3.26);2.47354501330516
(3.27);3.247114299747724
(3.28);2.6107942210028274
(3.29);1.8830966797164839
(3.30);2.1440507423650925
(3.31);3.1283734999729482
(4.5);8.010215504240227
(4.6);7.376371318359684
(4.7);2.672643715077329
(4.8);2.6803502732000455
(4.9);2.1656892430482717
(4.10);1.9628725797909339
(4.11);2.0017611073868697
(4.12);4.324103391599078
(4.13);3.195171328478269
(4.14);3.3311817824743324
(4.15);2.1254959295370495
(4.16);2.6277485563427927
(4.17);4.890991816083838
(4.18);2.6051315043882863
(4.19);2.2038446780172634
(4.20);2.1053217663356816
(4.21);1.7191022577129909
(4.22);1.521824559901423
(4.23);1.3242061591660703
(4.24);1.429858369566836
(4.25);1.9299377428981612
(4.26);2.9924555103581705
(4.27);4.05018780226154
(4.28);2.943017655005688
(4.29);2.1578520933369854
(4.30);2.5214951720697396
(4.31);4.2852212682722275
(5.6);6.259415588256591
(5.7);1.845543986782162
(5.8);1.9310633959506396
(5.9);1.4177069132815046
(5.10);1.261537868729694
(5.11);1.3063181624026161
(5.12);4.4473786390194645
(5.13);1.2131639275602806
(5.14);1.363590468401155
(5.15);0.9739415553940327
(5.16);1.3419525320027443
(5.17);2.875820869395542
(5.18);1.8863265467133299
(5.19);1.5143413566338801
(5.20);1.4771122238359875
(5.21);1.142941811782785
(5.22);0.9945828491462251
(5.23);0.8525382741997025
(5.24);0.9294611331286938
(5.25);1.3167011522307037
(5.26);2.3589621791075506
(5.27);3.00530699410217
(5.28);1.9444329432672065
(5.29);1.5700429202350688
(5.30);1.9143242621105048
(5.31);3.345437866250655
(6.7);2.014816255158216
(6.8);1.9282809458536492
(6.9);1.48669418589074
(6.10);1.3009866652223934
(6.11);1.2608360332351067
(6.12);3.4834474744564314
(6.13);1.1773152761731047
(6.14);1.241595808059498
(6.15);0.9014141299462165
(6.16);1.1629195876183165
(6.17);2.1264334939131304
(6.18);1.646538337979543
(6.19);1.3614998401414402
(6.20);1.3900079060138133
(6.21);1.0873640747402844
(6.22);0.9580919426763977
(6.23);0.835838918503494
(6.24);0.8881348202163741
(6.25);1.2074046106034344
(6.26);2.0745513765374293
(6.27);2.4599110351043882
(6.28);1.7104755416205835
(6.29);1.434378024935066
(6.30);1.7272600923965795
(6.31);2.49469080697534
(7.8);6.669762291753122
(7.9);5.214098990758894
(7.10);3.3515566141528463
(7.11);2.427554866648556
(7.12);3.0617870699658862
(7.13);0.7868994200556592
(7.14);0.8501609853865347
(7.15);0.695506962583479
(7.16);0.9189471997224496
(7.17);1.4265348194602945
(7.18);2.1383673398493115
(7.19);1.781610001218253
(7.20);2.2141075242650925
(7.21);1.5621689326440629
(7.22);1.3371551022509531
(7.23);1.1498191577580823
(7.24);1.1441877329115262
(7.25);1.5073839186686349
(7.26);2.385440726304147
(7.27);2.136993294417065
(7.28);1.4820542755562813
(7.29);1.5900852927624247
(7.30);2.006541152097725
(7.31);2.0404952436490738
(8.9);4.772429637994388
(8.10);3.5212755085972516
(8.11);3.4177711345004442
(8.12);3.767841126505013
(8.13);0.8037304683116212
(8.14);0.8924064131551913
(8.15);0.7349849641715964
(8.16);1.009641886315861
(8.17);1.602025588997828
(8.18);2.9582494137563837
(8.19);2.313590341376374
(8.20);2.9250435513041073
(8.21);1.8713237611148883
(8.22);1.535101483441522
(8.23);1.2645161207441704
(8.24);1.2984024094532196
(8.25);1.8211077565858884
(8.26);2.939069489097514
(8.27);2.4822273547040754
(8.28);1.6370076846883364
(8.29);1.8252798436160145
(8.30);2.389636947810457
(8.31);2.450877998747049
(9.10);9.261702965177872
(9.11);3.3534593924404805
(9.12);2.2092692911124874
(9.13);0.7147829667353301
(9.14);0.7758438240522987
(9.15);0.654702074709852
(9.16);0.8630778437223734
(9.17);1.256274542532245
(9.18);2.1596269978174902
(9.19);1.9185494121264866
(9.20);2.7133442851255793
(9.21);1.8865820064890013
(9.22);1.6104639522814057
(9.23);1.3849760862963845
(9.24);1.3135890234454266
(9.25);1.6521549848651331
(9.26);2.445871519057031
(9.27);1.9938033528488035
(9.28);1.4177810679664093
(9.29);1.6651903986930268
(9.30);2.1147478687189882
(9.31);1.8088761725897498
(10.11);3.932856944746575
(10.12);1.9075790632074918
(10.13);0.6817711318307198
(10.14);0.7429808331788912
(10.15);0.6368288554464268
(10.16);0.8397163022422823
(10.17);1.1839988550488982
(10.18);2.142631098249733
(10.19);1.9951514264801091
(10.20);3.0532227043908766
(10.21);2.1482995330632964
(10.22);1.8362559937210852
(10.23);1.5774946489420898
(10.24);1.4454699856722695
(10.25);1.7550083606376445
(10.26);2.4881785858716245
(10.27);1.9318153555875348
(10.28);1.3933160303741206
(10.29);1.7243954168481552
(10.30);2.1945583823022945
(10.31);1.7054504240615442
(11.12);2.1018282111643214
(11.13);0.7006163484321154
(11.14);0.7916705714888858
(11.15);0.6859117528203836
(11.16);0.9565409508040439
(11.17);1.3591438143951822
(11.18);3.586189780405234
(11.19);3.4372713258934926
(11.20);8.022703108684318
(11.21);3.3671831731057416
(11.22);2.4307047554404893
(11.23);1.796156888662273
(11.24);1.839724871797541
(11.25);2.62053013947606
(11.26);3.6746676116446433
(11.27);2.404644183546615
(11.29);2.234693278062003
(11.30);3.1020000407864625
(11.31);2.1149517525894166
(12.13);1.0734836545499034
(12.14);1.226752894589692
(12.15);0.9495710821391928
(12.16);1.3640036343690283
(12.17);2.664974723175835
(12.18);3.085838149133531
(12.19);2.243250928984516
(12.20);2.2305766315884017
(12.21);1.5831234361233362
(12.22);1.3254154380334506
(12.23);1.0988867512760365
(12.24);1.196719220204129
(12.25);1.772666159886279
(12.26);3.1501059577140964
(12.27);3.3901204785984693
(12.28);2.03494027620166
(12.29);1.906696640347825
(12.30);2.4523144888104933
(12.31);4.153301904661141
(13.14);3.7039376877088004
(13.15);2.0159895151699803
(13.16);1.5172955205168939
(13.17);1.6113676071716498
(13.18);0.9434502631973838
(13.19);0.8690706694609207
(13.20);0.8290179527892859
(13.21);0.7316222718269871
(13.22);0.6766652541095088
(13.23);0.6102997640138722
(13.24);0.6724686178377655
(13.25);0.8629321639745743
(13.26);1.4174063926507063
(13.27);1.9545759887115637
(13.28);1.9221169795227013
(13.29);1.1720898040790018
(13.30);1.2704418808716171
(13.31);1.4832207223777674
(14.15);3.3014522323272044
(14.16);2.537424625015601
(14.17);2.2756733688346746
(14.18);1.1250270828917481
(14.19);1.0335547002578276
(14.20);0.9500631987334031
(14.21);0.8366846223736404
(14.22);0.7660105116546023
(14.23);0.6784724494965377
(14.24);0.7682746362776838
(14.25);1.0231357793013127
(14.26);1.7272233636709595
(14.27);2.665702835320928
(14.28);2.7513419092376603
(14.29);1.4152265661388046
(14.30);1.5312929328418
(14.31);1.91275813376994
(15.16);2.5015214186980193
(15.17);1.5996341101845102
(15.18);0.9629304406512493
(15.19);0.9162495339032745
(15.20);0.8364123198879302
(15.21);0.7619355668889652
(15.22);0.7080727546804784
(15.23);0.6323583203132552
(15.24);0.7269256421797443
(15.25);0.9450697061193118
(15.26);1.5549742779648537
(15.27);2.2918668983401163
(15.28);3.0317972580530888
(15.29);1.3807310937210588
(15.30);1.4279925472065997
(15.31);1.501935039092925
(16.17);3.008607558731916
(16.18);1.492603204452321
(16.19);1.4018240060207998
(16.20);1.1911136638287454
(16.21);1.0629206181678417
(16.22);0.9592383887946407
(16.23);0.8224177117712081
(16.24);0.9865946712555707
(16.25);1.4125561175003862
(16.26);2.5135728223935403
(16.27);5.079376344128674
(16.28);7.7311373970983075
(16.29);2.082999079036558
(16.30);2.2127310146177845
(16.31);2.6817745865838836
(17.18);2.2911839164372703
(17.19);1.911979767826398
(17.20);1.6251983135822303
(17.21);1.3270969644726265
(17.22);1.1522814613566705
(17.23);0.9661354600739614
(17.24);1.1238536077141235
(17.25);1.6977223281845346
(17.26);3.1973410650678953
(17.27);6.79412311744361
(17.28);3.515296034766136
(17.29);2.127346423064391
(17.30);2.5396794406844703
(17.31);6.984362324197222
(18.19);8.519330059632473
(18.20);4.9898828522192265
(18.21);2.9723255696592963
(18.22);2.185511132266377
(18.23);1.598099658029516
(18.24);1.9372984213327211
(18.25);3.881878638276141
(18.26);8.145508569858263
(18.27);4.416899671625983
(18.28);2.429791017606463
(18.29);3.1681822782990428
(18.30);4.994572595088028
(18.31);4.267806182883944
(19.20);6.148345403593006
(19.21);4.0900284084902205
(19.22);2.7663008172984633
(19.23);1.8679332262897028
(19.24);2.459589281865069
(19.25);6.623598502751164
(19.26);11.97404923056405
(19.27);3.932020675555265
(19.28);2.385281023133661
(19.29);3.958791802150538
(19.30);7.352790009030962
(19.31);3.2026780646605255
(20.21);6.129074530705606
(20.23);2.351894559072118
(20.24);2.65809391949964
(20.25);4.352656252494605
(20.26);5.308000598265988
(20.27);2.9018845715131825
(20.28);1.9512313910480608
(20.29);3.0351870712286377
(20.30);4.532957118551
(20.31);2.507418687960387
(21.22);8.239393932369447
(21.23);3.4483383529315237
(21.24);4.456158993940559
(21.25);5.157200794514315
(21.26);4.532957118551
(21.27);2.450581980860487
(21.28);1.8064784924371309
(21.29);3.4036080353647677
(21.30);4.796564024471855
(21.31);1.9345032570341953
(22.23);5.729213187881579
(22.24);6.6349757000294405
(22.25);3.726875965126967
(22.26);3.4496059233162173
(22.27);2.084136160204778
(22.28);1.6327797548679912
(22.29);3.108694995165418
(22.30);3.8447202518700436
(22.31);1.6133814734324066
(23.24);4.30442903760593
(23.25);2.3337914039438306
(23.26);2.447443105520457
(23.27);1.6775410440374268
(23.28);1.381569390523615
(23.29);2.363125816671693
(23.30);2.6627558112890433
(23.31);1.3011032780726337
(24.25);3.8424775534094913
(24.26);3.392936927090173
(24.27);2.0771448764414
(24.28);1.7115183538961072
(24.29);3.8427202370113744
(24.30);4.196500478473656
(24.31);1.5384650858335749
(25.26);9.792715105663426
(25.27);3.48543416175565
(25.28);2.458573512638282
(25.29);6.4072386954846445
(25.30);15.544834234335394
(25.31);2.5373993225792018
(26.27);6.90744649401282
(26.28);3.9555619554825108
(26.29);7.115285645667084
(26.30);15.92532094333383
(26.31);5.1037900115647625
(27.28);6.966845100790576
(27.29);4.2701932590940554
(27.30);5.211608294962124
(27.31);9.503894230136021
(28.29);3.6830286757863226
(28.30);3.657768696024646
(28.31);3.594574082090495
(29.30);11.80401070682829
(29.31);2.824352540700143
(30.31);3.6627069721081567

****Importance nodes******

0; 0.05
1; 0.03666666666666667
2; 0.03666666666666667
3; 0.03666666666666667
4; 0.03666666666666667
5; 0.012298850574712646
6; 0.012695587690025956
7; 0.013105122776800987
8; 0.013527868672826826
9; 0.013964251533240594
10; 0.014414711260119324
11; 0.01411132419470199
12; 0.015334905952210334
13; 0.015829580337765506
14; 0.016340211961564394
15; 0.016867315573227758
16; 0.017411422527202847
17; 0.017973081318402938
18; 0.01855285813512561
19; 0.019151337429807083
20; 0.020428093258460886
21; 0.020428093258460886
22; 0.021109029700409582
23; 0.02176800045068251
24; 0.022470194013607753
25; 0.023195038981788648
26; 0.03666666666666667
27; 0.03666666666666667
28; 0.03793103448275863
29; 0.03666666666666667
30; 0.03666666666666667
31; 0.023943266045717313
