
****Mix criterion 0.5*C(weight)+0.5*C(distance) ******

(0.5);0.46496447238058863
(0.6);0.41832668018154484
(0.7);0.3904440910454588
(0.8);0.42570083409550774
(0.9);0.3666121907484248
(0.10);0.35411570392914077
(0.11);0.40730228753747594
(0.12);0.49596443544812874
(0.13);0.30466498287309307
(0.14);0.36505610491183915
(0.15);0.3127521339845573
(0.16);0.44369198698782636
(0.17);0.5773922849413282
(0.18);0.5321542787591371
(0.19);0.4827625227354051
(0.20);0.4206711098118164
(0.21);0.3691394116698611
(0.22);0.32097621297948004
(0.23);0.25355029410706026
(0.24);0.3040667298245899
(0.25);0.4246955878551688
(0.31);0.9824127216643568
(1.2);0.590272581368314
(1.3);0.4029982814371574
(1.4);0.4455619739544337
(1.5);0.46638490946464506
(1.6);0.5100673745465312
(1.7);0.5457953054303822
(1.8);0.48841703624292565
(1.9);0.46663187974688103
(1.10);0.42944136031310254
(1.11);0.3943421221007266
(1.12);0.4849247215451596
(1.13);0.2575551889227285
(1.14);0.26268144551705086
(1.15);0.18199369081491187
(1.16);0.25117365559606364
(1.17);0.35972045005969844
(1.18);0.378760378557751
(1.19);0.34079731008633246
(1.20);0.3604262664859919
(1.21);0.2994615473660511
(1.22);0.2613950139669653
(1.23);0.21951561803761532
(1.24);0.21481403205762217
(1.25);0.2842398209433475
(1.26);0.32291364982367665
(1.27);0.3252928304279843
(1.28);0.2226407081455864
(1.29);0.21903565637343092
(1.30);0.2802123495877276
(1.31);0.3819783812563527
(2.3);0.49019109245912373
(2.4);0.5249051066708708
(2.5);0.4955555150210477
(2.6);0.5808679891640369
(2.7);0.4396647000594417
(2.8);0.4149244077658053
(2.9);0.3849794990235779
(2.10);0.3550084865988601
(2.11);0.33495789835213846
(2.12);0.45664365014149566
(2.13);0.3154177304959982
(2.14);0.3081317648560773
(2.15);0.22115109745690267
(2.16);0.2720243207359842
(2.17);0.37798159678975424
(2.18);0.34262603880574655
(2.19);0.3025967897838205
(2.20);0.3080933541371662
(2.21);0.24843422746138497
(2.22);0.2085414385320391
(2.23);0.16263398545853708
(2.24);0.16727336813103433
(2.25);0.24654322070931922
(2.26);0.29350926231244895
(2.27);0.3247795409341865
(2.28);0.2329871772863087
(2.29);0.1918161319434897
(2.30);0.2486511752163899
(2.31);0.3787336042659971
(3.5);0.4639925734094663
(3.6);0.47258843661957994
(3.7);0.33462309806374807
(3.8);0.3287693305763293
(3.9);0.287908831092472
(3.10);0.2622160769576439
(3.11);0.26332072397493006
(3.12);0.3953765575886564
(3.13);0.44380711591234057
(3.14);0.4166659392095159
(3.15);0.3167010702281922
(3.16);0.33419318209576615
(3.17);0.4166810139491623
(3.18);0.30217149407525046
(3.19);0.2632922405875713
(3.20);0.24766041787264365
(3.21);0.19166526571447384
(3.22);0.14919392955934727
(3.23);0.0952598477137882
(3.24);0.11880639453772357
(3.25);0.21214346540958515
(3.26);0.27031811196707334
(3.27);0.34432101206255916
(3.28);0.28122488667151824
(3.29);0.17897093451672194
(3.30);0.22549366751471
(3.31);0.37947799622097234
(4.5);0.5655804374150206
(4.6);0.5512961953830398
(4.7);0.3805312555387038
(4.8);0.37974243409668385
(4.9);0.3325354587890695
(4.10);0.3070077906347442
(4.11);0.3136110894078883
(4.12);0.46090505166379586
(4.13);0.4068071179058544
(4.14);0.41319215369791085
(4.15);0.31648285121991393
(4.16);0.36308297984523563
(4.17);0.47635949884457546
(4.18);0.35746514537727864
(4.19);0.31637755789588173
(4.20);0.29930063973312154
(4.21);0.24206978067891058
(4.22);0.19866789538604257
(4.23);0.143259582257989
(4.24);0.1683939616224854
(4.26);0.32432785479019144
(4.27);0.3967047586086167
(4.28);0.315386108875744
(4.29);0.22768228507590624
(4.30);0.2772827559623033
(4.31);0.4418711386752187
(5.6);0.5555516694352207
(5.7);0.4142134549228294
(5.8);0.4185860884414974
(5.9);0.36956793981450237
(5.10);0.3458627274352622
(5.11);0.35480248999585623
(5.12);0.5121223065064678
(5.13);0.32887993869436344
(5.14);0.34871625913170196
(5.15);0.27064595045915063
(5.16);0.3391851017621035
(5.17);0.4550161747522693
(5.18);0.3937881034428063
(5.19);0.35274090724595647
(5.20);0.34053545000865526
(5.21);0.2836669051393101
(5.22);0.24134932163058043
(5.23);0.18766565886933095
(5.24);0.20945611072696516
(5.25);0.2991828724241289
(5.26);0.3560048129802871
(5.27);0.40306315134868864
(5.28);0.3062880851708478
(5.29);0.2561164404347475
(5.30);0.30940453083651104
(5.31);0.45905922288928236
(6.7);0.4243800230889619
(6.8);0.4167204804218913
(6.9);0.37534836796524246
(6.10);0.34915333250240116
(6.11);0.3456641594318994
(6.12);0.48368437904985206
(6.13);0.3199104339861443
(6.14);0.32765774267144293
(6.15);0.2464976683994533
(6.16);0.30623440504875177
(6.17);0.41285224597278986
(6.18);0.3691275437568852
(6.19);0.329303345060496
(6.20);0.3257543075818134
(6.21);0.268045840905177
(6.22);0.22709255385924007
(6.23);0.17709888070767765
(6.24);0.1911221985092177
(6.25);0.2752249014092787
(6.26);0.32615911031988976
(6.27);0.3632996379010441
(6.28);0.27102545125994065
(6.29);0.22673090081715788
(6.30);0.2811600498687357
(6.31);0.4158356027924951
(7.8);0.5613182098821489
(7.9);0.5311349360425134
(7.10);0.48045422359213524
(7.11);0.44408067389068767
(7.12);0.4676733071244186
(7.13);0.21262972088836038
(7.14);0.23085185106419867
(7.15);0.16001902433429024
(7.16);0.2434002558834632
(7.17);0.34324597526502637
(7.18);0.4099184458502724
(7.19);0.3781132282313826
(7.20);0.40760893413818255
(7.21);0.34773809241960296
(7.22);0.3111123798632236
(7.23);0.27000415391882004
(7.24);0.26373259096772633
(7.25);0.3251337843418468
(7.26);0.35546131774694256
(7.27);0.3313236634048676
(7.28);0.22669418918290277
(7.29);0.25542754990236066
(7.30);0.31730916183922037
(7.31);0.38129480945954436
(8.9);0.5203097940951683
(8.10);0.48507691090209204
(8.11);0.48372762010182885
(8.12);0.4908197856307925
(8.13);0.21484696275429013
(8.14);0.24090825091942236
(8.15);0.1746925644518656
(8.16);0.2654883395032073
(8.17);0.36294154063401607
(8.18);0.45359256986864477
(8.19);0.417900983435625
(8.20);0.44612561262700673
(8.21);0.379032807626367
(8.22);0.3384367529769805
(8.23);0.29123059550897434
(8.24);0.2932301143634967
(8.25);0.36121289413622915
(8.26);0.39545416790368104
(8.27);0.36229527878056794
(8.28);0.25438556352922864
(8.29);0.2911077319188237
(8.30);0.35516393761188036
(8.31);0.4103336840936266
(9.10);0.6052820858637913
(9.11);0.48046349287028833
(9.12);0.4234344283758494
(9.13);0.17174990961541778
(9.14);0.19389225035279606
(9.15);0.12699525616933774
(9.16);0.21708810349330987
(9.17);0.3113365580115779
(9.18);0.40817085507192874
(9.19);0.386892798873719
(9.20);0.43455814081234545
(9.21);0.3785609432571796
(9.22);0.3458659087261526
(9.23);0.3100704745054377
(9.24);0.2933487736049749
(9.25);0.3400320205418859
(9.26);0.3577083524733902
(9.27);0.3114033342116622
(9.28);0.20736262039556255
(9.29);0.26411251946269987
(9.30);0.3262017957333936
(9.31);0.35531815333447686
(10.11);0.4978855165587691
(10.12);0.4002513062705587
(10.13);0.1495421836192451
(10.14);0.17448706428032648
(10.15);0.11027566797713009
(10.16);0.20419701009834307
(10.17);0.29463665906218894
(10.18);0.4052557456072582
(10.19);0.3915161557889412
(10.20);0.44951179815215697
(10.21);0.39856312996440335
(10.22);0.36878173955101595
(10.23);0.33601400218956257
(10.24);0.3132122161847732
(10.25);0.35006068247923827
(10.26);0.3597575147787928
(10.27);0.3016090820835241
(10.28);0.19880262541143565
(10.29);0.27161022388438294
(10.30);0.3330090368866395
(10.31);0.3414072228542059
(11.12);0.41662386131382567
(11.13);0.16325902322392688
(11.14);0.19922543294830455
(11.15);0.14332399282697428
(11.16);0.2463115022929649
(11.17);0.3279791350292534
(11.18);0.4777008975256549
(11.19);0.47092127614981716
(11.20);0.5782591268248254
(11.21);0.4651320046613617
(11.22);0.41729017975907096
(11.23);0.36366217387734634
(11.24);0.36501882772362343
(11.25);0.42102916833860404
(11.26);0.43428260794368945
(11.27);0.3540995356872201
(11.28);0.250536137776983
(11.29);0.33800666930388334
(11.30);0.4055063393128915
(11.31);0.38426763262981734
(12.13);0.2794855795310673
(12.14);0.30770297092996335
(12.15);0.23812464115637316
(12.16);0.32434771901779674
(12.17);0.4360693300062308
(12.18);0.4543031840497267
(12.19);0.4068000812977142
(12.20);0.40068859862290035
(12.21);0.3389222164383616
(12.22);0.2954669730517007
(12.23);0.24142024044573324
(12.24);0.2604365200318068
(12.25);0.3478536938756734
(12.26);0.4032921754260376
(12.27);0.41660257578312393
(12.28);0.3046617813824245
(12.29);0.2941934280365352
(12.30);0.3543511061940709
(12.31);0.48161446746335324
(13.14);0.4816413422436166
(13.15);0.3967394320189522
(13.16);0.3435448655471751
(13.17);0.3524205819023668
(13.18);0.2174971765389848
(13.19);0.1855466953312455
(13.20);0.15648806443632615
(13.21);0.10806904247126317
(13.22);0.06645547725447569
(13.23);0.008584976010067448
(13.24);0.04720862529286888
(13.25);0.14477456116391252
(13.26);0.20415848708304676
(13.27);0.29840054631028723
(13.28);0.2878453420136011
(13.29);0.1346733950850595
(13.30);0.1660207080594015
(13.31);0.3032071422414886
(14.15);0.4648312839305627
(14.16);0.4277558379504756
(14.17);0.40965095692317544
(14.18);0.26410741145157307
(14.19);0.235841818755323
(14.20);0.19902745769203448
(14.21);0.155100529148996
(14.22);0.11397810258053255
(14.23);0.05367523911124809
(14.24);0.1008056894826615
(14.25);0.20039421705662724
(14.26);0.2625812087300146
(14.27);0.36775818212377565
(14.28);0.369417273316008
(14.29);0.20056863184529755
(14.30);0.2268905394161579
(14.31);0.3559514194621439
(15.16);0.4239908294913482
(15.17);0.34574133623451264
(15.18);0.21500835755204722
(15.19);0.19383982709705652
(15.20);0.14966459326820908
(15.21);0.11344382244355414
(15.22);0.07465477972979657
(15.23);0.01301774630228871
(15.24);0.07101740012116814
(15.25);0.168896740951495
(15.26);0.22831862670297753
(15.27);0.33294041571181415
(15.28);0.3873228692956215
(15.29);0.18886079886620694
(15.30);0.2009254704597165
(15.31);0.30057502215007714
(16.17);0.4468904971859659
(16.18);0.3254476970279305
(16.19);0.3080408916528943
(16.20);0.2586352519816594
(16.21);0.22601823041893537
(16.22);0.1875602836259356
(16.23);0.12491779181676557
(16.24);0.18579199234068342
(16.25);0.286047967867172
(16.26);0.35175185919369045
(16.27);0.4801964258984502
(16.28);0.5444859199070645
(16.29);0.30784018595522333
(16.30);0.3233429896661061
(16.31);0.41253468586444675
(17.18);0.4028597705174277
(17.19);0.36932024143721764
(17.20);0.33070684875915196
(17.21);0.28381558923707284
(17.22);0.2409209651482276
(17.23);0.17973738327630642
(17.24);0.22373651050566234
(17.25);0.3264703493911041
(17.26);0.39901613645235323
(17.27);0.5263436758560542
(17.28);0.41245337448757147
(17.29);0.3108240707713961
(17.30);0.3529368948431651
(17.31);0.5494592069830633
(18.19);0.5839921286247745
(18.20);0.5056422565793622
(18.21);0.4353714234462771
(18.22);0.383436479705405
(18.23);0.31770368177259334
(18.24);0.35538708930258034
(18.25);0.4659660915785354
(18.26);0.5559893850785591
(18.27);0.4551451072677262
(18.28);0.33506808841774116
(18.29);0.3957127216075752
(18.30);0.47712652941237227
(18.31);0.47917028038994797
(19.20);0.5328511139187206
(19.21);0.4789955719718157
(19.22);0.4207707857643326
(19.23);0.34848030140760977
(19.24);0.397254665725856
(19.25);0.5390093713664106
(19.26);0.6275200857675208
(19.27);0.4339424746744302
(19.28);0.3286359983818344
(19.29);0.4351344959004
(19.30);0.5403213870044639
(19.31);0.4358058131882316
(20.21);0.5307294165132331
(20.22);0.4570353047276036
(20.23);0.3869517606957126
(20.24);0.40583129398518114
(20.25);0.47750990311584274
(20.26);0.4816225400937153
(20.27);0.37239500888567323
(20.28);0.2714728140679663
(20.29);0.38159951451714974
(20.30);0.4566446126394243
(20.31);0.39109586240199207
(21.22);0.5748739262569869
(21.23);0.44916894341759633
(21.24);0.4845220096669265
(21.25);0.5021393070911224
(21.26);0.4559608244569402
(21.27);0.33567047020547636
(21.28);0.24937155882981962
(21.29);0.40457386085041996
(21.30);0.46701871884583657
(21.31);0.34101841429905294
(22.23);0.5197722095232187
(22.24);0.5399350575361522
(22.25);0.4546674620483726
(22.26);0.4054256663722688
(22.27);0.29284992203925675
(22.28);0.2141556775446983
(22.29);0.38501403603116535
(22.30);0.4267802455671311
(22.31);0.2960178726797604
(23.24);0.47710705481777044
(23.25);0.37568979566423416
(23.26);0.3307114268426513
(23.27);0.2265768679856359
(23.28);0.15064148720388043
(23.29);0.3222739244663664
(23.30);0.35097282834155163
(23.31);0.23313539746807926
(24.25);0.4563453095700432
(24.26);0.3988568056136407
(24.27);0.28638795457011434
(24.28);0.22265413108643228
(24.29);0.42252484625760145
(24.30);0.439770768167014
(24.31);0.27675943624054267
(25.26);0.5823183516848345
(25.27);0.4014751539771139
(25.28);0.3211689301653299
(25.29);0.5083238854566844
(25.31);0.3840888291829939
(26.27);0.5013058150361344
(26.28);0.38572282443353584
(26.29);0.506965714962229
(26.30);0.6842460359790762
(26.31);0.4700562295582064
(27.28);0.4996773177639293
(27.29);0.40608134252988237
(27.30);0.4481228795228779
(27.31);0.5783468942492098
(28.29);0.36953704540591653
(28.30);0.3688052768005039
(28.31);0.40246996785212164
(29.30);0.6115716926732337
(29.31);0.356552713893001
(30.31);0.41118026031270516
