
****Mix criterion 0.5*C(weight)+0.5*C(distance) ******

(0.5);0.46475340283728794
(0.6);0.41816816801063345
(0.7);0.3903107451280593
(0.8);0.4255465774205412
(0.9);0.36650098315483876
(0.10);0.3540144501106726
(0.11);0.4071773727863782
(0.12);0.4957710099681761
(0.13);0.30459234398079704
(0.14);0.36496746635041344
(0.15);0.3126846583139497
(0.16);0.4435756900689797
(0.17);0.5771674060617187
(0.18);0.5319903168618361
(0.19);0.4826475559904767
(0.20);0.42059560675326535
(0.21);0.3690860321720379
(0.22);0.32093734453681855
(0.23);0.25352359277461467
(0.24);0.30403966658699283
(0.25);0.425558717184571
(0.31);0.9824127216643568
(1.3);0.4025836527842416
(1.4);0.44495991520791556
(1.5);0.4678352590457284
(1.6);0.5119953653248781
(1.7);0.5482176302719106
(1.8);0.4900937722159383
(1.9);0.4680924785421398
(1.10);0.43060820344903616
(1.11);0.39530433851989777
(1.12);0.48657068141326776
(1.13);0.2580938003679829
(1.14);0.2632323634607383
(1.15);0.18242364797369026
(1.16);0.2517084779432324
(1.17);0.36054857608004615
(1.18);0.37967172338943417
(1.19);0.34156429015855905
(1.20);0.36126827985503146
(1.21);0.30011526715409065
(1.22);0.2619673578543706
(1.23);0.22001823252715452
(1.24);0.21531265797247914
(1.25);0.285380176027877
(1.26);0.3240482360654508
(1.27);0.32643786448101614
(1.28);0.22457762271844672
(1.29);0.21983537179699586
(1.30);0.28056836413191644
(1.31);0.38296285052962464
(2.3);0.48955130323956775
(2.4);0.5240028245672821
(2.5);0.49730838390243515
(2.6);0.5838625876780886
(2.7);0.4408964990067151
(2.8);0.4159922876626869
(2.9);0.3858898895034872
(2.10);0.3557963896029183
(2.11);0.3356799102654051
(2.12);0.4580232160597191
(2.13);0.31608768670604787
(2.14);0.30878505327012673
(2.15);0.22163383497738537
(2.16);0.2725994018435271
(2.17);0.3788857683550151
(2.18);0.34339560600623764
(2.19);0.30325152960744584
(2.20);0.30876589288442885
(2.21);0.24897882869476662
(2.22);0.20902464511380817
(2.23);0.16306132027034032
(2.24);0.16770887088257064
(2.25);0.24754366001958766
(2.26);0.29452698626645596
(2.27);0.32592230733793204
(2.28);0.2349853249596595
(2.29);0.19255615885654573
(2.30);0.2489720946553759
(2.31);0.37970281713188964
(3.4);0.6500161754901623
(3.5);0.4623378512354144
(3.6);0.47085347191710775
(3.7);0.33380894309720044
(3.8);0.32797983465843045
(3.9);0.28724305948547973
(3.10);0.2616129747714626
(3.11);0.26271852142967594
(3.12);0.394317486293366
(3.13);0.4424292669330965
(3.14);0.41549554495952556
(3.15);0.3159813224299436
(3.16);0.3334238678298797
(3.17);0.41553916362807647
(3.18);0.3015063885802749
(3.19);0.2627198416492668
(3.20);0.24712154617358809
(3.21);0.19121496949381883
(3.22);0.14879559472792409
(3.23);0.09491297417949104
(3.24);0.11844281731514446
(3.25);0.2120790524196262
(3.26);0.27007329488498427
(3.27);0.3439996315969529
(3.28);0.2823292509535978
(3.29);0.1787845565725406
(3.30);0.22476721662238908
(3.31);0.37863711115765475
(4.5);0.5622629994095705
(4.6);0.5482766956273785
(4.7);0.37945025232066343
(4.8);0.37867158640058335
(4.9);0.33168110952839075
(4.10);0.3062434555999127
(4.11);0.3128303174821398
(4.12);0.459265475612811
(4.13);0.4056125499430129
(4.14);0.41196463094920677
(4.15);0.31571117522379444
(4.16);0.3621434153854341
(4.17);0.4746379166527305
(4.18);0.3565628187157848
(4.19);0.31562675004405183
(4.20);0.29860362230115767
(4.21);0.2415041592899773
(4.22);0.19817627050450815
(4.23);0.14283945203977708
(4.24);0.16794881471644027
(4.25);0.263212409708532
(4.26);0.32397539239618195
(4.27);0.39622771262279277
(4.29);0.2274281253358188
(4.30);0.2763809906639883
(4.31);0.440621777760987
(5.6);0.5567001560247508
(5.7);0.41455207799223925
(5.8);0.41894040273530186
(5.9);0.3698280627213185
(5.10);0.34609419622080484
(5.11);0.3550491485347557
(5.12);0.5129390498758706
(5.13);0.329102734232668
(5.14);0.3489666834067863
(5.15);0.27082481770001965
(5.16);0.33943155837830746
(5.17);0.45554434087877055
(5.18);0.3941345457679249
(5.19);0.3530190342585095
(5.20);0.34080128015014016
(5.21);0.283876688895396
(5.22);0.2415317552641798
(5.23);0.1878221379444859
(5.24);0.20962670927595234
(5.25);0.2999642498737311
(5.26);0.35678308960284244
(5.27);0.4040546721953674
(5.28);0.3084159241540979
(5.29);0.25663443419999293
(5.30);0.30934846998575194
(5.31);0.45971658918411584
(6.7);0.42474970447802923
(6.8);0.4170742841877435
(6.9);0.37562114875622094
(6.10);0.3493920394099547
(6.11);0.3459021304393754
(6.12);0.48432409218681455
(6.13);0.3201266432463757
(6.14);0.3278857596773307
(6.15);0.24666321368982724
(6.16);0.3064479786629361
(6.17);0.4132427766294223
(6.18);0.3694299429032859
(6.19);0.3295533978263276
(6.20);0.3260045204238625
(6.21);0.2682454226676005
(6.22);0.22726829467379275
(6.23);0.17725229408994955
(6.24);0.19128521114980657
(6.25);0.27593594684549233
(6.26);0.326841111459378
(6.27);0.3641083246117975
(6.28);0.272885056015082
(6.29);0.22720244732042905
(6.30);0.281112420893835
(6.31);0.4163254488289179
(7.8);0.5625419874759874
(7.9);0.5320916264368376
(7.10);0.48106917202799665
(7.11);0.44453866005502524
(7.12);0.4682355778367576
(7.13);0.21277422999899545
(7.14);0.231007979742258
(7.15);0.16014675303162712
(7.16);0.24356902113348813
(7.17);0.3435079625944993
(7.18);0.41031116822026104
(7.19);0.37844043430436625
(7.20);0.40800758559926026
(7.21);0.3480248216654961
(7.22);0.31135765230219187
(7.23);0.270215195704277
(7.24);0.2639425999852225
(7.25);0.3260145941162096
(7.26);0.35624267135538257
(7.27);0.3320236377967662
(7.28);0.22829471017074995
(7.29);0.2559483840054793
(7.30);0.3172573163358038
(7.31);0.381695181357768
(8.9);0.5211854463603727
(8.10);0.48572299960520543
(8.11);0.48437215117156873
(8.12);0.49151170823868373
(8.13);0.21499456090289396
(8.14);0.24107213572325278
(8.15);0.17482754151247185
(8.16);0.2656737585570107
(8.17);0.363235753673846
(8.18);0.4541358611036377
(8.19);0.4183258864282568
(8.20);0.44665239350700053
(8.21);0.37937627938814944
(8.22);0.33871833542692525
(8.23);0.2914626882324647
(8.24);0.2934684276329215
(8.25);0.362268618722527
(8.26);0.396413296997427
(8.27);0.3631053230758867
(8.28);0.25614136816559996
(8.29);0.29170338949300983
(8.30);0.355106406328108
(8.31);0.41081422642682036
(9.10);0.6069814364663737
(9.11);0.48109563001251227
(9.12);0.4238401312127734
(9.13);0.1718811716505765
(9.14);0.1940347273603884
(9.15);0.12711548807208914
(9.16);0.21724660430094386
(9.17);0.3115672707426469
(9.18);0.40856747197261395
(9.19);0.38724514613513045
(9.20);0.43504691270823215
(9.21);0.37890721407380684
(9.22);0.3461613159007006
(9.23);0.3103246757417766
(9.24);0.2935898733023192
(9.25);0.3409821127538538
(9.26);0.3585035209771854
(9.27);0.3120515324578063
(9.28);0.2088726895282533
(9.29);0.2646538835317223
(9.30);0.3261546655893301
(9.31);0.35567255658919833
(10.11);0.49862656001452277
(10.12);0.4006016032378326
(10.13);0.14966738179378603
(10.14);0.17462350454371497
(10.15);0.110392616088154
(10.16);0.20435121869594788
(10.17);0.2948540957350545
(10.18);0.40564923624613886
(10.19);0.3918825666441342
(10.20);0.4500619265426439
(10.21);0.39895743572630143
(10.22);0.36911856492880674
(10.23);0.3363035374730379
(10.24);0.31347752059044803
(10.25);0.35106169073075477
(10.26);0.36056333005536023
(10.27);0.3022347149596686
(10.28);0.20027606634749642
(10.29);0.27216868225936824
(10.30);0.3329641102063381
(10.31);0.3417411132537538
(11.12);0.41701989556141816
(11.13);0.16339098217275838
(11.14);0.19937448102806124
(11.15);0.1434530772298996
(11.16);0.24649144454912422
(11.17);0.3282347107462123
(11.18);0.478374979358791
(11.19);0.4715671073646025
(11.20);0.5797371685199875
(11.21);0.4657637742227852
(11.22);0.4177457739451769
(11.23);0.3639989013623961
(11.24);0.3653635855637653
(11.25);0.42254199445336044
(11.26);0.4354859611478216
(11.27);0.354886990931852
(11.28);0.2522731940754576
(11.29);0.3387384702721905
(11.30);0.4054476681778314
(11.31);0.38468973728269895
(12.13);0.2796828622192499
(12.14);0.3079284211338436
(12.15);0.2382991514387709
(12.16);0.3245983928892978
(12.17);0.4365590937535393
(12.18);0.45487029323930506
(12.19);0.4072123414859923
(12.20);0.40109097614691314
(12.21);0.3392129867772703
(12.22);0.2957102617876498
(12.23);0.24162206452004342
(12.24);0.2606563104311403
(12.25);0.34884860352653624
(12.26);0.40430481138882035
(12.27);0.41769236703487156
(12.28);0.3067831919739251
(12.29);0.29480635649483194
(12.30);0.35430996778489693
(12.31);0.4824268787428261
(13.14);0.4823220445354445
(13.15);0.3971099265571921
(13.16);0.34382371109623056
(13.17);0.35271671583216235
(13.18);0.21767056194946705
(13.19);0.1857064114081184
(13.20);0.15663765070007976
(13.21);0.10820341972653888
(13.22);0.0665796856264307
(13.23);0.008697066000887852
(13.24);0.047332132429650856
(13.25);0.14525475323647435
(13.26);0.20461228891592934
(13.27);0.299026330256786
(13.28);0.2898339477119959
(13.29);0.1350486554931908
(13.30);0.1660017968750141
(13.31);0.3034970510955723
(14.15);0.4654380182469534
(14.16);0.42822216079476116
(14.17);0.4100691756428796
(14.18);0.2643141666883672
(14.19);0.23603176337980458
(14.20);0.19919892917687693
(14.21);0.1552542044858257
(14.22);0.11411871340978968
(14.23);0.053799850996480915
(14.24);0.10094679374323264
(14.25);0.20095863198618302
(14.26);0.2631319333559825
(14.27);0.36860814063394975
(14.28);0.37224176295165284
(14.29);0.20101987639055435
(14.30);0.22687067589757434
(14.31);0.3563250020554152
(15.16);0.42445055411587823
(15.17);0.34603531380559927
(15.18);0.21518532299074705
(15.19);0.19400821361167958
(15.20);0.14981559149014181
(15.21);0.11358376963398453
(15.22);0.07478475747534884
(15.23);0.013133889591353348
(15.24);0.07115091117937444
(15.25);0.16941351629606097
(15.26);0.2288123617459458
(15.27);0.3336681287148939
(15.28);0.39041069190671385
(15.29);0.18929920825699004
(15.30);0.2009097132721561
(15.31);0.3008681427728453
(16.17);0.4474434130914456
(16.18);0.3257220046723145
(16.19);0.30829851607697795
(16.20);0.25885034035208343
(16.21);0.22621346211628682
(16.22);0.18773636960152634
(16.23);0.12506884399315094
(16.24);0.18597319712033508
(16.25);0.28681349898739794
(16.26);0.3525465858341083
(16.27);0.48180239317396495
(16.28);0.5522964775370358
(16.29);0.3084987763271943
(16.30);0.32332291046942596
(16.31);0.4130576646387658
(17.18);0.40328083973468093
(17.19);0.36967162127122705
(17.20);0.3310003991421623
(17.21);0.2840593454673282
(17.22);0.24113249122479533
(17.23);0.17991483336312997
(17.24);0.223942926942169
(17.25);0.32738212963864355
(17.26);0.4000227015155847
(17.27);0.5284825552643312
(17.28);0.4159755925887371
(17.29);0.31149378743385725
(17.30);0.35291888342029426
(17.31);0.5508201915019039
(18.19);0.5855577941368252
(18.20);0.5065437849605424
(18.21);0.435917373639661
(18.22);0.3838376839349963
(18.23);0.3179972071973292
(18.24);0.35574291287730175
(18.25);0.4680318513062631
(18.26);0.5585424918104778
(18.27);0.4565295286564124
(18.28);0.3374822579085896
(18.29);0.3967057483085233
(18.30);0.4771011171833075
(18.31);0.48000126688132416
(19.20);0.5339622320110603
(19.21);0.4797468255511085
(19.22);0.42127861656727245
(19.23);0.3488233904880187
(19.24);0.39770642227621117
(19.25);0.5425015381563663
(19.26);0.6312565538139483
(19.27);0.435169450556123
(19.28);0.3309856923816957
(19.29);0.4363698256360952
(19.30);0.5402988657597586
(19.31);0.4364289218501383
(20.21);0.5318370520075542
(20.22);0.4576896617758222
(20.23);0.38737699789529084
(20.24);0.406312014658836
(20.25);0.47974892152186227
(20.26);0.4832524024799248
(20.27);0.3732860548500946
(20.28);0.2733566789329384
(20.29);0.38253149203880277
(20.30);0.45664005286236553
(20.31);0.39157608094959107
(21.22);0.5763857700771391
(21.23);0.4498020020948028
(21.24);0.4853400875646576
(21.25);0.5048060407491269
(21.26);0.4573620085326088
(21.27);0.3364279705210319
(21.28);0.25111929620868395
(21.29);0.4056259514072561
(21.30);0.4670237397526417
(21.31);0.3413940181932056
(22.23);0.5208234610622917
(22.24);0.5411525168961614
(22.25);0.45657514748746686
(22.26);0.40648663121820916
(22.27);0.293490921402455
(22.28);0.21572049078340874
(22.29);0.3859701499119795
(22.30);0.42679227325657293
(22.31);0.296330725192381
(23.24);0.47789726532825794
(23.25);0.3768733733673544
(23.26);0.3314609070811262
(23.27);0.227090581198785
(23.28);0.15195382179250302
(23.29);0.3229975842305628
(23.30);0.3509867550563421
(23.31);0.23338761321546858
(24.25);0.45827489627386553
(24.26);0.39989088305172793
(24.27);0.2870210133915787
(24.28);0.22426463248653594
(24.29);0.42369600575256516
(24.30);0.4398016037633177
(24.31);0.2770574250388023
(25.26);0.5876685266428157
(25.27);0.4033793942586608
(25.28);0.3240454758525962
(25.29);0.5118244312857533
(25.30);0.6890410805942979
(25.31);0.3853630414398208
(26.28);0.38925480448990574
(26.29);0.5096627164348829
(26.30);0.6864627738599418
(26.31);0.4716362157702735
(27.28);0.5058981172934892
(27.29);0.4076999307471112
(27.30);0.4488483135388568
(27.31);0.5812890258436786
(28.31);0.4058148315555863
(29.30);0.6132147614548975
(29.31);0.35742705199511954
(30.31);0.4112512223868598
