
****Importance edges******

(0.5);4.998864453756141
(0.6);3.8869647710959296
(0.7);3.3921421393636018
(0.8);4.079477264606399
(0.9);3.024851955145984
(0.10);2.913689445073868
(0.11);3.765662885591565
(0.12);6.1276427123169945
(0.13);2.4266992841781936
(0.14);3.1350200418633563
(0.15);2.537855316093562
(0.16);4.675175328771102
(0.17);9.719379295534969
(0.18);7.671367974956792
(0.19);5.818926043452507
(0.20);4.247793380467777
(0.21);3.3497450055916125
(0.22);2.7621189077324675
(0.23);2.1913540748524483
(0.24);2.6340007343393532
(0.25);4.439627035531364
(0.31);35.594624947951395
(1.3);4.353430129102907
(1.4);5.405067113077898
(1.5);4.5964126842249655
(1.6);6.130354283729144
(1.7);7.728144853379146
(1.8);5.367818527194659
(1.10);3.760056786959663
(1.11);3.1118897589879446
(1.12);5.342790971025048
(1.13);1.7548902050896176
(1.14);1.8018330984189725
(1.15);1.4116720487889933
(1.16);1.7628961604926265
(1.17);2.7406246073004774
(1.18);3.0283004134809004
(1.19);2.5325647448927566
(1.20);2.8203175561750533
(1.21);2.198925740556942
(1.22);1.9334894494285029
(1.23);1.705340532100359
(1.24);1.699289634195227
(1.25);2.131752449443848
(1.26);3.1105904638381743
(1.27);3.0878315981140916
(1.28);2.1797186770845234
(1.29);2.1566053409892803
(1.30);2.6578823816791743
(1.31);3.2989367708495143
(2.3);6.599672080097923
(2.4);7.960703088180974
(2.5);5.410083113230807
(2.6);9.275084267012808
(2.7);3.8288929614121785
(2.8);3.3314967360176473
(2.9);2.805270699656388
(2.10);2.475276963662824
(2.11);2.2769963067654144
(2.12);4.367739032385483
(2.13);2.1295417837779387
(2.14);2.084967909869308
(2.15);1.5469958335414262
(2.16);1.8506303379681794
(2.17);2.9220154889076153
(2.18);2.49774249587326
(2.19);2.1116911348314655
(2.20);2.201374847585207
(2.21);1.79062601258702
(2.22);1.5960101537062912
(2.23);1.4179932065899974
(2.24);1.4518639002703195
(2.25);1.8292996833775959
(2.26);2.741249031328049
(2.27);3.0267511770276223
(2.28);2.208521400900338
(2.29);1.9600482852689867
(2.30);2.35384148921325
(2.31);3.178751419599811
(3.5);4.365428473840394
(3.6);4.631756008422274
(3.7);2.2001861364932993
(3.8);2.1604657533875207
(3.9);1.8160869329318403
(3.10);1.6932309581897595
(3.11);1.7138588568493474
(3.12);3.056530505570895
(3.13);4.034079718824289
(3.14);3.4776597771310143
(3.15);2.17132425306134
(3.16);2.3573263591627955
(3.17);3.5553619229713647
(3.18);2.1053104777675777
(3.19);1.8232072009169766
(3.20);1.7646724130695985
(3.21);1.501186282450275
(3.22);1.3525614912652386
(3.23);1.2002549361801997
(3.24);1.282685847270947
(3.25);1.6393880868528583
(3.26);2.5253824416043003
(3.27);3.259910494634391
(3.28);2.5766576798080982
(3.29);1.8905175678897026
(3.30);2.188983046418277
(3.31);3.1762632836834546
(4.5);8.375360869023579
(4.6);7.710531179095909
(4.7);2.792948520755499
(4.8);2.8002184052465533
(4.9);2.226732867308147
(4.10);2.0484623434603693
(4.11);2.1200140744705944
(4.12);4.512042646098197
(4.13);3.3330388909910558
(4.14);3.4738572487306043
(4.15);2.215846398770902
(4.16);2.738591727102049
(4.17);5.095689361536946
(4.18);2.713292645137165
(4.19);2.270793764866394
(4.20);2.1652970213091924
(4.21);1.7874513280469273
(4.22);1.5811783368714352
(4.23);1.3758759997086472
(4.24);1.4851244911234753
(4.26);3.1097241730707963
(4.27);4.139989214514341
(4.28);2.9572830743198137
(4.29);2.2056963353511754
(4.30);2.620307791285445
(4.31);4.445346077200066
(5.6);6.323903992226552
(5.7);1.8645579321714456
(5.8);1.950958415639587
(5.9);1.3879336154039295
(5.10);1.2732826051781396
(5.11);1.3568201727316926
(5.12);4.4926805323565855
(5.13);1.2255194672205632
(5.14);1.3774758058270773
(5.15);0.9838575419350872
(5.16);1.3556131727714535
(5.17);2.9050911575582083
(5.18);1.9055226770960338
(5.19);1.5007141249504892
(5.20);1.4612165038396292
(5.21);1.1531163203560477
(5.22);1.0027603583907638
(5.23);0.8600814498956055
(5.24);0.9376694863901008
(5.25);1.2906422401757958
(5.26);2.4020856652873985
(5.27);2.9836589498049233
(5.28);1.8818346880070027
(5.29);1.5587334737284293
(5.30);1.9493194547388588
(5.31);3.3718495979651526
(6.7);2.0355741490471697
(6.8);1.948147299006025
(6.9);1.4561646517772124
(6.10);1.313117565480203
(6.11);1.3090505644016346
(6.12);3.5189363111639156
(6.13);1.1893076463746033
(6.14);1.2542409138856911
(6.15);0.9105931610738492
(6.16);1.1747596153030235
(6.17);2.1480798959923053
(6.18);1.6632969101619857
(6.19);1.3495753686354528
(6.20);1.3754002346875989
(6.21);1.097062069370794
(6.22);0.9659928165760466
(6.23);0.8432483372378073
(6.24);0.8959929506877954
(6.25);1.183910445049068
(6.26);2.1123426092914364
(6.27);2.4425377343138956
(6.28);1.6559788398163706
(6.29);1.424247625697513
(6.30);1.758724865415321
(6.31);2.5144510597768837
(7.8);6.738478343433914
(7.9);5.109459152101322
(7.10);3.3828566083061067
(7.11);2.5193643673826993
(7.12);3.092985154538439
(7.13);0.7949162324888442
(7.14);0.8588208961801554
(7.15);0.7025903943151532
(7.16);0.928304768758345
(7.17);1.441058791655311
(7.18);2.160135224602751
(7.19);1.7664372176205032
(7.20);2.1914021017672987
(7.21);1.5761280231000758
(7.22);1.3482148177610442
(7.23);1.1600313180959627
(7.24);1.1543305556924814
(7.25);1.4785587558171793
(7.26);2.4287399647093597
(7.27);2.122205968619582
(7.28);1.4353366326407393
(7.29);1.5790823994303345
(7.30);2.042962809008546
(7.31);2.056711569616184
(8.9);4.678882311580802
(8.10);3.5542118366079225
(8.11);3.5455918925525363
(8.12);3.80623979291833
(8.13);0.8119200812895748
(8.14);0.9014981148976206
(8.15);0.7424716688472816
(8.16);1.0199246437286578
(8.17);1.6183388930166505
(8.18);2.9883682244893572
(8.19);2.294450271536839
(8.20);2.8957961884502477
(8.21);1.8880772157035806
(8.22);1.547836492188885
(8.23);1.275768489196662
(8.24);1.309934217302273
(8.25);1.7869002418465503
(8.26);2.9922236148139807
(8.27);2.4654111614053065
(8.28);1.5859680420326376
(8.29);1.8129142322966385
(8.30);2.432854388980803
(8.31);2.470420866543209
(9.10);9.08015863322345
(9.11);3.379264003723763
(9.12);2.169796135845939
(9.13);0.7023437140422633
(9.14);0.7627013900883189
(9.15);0.6439142972823
(9.16);0.8492542609969588
(9.17);1.2367301218257765
(9.18);2.1270164096495243
(9.19);1.855516994364361
(9.20);2.6220515652575815
(9.21);1.8584066265646653
(9.22);1.5861144873810895
(9.23);1.3654584669036554
(9.24);1.2956373787641482
(9.25);1.585132294099806
(9.26);2.4502265283010027
(9.27);1.9482146878941946
(9.28);1.3516105021781069
(9.29);1.6271155268340842
(9.30);2.1185132940265663
(9.31);1.7841177679426032
(10.11);4.07297198502853
(10.12);1.9253253275086983
(10.13);0.688122475845007
(10.14);0.749911987072465
(10.15);0.6427779318527572
(10.16);0.847571479132966
(10.17);1.195089802390257
(10.18);2.1627292381958854
(10.19);1.9780485882043637
(10.20);3.021947435761022
(10.21);2.165971326028517
(10.22);1.8502104730288176
(10.23);1.5904301273661163
(10.24);1.4573180711886626
(10.25);1.7220086111176232
(10.26);2.5315501791227946
(10.27);1.9182978012814025
(10.28);1.3501476395459977
(10.29);1.712329248813477
(10.30);2.2328118638102614
(10.31);1.7179620767497206
(11.12);2.1767095883947905
(11.13);0.7252814900281208
(11.14);0.8192079001007734
(11.15);0.7094822209641526
(11.16);0.98901051290499
(11.17);1.4047121354961105
(11.18);3.704933092200075
(11.19);3.487346271922291
(11.20);8.119192114856116
(11.21);3.47041606859448
(11.22);2.5026363770608913
(11.23);1.8496727398690336
(11.24);1.8937700753630224
(11.25);2.625105080881165
(11.26);3.7949938930318434
(11.27);2.4242912304229534
(11.28);1.6039471227564748
(11.29);2.2529517480213985
(11.30);3.203574433144558
(11.31);2.173513984782309
(12.13);1.084318140670447
(12.14);1.2391343008211093
(12.15);0.9591549399523053
(12.16);1.3777702887398757
(12.17);2.6918718552630065
(12.18);3.116982983482267
(12.19);2.2266669307240683
(12.20);2.210360674947694
(12.21);1.5972622765844506
(12.22);1.3364257952586744
(12.23);1.108645117823823
(12.24);1.207327373564592
(12.25);1.741638726522053
(12.26);3.206029927108524
(12.27);3.3689556963409575
(12.28);1.974234392932064
(12.29);1.8947929869293558
(12.30);2.4958505356161282
(12.31);4.186524392313395
(13.14);3.741320894522197
(13.15);2.0363365510365203
(13.16);1.532609323561893
(13.17);1.6276308636273944
(13.18);0.9529723446363613
(13.19);0.8628606625067698
(13.20);0.8217211376740527
(13.21);0.7381679714779761
(13.22);0.6823025612046529
(13.23);0.6157291028634246
(13.24);0.6784402934969036
(13.25);0.8481298991005722
(13.26);1.4424673585856649
(13.27);1.942674296415911
(13.28);1.865482930931892
(13.29);1.164952781895374
(13.30);1.2929043876473394
(13.31);1.4951237105275546
(14.15);3.3347732225790634
(14.16);2.563034415872812
(14.17);2.2986413492273226
(14.18);1.1363817879803295
(14.19);1.0264256989416625
(14.20);0.9419502736678875
(14.21);0.8441836131434118
(14.22);0.7724105570367097
(14.23);0.684519144021064
(14.24);0.7751093486204096
(14.25);1.0059455202329648
(14.26);1.7576359041796277
(14.27);2.6498865356556993
(14.28);2.671299254892432
(14.29);1.4068296633904345
(14.30);1.5582555766608999
(14.31);1.9281583350518183
(15.16);2.52676884466138
(15.17);1.6157789424707634
(15.18);0.9726491321749312
(15.19);0.9101574681932219
(15.20);0.8294901542755414
(15.21);0.7687767703538855
(15.22);0.7140058068663472
(15.23);0.6380042211289633
(15.24);0.7334041621308015
(15.25);0.9295254917100413
(15.26);1.582238839818259
(15.27);2.278630308993644
(15.28);2.944738278332439
(15.29);1.3727567342594658
(15.30);1.4530306405572322
(15.31);1.514067180907886
(16.17);3.0389729179985285
(16.18);1.5076677921929682
(16.19);1.392852649156846
(16.20);1.1815705935411995
(16.21);1.0724813092677516
(16.22);0.9672992162467438
(16.23);0.8297738249013074
(16.24);0.9954033094600233
(16.25);1.3898251786045934
(16.26);2.5574570471159026
(16.27);5.050851568428134
(16.28);7.512085232942638
(16.29);2.0713013670561033
(16.30);2.2513628713241123
(16.31);2.703508191141126
(17.18);2.314308442122443
(17.19);1.90022060295877
(17.20);1.6126077596386388
(17.21);1.339055166461659
(17.22);1.161992476730079
(17.23);0.9747927359434116
(17.24);1.1339059134484089
(17.25);1.6710089746626233
(17.26);3.2529210366256818
(17.27);6.757065735322231
(17.28);3.4170516262186883
(17.29);2.1157431759725562
(17.30);2.583827158493281
(17.31);7.041151018335969
(18.19);8.469061869640763
(18.20);4.952549802823429
(18.21);2.9991564282717555
(18.22);2.203983036157345
(18.23);1.6124458071855385
(18.24);1.954658023136016
(18.25);3.822190345393076
(18.26);8.286479954894363
(18.27);4.393529450452347
(18.28);2.3628327177893182
(18.29);3.1514191353556167
(18.30);5.081011865313382
(18.31);4.302621247480957
(19.20);6.010305391587568
(19.21);4.064700671071574
(19.22);2.7483156910775435
(19.23);1.8572050289638447
(19.24);2.446034361982356
(19.25);6.429816869945947
(19.27);3.869386018462238
(19.28);2.2952928861997854
(19.29);3.8957306975709267
(19.30);7.400039464193055
(19.31);3.1840758120335066
(20.21);6.081928981382831
(20.22);3.593016941166565
(20.23);2.3349400243466496
(20.24);2.639594895650801
(20.25);4.222138959750266
(20.26);5.334916503518359
(20.27);2.853177286485678
(20.28);1.8769160919090173
(20.29);2.9842423426748623
(20.30);4.555942919335544
(20.31);2.4893648753814013
(21.22);8.301401311398573
(21.23);3.476069461080831
(21.24);4.491993711604
(21.25);5.078637018847391
(21.26);4.607034469487905
(21.27);2.437070506735046
(21.28);1.7575962302709314
(21.29);3.3848419780517927
(21.30);4.874949225840298
(21.31);1.9486308300728459
(22.23);5.772329647246871
(22.24);6.684962158814722
(22.25);3.6695730366244046
(22.26);3.5043203688305464
(22.27);2.0721797451990067
(22.28);1.588646645892404
(22.29);3.090860820892989
(22.30);3.9057016339221002
(22.31);1.6243893838495016
(23.24);4.33897634173737
(23.25);2.2998217541857073
(23.26);2.486944328607978
(23.27);1.6687933611434331
(23.28);1.3452573544333393
(23.29);2.3508030926725816
(23.30);2.705732136700683
(23.31);1.3106136614864528
(24.25);3.78788237337629
(24.26);3.4473713361091813
(24.27);2.066639991766796
(24.28);1.6672168674742718
(24.29);3.823286189158281
(24.30);4.263826817984956
(24.31);1.549727137000865
(25.26);9.782775682838144
(25.27);3.409241544071154
(25.28);2.3550854805105406
(25.29);6.267174569845712
(25.31);2.5013471216471714
(26.27);6.934667288646836
(26.28);3.903842366648057
(26.29);7.143325490708366
(26.30);16.25906368021565
(26.31);5.181919876735847
(27.28);6.759214337449063
(27.29);4.214359816946122
(27.30);5.232146147732039
(27.31);9.453715820958374
(28.29);3.573264493534672
(28.30);3.609942800453038
(28.31);3.5025301868207617
(29.30);11.850527831729195
(29.31);2.8094405989195
(30.31);3.718776442294738

****Importance nodes******

0; 0.05
1; 0.03928571428571429
2; 0.03793103448275863
3; 0.03793103448275863
4; 0.03928571428571429
5; 0.012590179564595586
6; 0.012996314389259961
7; 0.013415550337300606
8; 0.013848310025600623
9; 0.013462006884450189
10; 0.014729287990440975
11; 0.015204426312713263
12; 0.0156948916776395
13; 0.01620117850595045
14; 0.016723797167432723
15; 0.01726327449541442
16; 0.017820154317847142
17; 0.01839499800551963
18; 0.018988385037955746
19; 0.01898990955772751
20; 0.020213491315235848
21; 0.02086553942217894
22; 0.02153862133902342
23; 0.02223341557576611
24; 0.02295062252982308
25; 0.02266217835123675
26; 0.03793103448275863
27; 0.03666666666666667
28; 0.03666666666666667
29; 0.03666666666666667
30; 0.03793103448275863
31; 0.024422003203405658
