
****Importance edges******

(0.5);5.021631974129223
(0.6);3.906337239922137
(0.7);3.3865114425786027
(0.8);4.072897009759124
(0.9);3.0203941449138876
(0.10);2.909278907429169
(0.11);3.7895733558053353
(0.12);6.120512543735182
(0.13);2.4439359820875484
(0.14);3.0964278591166874
(0.15);2.5350927431444297
(0.16);4.631499561702666
(0.17);9.707346506455613
(0.18);7.662279381803965
(0.19);5.812936497421448
(0.20);4.295043728618726
(0.21);3.3476439252863437
(0.22);2.760566358439535
(0.23);2.1902669250226783
(0.24);2.6328699025313607
(0.25);4.439199080807138
(0.31);35.63878557816141
(1.3);4.338119655578025
(1.4);5.386058162783329
(1.5);4.625009648442649
(1.6);6.1715873829247165
(1.7);7.718234272578721
(1.8);5.361220902084738
(1.10);3.7558590964257506
(1.11);3.137686175485604
(1.12);5.339024215729575
(1.13);1.770953734838143
(1.14);1.7766216606533733
(1.15);1.4107848794561781
(1.16);1.7445003582309704
(1.17);2.7383917677951937
(1.18);3.0260111526112405
(1.19);2.5311161903817507
(1.20);2.8591247380255607
(1.21);2.198678303625863
(1.22);1.9334090233933168
(1.23);1.7053916815938912
(1.24);1.6994633296100716
(1.25);2.132808093163167
(1.26);3.099650903185765
(1.27);3.076972077568171
(1.28);2.2469512520581416
(1.29);2.14902082762909
(1.30);2.6485349391728814
(1.31);3.3056691422959292
(2.3);6.5764618523789204
(2.4);7.932706283303767
(2.5);5.445155118920872
(2.6);9.339996123191815
(2.7);3.824208507145901
(2.8);3.3276013719068764
(2.9);2.802482477570023
(2.10);2.472666442466809
(2.11);2.296557152096407
(2.12);4.364969954960422
(2.13);2.149709958920938
(2.14);2.0552534790202333
(2.15);1.546133290715099
(2.16);1.8310079377858541
(2.17);2.9198247648317963
(2.18);2.4960184393949896
(2.19);2.1106313094946714
(2.20);2.232551564577584
(2.21);1.790564970731396
(2.22);1.5960701130595074
(2.23);1.4181489816993786
(2.24);1.4521292211861943
(2.25);1.8303696366651536
(2.26);2.73160839866033
(2.27);3.0161064687428847
(2.28);2.2780204975132836
(2.29);1.953155038682005
(2.30);2.3455633207957876
(2.31);3.185622339392261
(3.5);4.393728285334911
(3.6);4.664171442203749
(3.7);2.1974943215385405
(3.8);2.1579396213138162
(3.9);1.81428188299574
(3.10);1.6914452124445387
(3.11);1.7285819936055968
(3.12);3.054592713601359
(3.13);4.072285133214295
(3.14);3.4280970570167053
(3.15);2.1701136097502847
(3.16);2.3323314154234525
(3.17);3.552696359769366
(3.18);2.1038572958747435
(3.19);1.8222921612343803
(3.20);1.7896643822777856
(3.21);1.501135107500468
(3.22);1.352612304671415
(3.23);1.2003867914268258
(3.24);1.2829202517380007
(3.25);1.6403469612729706
(3.26);2.5165009849446625
(3.27);3.248445793963549
(3.28);2.6577415130706905
(3.29);1.883868852207325
(3.30);2.1812846646860065
(3.31);3.183128825332081
(4.5);8.4274688740127
(4.6);7.7623926347709995
(4.7);2.789366840738946
(4.8);2.7967766362727846
(4.9);2.2243753857002053
(4.10);2.046175460182957
(4.11);2.1375882079655186
(4.12);4.508861582002155
(4.13);3.363548132665063
(4.14);3.4252506736211807
(4.15);2.2144538437699692
(4.16);2.710014552214392
(4.17);5.091537805543912
(4.18);2.7112415161762478
(4.19);2.2694949358598335
(4.20);2.1950912106487324
(4.21);1.7872501928003346
(4.22);1.5811125656800824
(4.23);1.3759172673377358
(4.24);1.485276295330004
(4.26);3.098787659055514
(4.27);4.1254293861991025
(4.28);3.0484993207568802
(4.29);2.1979391750557644
(4.30);2.6110924939507467
(4.31);4.45441800645437
(5.6);6.558883911200936
(5.7);1.9026648275043823
(5.8);1.990346467960348
(5.9);1.4168743285478977
(5.10);1.2983933431919858
(5.11);1.4081149652305807
(5.12);4.5816784158184936
(5.13);1.272638656531593
(5.14);1.3688006803613677
(5.15);1.0024296273314877
(5.17);2.9568530103480595
(5.18);1.939014063384124
(5.19);1.5275987946506606
(5.20);1.524370387632172
(5.21);1.1735313505765295
(5.22);1.0202878645957278
(5.23);0.8749231484233306
(5.24);0.9536426906486846
(5.25);1.3136984426180858
(5.26);2.417657692621869
(5.27);3.003766988755364
(5.28);1.9942246924648257
(5.29);1.5692383852918423
(5.30);1.961956329547891
(5.31);3.4382703852249312
(6.8);1.9889809751300016
(6.9);1.4876526499301104
(6.10);1.3400033743153028
(6.11);1.3591682863625545
(6.12);3.591202771833359
(6.13);1.2355757486160985
(6.14);1.2476695431468172
(6.15);0.9284212701319526
(6.16);1.1759824903165745
(6.17);2.1878361319033846
(6.18);1.6936627058967426
(6.19);1.3746648972987545
(6.20);1.4353151335346808
(6.21);1.1171881088490718
(6.22);0.983487505984866
(6.23);0.8583235918792946
(6.24);0.9118041330162743
(6.25);1.205778665080145
(6.26);2.1271258797941934
(6.27);2.4602857760348806
(6.28);1.755034821976794
(6.29);1.4345965369658145
(6.30);1.7710333353155143
(6.31);2.5653868123764685
(7.8);6.773929285338671
(7.9);5.138525047298823
(7.10);3.4006982883480674
(7.11);2.5775021317781723
(7.12);3.1110454888867554
(7.13);0.8141510780169382
(7.14);0.8424377164832758
(7.15);0.7065570087622939
(7.16);0.9167987060577152
(7.17);1.4483861944580916
(7.18);2.17111385665455
(7.19);1.7759988913821234
(7.20);2.2583543542721247
(7.21);1.5854140651007365
(7.22);1.356168595832982
(7.23);1.1668839014483916
(7.24);1.1611583408088495
(7.25);1.488370741995851
(7.26);2.4257685258616237
(7.27);2.1197324330747227
(7.28);1.5084605715467703
(7.29);1.5772419011464696
(7.30);2.0404633487355754
(7.31);2.0751250362664666
(8.9);4.705467099967599
(8.10);3.572956560065181
(8.11);3.626470354079645
(8.12);3.8284326767620915
(8.13);0.8313449531897283
(8.14);0.8846113788918163
(8.15);0.7466594676299905
(8.16);1.007529057484073
(8.17);1.6265715462375792
(8.18);3.0035632865025534
(8.19);2.30686546865247
(8.20);2.983338758022861
(8.21);1.89918631711126
(8.22);1.556955849541818
(8.23);1.283294870972448
(8.24);1.3176723130504084
(8.25);1.798729311277678
(8.26);2.9887249469766286
(8.27);2.4626733383290107
(8.28);1.6661452609553504
(8.29);1.8109010028206682
(8.30);2.430009765550406
(8.31);2.492435083010365
(9.10);9.131750889601712
(9.11);3.4585025922749435
(9.12);2.1833192723684567
(9.13);0.7195898887006372
(9.14);0.7484708263558765
(9.15);0.647790167766425
(9.16);0.8390623365614646
(9.17);1.2434651282295903
(9.18);2.138580709374705
(9.19);1.8662176936984252
(9.20);2.702964652983449
(9.21);1.869976476951848
(9.22);1.5959913145235438
(9.23);1.3739631202913358
(9.24);1.3037089119082097
(9.25);1.5961531111632914
(9.26);2.4477911926581206
(9.27);1.9464022879385934
(9.28);1.420721679537627
(9.29);1.6256018414446267
(9.30);2.116407655680368
(9.31);1.800623999683338
(10.11);4.163827215355962
(10.12);1.9365429465076094
(10.13);0.7042279901279067
(10.14);0.7363775389319986
(10.15);0.6464041581331261
(10.16);0.8376797215552237
(10.17);1.2011882492990205
(10.18);2.1737598870384183
(10.19);1.9887657460659198
(10.20);3.1114332959749884
(10.21);2.178704679445681
(10.22);1.8611018914781499
(10.23);1.5998046026104287
(10.24);1.4659191196195376
(10.25);1.7333700483103978
(10.26);2.5288803100542454
(10.27);1.916390887313995
(10.28);1.417364692428852
(10.29);1.7106270811108495
(10.30);2.2304570555270846
(10.31);1.7331462082687756
(11.12);2.225265152178801
(11.13);0.7538241415453182
(11.14);0.8177797393218752
(11.15);0.7246144861403074
(11.16);0.9929675030793317
(11.17);1.4331846130063375
(11.18);3.7790447821957023
(11.19);3.5581957070821173
(11.21);3.5398110343985745
(11.22);2.5520514469463342
(11.23);1.8857332739040646
(11.24);1.9302204832161687
(11.25);2.6777024074193054
(11.26);3.8275953023328135
(11.27);2.445832896631854
(11.28);1.6989002373869568
(11.29);2.2729709329821794
(11.30);3.2310951734316076
(11.31);2.2205776768352923
(12.13);1.109660571105392
(12.14);1.2182597681752103
(12.15);0.9650343211674005
(12.16);1.3630394766638134
(12.17);2.706920024365868
(12.18);3.1343738086672834
(12.19);2.2397780358830612
(12.20);2.275379636896358
(12.21);1.6073453187240727
(12.22);1.3448618795597957
(12.23);1.1156430450052557
(12.24);1.2149478623875232
(12.25);1.753818430122347
(12.26);3.20399735487163
(12.27);3.3670543542374056
(12.28);2.071521187311743
(12.29);1.8937236200369754
(12.30);2.4942682058745262
(12.31);4.224883994861101
(13.15);2.081894970435544
(13.16);1.5410933315636282
(13.17);1.6623152835254285
(13.18);0.9730171600490104
(13.19);0.8812721457289399
(13.20);0.8578923286481129
(13.21);0.7536507804084722
(13.22);0.6964350072425074
(13.23);0.6283221643528517
(13.24);0.6921400209522057
(13.25);0.8659139115555012
(13.26);1.4561284825643661
(13.27);1.9616761170774961
(13.28);1.9758198365709925
(13.29);1.1763474989004996
(13.30);1.3051490509508994
(13.31);1.5287721260143883
(14.15);3.2815041548454342
(14.16);2.481176267794854
(14.17);2.2623567457689426
(14.18);1.1188353677742633
(14.19);1.0108858591540695
(14.20);0.9498897554539031
(14.21);0.8326371695469751
(14.22);0.7621172105451932
(14.23);0.6756366300228073
(14.24);0.7653213684709052
(14.25);0.9937705630950486
(14.26);1.7325865255846977
(14.27);2.6114473794909463
(14.29);1.3864222442799816
(14.30);1.5360477156388195
(14.31);1.9104750047852976
(15.16);2.5011931020891907
(15.17);1.6245603065829368
(15.18);0.9779276238431996
(15.19);0.9153657628771492
(15.20);0.8529402904747937
(15.21);0.7734952062986964
(15.22);0.7183900579630917
(15.23);0.6419235555321385
(15.24);0.7379115648787523
(15.25);0.935845592327687
(15.26);1.5813566469052391
(15.27);2.2775179276954742
(15.28);3.0858057151515776
(15.29);1.3720865821456718
(15.30);1.4522204889535415
(15.31);1.5275351662020529
(16.17);3.008212688704581
(16.18);1.4927737784371717
(16.19);1.379499103685198
(16.20);1.1970767235736184
(16.21);1.0634341552915838
(16.22);0.9593830605985113
(16.23);0.823191581397204
(16.24);0.98775636570214
(16.25);1.3799068837138158
(16.26);2.5303400996639804
(16.27);4.9964663937025415
(16.29);2.0489985760850034
(16.30);2.227491467991747
(16.31);2.691376283351849
(17.18);2.325778631301361
(17.19);1.9101830184601534
(17.20);1.6563822406420483
(17.21);1.3466461268281267
(17.22);1.168591993231053
(17.23);0.9803393520444834
(17.24);1.1403698332282826
(17.25);1.681591225241159
(17.26);3.250482222574653
(17.27);6.7524291099076725
(17.28);3.5766697829708813
(17.29);2.1142913758917734
(17.30);2.5818899845168413
(17.31);7.100244453933157
(18.19);8.513425276043005
(18.20);5.085324114620619
(18.21);3.0161265002004534
(18.22);2.21647718000957
(18.23);1.6216036657126374
(18.24);1.9657801183911912
(18.25);3.846320742938928
(18.26);8.280760246208661
(18.27);4.390778966183429
(18.28);2.4721540140264153
(18.29);3.1494462502630465
(18.30);5.077504717784349
(18.31);4.338529242566015
(19.20);6.173074698109758
(19.21);4.088792369491626
(19.22);2.764621999648487
(19.23);1.8682355929309193
(19.24);2.4605771497554714
(19.25);6.472063291043532
(19.27);3.8677090569818313
(19.28);2.4019285274157918
(19.29);3.894042318513708
(19.30);7.3963254980793245
(19.31);3.2114342440516084
(20.21);6.243050344557252
(20.22);3.6870327695364655
(20.23);2.3952772931017488
(20.24);2.706947588130345
(20.25);4.3329914879582
(20.26);5.410471642249324
(20.27);2.894706338058189
(20.28);1.99035398878602
(20.29);3.027679094656884
(20.30);4.620465934661789
(21.22);8.35367686008191
(21.23);3.4979589507613125
(21.24);4.520280675111446
(21.25);5.113667095916863
(21.26);4.606877417188338
(21.27);2.437173961503489
(21.28);1.837400779307661
(21.29);3.3849856661568705
(21.30);4.874783040414237
(21.31);1.9658235216670368
(22.23);5.808679136709161
(22.24);6.727058673809069
(22.25);3.694850498697864
(22.26);3.50445202011252
(22.27);2.0724175897877752
(22.28);1.6600614944999352
(22.29);3.0912155895961337
(22.30);3.905848364407042
(22.31);1.6386612213347793
(23.24);4.366299724920506
(23.25);2.315642789169484
(23.26);2.4872175344477623
(23.27);1.6691066080253287
(23.28);1.4051176328643074
(23.29);2.3512443586530662
(23.30);2.7060293777012694
(23.31);1.3220800994957713
(24.25);3.8139054736737896
(24.26);3.4480013260965943
(24.27);2.067179812316518
(24.28);1.740637288950497
(24.29);3.8242848577510675
(24.30);4.26460601115607
(24.31);1.5632280337202087
(25.26);9.788497606423658
(25.27);3.4115336160451735
(25.28);2.460267487996874
(25.29);6.2713880627889775
(25.31);2.524563562491731
(26.27);6.910278924350617
(26.28);4.0266908559997
(26.29);7.118203301408949
(26.30);16.201882570921814
(26.31);5.193120675774243
(27.28);6.97599455581684
(27.29);4.199538436451156
(27.30);5.213745339013954
(27.31);9.475261240178137
(28.29);3.6878655430830736
(28.30);3.7235426792468833
(28.31);3.6601480746523083
(29.30);11.808850995936963
(29.31);2.8158434331725193
(30.31);3.726814634430025

****Importance nodes******

0; 0.05
1; 0.03928571428571429
2; 0.03793103448275863
3; 0.03793103448275863
4; 0.03928571428571429
5; 0.01309715380405036
6; 0.013533725597518705
7; 0.013533725597518705
8; 0.01397029739098705
9; 0.013592126740862376
10; 0.01485940784685316
11; 0.01585003503664337
12; 0.01585003503664337
13; 0.016906704039086264
14; 0.01613501403058185
15; 0.01742718836265342
16; 0.017423695155694648
17; 0.01855141041163239
18; 0.019149843005556014
19; 0.01916213138983446
20; 0.021245071466585636
21; 0.021071038033361692
22; 0.021750748937663683
23; 0.02245238600016896
24; 0.02317665651630344
25; 0.022911595163904733
26; 0.03793103448275863
27; 0.03666666666666667
28; 0.03928571428571429
29; 0.03666666666666667
30; 0.03793103448275863
31; 0.024777317740634307
