
****Mix criterion 0.5*C(weight)+0.5*C(distance) ******

(0.5);0.46493461515778883
(0.6);0.41830340025453633
(0.7);0.3904237179458807
(0.8);0.4256762633363538
(0.9);0.36659367967828493
(0.10);0.35409804535591016
(0.11);0.40727939758707377
(0.12);0.49592707551884335
(0.13);0.30465014213090597
(0.14);0.36503687290653464
(0.15);0.31273651643453476
(0.16);0.44366312524219964
(0.17);0.5773320902307424
(0.18);0.5321066133007935
(0.19);0.48272592704608935
(0.20);0.4206445340984652
(0.21);0.369118383927125
(0.22);0.32095881507968255
(0.23);0.25353644396560426
(0.24);0.3040500243878252
(0.25);0.425567620016388
(0.31);0.9824127216643568
(1.2);0.5902155814354815
(1.3);0.40197145621742275
(1.4);0.4429955170867491
(1.5);0.46635808396189515
(1.6);0.510031468817757
(1.7);0.5457498775961467
(1.8);0.4883853674093317
(1.9);0.466604093970879
(1.10);0.4294190001855628
(1.11);0.39432354618415566
(1.12);0.4848927062641403
(1.13);0.2575446324579014
(1.14);0.26267056428015995
(1.15);0.18198513211559209
(1.16);0.2511629249622285
(1.17);0.3597037011459625
(1.18);0.3787417967676383
(1.19);0.3407815433164739
(1.20);0.36040881350314313
(1.21);0.29944788356810953
(1.22);0.2613829496726993
(1.23);0.2195049329105001
(1.24);0.21480334020815745
(1.25);0.2847334062740815
(1.26);0.3236155623235732
(1.27);0.32600120647295866
(1.28);0.2226294885191633
(1.29);0.21953040082871583
(1.30);0.2801986607174295
(1.31);0.38198206202567353
(2.3);0.488606658529306
(2.4);0.5210588572562812
(2.5);0.49552309415533974
(2.6);0.5808122195808828
(2.7);0.43964159912870404
(2.8);0.4149042385135814
(2.9);0.3849621801636478
(2.10);0.3549933880726596
(2.11);0.3349439596655843
(2.12);0.45661681644317026
(2.13);0.31540459975169366
(2.14);0.30811886168951175
(2.15);0.22114148811512563
(2.16);0.2720127823535228
(2.17);0.37796330984890597
(2.18);0.3426103477789255
(2.19);0.302583330330974
(2.20);0.3080794139698807
(2.21);0.2484228444172309
(2.22);0.20853125314083984
(2.23);0.16262490070893293
(2.24);0.1672640298080107
(2.25);0.24697624562808118
(2.26);0.29413887788371185
(2.27);0.325486514096488
(2.28);0.2329756029656095
(2.29);0.19227395006379552
(2.30);0.24863883576383622
(2.31);0.3787372279941103
(3.4);0.6479698295162
(3.5);0.4624264662257212
(3.6);0.4709397204203109
(3.7);0.3338461629745027
(3.8);0.32801264399661434
(3.9);0.2872678449276986
(3.10);0.2616327082952498
(3.11);0.26273539760104603
(3.12);0.3943419834687256
(3.13);0.4424541097525685
(3.14);0.415510422264576
(3.15);0.3159864779937582
(3.16);0.33342492401883517
(3.17);0.4155338288677606
(3.18);0.30149908192149677
(3.19);0.2627097771119969
(3.20);0.24710835452064275
(3.21);0.1912006977811669
(3.22);0.1487799627597818
(3.23);0.09489661989250338
(3.24);0.11842266471444546
(3.25);0.21204935388138912
(3.26);0.2703048732519938
(3.27);0.3443036331101593
(3.28);0.28059580397444517
(3.29);0.17896085595325295
(3.30);0.2249679470586786
(3.31);0.3785737726707658
(4.5);0.5595713624213831
(4.6);0.5458065797825461
(4.7);0.3785584074709449
(4.8);0.3777803665206945
(4.9);0.3309636359864184
(4.10);0.30559558291022515
(4.11);0.312162140356038
(4.12);0.45784840811512756
(4.13);0.4045695228654912
(4.14);0.4108815061262166
(4.15);0.3150228540334696
(4.16);0.36129591970533925
(4.17);0.4730670264979932
(4.18);0.3557296242770152
(4.19);0.3149249094881252
(4.20);0.2979437675526792
(4.21);0.24096165998903385
(4.22);0.19769835036016903
(4.23);0.1424253197243124
(4.24);0.16750368737008495
(4.25);0.26261438688052263
(4.26);0.3235428391527346
(4.27);0.3956422663682453
(4.28);0.31393349886273864
(4.29);0.22711621228694578
(4.30);0.2760165137615781
(4.31);0.43930015669594324
(5.6);0.5554977823938555
(5.7);0.4141975667134982
(5.8);0.41856946399922657
(5.9);0.36955573483625753
(5.10);0.34585186690964964
(5.11);0.3547909167663471
(5.12);0.5120839848716023
(5.13);0.32886948511789327
(5.14);0.3487045092136852
(5.15);0.27063755800033096
(5.16);0.33917353800681616
(5.17);0.45499139317435106
(5.18);0.39377184835365286
(5.19);0.3527278575142775
(5.20);0.34052297724670844
(5.21);0.2836570620762347
(5.22);0.24134076183645675
(5.23);0.18765831686423265
(5.24);0.20944810623553275
(5.25);0.29971123472300837
(5.26);0.3568374562429099
(5.27);0.40412393504539856
(5.28);0.3062765184749838
(5.29);0.25667061873872393
(5.30);0.3093925891238426
(5.31);0.45907373279845043
(6.7);0.42436267762190444
(6.8);0.4167038799336144
(6.9);0.37533556907851523
(6.10);0.34914213236378505
(6.11);0.3456529938217473
(6.12);0.48365436368129
(6.13);0.3199002894381315
(6.14);0.3276470441034838
(6.15);0.2464899010071376
(6.16);0.3062243841653675
(6.17);0.4128339222571799
(6.18);0.3691133551756171
(6.19);0.32929161257370976
(6.20);0.3257425675842439
(6.21);0.26803647652009366
(6.22);0.22708430809248084
(6.23);0.17709168254502444
(6.24);0.19111454994894145
(6.25);0.2757039348475893
(6.26);0.3268853361928868
(6.27);0.3641607643398337
(6.28);0.27101524062847787
(6.29);0.22723302500899395
(6.30);0.28114924216427956
(6.31);0.41584607310310184
(7.8);0.5612607901835454
(7.9);0.5310900480870747
(7.10);0.48042537018443954
(7.11);0.4440591851596852
(7.12);0.46764692535783076
(7.13);0.21262294051452454
(7.14);0.23084452549974752
(7.15);0.16001303129818545
(7.16);0.24339233741049887
(7.17);0.3432336828079884
(7.18);0.4099000192993753
(7.19);0.3780978757080266
(7.20);0.4075902293940704
(7.21);0.3477246390707568
(7.22);0.3111008716695843
(7.23);0.26999425182895115
(7.24);0.26372273733537566
(7.25);0.32572493995124613
(7.26);0.3562893347661613
(7.27);0.3320654411393642
(7.28);0.22668531071480047
(7.29);0.25597948886688765
(7.30);0.31729656780535087
(7.31);0.38130308464550344
(8.9);0.5202687084523172
(8.10);0.4850465963916853
(8.11);0.4836973786756486
(8.12);0.49078732059155483
(8.13);0.21484003744265676
(8.14);0.24090056143720842
(8.15);0.17468623132223696
(8.16);0.26547963963303617
(8.17);0.3629277361452288
(8.18);0.4535670786199699
(8.19);0.41788104696849604
(8.20);0.44610089604491565
(8.21);0.3790166919161761
(8.22);0.3384235411160269
(8.23);0.2912197057081658
(8.24);0.2932189326943989
(8.25);0.36191868176244385
(8.26);0.3964655512735011
(8.27);0.3631494550686662
(8.28);0.2543757215775583
(8.29);0.2917358414909005
(8.30);0.3551488921384133
(8.31);0.4103432733992855
(9.10);0.6052023522586711
(9.11);0.48043383296773307
(9.12);0.4234153927808719
(9.13);0.17174375079494678
(9.14);0.1938855653253245
(9.15);0.12698961488316507
(9.16);0.2170806666284346
(9.17);0.31132573296007454
(9.18);0.40815224578947984
(9.19);0.38687626672469466
(9.20);0.43453520761346276
(9.21);0.37854469621521214
(9.22);0.34585204820851173
(9.23);0.3100585473722325
(9.24);0.2933374611965564
(9.25);0.3406646423738101
(9.26);0.35854258238978487
(9.27);0.31208337418571436
(9.28);0.20735406551031946
(9.29);0.2646804771972985
(9.30);0.3261884388429128
(9.31);0.3553249700025651
(10.11);0.49785074676718627
(10.12);0.4002348703214256
(10.13);0.14953630931538134
(10.14);0.17448066249715885
(10.15);0.11027018076660994
(10.16);0.20418977462415142
(10.17);0.2946264569239212
(10.18);0.4052372830091508
(10.19);0.3914989637754772
(10.20);0.4494859861038452
(10.21);0.3985446291206881
(10.22);0.3687659356894547
(10.23);0.3360004171813095
(10.24);0.31319976809037375
(10.25);0.35072445789153844
(10.26);0.3605985018712352
(10.27);0.3022620222656542
(10.28);0.19879418727398707
(10.29);0.27219305756684875
(10.30);0.3329951315340625
(10.31);0.3414134018712065
(11.12);0.4166052793694855
(11.13);0.16325283170423563
(11.14);0.19921843960583763
(11.15);0.14331793618110356
(11.16);0.24630305939438044
(11.17);0.327967143405357
(11.18);0.4776692695763546
(11.19);0.4708909737207741
(11.20);0.5781897770433889
(11.21);0.46510236200571375
(11.22);0.41726880325979243
(11.23);0.3636463746089168
(11.24);0.3650026516705793
(11.25);0.42202807849865875
(11.26);0.4355317511422786
(11.27);0.3549169551777301
(11.28);0.2505260798466143
(11.29);0.338766316761623
(11.30);0.4054863221677115
(11.31);0.3842751339224795
(12.13);0.27947632301864855
(12.14);0.30769239279646743
(12.15);0.23811645312623683
(12.16);0.32433595738870513
(12.17);0.4360463502696357
(12.18);0.4542765752615736
(12.19);0.4067807380315225
(12.20);0.4006697190517512
(12.21);0.33890857348125325
(12.22);0.2954555579334945
(12.23);0.24141077085127738
(12.24);0.2604262074565895
(12.25);0.3485077613247058
(12.26);0.40433755589935183
(12.27);0.41772760643227747
(12.28);0.30464935957456796
(12.29);0.29482617609742895
(12.30);0.3543354589393798
(12.31);0.4816283025228315
(13.14);0.48160940366210286
(13.15);0.39672204839889974
(13.16);0.34353178210173185
(13.17);0.35240668728533775
(13.18);0.2174890412878883
(13.19);0.185539201445884
(13.20);0.1564810458422424
(13.21);0.10806273748452706
(13.22);0.06644964939219286
(13.23);0.008579716742761211
(13.24);0.04720283033257126
(13.25);0.14508883022428087
(13.26);0.20462431388177227
(13.27);0.2990429124520008
(13.28);0.2878335643639657
(13.29);0.13505859924674798
(13.30);0.1660125750260808
(13.31);0.30321186247503235
(14.15);0.4648028159297144
(14.16);0.4277339580620828
(14.17);0.4096313340824267
(14.18);0.26409771048675623
(14.19);0.2358329065451763
(14.20);0.1990194122424133
(14.21);0.15509331869542342
(14.22);0.11397150511423068
(14.23);0.05366939231610449
(14.24);0.10079906886454064
(14.25);0.2007619036952983
(14.26);0.2631432442463045
(14.27);0.3686255972484418
(14.28);0.36940035004385713
(14.29);0.20102914413947845
(14.30);0.2268807037183985
(14.31);0.3559572204331717
(15.16);0.4239692591917169
(15.17);0.3457275427939292
(15.18);0.21500005432586908
(15.19);0.1938319263943739
(15.20);0.14965750842498535
(15.21);0.11343725611521525
(15.22);0.07464868116825046
(15.23);0.013012296854050327
(15.24);0.07101113577643668
(15.25);0.16923179702394187
(15.26);0.2288194986284362
(15.27);0.3336786477215224
(15.28);0.38730414887717934
(15.29);0.18930554541362754
(15.30);0.2009162673452048
(15.31);0.3005793510804441
(16.17);0.44686455434732797
(16.18);0.3254348265011743
(16.19);0.30802880390356935
(16.20);0.2586251600258456
(16.21);0.22600907013909677
(16.22);0.1875520216642053
(16.23);0.12491070444199656
(16.24);0.18578349020444107
(16.25);0.2865418885378012
(16.26);0.35255314045075753
(16.27);0.4818156386086928
(16.28);0.5444379964187679
(16.29);0.3085042081413522
(16.30);0.32332868058414843
(16.31);0.41254200942020774
(17.18);0.40284001393120844
(17.19);0.3693037546799296
(17.20);0.33069307536225184
(17.21);0.28380415218401317
(17.22);0.24091104033539848
(17.23);0.17972905731041697
(17.24);0.22372682543736994
(17.25);0.3270556838587222
(17.26);0.4000246299472526
(17.27);0.528486653044927
(17.28);0.41243149838702176
(17.29);0.3114950705131807
(17.30);0.3529204151925262
(17.31);0.549477217748494
(18.19);0.5839186675299901
(18.20);0.50559995682801
(18.21);0.43534580743915746
(18.22);0.38341765518528176
(18.23);0.3176899095467366
(18.24);0.3553703940447824
(18.25);0.46728541973419657
(18.26);0.5585308982463784
(18.27);0.4565232420496248
(18.28);0.33505290769146545
(18.29);0.3967012390106683
(18.30);0.47709400837026855
(18.31);0.47918063367482416
(19.20);0.5327989802088895
(19.21);0.4789603231207867
(19.22);0.4207469583206915
(19.23);0.3484642036528458
(19.24);0.39723346928861597
(19.25);0.5412279010366783
(19.26);0.6312149923139332
(19.27);0.4351558026518744
(19.28);0.3286210363447488
(19.29);0.4363560848102161
(19.30);0.5402733444865295
(19.31);0.43581309115438804
(20.21);0.5306774462070544
(20.22);0.45700460226608036
(20.23);0.386931808547579
(20.24);0.40580873855000016
(20.25);0.47892459505055274
(20.26);0.48322334016382684
(20.27);0.37327016647835537
(20.28);0.27146066433082217
(20.29);0.38251487381044214
(20.30);0.45661523405720544
(20.31);0.39110109542810567
(21.22);0.574802990478357
(21.23);0.44913924027657903
(21.24);0.48448362541593315
(21.25);0.5038148404480999
(21.26);0.45732744840062717
(21.27);0.33640928681534593
(21.28);0.24936014020939448
(21.29);0.40560000164866816
(21.30);0.4669871698311956
(21.31);0.34102221189862314
(22.23);0.5197228847547035
(22.24);0.5398779342893583
(22.25);0.4558592067720225
(22.26);0.4064530785856587
(22.27);0.2934706500276015
(22.28);0.21414531891384114
(22.29);0.38593991315357784
(22.30);0.4267548775398627
(22.31);0.29602078874278837
(23.24);0.477069978105814
(23.25);0.3764248316928455
(23.26);0.3314318946005419
(23.27);0.2270706952913824
(23.28);0.1506326834430312
(23.29);0.322969571264002
(23.30);0.3509551902158351
(23.31);0.2331375484315854
(24.25);0.4575363935468624
(24.26);0.39984339697397897
(24.27);0.28699194257027605
(24.28);0.2226431801988539
(24.29);0.4236422247021468
(24.30);0.43974287135765366
(24.31);0.27676174064104203
(25.26);0.5875103418159806
(25.27);0.40332309293738544
(25.28);0.3217382978199491
(25.29);0.5117209331309923
(25.30);0.6887899799664327
(25.31);0.38487536746042234
(26.28);0.38663466409978353
(26.29);0.5103401547365232
(26.30);0.6879790056614714
(26.31);0.4715426809764518
(27.28);0.5012833211037833
(27.29);0.40810649101934393
(27.30);0.44934450487227195
(27.31);0.5811148523793893
(28.29);0.3703860604577109
(28.30);0.3687860317862011
(28.31);0.40247404332373204
(29.31);0.35737529139525637
(30.31);0.41118409765392816
