
****Importance edges******

(0.5);5.19043289836121
(0.6);4.034895874145288
(0.7);3.544185199482052
(0.8);4.233438371244702
(0.10);3.0214534492325194
(0.11);3.933046006719042
(0.12);6.352234185501281
(0.13);2.514934411285443
(0.14);3.2480792965742284
(0.15);2.628613534133444
(0.16);4.840936160637319
(0.17);10.060963377877346
(0.18);8.008829534239375
(0.19);6.1317446826832755
(0.20);4.366568229889836
(0.21);3.4664441405947386
(0.22);2.8338278548426463
(0.23);2.2651028831479874
(0.24);2.7217739274752666
(0.25);4.638856143898485
(0.31);36.77007060076412
(1.2);10.702346672199203
(1.3);4.209864323452453
(1.4);5.2299847477666495
(1.5);4.3645631906929765
(1.6);5.823406614808217
(1.7);7.409512777589495
(1.8);5.104586283047436
(1.9);4.3526221016676745
(1.10);3.5775874458602073
(1.11);2.9909911437655095
(1.12);5.089410875555558
(1.13);1.6723999272348602
(1.14);1.7179007221419909
(1.15);1.3465206865202244
(1.16);1.6823021620308083
(1.17);2.616538725174163
(1.18);2.9253799300124106
(1.19);2.4757871617210996
(1.20);2.67564894148162
(1.21);2.105835463361013
(1.22);1.8331012903001844
(1.23);1.6337018403284367
(1.24);1.6287269060407026
(1.25);2.0713741741184086
(1.26);2.9570273342386084
(1.27);2.9842570522930845
(1.28);2.1066047896126543
(1.29);2.0842667397376617
(1.30);2.616906631558712
(1.31);3.1664955208667735
(2.3);6.495995370790533
(2.4);7.837975392338236
(2.5);5.2749399852277605
(2.6);9.045045749843373
(2.7);3.7678802953138777
(2.8);3.2510097959966004
(2.9);2.7129871234068994
(2.10);2.4157419357134664
(2.11);2.2443300646792097
(2.12);4.265704118182506
(2.13);2.0802281993997602
(2.14);2.037117598222999
(2.15);1.5118158733215556
(2.16);1.8089374830425937
(2.17);2.8568114714147277
(2.18);2.4702794868048867
(2.19);2.113479226250582
(2.20);2.137112845691668
(2.21);1.754330542883678
(2.22);1.5476125944806807
(2.23);1.3890122211148448
(2.24);1.4225394788904826
(2.25);1.8172270884536263
(2.26);2.652453766760319
(2.27);2.9783469674735037
(2.28);2.1732024313380904
(2.29);1.928702930997242
(2.30);2.358937919213441
(2.31);3.117424059782979
(3.5);4.365738311761879
(3.6);4.63198431154516
(3.7);2.219357131601495
(3.8);2.1610766477105097
(3.9);1.8010667694447369
(3.10);1.693199438532041
(3.11);1.7300927770890184
(3.12);3.0572624326180793
(3.13);4.034978798471649
(3.14);3.478376404491356
(3.15);2.171734747552782
(3.16);2.357731432139128
(3.17);3.555910944215063
(3.18);2.1289737193128255
(3.19);1.8652887955594772
(3.20);1.7515691400637659
(3.21);1.5030707693513976
(3.22);1.3403307204586332
(3.23);1.200972242165438
(3.24);1.283442726164251
(3.25);1.6628104086757616
(3.26);2.4857102672734337
(3.27);3.263084079924742
(3.28);2.5791661053996497
(3.29);1.8923580229434471
(3.30);2.230241100175857
(3.31);3.179453515887088
(4.5);8.376152711452898
(4.6);7.711095886972425
(4.7);2.8167288016183187
(4.8);2.80105951169232
(4.9);2.2088450567816347
(4.10);2.048475181846038
(4.11);2.1396472300488525
(4.12);4.513204722338279
(4.13);3.333842812294905
(4.14);3.4746375745526867
(4.15);2.2163069517445853
(4.16);2.7391143969166283
(4.17);5.096574267988358
(4.18);2.74314193125959
(4.19);2.3220391485421477
(4.20);2.149633038274805
(4.21);1.7896838280322265
(4.23);1.376709650297405
(4.24);1.4860132190560364
(4.25);1.9986700803379296
(4.26);3.0617825178878433
(4.27);4.144019573291068
(4.28);2.9601620460214946
(4.29);2.207843622970383
(4.30);2.6688737762033274
(4.31);4.449808054670661
(5.6);6.307157274394524
(5.7);1.8915976316111087
(5.8);1.94685362270484
(5.9);1.3615453945979947
(5.10);1.2699619531073774
(5.11);1.377959403431558
(5.12);4.483559235195456
(5.13);1.223042029374669
(5.14);1.3747031407119008
(5.15);0.981885678350083
(5.16);1.3529078886437738
(5.17);2.8993185571742903
(5.18);1.9398872899228183
(5.19);1.559807763323142
(5.20);1.4388548366219824
(5.21);1.1532383952029766
(5.22);0.9848953758765339
(5.23);0.8592340174457807
(5.24);0.9367634246277033
(5.25);1.3197645777785016
(5.26);2.3420818975551954
(5.27);2.983801592845208
(5.28);1.8819246549320856
(5.29);1.558807993801074
(5.30);2.001777898508346
(5.31);3.3711535717319374
(6.7);2.0645570996440643
(6.8);1.9440323818225111
(6.9);1.428844961414732
(6.10);1.309692252444882
(6.11);1.329101901772762
(6.12);3.5117611862981093
(6.13);1.1868930459193832
(6.14);1.2517054144578632
(6.15);0.9087602650758598
(6.16);1.172405142619922
(6.17);2.1437931521303115
(6.18);1.692856354803884
(6.19);1.401997479367042
(6.20);1.354564718789186
(6.21);1.0971419724768758
(6.22);0.9489551846601574
(6.23);0.8424013253965462
(6.24);0.8951101348785259
(6.25);1.2102844932365522
(6.26);2.0599527713550407
(6.27);2.442600656392424
(6.28);1.656021499395028
(6.29);1.4242843156612703
(6.30);1.805639605080604
(6.31);2.5138653810696083
(7.8);6.834422274052902
(7.9);5.09966805728479
(7.10);3.427637183378881
(7.11);2.596552268012786
(7.12);3.134039006395308
(7.13);0.8052661051252673
(7.14);0.8697860642405919
(7.15);0.7113841558348218
(7.16);0.9396910744528973
(7.17);1.458375007848203
(7.18);2.2276852370246383
(7.19);1.8584151857438824
(7.20);2.187609912645784
(7.21);1.5966959720606875
(7.22);1.3418808170598198
(7.23);1.1733567264944658
(7.24);1.1673279751875165
(7.26);2.390038464824192
(7.27);2.1411121711841443
(7.28);1.448123687962563
(7.29);1.5931500498616376
(7.30);2.1147159357088254
(7.31);2.080420449529963
(8.9);4.59591675404811
(8.10);3.546725686399807
(8.11);3.5997891581206
(8.12);3.8002655741826405
(8.13);0.8106461821070564
(8.14);0.9000841984559885
(8.15);0.7413076061326408
(8.16);1.0183261804899215
(8.17);1.6158035151341297
(8.18);3.041202334773926
(8.19);2.3821097975919705
(8.20);2.8540572494821608
(8.21);1.8888711527930444
(8.22);1.5217245289287789
(8.23);1.2749462072144644
(8.24);1.3091052549974251
(8.25);1.8263719245892585
(8.26);2.919933307574185
(8.27);2.4660656567864208
(8.28);1.586389070692828
(8.29);1.8133955086086666
(8.30);2.4972539481433365
(8.31);2.4706413264636757
(9.10);8.919150004811046
(9.11);3.379782845611489
(9.12);2.133624256846369
(9.13);0.6908166418377507
(9.14);0.7503801692916391
(9.15);0.6336773414661176
(9.16);0.8359699587433158
(9.17);1.217699630855818
(9.18);2.1362491031471307
(9.19);1.902110392314261
(9.20);2.5495892014756776
(9.21);1.8353929900248813
(9.22);1.539135975274286
(9.23);1.347749240939918
(9.24);1.27916355520974
(9.25);1.60122768370259
(9.26);2.3696226612015883
(9.27);1.9316475007287854
(9.28);1.3401167051630964
(9.29);1.613278895973888
(9.30);2.15688857076496
(9.31);1.763571588389523
(10.11);4.131272801115029
(10.12);1.9214023035329277
(10.13);0.6867260298800424
(10.14);0.748396313202102
(10.15);0.6414840641173194
(10.16);0.8458723125224047
(10.17);1.192703700424559
(10.18);2.198965066902263
(10.19);2.0507291443734648
(10.20);2.9781373809732536
(10.21);2.1659090000340453
(10.22);1.8189587297684053
(10.23);1.5887573077597008
(10.24);1.4558132241515447
(10.25);1.75843123317297
(10.26);2.4706616753788526
(10.27);1.9182152720306163
(10.28);1.3500895533233748
(10.29);1.7122555807678226
(10.30);2.290265006268138
(10.31);1.717426467931833
(11.12);2.207867167148879
(11.13);0.7354779162266554
(11.14);0.8305157055142132
(11.15);0.7190946324301575
(11.16);1.002158565571763
(11.17);1.423030210564084
(11.18);3.8207870627988396
(11.19);3.665133567079664
(11.21);3.5188367260149045
(11.22);2.4952591162989233
(11.23);1.8726669990143487
(11.24);1.9168684461677186
(11.25);2.7148923531649056
(11.26);3.7405501555268184
(11.27);2.4477566749843436
(11.28);1.6194722097658758
(11.29);2.2747587461572865
(11.30);3.3156732690967647
(11.31);2.200504675481121
(12.13);1.0826541623918131
(12.14);1.237232743996097
(12.15);0.9576830352353574
(12.16);1.3756559832169661
(12.17);2.6877409492788513
(12.18);3.1689952324865835
(12.19);2.3070922281716184
(12.20);2.18002892839417
(12.21);1.5978213763253526
(12.22);1.3149338619916355
(12.23);1.10791273716874
(12.24);1.2065436261815619
(12.25);1.7781767800581583
(12.26);3.131133742579379
(12.27);3.3697027225242406
(12.28);1.9746721561193508
(12.29);1.8952131349220036
(12.30);2.559558902560184
(12.31);4.186692985812083
(13.14);3.735579519856977
(13.15);2.0332116196516976
(13.16);1.5302574043894797
(13.17);1.625133125831515
(13.18);0.9686245065574274
(13.19);0.8935590230025557
(13.20);0.8105842861408604
(13.21);0.7384073553767985
(13.22);0.6714631620567322
(13.23);0.6153152581849306
(13.24);0.677992109909029
(13.25);0.8656741692935235
(13.26);1.4090642873981218
(13.27);1.9430723869876334
(13.28);1.8658652035382077
(13.29);1.1651915026731339
(13.30);1.3255794752638308
(13.31);1.4951545744984773
(14.15);3.3296557298447715
(14.16);2.5591012218816402
(14.17);2.2951138888519766
(14.18);1.1547477101884362
(14.19);1.062385850146997
(14.20);0.9293441233315072
(14.21);0.8444355596715124
(14.22);0.7602910728459699
(14.23);0.6840511441194748
(14.24);0.7745883810752899
(14.25);1.0264577382432785
(14.26);1.717297908866784
(14.27);2.6503844268453114
(14.28);2.671801169350252
(14.29);1.4070939947439705
(14.30);1.5972373498473578
(14.31);1.9281600494934972
(15.16);2.5228913032692883
(15.17);1.6132993924544898
(15.18);0.9881127031459602
(15.19);0.9415489524492542
(15.20);0.8185305375957628
(15.21);0.7689862732899225
(15.22);0.7029432473704168
(15.23);0.637560608082188
(15.24);0.7329027399591934
(15.25);0.9482040482466757
(15.26);1.5462574245899354
(15.27);2.2790191824706247
(15.28);2.945240830505371
(15.29);1.3729910103867484
(15.30);1.4890029971042003
(15.31);1.5140384402080656
(16.17);3.0343093559541088
(16.18);1.5312396667679213
(16.19);1.4401332677550334
(16.20);1.1661611541624244
(16.21);1.072745677509115
(16.22);0.9525032617818273
(16.23);0.8291871894455554
(16.24);0.994711191946916
(16.25);1.4173398073690247
(16.26);2.499840091716324
(16.27);5.051625523973116
(16.28);7.513236329929284
(16.29);2.0716187581250436
(16.30);2.306508118523672
(16.31);2.703402855198238
(17.18);2.3498808662764015
(17.19);1.9636872483608232
(17.20);1.5918532369993181
(17.21);1.3393503253347674
(17.22);1.1444486526116073
(17.23);0.9740921602514534
(17.24);1.1331042619713996
(17.25);1.7035911759080906
(17.26);3.1803329476917606
(17.27);6.75798207365198
(17.28);3.4175150189844965
(17.29);2.1160300958641174
(17.30);2.6464294713736374
(17.31);7.040735292555116
(18.20);4.969499693895611
(18.21);3.0472976075506115
(18.22);2.205513612323665
(18.23);1.6359885585284528
(18.24);1.9827077792930843
(18.25);3.9535671535997814
(18.26);8.195369011903983
(18.27);4.443936481938086
(18.28);2.3899415341849557
(18.29);3.187575415943259
(18.30);5.259166952312106
(18.31);4.364918625947151
(19.20);6.134211433461071
(19.22);2.7959317769531604
(19.23);1.914687229403393
(19.24);2.5204449117958982
(19.25);6.754865752427792
(19.26);12.061199442471676
(19.27);3.9606389339657215
(19.28);2.349423481286645
(19.29);3.987604907710097
(19.30);7.747127745563256
(19.31);3.2796137581438733
(20.21);6.018001159522922
(20.22);3.5032296217839565
(20.23);2.3091058703752467
(20.24);2.6108733395136396
(20.25);4.257600831018505
(20.26);5.179180911814368
(20.27);2.831458833290161
(20.28);1.862628962088126
(20.29);2.961526219162153
(20.31);2.4646601119399136
(21.22);8.196115299026136
(21.23);3.4789658790352713
(21.24);4.4956721672037885
(21.25);5.179639343506479
(21.26);4.513651217578163
(21.27);2.4401449324148508
(21.28);1.759813482078025
(21.29);3.38911204125704
(21.30);4.993497638784227
(21.31);1.951323661889763
(22.23);5.6964156580165
(22.24);6.598458396777011
(22.25);3.6906678535970996
(22.26);3.3980550344890705
(22.27);2.0529908427732533
(22.28);1.5739353808355678
(22.29);3.0622386770654013
(22.30);3.9594395906340467
(22.31);1.6049863747682949
(23.24);4.3387869184021115
(23.25);2.342227263947361
(23.26);2.4361160897067315
(23.27);1.6697772133313624
(23.28);1.346050463048405
(23.29);2.3521890298532835
(23.30);2.768331499149434
(23.31);1.3113083618247152
(24.25);3.856624845806144
(24.26);3.377742103166607
(24.27);2.067842654991521
(24.28);1.6681870898749513
(24.29);3.8255111174068475
(24.30);4.361309705573145
(24.31);1.55053512049104
(25.26);9.718213550605718
(25.27);3.4589174845828516
(25.28);2.389401349514677
(25.29);6.3584933535351515
(25.31);2.5467415580625925
(26.27);6.823767162077004
(26.28);3.8414115975066547
(26.29);7.02908847426981
(26.30);16.29426706170697
(26.31);5.081945571458909
(27.28);6.765794562038347
(27.29);4.218462576928434
(27.30);5.332347001437763
(27.31);9.463217155293176
(28.29);3.5767431349433485
(28.30);3.679076830776526
(28.31);3.50605035930669
(29.30);12.077477341944507
(29.31);2.812264190714477
(30.31);3.8033842282680177

****Importance nodes******

0; 0.05238095238095238
1; 0.03666666666666667
2; 0.03666666666666667
3; 0.03793103448275863
4; 0.03928571428571429
5; 0.012544626304359343
6; 0.012949291669016098
7; 0.013812577780283837
8; 0.013812577780283837
9; 0.01298738455293768
10; 0.014677092694258724
11; 0.015655565540542638
12; 0.015655565540542638
13; 0.01616058378378595
14; 0.016681892938101624
15; 0.017220018516750063
16; 0.01777550298503232
17; 0.01834890630713014
18; 0.01957216672760548
19; 0.020247069028557396
20; 0.019725619233036912
21; 0.020882092926293557
22; 0.020943541181931445
23; 0.02221082228792223
24; 0.0229273004262423
25; 0.02346811453702605
26; 0.03666666666666667
27; 0.03666666666666667
28; 0.03666666666666667
29; 0.03666666666666667
30; 0.03928571428571429
31; 0.024423926715379986
