
****Importance edges******

(0.5);5.2273486586817475
(0.6);4.063389962296253
(0.7);3.5688404867117467
(0.8);4.262888479841594
(0.10);3.0421361533419597
(0.11);3.9595218968906103
(0.12);6.394995204404213
(0.13);2.5317197637276214
(0.14);3.269568329055003
(0.15);2.6458483119362124
(0.16);4.872384474447105
(0.17);10.125706710634974
(0.18);8.059347214190238
(0.19);6.17000259996389
(0.20);4.393213208124369
(0.21);3.4878315869811045
(0.22);2.874138070950618
(0.23);2.279365211359602
(0.24);2.7387429933885397
(0.25);4.666818497341515
(0.31);36.99450376741399
(1.2);10.799301498283882
(1.3);4.176002336055265
(1.4);5.095386208823645
(1.5);4.392891681322257
(1.6);5.860847236415397
(1.7);7.456207393909669
(1.8);5.136755294035722
(1.9);4.3790394270729305
(1.10);3.599652886765069
(1.11);3.0090345913214387
(1.12);5.120113246044042
(1.13);1.6823755128554785
(1.14);1.7280298545027257
(1.15);1.3543665936970783
(1.16);1.6919864586432265
(1.17);2.631415237861543
(1.18);2.9415834125309877
(1.19);2.48930676170226
(1.20);2.689771003565432
(1.21);2.117166715450181
(1.22);1.861759308510245
(1.23);1.6427839123339543
(1.24);1.6376681789780532
(1.25);2.0822192844102063
(1.26);2.9838156713855897
(1.27);3.0112920692252723
(1.28);2.125688968742882
(1.29);2.103148553741153
(1.30);2.6406137431963583
(1.31);3.1834155163876225
(2.3);6.443744918881073
(2.4);7.636257779962703
(2.5);5.309177337607076
(2.6);9.103199362967066
(2.7);3.791625409198041
(2.8);3.2714976012860837
(2.9);2.729453028781926
(2.10);2.430641476739518
(2.11);2.2578692060118892
(2.12);4.291437396833622
(2.13);2.0926364123969035
(2.14);2.049128905698937
(2.15);1.5206249225469552
(2.16);1.8193507652308296
(2.17);2.8730540714920973
(2.18);2.4839621986023497
(2.19);2.1250203611870506
(2.20);2.1483925168843534
(2.21);1.7637703884817835
(2.22);1.571807389470697
(2.23);1.3967340150782845
(2.24);1.4303488382727965
(2.25);1.8267415588210627
(2.26);2.6764829074273777
(2.27);3.0053284436951
(2.28);2.1928899326152185
(2.29);1.9461754594969585
(2.30);2.3803080376283114
(2.31);3.1340818446370937
(3.4);13.958826348944717
(3.5);4.284006999001031
(3.6);4.5459207842720835
(3.7);2.178771186389198
(3.8);2.1215564924481334
(3.9);1.7670037976118507
(3.10);1.6626977332610313
(3.11);1.699462192728778
(3.12);3.0031348528178414
(3.13);3.9641683363203066
(3.14);3.417881464637205
(3.15);2.1343107088900313
(3.16);2.3174825503781302
(3.17);3.4957881254214707
(3.18);2.0936952675210723
(3.19);1.834715484999485
(3.20);1.7222005653193222
(3.21);1.4786716455411553
(3.22);1.332050514683281
(3.23);1.1822601746873043
(3.24);1.2636778221232443
(3.25);1.637095537982504
(3.26);2.46571648997411
(3.27);3.2368375067573285
(3.28);2.5584206173159205
(3.29);1.877136866487904
(3.30);2.213595929674551
(3.31);3.1316286733842675
(4.5);8.004514741654317
(4.6);7.3715552577834735
(4.7);2.6946704294964836
(4.8);2.6796801428240373
(4.9);2.1109093636444665
(4.10);1.961075006537065
(4.11);2.049942696634915
(4.12);4.323988987083785
(4.13);3.195312730867956
(4.14);3.3315677469541916
(4.15);2.1258962673616435
(4.16);2.6284362186790373
(4.17);4.892634546752119
(4.18);2.6355960600036914
(4.19);2.23200701372498
(4.20);2.0650699880487395
(4.21);1.7209914766242558
(4.22);1.5225185159170418
(4.23);1.3254050526225019
(4.24);1.4312693210099738
(4.25);1.9252827728741588
(4.26);2.9829846870442793
(4.27);4.037369361709786
(4.28);2.8839795128699075
(4.29);2.151022706620035
(4.30);2.6032832802411208
(4.31);4.28968017905581
(5.6);6.3007408773783355
(5.7);1.8896732715751585
(5.8);1.9448730496459772
(5.9);1.3592220351097968
(5.10);1.2686435179756472
(5.11);1.3765279967002215
(5.12);4.478901770792933
(5.13);1.2217711787139074
(5.14);1.37327428614959
(5.15);0.9808648202267496
(5.16);1.351500877958697
(5.17);2.896302433899028
(5.18);1.9378680903277106
(5.19);1.558183697927702
(5.20);1.4367460724327368
(5.21);1.1520215655457702
(5.22);1.0012393395668113
(5.23);0.8587983766617948
(5.24);0.9362939291019556
(5.25);1.3186620536528832
(5.26);2.3572833374677575
(5.27);3.0031681575550038
(5.28);1.8941394133450098
(5.29);1.5689255418158226
(5.30);2.0150303964463534
(5.31);3.3694666743317634
(6.7);2.062456784488188
(6.8);1.9420546788683228
(6.9);1.4264221229379048
(6.10);1.3083329705178102
(6.11);1.3277216512323908
(6.12);3.508114279865595
(6.13);1.1856601164941223
(6.14);1.2504047799622064
(6.15);0.9078157075111422
(6.16);1.171186203042666
(6.17);2.1415636286742354
(6.18);1.6910947823854616
(6.19);1.4005381334361602
(6.20);1.3525870089133751
(6.21);1.0959848288201326
(6.22);0.9645031894751094
(6.23);0.8419692713239295
(6.24);0.894656304521493
(6.25);1.2092709815483884
(6.26);2.073196894141322
(6.27);2.4583049499378697
(6.28);1.6666686134355515
(6.29);1.4334415141279053
(6.30);1.8174867578208747
(6.31);2.5125933931545736
(7.8);6.827469479825836
(7.9);5.091132174992259
(7.10);3.4240818972142097
(7.11);2.593857400906397
(7.12);3.1307863013631314
(7.13);0.8044301028176463
(7.14);0.8688828143453622
(7.15);0.7106451860798949
(7.16);0.9387146602253077
(7.17);1.4568591998555456
(7.18);2.2253684666385745
(7.19);1.8564818633633042
(7.20);2.184440858039669
(7.21);1.5950134389161368
(7.22);1.3632866490475508
(7.23);1.1727407464808186
(7.24);1.1667221302173005
(7.26);2.4051004442627018
(7.27);2.1546054215951957
(7.28);1.4572497374105222
(7.29);1.6031900528350795
(7.30);2.128330436837213
(7.31);2.079343762312717
(8.9);4.588224056406196
(8.10);3.5430468767451893
(8.11);3.5960530679553204
(8.12);3.7963214168407804
(8.13);0.8098045943702917
(8.14);0.8991494847472065
(8.15);0.740537552575029
(8.16);1.0172680580941795
(8.17);1.6141240788645668
(8.18);3.0380395147353814
(8.19);2.3796316720256243
(8.20);2.8499227540127885
(8.21);1.886880737350173
(8.22);1.5459992478037612
(8.23);1.2742768955171893
(8.24);1.3084258274063096
(8.25);1.824834882856764
(8.26);2.9383346747855428
(8.27);2.4816067582219
(8.28);1.5963864660970934
(8.29);1.8248234945036794
(8.30);2.513331221748159
(8.31);2.469362686881371
(9.10);8.904221030270886
(9.11);3.3741970585749455
(9.12);2.130098003456977
(9.13);0.6896820672680306
(9.14);0.7491555007532348
(9.15);0.6326496424822062
(9.16);0.8346227222424223
(9.17);1.2157495843580635
(9.18);2.132871850186343
(9.19);1.8991235720963688
(9.20);2.544496791661495
(9.21);1.832503879250494
(9.22);1.5635255578527838
(9.23);1.3463835892128093
(9.24);1.2778876745956433
(9.25);1.5991137135499272
(9.26);2.3840045881105767
(9.27);1.9433712294153282
(9.28);1.3482502619604462
(9.29);1.6230703532998172
(9.30);2.1703024645253346
(9.31);1.7618489429284516
(10.11);4.126910223161707
(10.12);1.9193733241523872
(10.13);0.6860008548596185
(10.14);0.7476060150510235
(10.15);0.6408066641076252
(10.16);0.8449790808043398
(10.17);1.1914442186331577
(10.18);2.1966429843425246
(10.19);2.048563597292899
(10.20);2.9738062867005945
(10.21);2.1635940029550738
(10.22);1.847196843506598
(10.23);1.5878804773832547
(10.24);1.4550190048555773
(10.25);1.756918202504944
(10.26);2.4858999441896015
(10.27);1.9300462241368386
(10.28);1.358416483609761
(10.29);1.7228162378875167
(10.30);2.3047120563699157
(10.31);1.7164937361583341
(11.12);2.20553568407067
(11.13);0.7347012597585524
(11.14);0.8296386902016962
(11.15);0.7183352765268283
(11.16);1.0011002973153764
(11.17);1.421527506549515
(11.18);3.816752354318683
(11.19);3.6612632269531535
(11.21);3.515076884291675
(11.22);2.532890259083705
(11.23);1.8716090867387059
(11.24);1.9157978844539367
(11.25);2.7125430644906494
(11.26);3.7631153913692095
(11.27);2.462523007304256
(11.28);1.62924183477667
(11.29);2.2884814514966973
(11.30);3.3361537738044045
(11.31);2.1992820313643984
(12.13);1.0815108916838982
(12.14);1.2359262400318403
(12.15);0.9566717326424475
(12.16);1.3742033058575538
(12.17);2.684902724844388
(12.18);3.1656488089021395
(12.19);2.304655964536793
(12.20);2.17688253391048
(12.21);1.5961141202220608
(12.22);1.3347644533678713
(12.23);1.1072868520083734
(12.24);1.2058697774285192
(12.25);1.7766380632227203
(12.26);3.150022614113684
(12.27);3.3900307848388596
(12.28);1.986584559659348
(12.29);1.906646194119973
(12.30);2.575368982112336
(12.31);4.184366776009095
(13.14);3.7316347895908466
(13.15);2.03106457088166
(13.16);1.528641469655397
(13.17);1.623417003394854
(13.18);0.9676016498929602
(13.19);0.8926154346506343
(13.20);0.8094188030918623
(13.21);0.7376185003780049
(13.22);0.681442056389138
(13.23);0.614963675740121
(13.24);0.6776090967111466
(13.25);0.8649229687054113
(13.26);1.417469120007231
(13.27);1.9546624885224393
(13.28);1.8769947771475552
(13.29);1.1721416749435614
(13.30);1.3336800887094384
(13.31);1.4943145274788818
(14.15);3.326139650568853
(14.16);2.556398839563077
(14.17);2.292690274209738
(14.18);1.1535283094989548
(14.19);1.0612639825505215
(14.20);0.928012964911041
(14.21);0.8435335771746394
(14.22);0.7714224017236622
(14.23);0.6836558437005986
(14.24);0.774145792218412
(14.25);1.0255645069332946
(14.26);1.727423486903701
(14.27);2.6660116946613894
(14.28);2.687554715138492
(14.29);1.415390540133966
(14.30);1.6068914376238799
(14.31);1.9270646366123878
(15.16);2.5202271582205054
(15.17);1.611595766308154
(15.18);0.9870692671634764
(15.19);0.9405546872676329
(15.20);0.8173625916901368
(15.21);0.7681650138880556
(15.22);0.7130793686310724
(15.23);0.6371880136663491
(15.24);0.7324792091127181
(15.25);0.9473765840863981
(15.26);1.5552671578575366
(15.27);2.2922985721888356
(15.28);2.9624021607403663
(15.29);1.3809911548553702
(15.30);1.4979022066600356
(15.31);1.5131687501722546
(16.17);3.0311051591515485
(16.18);1.5296226947757332
(16.19);1.438612503103022
(16.20);1.164503587333301
(16.21);1.0716001949376879
(16.22);0.9660264495435184
(16.23);0.8286971751169132
(16.24);0.9941298764911092
(16.25);1.4160994454891493
(16.26);2.5142306057857886
(16.27);5.080705579300372
(16.28);7.556486829619779
(16.29);2.0835441844689737
(16.30);2.320135340574198
(16.31);2.7018328364587214
(17.18);2.3473994183174627
(17.19);1.9616136165506448
(17.20);1.589599356615067
(17.21);1.3379203924455025
(17.22);1.1604422378102957
(17.23);0.9735101093103944
(17.24);1.132434645591312
(17.25);1.7020960810270023
(17.26);3.198414951596855
(17.27);6.796405050194428
(17.28);3.436945538032462
(17.29);2.128060931970281
(17.30);2.661881643352599
(17.31);7.03660148432374
(18.20);4.962519128548835
(18.21);3.0440452887975753
(18.22);2.235334601879708
(18.23);1.634989045224453
(18.24);1.9815095448999094
(18.25);3.9500774058597994
(18.26);8.240762609212593
(18.27);4.468551146980396
(18.28);2.4031792594705816
(18.29);3.2052311816094514
(18.30);5.289120945016295
(18.31);4.362298961118861
(19.20);6.125630933145983
(19.22);2.8330680841396885
(19.23);1.913503899245661
(19.24);2.5189039053483713
(19.25);6.748885271857812
(19.26);12.127062370544158
(19.27);3.9822669054185673
(19.28);2.362253043594925
(19.29);4.009380133007603
(19.30);7.790659145411228
(19.31);3.2776228678308525
(20.21);6.009547783340482
(20.22);3.5492241252803973
(20.23);2.3069368459870017
(20.24);2.6084524553961184
(20.25);4.252489407465513
(20.26);5.206516603446407
(20.27);2.846403259224207
(20.28);1.8724599086797777
(20.29);2.9771571401254557
(20.31);2.4624120423791753
(21.22);8.30310453468735
(21.23);3.476756453060261
(21.24);4.492847657692942
(21.25);5.174987504043383
(21.26);4.537938642060667
(21.27);2.4532750643004486
(21.28);1.7692828307248163
(21.29);3.4073484531544
(21.30);5.02116659017617
(21.31);1.950107159081764
(22.23);5.770814782111397
(22.24);6.683207786364564
(22.25);3.7364701792565405
(22.26);3.4511789527212327
(22.27);2.0850865317941527
(22.28);1.5985416963971364
(22.29);3.110112568287486
(22.30);4.020208036154597
(22.31);1.6248949920431093
(23.24);4.3378376396213385
(23.25);2.3410898404498135
(23.26);2.449658941403629
(23.27);1.6790598354783748
(23.28);1.3535334240922683
(23.29);2.3652653144067863
(23.30);2.784133850897222
(23.31);1.3110104064699262
(24.25);3.8547678978318567
(24.26);3.396284999427717
(24.27);2.0791945553630327
(24.28);1.6773449886152594
(24.29);3.8465121452026927
(24.30);4.385907489909257
(24.31);1.550183005856897
(25.26);9.769095278838337
(25.27);3.4770273664570395
(25.28);2.4019115572263696
(25.29);6.391784567923349
(25.31);2.545515313155101
(26.27);6.885585114597651
(26.28);3.8762117590752756
(26.29);7.092766476060477
(26.30);16.441880279399577
(26.31);5.109100669496992
(27.28);6.8270873284921825
(27.29);4.2566785232080715
(27.30);5.380653862725533
(27.31);9.51378333826272
(28.29);3.6091456088324456
(28.30);3.7124063672983336
(28.31);3.5247847475237
(29.30);12.186889768124983
(29.31);2.8272913705089113
(30.31);3.8242883779665022

****Importance nodes******

0; 0.05238095238095238
1; 0.03666666666666667
2; 0.03666666666666667
3; 0.03666666666666667
4; 0.03666666666666667
5; 0.012419354838709682
6; 0.012819979188345477
7; 0.013674644467568508
8; 0.013674644467568508
9; 0.012840255686041328
10; 0.014529963827362375
11; 0.015498628082519866
12; 0.015498628082519868
13; 0.015998583827117285
14; 0.01651466717637913
15; 0.017047398375617168
16; 0.017597314452249976
17; 0.018164969757161267
18; 0.019375967740972014
19; 0.02004410455962622
20; 0.019514302143500844
21; 0.02067231007045444
22; 0.021318894088506898
23; 0.022006600349426475
24; 0.022716490683278943
25; 0.023240253210746326
26; 0.03666666666666667
27; 0.03666666666666667
28; 0.03666666666666667
29; 0.03666666666666667
30; 0.03928571428571429
31; 0.024198966292763628
