
****Importance edges******

(0.5);5.016835404355761
(0.6);3.90067274919817
(0.7);3.4038688219319235
(0.8);4.0932907298998265
(0.9);3.07471269542723
(0.10);2.9243444026700702
(0.11);3.7791904753867924
(0.12);6.149253329879074
(0.13);2.435095749300697
(0.14);3.145654776303459
(0.15);2.5462895203639997
(0.16);4.690385578580233
(0.17);9.750310190299766
(0.18);7.6952284707830385
(0.19);5.888290887781031
(0.20);4.2615760170673695
(0.21);3.360383531772124
(0.22);2.7706988264035703
(0.23);2.1980064922654723
(0.24);2.641808875743574
(0.25);4.451207772286217
(0.31);35.69464955364331
(1.2);10.758919860490952
(1.3);4.232117895902322
(1.4);5.2576307324241025
(1.5);4.376890458268499
(1.6);5.839512500580143
(1.7);7.363985108799484
(1.8);5.116634024201774
(1.9);4.4742481307182596
(1.10);3.5884041839284953
(1.11);2.970924777042282
(1.12);5.102680131533468
(1.13);1.67665994742992
(1.14);1.722172329360164
(1.15);1.349786105109988
(1.16);1.6862773106276083
(1.17);2.6225569647000673
(1.18);2.8990077606452527
(1.19);2.4508551935957406
(1.20);2.7030117091369537
(1.21);2.108356240591312
(1.22);1.8546436023474226
(1.23);1.6365023969806516
(1.24);1.6314034709831025
(1.25);2.045273707697946
(1.26);2.972658342024806
(1.27);3.000031997854221
(1.28);2.1177404174398333
(1.29);2.0952842874147244
(1.30);2.5838181064423886
(1.31);3.1698203434486962
(2.3);6.5303335566585625
(2.4);7.879407357801352
(2.5);5.289838520041367
(2.6);9.07006177281494
(2.7);3.7447285967778683
(2.8);3.2586827634694906
(2.9);2.788796564929269
(2.10);2.4230458655697245
(2.11);2.2292729989905697
(2.12);4.276825782605799
(2.13);2.085527060034386
(2.14);2.0421829469504775
(2.15);1.515482145742369
(2.16);1.8132118610108985
(2.17);2.863382356664737
(2.18);2.44801002759999
(2.19);2.092195814850283
(2.20);2.158968224902032
(2.21);1.7564305533374207
(2.22);1.5657998892117209
(2.23);1.3913933210927139
(2.24);1.4248772061572557
(2.25);1.7943290166358075
(2.26);2.6664747820552064
(2.27);2.994090672003906
(2.28);2.1846900979321413
(2.29);1.9388981598957407
(2.30);2.3291111857540012
(2.31);3.120697357295353
(3.5);4.378338099191466
(3.6);4.645085163468733
(3.7);2.2063402008836226
(3.8);2.1663316820640226
(3.9);1.850380984021115
(3.10);1.698410854004281
(3.11);1.7189753470577243
(3.12);3.065426652574436
(3.13);4.0455152096896745
(3.14);3.4872509270203778
(3.15);2.177143817988839
(3.16);2.3634589937677437
(3.17);3.564328349645443
(3.18);2.110450566770231
(3.19);1.8471272544410193
(3.20);1.7692919523871828
(3.21);1.5050021394604074
(3.22);1.355895957962241
(3.23);1.203121178252021
(3.24);1.2856489992240259
(3.25);1.6424705387245502
(3.26);2.49884986733465
(3.27);3.280332920363159
(3.28);2.5927997181189513
(3.29);1.9023611306754622
(3.30);2.202696411788459
(3.31);3.183065041020731
(4.5);8.400852220571805
(4.6);7.7333970280280475
(4.7);2.8010095315460495
(4.8);2.808074757137002
(4.9);2.2680597093083907
(4.10);2.0548936395828954
(4.11);2.1265159260608653
(4.12);4.525548011289197
(4.13);3.3427662399695457
(4.14);3.4837325546197584
(4.15);2.2219755673385944
(4.16);2.7459542134161437
(4.17);5.108988331367968
(4.18);2.720158265580116
(4.19);2.3002241920484274
(4.20);2.171145103228074
(4.21);1.7921447051064057
(4.22);1.5852102126291712
(4.23);1.3792790835495847
(4.24);1.4886831372338882
(4.26);3.0779672672889067
(4.27);4.165925086799939
(4.28);2.9758096240651657
(4.29);2.21951440479298
(4.30);2.636723285312695
(4.31);4.455255247995307
(5.6);6.279590140152411
(5.7);1.8514923093391764
(5.8);1.9372873537860664
(5.9);1.422276285819848
(5.10);1.2656038970740937
(5.11);1.3486570439552235
(5.12);4.465714842726652
(5.13);1.2181811075216924
(5.14);1.3692469925297115
(5.15);0.9779939725868102
(5.16);1.3475529894721456
(5.17);2.8878585353765307
(5.18);1.8942457219603157
(5.19);1.5207174917495223
(5.20);1.4534817825840622
(5.21);1.1470364724245525
(5.22);0.9974939692169176
(5.23);0.8555820036918196
(5.24);0.9327831738832678
(5.25);1.2828834885168272
(5.26);2.3486968711444236
(5.27);2.9922290388507347
(5.28);1.8872399609008
(5.29);1.5632106894200593
(5.30);1.955084062726605
(5.31);3.354328466885131
(6.7);2.0213101545529923
(6.8);1.9344959356499538
(6.9);1.4914859094284356
(6.10);1.305179839908308
(6.11);1.3011561526374287
(6.12);3.497765097143423
(6.13);1.182169257469434
(6.14);1.2467305713564056
(6.15);0.9051534277002126
(6.16);1.1677583125957876
(6.17);2.1353078766205407
(6.18);1.6534304496365728
(6.19);1.3672156881485678
(6.20);1.3680909382793114
(6.21);1.0912549427168443
(6.22);0.9608995841553268
(6.23);0.8388196879828451
(6.24);0.8913056363862479
(6.25);1.1767798884154734
(6.26);2.0656500146055183
(6.27);2.4493561948187206
(6.28);1.6606015836771877
(6.29);1.4282234808290355
(6.30);1.7637860811556487
(6.31);2.5013357991802194
(7.8);6.6912594209324325
(7.9);5.230904411200439
(7.10);3.3623589249901173
(7.11);2.504134944298574
(7.12);3.074332476746987
(7.13);0.7901337243107354
(7.14);0.8536661344366249
(7.15);0.6983833121982536
(7.16);0.9227592291613135
(7.17);1.4324704058375877
(7.18);2.1472915268493615
(7.19);1.7890674984258457
(7.20);2.1797100698976566
(7.21);1.567751997992836
(7.22);1.3410782532748062
(7.23);1.1539150105862248
(7.24);1.1482681362014533
(7.25);1.4696366516716584
(7.26);2.3753529000795015
(7.27);2.127956131280041
(7.28);1.4392257080802775
(7.29);1.583360957112885
(7.30);2.048677109478466
(7.31);2.0459430343177116
(8.9);4.787811525974713
(8.10);3.5326248357805996
(8.11);3.524108150202111
(8.12);3.7832312765971245
(8.13);0.8070236841482946
(8.14);0.8960743709472062
(8.15);0.7380152512504906
(8.16);1.0138173772986936
(8.17);1.6086712033583894
(8.18);2.9705582229641188
(8.19);2.323245797884331
(8.20);2.88028441096861
(8.21);1.8780035469047112
(8.22);1.5396108169071427
(8.23);1.269015408031316
(8.24);1.3030275412793364
(8.25);1.7760968959660703
(8.26);2.9268248750248937
(8.27);2.471886015000609
(8.28);1.590133234045939
(8.29);1.8176754479586414
(8.30);2.4394598861073833
(8.31);2.4574367419509664
(9.10);9.291554107745428
(9.11);3.456341764650283
(9.12);2.218264939099068
(9.13);0.7177025742166429
(9.14);0.7790227767844522
(9.15);0.6573930230725938
(9.16);0.8666362479964791
(9.17);1.2614700114360227
(9.18);2.1685856862983215
(9.19);1.9265321936186968
(9.20);2.6724623571353177
(9.21);1.8933079634868122
(9.22);1.61520038416895
(9.23);1.3898983165156986
(9.24);1.3182629175119123
(9.25);1.6118620778974155
(9.26);2.4358374135734526
(9.27);1.9856238417828627
(9.28);1.377563804751846
(9.29);1.6583590111975914
(9.30);2.1585182088911683
(9.31);1.8137282584302843
(10.11);4.051809764778526
(10.12);1.9153217824847166
(10.13);0.6845471506411172
(10.14);0.7460156178617561
(10.15);0.6394382064100805
(10.16);0.8431676937926876
(10.17);1.1888803922323479
(10.18);2.1514921973696635
(10.19);2.0034278279698037
(10.20);3.0079417976774914
(10.21);2.155949052599369
(10.22);1.8416630551982027
(10.23);1.5830945941490953
(10.24);1.4506072123110438
(10.25);1.7127874454719871
(10.26);2.478131653570121
(10.27);1.924014943588653
(10.28);1.3541715122658262
(10.29);1.717432538816622
(10.30);2.2396424339531147
(10.31);1.7100359122888897
(11.12);2.165399908902953
(11.13);0.7215130951823807
(11.14);0.8149514853559139
(11.15);0.7057959154656874
(11.16);0.9838718430637543
(11.17);1.3974135761864732
(11.18);3.685683116900254
(11.19);3.5312169646042935
(11.20);8.081501464872785
(11.21);3.4543319399028896
(11.22);2.491056304063975
(11.23);1.8411278062044443
(11.24);1.8850354487647252
(11.25);2.611053174806167
(11.26);3.7154550457255473
(11.27);2.4313348332841946
(11.28);1.608607275134767
(11.29);2.2594975364066636
(11.30);3.213138264584635
(11.31);2.163470870258507
(12.13);1.0786842744424716
(12.14);1.23269604563799
(12.15);0.9541713927617625
(12.16);1.370611713033635
(12.17);2.677885511802935
(12.18);3.1007878609392123
(12.19);2.254118626276275
(12.20);2.2000830966981253
(12.21);1.5898475175115414
(12.22);1.3302319429790521
(12.23);1.1035152509723103
(12.24);1.2017498829652105
(12.25);1.7323194202908399
(12.26);3.13929732303049
(12.27);3.37848830676728
(12.28);1.979820577214187
(12.29);1.9001543882094447
(12.30);2.503114802477931
(12.31);4.167150363754256
(13.14);3.7218818566189538
(13.15);2.0257562173748678
(13.16);1.5246462400490077
(13.17);1.6191740701732789
(13.18);0.9480209207808852
(13.19);0.8732809862109613
(13.20);0.8178941186886262
(13.21);0.734735690414448
(13.22);0.6791351984112488
(13.23);0.6128754202115851
(13.24);0.6753010487409515
(13.25);0.8435933685171187
(13.26);1.4126535259664215
(13.27);1.9480218775217044
(13.28);1.8706180280982245
(13.29);1.1681595363663106
(13.30);1.2965694109848223
(13.31);1.4881941237905345
(14.15);3.3174465123342016
(14.16);2.5497174819443655
(14.17);2.286698140512183
(14.18);1.1304774110846059
(14.19);1.0385618795580773
(14.20);0.9375561328709247
(14.21);0.8402519792026923
(14.22);0.7688190572282335
(14.23);0.681341491478888
(14.24);0.7715169959264241
(14.25);1.0005668990322976
(14.26);1.7215680171732306
(14.27);2.6569746803464156
(14.28);2.6784446761684397
(14.29);1.4105927725179863
(14.30);1.562553139895801
(14.31);1.9192079843462013
(15.16);2.51364033825178
(15.17);1.6073837288573207
(15.18);0.9675954722831565
(15.19);0.9206884143020375
(15.20);0.8256142947367261
(15.21);0.7651904734284489
(15.22);0.7106804527367007
(15.23);0.6350376743655655
(15.24);0.729999577144986
(15.25);0.9245573728529284
(15.26);1.5500072204819424
(15.27);2.2845459832686874
(15.28);2.95238327120869
(15.29);1.3763206215941943
(15.30);1.4569250410100645
(15.31);1.5070281544312596
(16.17);3.0231831177099733
(16.18);1.499834299107452
(16.19);1.4086153099970569
(16.20);1.1760405584964428
(16.21);1.0674700539908795
(16.22);0.9627868241727658
(16.23);0.8259093019677779
(16.24);0.9907749537718293
(16.25);1.382399703518937
(16.26);2.5057470185794593
(16.27);5.063562120481404
(16.28);7.530989520484714
(16.29);2.0765138314271696
(16.30);2.2572198396642453
(16.31);2.6909198686716005
(17.18);2.302283830816826
(17.19);1.921242582376579
(17.20);1.6050479888876825
(17.21);1.332788065674052
(17.22);1.1565629733155396
(17.23);0.9702453870553298
(17.24);1.128624949798456
(17.25);1.6620846460918357
(17.26);3.187647957122802
(17.27);6.773525950163229
(17.28);3.42537556535048
(17.29);2.1208971271976913
(17.30);2.5903434280762547
(17.31);7.008314368373346
(18.19);8.560602972537755
(18.20);4.92929459093059
(18.21);2.9850966329442974
(18.22);2.1936678645589462
(18.23);1.6049115243126315
(18.24);1.9455396622164662
(18.25);3.801785131024291
(18.26);8.121488126419349
(18.27);4.40387459310231
(18.28);2.3683963180335397
(18.29);3.158839565984964
(18.30);5.093417091757198
(18.31);4.282524522704802
(19.20);6.075270082218291
(19.21);4.10763574628393
(19.22);2.776670909419776
(19.23);1.8759111566217666
(19.24);2.470073229605917
(19.25);6.489320958131719
(19.26);11.93973930861903
(19.27);3.9207540338481186
(19.28);2.3257640358165066
(19.29);3.9474484516169808
(19.30);7.497126257166723
(19.31);3.21378519530506
(20.21);6.056228250664287
(20.22);3.5778337384105385
(20.23);2.3250731441194423
(20.24);2.6284406191331326
(20.25);4.201546625209434
(20.26);5.232146277239489
(20.27);2.8604150049985684
(20.28);1.881677306856962
(20.29);2.9918125368414965
(20.30);4.567869414751161
(20.31);2.478795181647484
(21.22);8.26632163842904
(21.23);3.4613804495103797
(21.24);4.473011654903777
(21.25);5.053916911066523
(21.26);4.519054255665776
(21.27);2.4430658927136406
(21.28);1.7619200558499923
(21.29);3.393168956725116
(21.30);4.887340831995331
(21.31);1.9403576269811713
(22.23);5.74793720689831
(22.24);6.656713158730492
(22.25);3.6517473627873325
(22.26);3.4379884316744853
(22.27);2.0771172615364533
(22.28);1.5924320167255557
(22.29);3.0982256143358797
(22.30);3.9153303510716304
(22.31);1.6174932695264703
(23.24);4.320640898674077
(23.25);2.2886724088558292
(23.26);2.440292176769977
(23.27);1.6726396118223694
(23.28);1.3483579162723967
(23.29);2.3562212458135092
(23.30);2.7121935000756765
(23.31);1.305050020048451
(24.25);3.7695560894942313
(24.26);3.3832929085620806
(24.27);2.0712408398782705
(24.28);1.6709285016276296
(24.29);3.8317977630720206
(24.30);4.273676748730027
(24.31);1.543148896211946
(25.26);9.595758655872647
(25.27);3.4153332008809802
(25.28);2.3592935638392283
(25.29);6.278372801520779
(25.31);2.489245268178576
(26.27);6.8598379675127905
(26.28);3.8617175087491273
(26.29);7.06624461936154
(26.30);16.088240121952442
(26.31);5.087281617976185
(27.28);6.8015589211480885
(27.29);4.240761600215187
(27.30);5.26492407715065
(27.31);9.473153540135101
(28.29);3.595649994255801
(28.30);3.632558080488701
(28.31);3.509731714714005
(29.30);11.924768067738292
(29.31);2.815217070144119
(30.31);3.7267399556098972

****Importance nodes******

0; 0.05
1; 0.03666666666666667
2; 0.03666666666666667
3; 0.03793103448275863
4; 0.03928571428571429
5; 0.01242412204036231
6; 0.012824900170696579
7; 0.013238606627815822
8; 0.013665658454519558
9; 0.014106486146600834
10; 0.014561534086813764
11; 0.015031260992840014
12; 0.015516140379705822
13; 0.016016661037115687
14; 0.016533327522183935
15; 0.017066660668060837
16; 0.01761719810896602
17; 0.018185494822158473
18; 0.01877212368738939
19; 0.019377676064401952
20; 0.020002762389060076
21; 0.020648012788707176
22; 0.021314077717375146
23; 0.022001628611484022
24; 0.022711358566693183
25; 0.022398162943645137
26; 0.03666666666666667
27; 0.03666666666666667
28; 0.03666666666666667
29; 0.03666666666666667
30; 0.03793103448275863
31; 0.024166504421865388
