
****Mix criterion 0.5*C(weight)+0.5*C(distance) ******

(0.5);0.4648366772867021
(0.6);0.41822914469591455
(0.7);0.39036060285938506
(0.8);0.4256024264663395
(0.9);0.3665397933339447
(0.10);0.35404832098792327
(0.11);0.4069645797994238
(0.12);0.49581594712593796
(0.13);0.3046073461843107
(0.14);0.3649831789419149
(0.15);0.3126943607876718
(0.16);0.4428916554747827
(0.17);0.577134615674624
(0.18);0.532936290759364
(0.19);0.48343218717924147
(0.20);0.4213462276905957
(0.21);0.3691187299062491
(0.22);0.3209581873504434
(0.23);0.2535311158633215
(0.24);0.3040457300448103
(0.25);0.42556392890335687
(0.31);0.9824127216643568
(1.3);0.4038148986323147
(1.4);0.4452448096641267
(1.5);0.4678692661262727
(1.6);0.5120339885535771
(1.7);0.548257695794439
(1.8);0.4901155165871618
(1.9);0.4681060862474092
(1.10);0.43061471916588157
(1.11);0.39505628563860656
(1.12);0.4865534729948748
(1.13);0.25808590641557005
(1.14);0.26322192609666917
(1.15);0.18241361991858424
(1.16);0.2513818117539932
(1.17);0.3605063076610793
(1.18);0.380079569686638
(1.19);0.3419399368751364
(1.20);0.36182516760810857
(1.21);0.3001164690380659
(1.22);0.2619635740309013
(1.23);0.2200068428218928
(1.24);0.21529925377283848
(1.25);0.28536043863675864
(1.26);0.32349937573146886
(1.27);0.32588394997929876
(1.28);0.2241141289174906
(1.29);0.21944850647260938
(1.30);0.28009938365099096
(1.31);0.38292873321294085
(2.3);0.49145116668286953
(2.4);0.5244297848443938
(2.5);0.49734948430609677
(2.6);0.5839225781430685
(2.7);0.440916873098425
(2.8);0.4160061362215976
(2.9);0.38589837117920184
(2.10);0.3558007892970314
(2.11);0.33549378048020917
(2.12);0.45800879277517764
(2.13);0.3160778677493818
(2.14);0.30877267645594286
(2.15);0.2216225759057353
(2.16);0.27224814585188994
(2.17);0.3788396184918308
(2.18);0.3437400037822037
(2.19);0.3035722039950388
(2.20);0.3092106941258243
(2.21);0.24897982996091655
(2.22);0.20902145058610402
(2.23);0.16305163647161225
(2.24);0.16769716357725073
(2.25);0.2475263443060658
(2.26);0.294034658500852
(2.27);0.3253694898200302
(2.28);0.23450717838935137
(2.29);0.19219816807215157
(2.30);0.24854934520513386
(2.31);0.3796692285342793
(3.5);0.46390019137958394
(3.6);0.4724929593499008
(3.7);0.33457897011659005
(3.8);0.328727221392464
(3.9);0.287873919867377
(3.10);0.2621850168929768
(3.11);0.26314923897181375
(3.12);0.39531608427700804
(3.13);0.44372950936928257
(3.14);0.4166009643799481
(3.15);0.31666172065760634
(3.16);0.33372472920807406
(3.17);0.4166000772821351
(3.18);0.3024512523809833
(3.19);0.2635635580250204
(3.20);0.24801521456078388
(3.21);0.19166765126661084
(3.22);0.1491953875526888
(3.23);0.09525782874965452
(3.24);0.11880532768697057
(3.25);0.21254234320811133
(3.26);0.2702088608880891
(3.27);0.3441775941183033
(3.28);0.28238267621221524
(3.29);0.17888776225060832
(3.30);0.22488472424324618
(3.31);0.37950504369682314
(4.5);0.5623249654668478
(4.6);0.5483252744851961
(4.7);0.37946473198480046
(4.8);0.37868292974019185
(4.9);0.33168766910223085
(4.10);0.30624700533369453
(4.11);0.3126613283339762
(4.12);0.459250942924169
(4.13);0.4055975570674932
(4.14);0.41194450815711187
(4.15);0.31569543457793237
(4.16);0.36163595196051834
(4.17);0.4745593262714412
(4.18);0.3569282403079173
(4.19);0.3159635691613189
(4.20);0.29903117252162886
(4.21);0.24150513627117684
(4.22);0.19817317615108307
(4.23);0.14283026277709412
(4.24);0.16793709987703348
(4.25);0.26319415992120837
(4.26);0.32342668491827203
(4.27);0.3954850555218441
(4.28);0.31594775050336654
(4.29);0.2270324537625108
(4.30);0.2759186401790306
(4.31);0.4405758043791311
(5.6);0.5558528493012237
(5.7);0.4143022556555503
(5.8);0.4186790040510516
(5.9);0.369636154613816
(5.10);0.3459234279592815
(5.11);0.3546536868060517
(5.12);0.5123140821612683
(5.13);0.3289321661278999
(5.14);0.348774866827835
(5.15);0.27068774283896674
(5.16);0.33879234715900913
(5.17);0.45510863139912305
(5.18);0.3943813856311846
(5.19);0.3532512323422123
(5.20);0.3411572275298285
(5.21);0.283748309305701
(5.22);0.2414178535906441
(5.23);0.18771918406298677
(5.24);0.20951462094896167
(5.25);0.2998056797340987
(5.26);0.3559566243434848
(5.27);0.40300175924647497
(5.28);0.3076553463268619
(5.29);0.25608436775943405
(5.30);0.3086777841596747
(5.31);0.4593142455198263
(6.7);0.4244769685755162
(6.8);0.4168132621502651
(6.9);0.37541990217628507
(6.10);0.34921593115621774
(6.11);0.3455235605669916
(6.12);0.4838348352615152
(6.13);0.31996120106183557
(6.14);0.32771119411446015
(6.15);0.2465364115607192
(6.16);0.3058992711555165
(6.17);0.4129210492855246
(6.18);0.3696398393623134
(6.19);0.32975726368300184
(6.20);0.32633321223091305
(6.21);0.2681229856949016
(6.22);0.22715833764709165
(6.23);0.17715121633401165
(6.24);0.19117795857264613
(6.25);0.2757903399363064
(6.26);0.3261178744831052
(6.27);0.3632507422742135
(6.28);0.2722194208543251
(6.29);0.22670238969962542
(6.30);0.28051025775601646
(6.31);0.41602501355631905
(7.8);0.5616391341098149
(7.9);0.5313858191502445
(7.10);0.4806154880676632
(7.11);0.4438158023521131
(7.12);0.46780576820376485
(7.13);0.21266370845572563
(7.14);0.2308885109020249
(7.15);0.16004896632550614
(7.16);0.2431395781022994
(7.17);0.3432924287767229
(7.18);0.41057649090918186
(7.19);0.3787007569629704
(7.20);0.4085210957089164
(7.21);0.34784848743431535
(7.22);0.31120386176975756
(7.23);0.2700759534882816
(7.24);0.263804233697348
(7.25);0.32583256003042965
(7.26);0.355415236939174
(7.27);0.33128238198625304
(7.28);0.22772098381680506
(7.29);0.25539683339203056
(7.30);0.3165613102734956
(7.31);0.38144910791807163
(8.9);0.520539425711509
(8.10);0.4852463416214436
(8.11);0.4833629247302247
(8.12);0.4909830603479213
(8.13);0.21488173427918822
(8.14);0.2409467955190386
(8.15);0.17472425777825246
(8.16);0.2652065115046332
(8.17);0.3629940431730385
(8.18);0.45449279876699483
(8.19);0.41865551569759374
(8.20);0.4473174130917461
(8.21);0.3791645245303652
(8.22);0.33854139712704134
(8.23);0.29130934023982896
(8.24);0.29331119209938034
(8.25);0.36204839269418376
(8.26);0.39539906156751603
(8.27);0.3622487380452932
(8.28);0.2555110425602095
(8.29);0.29107350867740983
(8.30);0.3542817730671102
(8.31);0.41051825449137996
(9.10);0.6057277246648393
(9.11);0.48011372975439426
(9.12);0.4235303216865953
(9.13);0.17178088384781873
(9.14);0.19392581542704507
(9.15);0.1270235339012832
(9.16);0.21685111521357261
(9.17);0.3113779927713466
(9.18);0.40882062894733934
(9.19);0.3875114675575846
(9.20);0.4356513140162176
(9.21);0.37869320103460435
(9.22);0.3459752883766815
(9.23);0.3101564811519422
(9.24);0.29343057423401225
(9.25);0.34078203805540386
(9.26);0.35766390297609096
(9.27);0.31136710027375614
(9.28);0.20832975327970518
(9.29);0.26408225749858905
(9.30);0.32542871561014347
(9.31);0.35545380972273005
(10.11);0.4974847884240178
(10.12);0.4003342408012639
(10.13);0.14957177588817547
(10.14);0.17451926043225977
(10.15);0.11030321889286121
(10.16);0.2039702719027944
(10.17);0.29467595922606854
(10.18);0.4058930060807717
(10.19);0.3921521803133647
(10.20);0.4507279002780441
(10.21);0.3987131246049551
(10.22);0.3689059934888281
(10.23);0.33611168956462834
(10.24);0.31330197948633537
(10.25);0.35084886069660365
(10.26);0.3597137509448472
(10.27);0.3015751039571486
(10.28);0.19974546748439745
(10.29);0.2715798940056885
(10.30);0.3322147865970955
(10.31);0.341534584518592
(11.12);0.4164097010454862
(11.13);0.1631892679699033
(11.14);0.19914845306972964
(11.15);0.14325888798849487
(11.16);0.245920442001946
(11.17);0.3278427855808264
(11.18);0.4783059978798012
(11.19);0.47158331700807865
(11.21);0.464950577319877
(11.22);0.4171597453007349
(11.23);0.3635593928914729
(11.24);0.36491808420543237
(11.25);0.42191401702014336
(11.26);0.4339068618896477
(11.27);0.3538536534309641
(11.29);0.33777816504990277
(11.30);0.4041146589152415
(11.31);0.3841882018703104
(12.13);0.2795275686189504
(12.14);0.3077509551120079
(12.15);0.23816178342998878
(12.16);0.3239858581546175
(12.17);0.43614784219289593
(12.18);0.45518751306392846
(12.19);0.4074900159418368
(12.20);0.4015483319964213
(12.21);0.33902575579186117
(12.22);0.2955509854316572
(12.23);0.24148382507801186
(12.24);0.2605060590946038
(12.25);0.34862647542410696
(12.26);0.4032320698294847
(12.27);0.4165378905895184
(12.28);0.3060114330233389
(12.29);0.29415704731139386
(12.30);0.35347485312398663
(12.31);0.48190745193080586
(13.14);0.48178622098902046
(13.15);0.3968182870257938
(13.16);0.3431492107900334
(13.17);0.35246828167242755
(13.18);0.21776418831094313
(13.19);0.18581068772813736
(13.20);0.15680367662779543
(13.21);0.10811662959993919
(13.22);0.06649814821530771
(13.23);0.00862013910362153
(13.24);0.04724753619040628
(13.25);0.14514640976810805
(13.26);0.2041322195331082
(13.27);0.2983643238671979
(13.28);0.2891091264535027
(13.29);0.13465167377237122
(13.30);0.16557150373338406
(13.31);0.3033111926344581
(14.15);0.4649604195418387
(14.16);0.4271056831104503
(14.17);0.409718643651994
(14.18);0.26442179685901296
(14.19);0.23615184010047532
(14.20);0.19938464548631388
(14.21);0.1551546485977059
(14.22);0.11402615760325198
(14.23);0.05371416185003361
(14.24);0.10084995447259529
(14.25);0.20082992198118121
(14.26);0.2625501587936227
(14.27);0.3677102613364488
(14.28);0.3712102618578091
(14.29);0.20054319061066456
(14.30);0.22635489589217
(14.31);0.3560848500956088
(15.16);0.4233612345421915
(15.17);0.3457891419111357
(15.18);0.21527400163148364
(15.19);0.19411116449545607
(15.20);0.14997507069965463
(15.21);0.11349283154740389
(15.22);0.07469896794749609
(15.23);0.013053866079250765
(15.24);0.07105910253208853
(15.25);0.16929439240895014
(15.26);0.22829154735393303
(15.27);0.3329005036280047
(15.28);0.38928076034145365
(15.29);0.1888367539030501
(15.30);0.20043142943118766
(15.31);0.3006792000437326
(16.17);0.4461332763567482
(16.18);0.32544041001564683
(16.19);0.3080684802763258
(16.20);0.2587579265337098
(16.21);0.22580620394229844
(16.22);0.1873716008439202
(16.23);0.12475531797254764
(16.24);0.18560175058512995
(16.25);0.28628833699207157
(16.26);0.3512461875873729
(16.27);0.47917457510019845
(16.29);0.30742113563733703
(16.30);0.32217815289317003
(16.31);0.4120732110179636
(17.18);0.40345524821919837
(17.19);0.369855255507753
(17.20);0.3312809749880864
(17.21);0.28388887472191615
(17.22);0.24098263481211896
(17.23);0.1797842668572061
(17.24);0.2237914875453618
(17.25);0.3271540261448244
(17.26);0.39894529719884253
(17.27);0.5261931474638355
(17.28);0.41466109967132425
(17.29);0.31077693797276695
(17.30);0.352063090579665
(17.31);0.5498845066465176
(18.20);0.508496323805228
(18.21);0.43619880221627255
(18.22);0.38403280056092803
(18.23);0.31812613367266723
(18.24);0.35589279797573037
(18.25);0.46831938727380096
(18.26);0.5570986088929226
(18.27);0.45574658356099923
(18.28);0.33695396512015763
(18.29);0.3961441524017601
(18.30);0.47621577307143426
(18.31);0.4803033686831917
(19.20);0.5364536674289284
(19.22);0.4215758623810166
(19.23);0.3490077239329323
(19.24);0.3979403785786843
(19.25);0.543108034870694
(19.26);0.629325210502255
(19.27);0.4345352388799434
(19.28);0.3305053240220397
(19.29);0.435731295935553
(19.30);0.53911290422471
(19.31);0.4367108304678671
(20.21);0.5329681769147039
(20.23);0.3877728486561474
(20.24);0.4067471837592938
(20.25);0.4804415376870246
(20.26);0.4827002569283996
(20.27);0.3729841968100401
(20.28);0.27307476592558194
(20.29);0.38221576768866367
(20.30);0.4561685284037812
(20.31);0.39196358844932766
(21.22);0.5755581469563463
(21.23);0.4494374976941482
(21.24);0.4848685556645408
(21.25);0.5042597538714795
(21.26);0.45597250408417056
(21.27);0.33567678438037046
(21.28);0.2505003886603083
(21.29);0.4045826305943314
(21.30);0.4655534308847403
(21.31);0.3411888872750989
(22.23);0.5202074431453352
(22.24);0.5404385760465118
(22.25);0.45617382656220445
(22.26);0.40543272163227706
(22.27);0.29285418459064083
(22.28);0.21516339877362944
(22.29);0.38502039404769384
(22.30);0.4256176499463318
(22.31);0.29615686218919135
(23.24);0.47741297129157956
(23.25);0.3766107970186896
(23.26);0.33070954283100173
(23.27);0.22657557663513933
(23.28);0.1514809784334558
(23.29);0.3222721053611304
(23.30);0.35016928987445456
(23.31);0.23324122526176597
(24.25);0.45784257669119177
(24.26);0.39885708805143916
(24.27);0.2863881274776097
(24.28);0.22368343499473925
(24.29);0.4225251661366523
(24.30);0.4385229707363619
(24.31);0.2768843313578059
(25.26);0.5847075692739372
(25.27);0.40232552698552604
(25.28);0.3232172133689757
(25.29);0.5098871176373059
(25.30);0.6843408936719263
(25.31);0.38507755703530144
(26.27);0.5010058991790817
(26.28);0.38747987911539755
(26.29);0.5066567748937905
(26.30);0.6797349225602616
(26.31);0.47010497899819814
(27.28);0.5027719798978856
(27.29);0.40589593411995956
(27.30);0.4466466043384302
(27.31);0.578437671793037
(28.29);0.3711730412141106
(28.30);0.36956761505055574
(28.31);0.40461361800292306
(29.30);0.6082280092846931
(29.31);0.35657969102262166
(30.31);0.41015233869683326
