
****Mix criterion 0.5*C(weight)+0.5*C(distance) ******

(0.5);0.4647242984269026
(0.6);0.4185181336260985
(0.7);0.3902981426591508
(0.8);0.4255296840254126
(0.9);0.36593102509864184
(0.10);0.3539828927900845
(0.11);0.4075448472827619
(0.12);0.49571870002104834
(0.13);0.3045703461365113
(0.14);0.3649373646323602
(0.15);0.3126589062686435
(0.16);0.4435256607056977
(0.17);0.5770579330786523
(0.18);0.5318995339951033
(0.19);0.4818542942332811
(0.20);0.42124806006595983
(0.21);0.3690452940430824
(0.22);0.3209021770038428
(0.23);0.25349442615756185
(0.24);0.30400306785821013
(0.25);0.4246176176619984
(0.31);0.9824127216643568
(1.3);0.4047076524674422
(1.4);0.447639715712815
(1.5);0.4694705385629145
(1.6);0.514867230198838
(1.7);0.5509429243286134
(1.8);0.49196838149257605
(1.10);0.4318695185706283
(1.11);0.396742546918438
(1.12);0.48834507838131735
(1.13);0.25867005731520104
(1.14);0.26381720958220656
(1.15);0.1828764376675537
(1.16);0.2522670735897971
(1.17);0.36140620313389676
(1.18);0.3806073305440341
(1.19);0.3419734702403014
(1.20);0.3626715899768293
(1.21);0.30077177334738464
(1.22);0.26253667044101187
(1.23);0.22051329385304558
(1.24);0.21579885231082752
(1.25);0.28549778714162016
(1.26);0.32485295375332157
(1.27);0.3265298403345284
(1.28);0.2235139207905634
(1.29);0.21989960963206684
(1.30);0.2812559650841093
(1.31);0.38393741834766576
(2.3);0.49117762475607973
(2.4);0.5260622787633327
(2.5);0.4972523739317808
(2.6);0.5848666892318819
(2.7);0.44086710154424646
(2.8);0.41596506994487814
(2.9);0.3852285167223005
(2.10);0.3557559801518199
(2.11);0.3359457847624978
(2.12);0.45796461841184766
(2.13);0.3160578382981382
(2.14);0.3087545618859364
(2.15);0.22161025881607904
(2.16);0.27257004547984276
(2.17);0.3788375755242061
(2.18);0.3433528194358906
(2.19);0.3028967314105961
(2.20);0.30916819885294083
(2.21);0.2489477509008051
(2.22);0.20899594351254192
(2.23);0.16303492237125733
(2.24);0.16768091571019766
(2.25);0.24707386529227135
(2.26);0.29456301566339843
(2.27);0.32524403762500764
(2.28);0.23332610533897186
(2.29);0.19211692837144423
(2.30);0.24900303219092454
(2.31);0.37969473031705175
(3.5);0.46382183243679664
(3.6);0.4729644259244722
(3.7);0.33455037002653815
(3.8);0.32870059003379803
(3.9);0.2874402669132098
(3.10);0.26215436487585064
(3.11);0.26348945539651
(3.12);0.39528517119175244
(3.13);0.44369156674535454
(3.14);0.4165707498566486
(3.15);0.3166444327018679
(3.16);0.3341347638121814
(3.17);0.4165975915015736
(3.18);0.3021249003801396
(3.19);0.26298036360815497
(3.20);0.24798114937837043
(3.21);0.19164075751847207
(3.22);0.14917377122062797
(3.23);0.0952436811632193
(3.24);0.11879097309828396
(3.25);0.2121368390080582
(3.26);0.27069561122924446
(3.27);0.3440424779811616
(3.28);0.28100473124666764
(3.29);0.17880940444557283
(3.30);0.22530663588208313
(3.31);0.3795305255183299
(4.5);0.5652427266488502
(4.6);0.551888820249864
(4.7);0.380435172524503
(4.8);0.37964950981071593
(4.9);0.331970813428091
(4.10);0.30693061451165554
(4.11);0.31381011505951883
(4.12);0.4607639723412748
(4.13);0.40670702685713056
(4.14);0.4130921892897863
(4.15);0.3164219014958125
(4.16);0.3630111723473925
(4.17);0.47623251703792424
(4.18);0.35740110279090925
(4.19);0.31599363645049094
(4.20);0.2996810127602742
(4.21);0.2420378166324836
(4.22);0.1986418457002619
(4.23);0.14323886962462654
(4.24);0.16837373293214442
(4.26);0.32477988597242136
(4.27);0.39635102862285226
(4.28);0.315133431961487
(4.29);0.22749382542229912
(4.30);0.27705887097379645
(4.31);0.44193501639750044
(5.6);0.5576870976499024
(5.7);0.41441482254047673
(5.8);0.4187970127219947
(5.9);0.369101571583248
(5.10);0.34598327962288683
(5.11);0.3552778150684528
(5.12);0.5125833254869939
(5.13);0.32900573318272297
(5.14);0.34885769285091633
(5.15);0.2707469985652386
(5.16);0.339324371914103
(5.17);0.45531471825219577
(5.18);0.39398398194859685
(5.19);0.35249232381490436
(5.20);0.3412068964771811
(5.21);0.28378912250137067
(5.22);0.2414556688178053
(5.23);0.18775693035105348
(5.24);0.20955567636409067
(5.25);0.2993388711087793
(5.26);0.35675822108514943
(5.27);0.402950002548054
(5.28);0.30621672066789263
(5.29);0.2560573288452433
(5.30);0.3093282889047647
(5.31);0.45956365278564815
(6.8);0.4173713309169362
(6.9);0.3752028595462582
(6.10);0.3495652161383363
(6.11);0.3463997695934823
(6.12);0.48478975907694644
(6.13);0.3202796969278784
(6.14);0.32804261977480936
(6.15);0.24677380572324134
(6.16);0.30658642814063364
(6.17);0.41348824673115503
(6.18);0.3696140938654591
(6.19);0.32934043447566486
(6.20);0.32663164362445873
(6.21);0.2683586782327457
(6.22);0.2273647050326155
(6.23);0.17733358353141143
(6.24);0.19136856045178968
(6.25);0.2755692329527112
(6.26);0.32706978932742464
(6.27);0.3635082754276265
(6.28);0.2711669022288892
(6.29);0.22685255768971785
(6.30);0.281302816831944
(6.31);0.4166182709127731
(7.8);0.5620935581046218
(7.9);0.5295237798008215
(7.10);0.4807986131583618
(7.11);0.44496234583335376
(7.12);0.46801130931103924
(7.13);0.21271652236563532
(7.14);0.23094555830991392
(7.15);0.1600956260515707
(7.16);0.24350138906723753
(7.17);0.3434028499372955
(7.18);0.410153420763969
(7.19);0.37784327452414945
(7.20);0.40860935672660814
(7.21);0.3479139362588459
(7.22);0.3112627377629158
(7.23);0.27013347506073593
(7.24);0.2638612273789608
(7.25);0.3253198299778589
(7.26);0.35622402398323655
(7.27);0.331256319757219
(7.28);0.22664864185814965
(7.29);0.2553774411144825
(7.30);0.3172416308823038
(7.31);0.38161093207689045
(8.9);0.5188663207368223
(8.10);0.4854394587816947
(8.11);0.48495602292576323
(8.12);0.4912360548692313
(8.13);0.21493568958262113
(8.14);0.24100669068569647
(8.15);0.17477357665757548
(8.16);0.26559953939981623
(8.17);0.3631178488575486
(8.18);0.4539178857326129
(8.19);0.41755843697094364
(8.20);0.447435043618088
(8.21);0.37924353697778235
(8.22);0.3386094404156389
(8.23);0.29137287392633193
(8.24);0.29337614679053003
(8.25);0.36143751005612507
(8.26);0.39638885107884386
(8.27);0.36222014473532915
(8.28);0.25433723074138265
(8.29);0.2910524828869074
(8.30);0.3550865303535909
(8.31);0.41071231561696775
(9.10);0.6024807828594023
(9.11);0.4802811620852218
(9.12);0.4228107082004339
(9.13);0.1715527135605578
(9.14);0.19368319306404358
(9.15);0.12682303714447946
(9.16);0.21686658585867968
(9.17);0.3110221213321838
(9.18);0.40764401155407914
(9.19);0.38594852295187176
(9.20);0.4348532291838766
(9.21);0.378142034296303
(9.22);0.34551858791016826
(9.23);0.30978019746331
(9.24);0.29308155446099304
(9.25);0.3397238557272691
(9.26);0.3579258536833452
(9.27);0.31089220042832677
(9.28);0.2070080117408455
(9.29);0.2636856292845679
(9.30);0.3256552032631372
(9.31);0.3550475137739377
(10.11);0.49921812315037883
(10.12);0.4004385726690048
(10.13);0.14960919338331619
(10.14);0.17456017782849426
(10.15);0.110338410517273
(10.16);0.20427984038299435
(10.17);0.29475358824135167
(10.18);0.40546759716987246
(10.19);0.3912126177750499
(10.20);0.4508203160165504
(10.21);0.398782353443499
(10.22);0.3689692824343637
(10.23);0.3361754508168857
(10.24);0.31336036881812324
(10.25);0.35025952461788007
(10.26);0.36052200193140965
(10.27);0.30154147931039765
(10.28);0.1987550448300981
(10.29);0.2715498796533422
(10.30);0.332927659052327
(10.31);0.3416526770453601
(11.12);0.41733604336569774
(11.13);0.16349371733900234
(11.14);0.19948758073075845
(11.15);0.14354848584133104
(11.16);0.24662090619092544
(11.17);0.32841357684550393
(11.18);0.478833562683363
(11.19);0.4711228214538461
(11.21);0.4661666041405458
(11.22);0.4180276094993029
(11.23);0.3642008382998731
(11.24);0.3655638589720606
(11.25);0.42182419913006763
(11.26);0.4359290853152969
(11.27);0.35434907674585264
(11.28);0.2507012378515865
(11.29);0.3382385737703081
(11.30);0.4058217349862758
(11.31);0.3849666574455869
(12.13);0.27959871455585594
(12.14);0.30783225908311845
(12.15);0.23822471696792472
(12.16);0.3244914721008848
(12.17);0.43635019313823076
(12.18);0.4546284022065345
(12.19);0.40648818616266047
(12.20);0.401639405615596
(12.21);0.33909341210919663
(12.22);0.29561026375614025
(12.23);0.24153915130220646
(12.24);0.2605660615225141
(12.25);0.348064085046461
(12.26);0.4042617992465332
(12.27);0.41650636671841806
(12.28);0.3046054021178766
(12.29);0.29413931742258986
(12.30);0.35427648341924656
(12.31);0.4822311904352514
(13.14);0.4820317022461546
(13.15);0.39695189824776317
(13.16);0.34370477414531525
(13.17);0.35259040480875975
(13.18);0.21759660727410712
(13.19);0.18542886621018195
(13.20);0.15683781293373933
(13.21);0.10814813115622744
(13.22);0.06652860691288572
(13.23);0.008650994083952436
(13.24);0.047281393318514456
(13.25);0.14487683394598025
(13.26);0.20459207078522937
(13.27);0.2983475406956197
(13.28);0.2877944425552677
(13.29);0.13464160950042656
(13.30);0.165983675071608
(13.31);0.3034265903154642
(14.15);0.4651792257725832
(14.16);0.42802325850842615
(14.17);0.40989079137421974
(14.18);0.26422597866624037
(14.19);0.23570527207515002
(14.20);0.19942409721136484
(14.21);0.1551909436314374
(14.22);0.1140608600795964
(14.23);0.053748606344530936
(14.24);0.1008887962028217
(14.25);0.20051530333955972
(14.26);0.2631062290027561
(14.27);0.36768929443043763
(14.28);0.36934782896757684
(14.29);0.20053205924147985
(14.30);0.22684788736004832
(14.31);0.3562333872193447
(15.16);0.42425446619090507
(15.17);0.345909922541292
(15.18);0.2151098413136407
(15.19);0.19372196262042787
(15.20);0.1500100956088837
(15.21);0.1135261305573744
(15.22);0.07473125179639781
(15.23);0.013086103257345586
(15.24);0.07109600688435899
(15.25);0.16900842713458428
(15.26);0.22878824848248125
(15.27);0.332884150178159
(15.28);0.3872501557579971
(15.29);0.18882690179658274
(15.30);0.20088756913703815
(15.31);0.3007956135312657
(16.17);0.4472075759689486
(16.18);0.3256050032894834
(16.19);0.3078654459737402
(16.20);0.25912200327288454
(16.21);0.2261330121867169
(16.22);0.1876638462946573
(16.23);0.1250066629696212
(16.24);0.18589864169665135
(16.25);0.28621465849829475
(16.26);0.35250601714913543
(16.27);0.48007836753094396
(16.28);0.5443103327793983
(16.29);0.3077917714542832
(16.30);0.323287197325704
(16.31);0.41292709836818786
(17.18);0.40310123963349936
(17.19);0.369087615958134
(17.20);0.3313637811058345
(17.21);0.28395884825473483
(17.22);0.24104532680327495
(17.23);0.1798417482292488
(17.24);0.22385795507613906
(17.25);0.32667039924446206
(17.26);0.39996905105625347
(17.27);0.5261947457629015
(17.28);0.41237806046267744
(17.29);0.3107774384252525
(17.30);0.3528762683330158
(17.31);0.5504773675849253
(18.19);0.5829853494032453
(18.20);0.5076370729587567
(18.21);0.4356921704157234
(18.22);0.38367227316082914
(18.23);0.317876252966703
(18.24);0.3555963622947571
(18.25);0.46642283903427667
(18.26);0.5584005436080088
(18.27);0.4550541910029148
(18.28);0.33501919380408296
(18.29);0.3956475086028889
(18.30);0.4770140789590035
(18.31);0.47979007756652864
(19.20);0.5339722450366282
(19.21);0.4785657057016939
(19.22);0.42048995170415715
(19.23);0.3482971451478636
(19.24);0.39702213730672653
(19.25);0.5384690835438196
(19.27);0.43327305335891997
(19.28);0.32823890231128733
(19.29);0.4344605168360217
(19.30);0.5390555396808612
(19.31);0.43564270378322506
(20.21);0.5331115757928987
(20.22);0.45842625631470413
(20.23);0.3878450598715476
(20.24);0.40682916283243875
(20.25);0.47916473430067064
(20.26);0.4842273698977787
(20.27);0.3729305235738851
(20.28);0.271825093661849
(20.29);0.3821596288904331
(20.30);0.45747266118922963
(21.22);0.5757814298515291
(21.23);0.4495489449875093
(21.24);0.4850130713909688
(21.25);0.5027550062134987
(21.26);0.45728204964280716
(21.27);0.33563438465691947
(21.28);0.2493455342138163
(21.29);0.40452374170974725
(21.30);0.46693913098087775
(21.31);0.3413003816832104
(22.23);0.5204032367085405
(22.24);0.5406658530923403
(22.25);0.4551116701776976
(22.26);0.40642361181591913
(22.27);0.29282221378598017
(22.28);0.2141344348780168
(22.29);0.3849727064338336
(22.30);0.426722035676504
(22.31);0.29625208057377983
(23.24);0.47758138878610346
(23.25);0.3759677754703782
(23.26);0.3314146091827255
(23.27);0.22655696884451954
(23.28);0.15062544599317274
(23.29);0.32224589285768007
(23.30);0.35093638412116535
(23.31);0.23332368407368997
(24.25);0.4568024635236346
(24.26);0.3998245050255806
(24.27);0.28636632576414717
(24.28);0.22263668251760776
(24.29);0.4224848329434917
(24.30);0.43971950514949926
(24.31);0.2769812688067054
(25.26);0.5851561463717876
(25.27);0.40146728796602166
(25.28);0.321163496367732
(25.29);0.5083094254473111
(25.31);0.3844749474004315
(26.27);0.5023700353235402
(26.28);0.38632192285779954
(26.29);0.5080619567270215
(26.30);0.6866764736196322
(26.31);0.4716230328499956
(27.28);0.49909979529527587
(27.29);0.4057212581526506
(27.30);0.44767583319341736
(27.31);0.5785231946411351
(28.29);0.3692317376543892
(28.30);0.3684968351719755
(28.31);0.4025352858134779
(29.30);0.6105591569336423
(29.31);0.35660510656991884
(30.31);0.4112417617362638
