
****Importance edges******

(0.5);5.226440709907973
(0.6);4.062684183865442
(0.7);3.5682206075807983
(0.8);4.262148050109291
(0.10);3.0416077585532375
(0.11);3.958834159514408
(0.12);6.393884444737457
(0.13);2.531280024195192
(0.14);3.2690004311111367
(0.15);2.6453887491851367
(0.16);4.871538180121284
(0.17);10.123947956132106
(0.18);8.057947369852632
(0.19);6.112021197402352
(0.20);4.391042558997058
(0.21);3.4851941272122633
(0.22);2.872715978370564
(0.23);2.2782207809798543
(0.24);2.7373476810631567
(0.25);4.664290755239412
(0.31);36.97507002716927
(1.2);10.797425745738336
(1.3);4.175276997753217
(1.4);5.094501180875008
(1.5);4.392128671070634
(1.6);5.859829253990837
(1.7);7.454912310148792
(1.8);5.135863080606902
(1.9);4.378278822847399
(1.10);3.5990276557659615
(1.11);3.008511946010054
(1.12);5.1192239232062375
(1.13);1.6820832976458828
(1.14);1.7277297094980808
(1.15);1.3541313510208615
(1.16);1.6916925740889952
(1.17);2.6309581820203305
(1.18);2.9410724829514336
(1.19);2.459551765060712
(1.20);2.6882009577230743
(1.21);2.115227755457943
(1.22);1.860676122644995
(1.23);1.6418146125035595
(1.24);1.6366883168670556
(1.25);2.08089049780094
(1.26);2.983297406399476
(1.27);3.010769031807979
(1.28);2.1253197535214348
(1.29);2.1027832536100317
(1.30);2.6401550896481267
(1.31);3.181454226615685
(2.3);6.442625691777693
(2.4);7.634931422885674
(2.5);5.308255175844358
(2.6);9.101618209835966
(2.7);3.7909668341027722
(2.8);3.270929368243017
(2.9);2.728978944558284
(2.10);2.430219293699436
(2.11);2.2574770321373694
(2.12);4.2906920083821145
(2.13);2.0922729381408987
(2.14);2.048772988349872
(2.15);1.5203608021249315
(2.16);1.8190347585122777
(2.17);2.8725550449125588
(2.18);2.483530754178114
(2.19);2.099619725683573
(2.20);2.1471384789999326
(2.21);1.76215507864633
(2.22);1.570892899858969
(2.23);1.395909893272759
(2.24);1.4294930210504047
(2.25);1.825575807576645
(2.26);2.676018023691377
(2.27);3.0048064421120015
(2.28);2.1925090451222764
(2.29);1.945837424340443
(2.30);2.3798945971051926
(2.31);3.1321509491461783
(3.4);13.956401812129902
(3.5);4.283262901150369
(3.6);4.545131194085688
(3.7);2.178392751209878
(3.8);2.1211879950048624
(3.9);1.766696883144106
(3.10);1.6624089359248209
(3.11);1.6991670096991556
(3.12);3.0026132322439834
(3.13);3.9634797918946307
(3.14);3.4172878058844893
(3.15);2.133939996141079
(3.16);2.3170800221411123
(3.17);3.4951809349030842
(3.18);2.093331609350377
(3.19);1.8127849001739231
(3.20);1.7211952998771334
(3.21);1.477317437040975
(3.22);1.331275517462798
(3.23);1.1815625999313046
(3.24);1.2629217287739927
(3.25);1.636050811019668
(3.26);2.4652882146839534
(3.27);3.2362752938962664
(3.28);2.5579762400581627
(3.29);1.8768108227844094
(3.30);2.2132114457150505
(3.31);3.1296992892825073
(4.5);8.003124421279901
(4.6);7.370274877423538
(4.7);2.6942023867329454
(4.8);2.679214703753747
(4.9);2.1105427155225573
(4.10);1.9607343834480528
(4.11);2.0495866379368546
(4.12);4.323237944680652
(4.13);3.1947577305293047
(4.14);3.330989080205883
(4.15);2.12552701613408
(4.16);2.6279796802696986
(4.17);4.891784735150234
(4.18);2.6351382779870147
(4.19);2.205327553314933
(4.20);2.0638645863455403
(4.21);1.7194153449026461
(4.22);1.521632702950519
(4.23);1.3246230173937263
(4.24);1.4304129530373324
(4.25);1.9240541366844932
(4.26);2.982466566393519
(4.27);4.036668102849781
(4.28);2.8834785886283325
(4.29);2.150649091130356
(4.30);2.6028311106965933
(4.31);4.28703732397869
(5.6);6.299646488936506
(5.7);1.8893450503980784
(5.8);1.944535240707666
(5.9);1.3589859490821286
(5.10);1.2684231647140392
(5.11);1.3762889047650406
(5.12);4.478123821274702
(5.13);1.2215589668038211
(5.14);1.3730357593579832
(5.15);0.9806944518298981
(5.16);1.3512661330344495
(5.17);2.895799369264346
(5.18);1.9375314980949678
(5.19);1.525849340032671
(5.20);1.4354601308220598
(5.21);1.1503400586369996
(5.22);1.0003631390461682
(5.23);0.8580398184178011
(5.24);0.93545934531136
(5.25);1.3174040759852956
(5.26);2.356873896151434
(5.27);3.002646531196379
(5.28);1.8938104164347218
(5.29);1.5686530319614305
(5.30);2.0146804017364097
(5.31);3.36640369493424
(6.7);2.0620985521928676
(6.8);1.941717359458539
(6.9);1.4261743647909035
(6.10);1.30810572351482
(6.11);1.327491036570186
(6.12);3.5075049483924827
(6.13);1.185454176787557
(6.14);1.250187594623937
(6.15);0.9076580271626009
(6.16);1.1709827773394375
(6.17);2.1411916561509594
(6.18);1.690801052708285
(6.19);1.371826450482876
(6.20);1.3513884816053403
(6.21);1.0944019721411382
(6.22);0.9636670764662306
(6.23);0.8412324505811304
(6.24);0.8938660737365052
(6.25);1.2081278438598737
(6.26);2.072836796374608
(6.27);2.4578779619731104
(6.28);1.6663791263891223
(6.29);1.433192536768634
(6.30);1.8171710748655443
(6.31);2.5103293410127487
(7.8);6.826283602826434
(7.9);5.090247885935373
(7.10);3.4234871614958045
(7.11);2.5934068685619382
(7.12);3.130242508750685
(7.13);0.8042903797241375
(7.14);0.8687318963298729
(7.15);0.7105217526784863
(7.16);0.9385516129750999
(7.17);1.45660615503102
(7.18);2.2249819378832894
(7.19);1.8193796192560072
(7.20);2.1825452998861787
(7.21);1.5927602957115066
(7.22);1.3621279174972956
(7.23);1.171734165628511
(7.24);1.1657110329541327
(7.26);2.4046826974962703
(7.27);2.154231183816498
(7.28);1.456996624752738
(7.29);1.6029115915083838
(7.30);2.127960762813824
(7.31);2.077504234821725
(8.9);4.587427118478801
(8.10);3.5424314777585884
(8.11);3.5954284622160317
(8.12);3.795662026086435
(8.13);0.8096639377704619
(8.14);0.8989933096524461
(8.15);0.7404089271079525
(8.16);1.0170913667452273
(8.17);1.613843718384749
(8.18);3.037511831500115
(8.19);2.3320741510375114
(8.20);2.8474497210197898
(8.21);1.8842152974187094
(8.22);1.544685218867622
(8.23);1.2731831646756417
(8.24);1.3072919277922668
(8.25);1.8231424458360654
(8.26);2.9378243094858267
(8.27);2.4811757229188744
(8.28);1.5961091864991555
(8.29);1.8245065372156979
(8.30);2.5128946761588216
(8.31);2.467178122390363
(9.10);8.902674438089317
(9.11);3.3736109874551787
(9.12);2.129728022421362
(9.13);0.6895622749931782
(9.14);0.7490253784172882
(9.15);0.6325397562847042
(9.16);0.8344777549317063
(9.17);1.2155384183508944
(9.18);2.132501387355673
(9.19);1.8602144584641092
(9.20);2.5422432491563574
(9.21);1.829858726677035
(9.22);1.562170804894644
(9.23);1.345205896966548
(9.24);1.2767594608288235
(9.25);1.5976027464987155
(9.26);2.383590505526119
(9.27);1.9430336813312137
(9.28);1.348016081642274
(9.29);1.6227884389234766
(9.30);2.1699255002954643
(9.31);1.7602620744999822
(10.11);4.126193411768159
(10.12);1.9190399443130328
(10.13);0.6858817019820036
(10.14);0.7474761618483862
(10.15);0.6406953611005193
(10.16);0.8448323146767339
(10.17);1.1912372742741792
(10.18);2.196261444974428
(10.19);2.0086265806443593
(10.20);2.9712776088083195
(10.21);2.160602802738212
(10.22);1.8456566148050386
(10.23);1.586543024862422
(10.24);1.4537812180056513
(10.25);1.755318743470643
(10.26);2.4854681631944113
(10.27);1.929710990499874
(10.28);1.358180537499964
(10.29);1.722516998446499
(10.30);2.3043117462658618
(10.31);1.7150021621401366
(11.12);2.2051526001115507
(11.13);0.7345736480089936
(11.14);0.829494588577598
(11.15);0.7182105074180377
(11.16);1.0009264141775331
(11.17);1.4212805985583454
(11.18);3.8160894148734346
(11.19);3.5918143562418687
(11.21);3.5103310310867797
(11.22);2.5308222767622435
(11.23);1.8700649722194245
(11.24);1.9142009885868092
(11.25);2.710123593158061
(11.26);3.76246176823667
(11.27);2.462095286696571
(11.28);1.6289588484632147
(11.29);2.28808396051927
(11.30);3.3355743104998057
(11.31);2.197408242683245
(12.13);1.0813230418670896
(12.14);1.2357115695004899
(12.15);0.9565055663919689
(12.16);1.3739646177026328
(12.17);2.6844363786532504
(12.18);3.1650989609501634
(12.19);2.260939972488796
(12.20);2.1750722438110346
(12.21);1.5939591393888717
(12.22);1.3336746827854387
(12.23);1.106373318451975
(12.24);1.2048646356651336
(12.25);1.7750533787549885
(12.26);3.1494754803071237
(12.27);3.3894419635271147
(12.28);1.9862395057643978
(12.29);1.9063150248816065
(12.30);2.5749216610587764
(12.31);4.180801694773099
(13.14);3.7309866343877776
(13.15);2.0307117911634895
(13.16);1.5283759568230721
(13.17);1.6231350288081563
(13.18);0.9674335852030216
(13.19);0.8759165217599748
(13.20);0.8087531893405866
(13.21);0.7366344414379608
(13.22);0.6808915600174382
(13.23);0.6144615876590402
(13.24);0.6770500558024211
(13.25);0.8641594102334793
(13.26);1.417222916925438
(13.27);1.954322979236666
(13.28);1.876668758123846
(13.29);1.1719380832824835
(13.30);1.3334484391141623
(13.31);1.49305397792501
(14.15);3.3255619266375978
(14.16);2.555954813471991
(14.17);2.292292052193371
(14.18);1.1533279508310124
(14.19);1.0416876855714048
(14.20);0.9272584493776569
(14.21);0.8424218011122554
(14.22);0.7708058886709593
(14.23);0.6831035589422396
(14.24);0.7735137396425849
(14.25);1.024668574051612
(14.26);1.7271234472202723
(14.27);2.665548629691538
(14.28);2.6870879083177903
(14.29);1.4151446980849203
(14.30);1.6066123333961648
(14.31);1.9254553979448357
(15.16);2.519789414861998
(15.17);1.6113158449760634
(15.18);0.9868978211036726
(15.19);0.9234518594810845
(15.20);0.8167056542144547
(15.21);0.767164988199467
(15.22);0.7125156760449627
(15.23);0.6366787793913614
(15.24);0.7318874828710201
(15.25);0.9465577241344749
(15.26);1.554997020355512
(15.27);2.291900418207986
(15.28);2.9618876151102786
(15.29);1.3807512877052117
(15.30);1.4976420329925473
(15.31);1.511918070485485
(16.17);3.030578680358545
(16.18);1.5293570115124306
(16.19);1.412831628613044
(16.20);1.163578514390067
(16.21);1.070222517687699
(16.22);0.965271221027778
(16.23);0.8280420861123889
(16.24);0.9933353778564195
(16.25);1.4148886175336268
(16.26);2.513793903980617
(16.27);5.079823101260004
(16.28);7.555174328120649
(16.29);2.0831822894604493
(16.30);2.3197323515686787
(16.31);2.6996228971967215
(17.18);2.346991693759071
(17.19);1.9269774175065817
(17.20);1.5883514553280094
(17.21);1.3362220712712607
(17.22);1.1595451624507143
(17.23);0.9727490301543733
(17.24);1.1315394506914807
(17.25);1.7006566128111398
(17.26);3.1978594124272033
(17.27);6.795224568838712
(17.28);3.4363485680022334
(17.29);2.127691304757738
(17.30);2.6614192957397225
(17.31);7.030906705223329
(18.20);4.958717815683528
(18.21);3.040282111745235
(18.22);2.233646453653856
(18.23);1.6337399240120045
(18.24);1.9799783155243416
(18.25);3.9468122436268187
(18.26);8.239331254467665
(18.27);4.467774995282974
(18.28);2.402761846398627
(18.29);3.2046744585150067
(18.30);5.288202266889021
(18.31);4.358845574786329
(19.20);6.017556739725054
(19.21);4.1202799297057995
(19.22);2.7852005122560124
(19.23);1.8816618698438161
(19.24);2.477629792051211
(19.25);6.639216996666375
(19.26);11.982106069593673
(19.27);3.934666368506255
(19.28);2.334016736017233
(19.29);3.9614555082776444
(19.30);7.701587480229305
(19.31);3.2255703144889636
(20.21);5.99869580016948
(20.22);3.5445484850343596
(20.23);2.30389904263266
(20.24);2.605019063026735
(20.25);4.246692106599554
(20.26);5.20347750839498
(20.27);2.844741785590617
(20.28);1.8713669353780702
(20.29);2.9754193441630097
(20.31);2.4591699091382746
(21.22);8.288568753586741
(21.23);3.4706960475276256
(21.24);4.48504985154565
(21.25);5.165794766783306
(21.26);4.533782672004093
(21.27);2.4510282869612237
(21.28);1.7676624724418835
(21.29);3.404227908946866
(21.30);5.016730840189941
(21.31);1.9467488160133177
(22.23);5.7634066050846355
(22.24);6.674628341648805
(22.25);3.73150356746849
(22.26);3.449171030299173
(22.27);2.0838734124350933
(22.28);1.5976116525603017
(22.29);3.1083030809075076
(22.30);4.017939952044
(22.31);1.6228067286817776
(23.24);4.332269020568225
(23.25);2.3379796226969716
(23.26);2.448213557151568
(23.27);1.6780691315875391
(23.28);1.3527347921428345
(23.29);2.363869725339424
(23.30);2.7825406459506277
(23.31);1.3093255656269132
(24.25);3.8496493748572957
(24.26);3.394252908292403
(24.27);2.077950515824166
(24.28);1.6763413867730097
(24.29);3.8442106707288297
(24.30);4.383361950839595
(24.31);1.548190826307116
(25.26);9.762861044486387
(25.27);3.4748084707628197
(25.28);2.400378756172331
(25.29);6.387705594202012
(25.31);2.542135270839243
(26.27);6.884389143375963
(26.28);3.875538492005612
(26.29);7.0915345190885795
(26.30);16.439024455919462
(26.31);5.105952972680379
(27.28);6.825901517869419
(27.29);4.25593917209571
(27.30);5.37971928606043
(27.31);9.507921933787648
(28.29);3.6085187290232197
(28.30);3.7117615519188694
(28.31);3.5226131415118513
(29.30);12.184773002563016
(29.31);2.825549487421792
(30.31);3.822002047138654

****Importance nodes******

0; 0.05238095238095238
1; 0.03666666666666667
2; 0.03666666666666667
3; 0.03666666666666667
4; 0.03666666666666667
5; 0.012419354838709682
6; 0.012819979188345477
7; 0.013674644467568508
8; 0.013674644467568508
9; 0.012840255686041328
10; 0.014529963827362375
11; 0.015498628082519866
12; 0.015498628082519868
13; 0.015998583827117285
14; 0.01651466717637913
15; 0.017047398375617168
16; 0.017597314452249976
17; 0.018164969757161267
18; 0.019375967740972014
19; 0.019375967740972014
20; 0.019491262942857596
21; 0.020629749375934255
22; 0.021295225162254714
23; 0.02198216790942422
24; 0.022691270100050807
25; 0.023212423601667004
26; 0.03666666666666667
27; 0.03666666666666667
28; 0.03666666666666667
29; 0.03666666666666667
30; 0.03928571428571429
31; 0.024172034413009445
