
****Importance edges******

(0.5);5.024604684957414
(0.6);3.9085762850328227
(0.7);3.388452532510699
(0.8);4.075156005648934
(0.9);3.0219031227573416
(0.10);2.9107783582042783
(0.11);3.791374359770293
(0.12);6.12342133222504
(0.13);2.425117615986188
(0.14);3.1330950117301666
(0.15);2.5363942683712994
(0.16);4.6368163331137815
(0.17);9.71216249552289
(0.18);7.665935573225452
(0.19);5.815388963455268
(0.20);4.296826249183316
(0.21);3.3490392846392045
(0.22);2.7616616746802074
(0.23);2.191091503846374
(0.24);2.6338070185037994
(0.25);4.440324676839979
(0.31);35.64977158079738
(1.3);4.343796413464236
(1.4);5.393106227516136
(1.5);4.62706967492472
(1.6);6.174204198969121
(1.7);7.721506882691126
(1.8);5.363381265393768
(1.10);3.7572053809207766
(1.11);3.13866926409488
(1.12);5.340697019699629
(1.13);1.7542754127221334
(1.14);1.8012777949186756
(1.15);1.4112972458673712
(1.16);1.746450034752595
(1.17);2.739338185473682
(1.18);3.0269937805130662
(1.19);2.5317726552621003
(1.20);2.859859113792716
(1.21);2.199246699751562
(1.22);1.9338666905943498
(1.23);1.7057578519698442
(1.24);1.6997905108004199
(1.25);2.1329612673220937
(1.26);3.1037070309798747
(1.27);3.080998528402585
(1.28);2.2111003240692693
(1.29);2.151832984023898
(1.30);2.652000747586793
(1.31);3.3061351123853377
(2.3);6.585067650431507
(2.4);7.943086829837298
(2.5);5.447455670629579
(2.6);9.343738904864663
(2.7);3.8257409679012278
(2.8);3.3288636095315325
(2.9);2.80335152229215
(2.10);2.4734924800003206
(2.11);2.2972191279240857
(2.12);4.366228144679798
(2.13);2.128895000664373
(2.14);2.084423779816181
(2.15);1.5466590429820237
(2.16);1.8330457393385562
(2.17);2.920766451921995
(2.18);2.4967706839493675
(2.19);2.1111261734164426
(2.20);2.2330712511440916
(2.21);1.7909846934499143
(2.22);1.5964090954465187
(2.23);1.4184186752894357
(2.24);1.4523728576430892
(2.25);1.8304506877785245
(2.26);2.7351829149831337
(2.27);3.020053272321729
(2.28);2.2409838902699613
(2.29);1.955710889868492
(2.30);2.348632667917602
(2.31);3.185991034013277
(3.5);4.395584614290407
(3.6);4.666040498160802
(3.7);2.198374915209497
(3.8);2.158758178670102
(3.9);1.8148444885097752
(3.10);1.6920102693431813
(3.11);1.729080252268519
(3.12);3.055473190944569
(3.13);4.032854490626942
(3.14);3.4767521856087025
(3.15);2.1708515423442347
(3.16);2.33492715981193
(3.17);3.553842157399994
(3.18);2.104491351765129
(3.19);1.8227194204347268
(3.20);1.790080974912322
(3.21);1.501486985549286
(3.22);1.352899580113757
(3.23);1.2006150725365081
(3.24);1.2831354985218626
(3.25);1.6404195979387364
(3.26);2.5197940169368938
(3.27);3.2526966311333134
(3.28);2.614531309878347
(3.29);1.886334037175104
(3.30);2.18413904075339
(3.31);3.1834972313610663
(4.5);8.431222554626782
(4.6);7.765683968479702
(4.7);2.790549560750781
(4.8);2.7979036283775507
(4.9);2.22512206007591
(4.10);2.0469089100343556
(4.11);2.138257949456874
(4.12);4.510274282385228
(4.13);3.3318712242818984
(4.14);3.4727866473017346
(4.15);2.215258085284893
(4.16);2.7130433000852556
(4.17);5.093297495828745
(4.18);2.7121219298389945
(4.19);2.2700835472112937
(4.20);2.195655027179839
(4.21);1.7877122276890076
(4.22);1.5814868389733678
(4.23);1.3762126951555789
(4.24);1.4855622411682194
(4.26);3.102842657229347
(4.27);4.130827822771041
(4.28);2.999859400543892
(4.29);2.200815344810411
(4.30);2.6145093060913718
(4.31);4.455045905214768
(5.6);6.544823582739621
(5.7);1.8985860706932092
(5.8);1.9860797473612004
(5.9);1.4135969627848293
(5.10);1.2956031946848652
(5.11);1.4050888117455975
(5.12);4.571832016591545
(5.13);1.2468206266086634
(5.14);1.4010936295409304
(5.15);1.0004957288596321
(5.17);2.95129446647421
(5.18);1.9353756419842538
(5.19);1.5245527212687644
(5.20);1.5215323633714728
(5.21);1.1713372927441745
(5.22);1.0183837042640298
(5.23);0.873293166368328
(5.24);0.9518691719596132
(5.25);1.3109615825672656
(5.26);2.4186791413068662
(5.27);3.0049684420502847
(5.28);1.9434725630844798
(5.29);1.5698660526959993
(5.30);1.9627852466104494
(5.31);3.4318744853873877
(6.8);1.9847171817480402
(6.9);1.4842156227592596
(6.10);1.3371239164959179
(6.11);1.356247431785958
(6.12);3.583485271979337
(6.13);1.2108311212708083
(6.14);1.2766322561884713
(6.15);0.926627341350089
(6.16);1.17533513331041
(6.17);2.18371539761887
(6.18);1.6904786221041719
(6.19);1.3719210308338405
(6.20);1.43263782974152
(6.21);1.1150955283832156
(6.22);0.9816486503602441
(6.23);0.8567216118256733
(6.24);0.9101053434888973
(6.25);1.2032657647769123
(6.26);2.1279782749829845
(6.27);2.461215421549144
(6.28);1.7107080427379353
(6.29);1.4351386147392013
(6.30);1.7717430348723442
(6.31);2.5606063702530135
(7.8);6.759407962501577
(7.9);5.126653156231716
(7.10);3.393390719228881
(7.11);2.571963076038475
(7.12);3.1043598477153203
(7.13);0.797846237904254
(7.14);0.8619936012702306
(7.15);0.7051917740409199
(7.16);0.9162940250182473
(7.17);1.445658195518094
(7.18);2.1670321652890077
(7.19);1.7724539519504388
(7.20);2.2541418294141837
(7.21);1.582444460898324
(7.22);1.3536329273723178
(7.23);1.1647060226708559
(7.24);1.1589949774750299
(7.25);1.485268906313068
(7.26);2.4267405949997065
(7.27);2.1205333968355355
(7.28);1.4703614991476468
(7.29);1.5778378790091194
(7.30);2.0412810159728028
(7.31);2.0712581671117074
(8.9);4.69460815433003
(8.10);3.56527911274234
(8.11);3.618677345206327
(8.12);3.8202056662234987
(8.13);0.8149059804605638
(8.14);0.9048209736476069
(8.15);0.7452145499921929
(8.16);1.0069521084743234
(8.17);1.6235022574626534
(8.18);2.997906150654983
(8.19);2.302256416868621
(8.20);2.9777636178263562
(8.21);1.89562258950322
(8.22);1.55403954979682
(8.23);1.2808954566665458
(8.24);1.315213001920332
(8.25);1.7949794032685185
(8.26);2.989858640786733
(8.27);2.463550347589375
(8.28);1.624379248100372
(8.29);1.8115459023793548
(8.30);2.4309315255244988
(8.31);2.4877827113784625
(9.10);9.110677277911453
(9.11);3.4505392481817396
(9.12);2.1782920901798324
(9.13);0.7050967830236435
(9.14);0.7656943037181028
(9.15);0.6464438156619652
(9.16);0.8384756296225557
(9.17);1.2409476171372533
(9.18);2.1342638898584485
(9.19);1.8622346025022705
(9.20);2.697570766220548
(9.21);1.866229126031254
(9.22);1.5928023703391736
(9.23);1.3712258024064947
(9.24);1.3011190849815417
(9.25);1.5926288220420284
(9.26);2.4485502482575305
(9.27);1.9469569723736675
(9.28);1.3847534229172425
(9.29);1.6260651043808987
(9.30);2.1170639498473287
(9.31);1.7970557213863547
(10.11);4.154860323040379
(10.12);1.9323725592250163
(10.13);0.6906468954501234
(10.14);0.7526692855513841
(10.15);0.6451466204663086
(10.16);0.8371600050868693
(10.17);1.19890819548438
(10.18);2.1696415550217023
(10.19);1.984776149174962
(10.20);3.1055851430429935
(10.21);2.1745931982047515
(10.22);1.8575962568625435
(10.23);1.5967967032440327
(10.24);1.4631679971644136
(10.25);1.7297473002819974
(10.26);2.5297251268148027
(10.27);1.9169852648326453
(10.28);1.3823646922311215
(10.29);1.7111576400310247
(10.30);2.2312021787726253
(10.31);1.7298939729757201
(11.12);2.2204729953573987
(11.13);0.7396771309262813
(11.14);0.8352575389288153
(11.15);0.7232003066921597
(11.16);0.9923061198890476
(11.17);1.4304536531617875
(11.18);3.771857433510363
(11.19);3.5510428838802053
(11.21);3.5331056778767165
(11.22);2.547226170109779
(11.23);1.882174449089662
(11.24);1.9265844343195724
(11.25);2.6721016553912555
(11.26);3.8286985953930226
(11.27);2.446477818965232
(11.28);1.6576361008412597
(11.29);2.2735702747114606
(11.30);3.2320265270884447
(11.31);2.216395780465667
(12.13);1.0888355815384974
(12.14);1.244296730297823
(12.15);0.963150931130553
(12.16);1.3621316006308481
(12.17);2.701761938085941
(12.18);3.1284125568770897
(12.19);2.2352755470878805
(12.20);2.2710862578147113
(12.21);1.6043005733094027
(12.22);1.342319089568798
(12.23);1.1135375626406365
(12.24);1.2126592068308817
(12.25);1.7501500978602842
(12.26);3.204920897662166
(12.27);3.3679421861713594
(12.28);2.0212065595016893
(12.29);1.8942229610416241
(12.30);2.494987171330504
(12.31);4.216927494521344
(13.14);3.7569078290900864
(13.15);2.0448202511718594
(13.16);1.515567001056651
(13.17);1.6336225889243712
(13.18);0.9564736165850953
(13.19);0.8662003309176136
(13.20);0.8440301349940378
(13.21);0.7414182673967059
(13.22);0.6853091105687447
(13.23);0.6184443099713359
(13.24);0.6814342467864394
(13.25);0.8522667371869562
(13.26);1.4420292532916013
(13.27);1.942172969752833
(13.28);1.9095169966796293
(13.29);1.164652154100036
(13.30);1.2925117075263126
(13.31);1.5059238100586188
(14.15);3.3486664152467096
(14.16);2.535126698011122
(14.17);2.307119822778046
(14.18);1.1405650998468118
(14.19);1.0304028808730297
(14.20);0.9672170802778848
(14.21);0.8478979342989524
(14.22);0.7758116296626236
(14.23);0.687535460702525
(14.24);0.7785273816531108
(14.25);1.0108426233802466
(14.26);1.7571772004684616
(14.27);2.6493174642997372
(14.28);2.733846046586801
(14.29);1.406527542354918
(14.30);1.5578489067617134
(14.31);1.942011603655926
(15.16);2.4998409428782202
(15.17);1.621750374538138
(15.18);0.976236720966915
(15.19);0.9136880816724378
(15.20);0.8514697937160125
(15.21);0.772156766704809
(15.22);0.7171473590504124
(15.23);0.6408134767404142
(15.24);0.736635889435743
(15.25);0.9340417529421637
(15.26);1.5818943766384517
(15.27);2.2782408237686202
(15.28);3.013120476273854
(15.29);1.372522089585674
(15.30);1.452714306801412
(15.31);1.5248861751641316
(16.17);3.006586431822538
(16.18);1.4919386133649402
(16.19);1.378583659901696
(16.20);1.1963371577948874
(16.21);1.0627757242922935
(16.22);0.9587710739067069
(16.23);0.8226510975483022
(16.24);0.987089460635975
(16.25);1.3787105081322684
(16.26);2.533156215791906
(16.27);5.002004310970912
(16.29);2.051269617998078
(16.30);2.2299705318332683
(16.31);2.6894370659160014
(17.18);2.3218396263320424
(17.19);1.906755617010944
(17.20);1.6535819583146214
(17.21);1.3443613790051647
(17.22);1.1666092838314912
(17.23);0.9786760009067382
(17.24);1.1384349064568426
(17.25);1.6784131980378971
(17.26);3.251530551632885
(17.27);6.7544544091537135
(17.28);3.494022379938984
(17.29);2.1149255288254523
(17.30);2.5827226825938
(17.31);7.088151374045504
(18.19);8.498163199556913
(18.20);5.076726629918991
(18.21);3.0110094115404116
(18.22);2.212716658733205
(18.23);1.6188523471609135
(18.24);1.962444760497352
(18.25);3.8390623492759084
(18.26);8.283255883541704
(18.27);4.392002072707936
(18.28);2.415571189729627
(18.29);3.150323567997997
(18.30);5.079034965002677
(18.31);4.331140459317337
(19.20);6.162058301848127
(19.21);4.08146965858591
(19.22);2.759674985780148
(19.23);1.864895412136198
(19.24);2.4561816638039202
(19.25);6.459266313758123
(19.27);3.868521805071075
(19.28);2.3468077387174393
(19.29);3.8948606001908406
(19.30);7.398059659145832
(19.31);3.2056875486891943
(20.21);6.232477217049877
(20.22);3.680788140816432
(20.23);2.3912202613720224
(20.24);2.702362418419916
(20.25);4.324866296303168
(20.26);5.411731075391008
(20.27);2.895312169418383
(20.28);1.9462627793251528
(20.29);3.028312755805868
(20.30);4.621541472676385
(21.22);8.339481830561441
(21.23);3.4920150255414235
(21.24);4.5125995643025485
(21.25);5.104046523278666
(21.26);4.607957306019533
(21.27);2.437687925771141
(21.28);1.7965821905761112
(21.29);3.3856995100212806
(21.30);4.875925728461504
(21.31);1.9624712963116877
(22.23);5.798808708010331
(22.24);6.715627683831836
(22.25);3.687909448924626
(22.26);3.5051963154296395
(22.27);2.0728085722218004
(22.28);1.623561843947211
(22.29);3.0917987785254657
(22.30);3.9066779105473013
(22.31);1.6358670338535422
(23.24);4.3588802670544
(23.25);2.311299105439992
(23.26);2.4876905359693047
(23.27);1.6693841035022645
(23.28);1.3745473838505489
(23.29);2.3516352621888617
(23.30);2.706543991318801
(23.31);1.3198258510761665
(24.25);3.8067619293959645
(24.26);3.4485798275234663
(24.27);2.0674768165486155
(24.28);1.703172169741602
(24.29);3.8248343158972484
(24.30);4.2653215215138625
(24.31);1.5605627469477579
(25.26);9.788931053642917
(25.27);3.411593148908523
(25.28);2.4067885468952968
(25.29);6.271497501455155
(25.31);2.519835157973567
(26.27);6.919321547305771
(26.28);3.961223943877208
(26.29);7.1275180091475825
(26.30);16.223083960454186
(26.31);5.193721712386704
(27.28);6.860537146977737
(27.29);4.205033850324058
(27.30);5.220567919375907
(27.31);9.47612530213243
(28.29);3.6268288842461853
(28.30);3.6630044233727346
(28.31);3.583165073258517
(29.30);11.824303771180746
(29.31);2.8161002137633844
(30.31);3.7272459650658787

****Importance nodes******

0; 0.05
1; 0.03928571428571429
2; 0.03793103448275863
3; 0.03793103448275863
4; 0.03928571428571429
5; 0.013051997810618504
6; 0.013487064404305787
7; 0.013487064404305787
8; 0.01392213099799307
9; 0.013540749255002132
10; 0.014808030360992918
11; 0.015795232385059112
12; 0.015795232385059112
13; 0.016304756010383597
14; 0.016830715881686293
15; 0.017373642200450366
16; 0.01741287993520809
17; 0.018495788075794186
18; 0.0190924264008198
19; 0.019100887011449172
20; 0.02118149308457323
21; 0.021007742739427612
22; 0.02168541186005431
23; 0.022384941274894772
24; 0.023107036154730087
25; 0.02283477269596172
26; 0.03793103448275863
27; 0.03666666666666667
28; 0.03793103448275863
29; 0.03666666666666667
30; 0.03793103448275863
31; 0.024702614552091707
