
****Importance edges******

(0.5);5.013080092023879
(0.6);3.897748261290966
(0.7);3.4013126547517047
(0.8);4.090211748031762
(0.9);3.0723959991992604
(0.10);2.9221372370940384
(0.11);3.7763331561559417
(0.12);6.1445958864269485
(0.13);2.433248106623664
(0.14);3.1432636577198383
(0.15);2.5443504338931286
(0.16);4.6868070183384
(0.17);9.742857046798232
(0.18);7.689334954277571
(0.19);5.883772488238938
(0.20);4.258299456315421
(0.21);3.357794726309488
(0.22);2.7685600165242503
(0.23);2.196306317555108
(0.24);2.6397612205438388
(0.25);4.512000019731213
(0.31);35.683091163489166
(1.3);4.300827812510456
(1.4);5.247693118651773
(1.5);4.486209499416295
(1.6);5.984137246954588
(1.7);7.544796767006507
(1.8);5.241158751230767
(1.9);4.582157168850337
(1.10);3.6741500158466565
(1.11);3.041245485304171
(1.12);5.222292056089851
(1.13);1.715574223542766
(1.14);1.7617390764688006
(1.15);1.3804769673004236
(1.16);1.7242142990091456
(1.17);2.680921166660762
(1.18);2.9628128851497544
(1.19);2.5041891699559877
(1.20);2.7611562220778505
(1.21);2.15317630731557
(1.22);1.8935973028965953
(1.23);1.6704536335741706
(1.24);1.664826122131101
(1.25);2.1235880232684794
(1.26);3.0217885721710416
(1.27);3.0496146425924167
(1.28);2.1527411010461215
(1.29);2.129913830207173
(1.30);2.5820045102378075
(1.31);3.2348924829610386
(2.3);6.636355809615115
(2.4);7.864514241289043
(2.5);5.421959732658227
(2.6);9.294696172238453
(2.7);3.836674815722497
(2.8);3.3379900931858133
(2.9);2.8560562130479017
(2.10);2.480945163661524
(2.11);2.2820390795758176
(2.12);4.377078855434824
(2.13);2.133930897663711
(2.14);2.0891019078663
(2.15);1.5499405340091936
(2.16);1.854004556773871
(2.17);2.927106053958833
(2.18);2.5018890087878574
(2.19);2.1377248703496914
(2.20);2.2054098128046915
(2.21);1.7937692786825405
(2.22);1.598686908543673
(2.23);1.420259471198096
(2.24);1.4540687425473493
(2.25);1.8630345636329113
(2.26);2.7105446026159754
(2.27);3.043575122239803
(2.28);2.220797283810926
(2.29);1.9709430509883732
(2.30);2.327476369744314
(2.31);3.1847610681076777
(3.5);4.375011789204742
(3.6);4.641549726436088
(3.7);2.204657801839478
(3.8);2.1646766762543117
(3.9);1.8489646538818583
(3.10);1.6971083310477884
(3.11);1.7176544716329591
(3.12);3.063066485366225
(3.13);4.0423942001108655
(3.14);3.4845551535465566
(3.15);2.175457360213301
(3.16);2.3616244271070252
(3.17);3.5615558672602354
(3.18);2.1088055126239422
(3.19);1.845684396222996
(3.20);1.7679069334505007
(3.21);1.503821465850671
(3.22);1.354829945200944
(3.23);1.2021732072057025
(3.24);1.2846337708908429
(3.25);1.6696207279583646
(3.26);2.4970959108065505
(3.27);3.278030436562422
(3.28);2.59097981767151
(3.29);1.901025852887241
(3.30);2.164464488223612
(3.31);3.182268228198991
(4.5);8.174553956089921
(4.6);7.526624838811868
(4.7);2.7266865942086764
(4.8);2.734144070940796
(4.9);2.2088219652962042
(4.10);2.0016607136861673
(4.11);2.071886773669598
(4.12);4.410280056855099
(4.13);3.2583665866194838
(4.14);3.396557687020598
(4.15);2.166880699524317
(4.16);2.678500935470869
(4.17);4.9846817516276785
(4.18);2.6546172151243064
(4.19);2.245351146362423
(4.20);2.1198759444461017
(4.21);1.7502627665159805
(4.22);1.5485551446806542
(4.23);1.347729101489243
(4.24);1.4550044899261496
(4.25);1.9635335569561647
(4.26);3.0209470124827855
(4.27);4.088750091316061
(4.28);2.920681869841788
(4.29);2.1783972433948913
(4.30);2.5455026083719874
(4.31);4.359045840576011
(5.6);6.273711015057832
(5.7);1.8497588912887442
(5.8);1.9354736120540659
(5.9);1.420944711622048
(5.10);1.264419003878038
(5.11);1.3473943941175535
(5.12);4.461533917600786
(5.13);1.2170406128462232
(5.14);1.3679650658155798
(5.15);0.9770783477166745
(5.16);1.3462913732806647
(5.17);2.8851548427459615
(5.18);1.892472276988475
(5.19);1.5192937541857694
(5.20);1.4521209929414607
(5.21);1.1459625853142608
(5.22);0.9965600879133251
(5.23);0.8547809842755664
(5.24);0.9319098766070153
(5.25);1.320175274372678
(5.26);2.346909022393496
(5.27);2.989951327744068
(5.28);1.8858033772155016
(5.29);1.562020759670992
(5.30);1.9045429902710962
(5.31);3.354277808676247
(6.7);2.019417748362726
(6.8);1.932684807320428
(6.9);1.490089539276463
(6.10);1.3039578946254975
(6.11);1.299937974441367
(6.12);3.494490393205968
(6.13);1.1810624780789782
(6.14);1.2455633478872534
(6.15);0.9043059981526674
(6.16);1.1666650251284914
(6.17);2.13330874262582
(6.18);1.6518824625495747
(6.19);1.3659356631974964
(6.20);1.3668100938949823
(6.21);1.0902332798096925
(6.22);0.959999963522054
(6.23);0.8380343619078338
(6.24);0.8904711715220028
(6.25);1.2105856195348759
(6.26);2.064074696000079
(6.27);2.447488251867221
(6.28);1.6593351655751412
(6.29);1.4271342803322582
(6.30);1.7185372656699858
(6.31);2.501273060325092
(7.8);6.684994879728636
(7.9);5.2260070945436405
(7.10);3.3592109920372173
(7.11);2.501790504253498
(7.12);3.0714542020810094
(7.13);0.7893939793746821
(7.14);0.8528669087098903
(7.15);0.6977294665228604
(7.16);0.9218953165779542
(7.17);1.4311292876240989
(7.18);2.145281173431524
(7.19);1.7873925242012323
(7.20);2.177669365347705
(7.21);1.5662842254300153
(7.22);1.339822698909529
(7.23);1.1528346835992183
(7.24);1.1471930959736394
(7.25);1.5113492832802904
(7.26);2.3735379755370722
(7.27);2.1263302340048424
(7.28);1.438126045769215
(7.29);1.5821511660706813
(7.30);1.9965290151479624
(7.31);2.0458710998762317
(8.9);4.783329045070348
(8.10);3.5293174951965427
(8.11);3.5208087831734596
(8.12);3.7796893113668437
(8.13);0.8062681263670537
(8.14);0.8952354414624362
(8.15);0.7373243010631423
(8.16);1.012868213571258
(8.17);1.607165121109467
(8.18);2.967777104610253
(8.19);2.3210707112359397
(8.20);2.8775878094417413
(8.21);1.8762453083041188
(8.22);1.5381693908924596
(8.23);1.2678273208848225
(8.24);1.3018076110377308
(8.25);1.8258911411882075
(8.26);2.9245843146076402
(8.27);2.4699937220901464
(8.28);1.5889159457781084
(8.29);1.8162839702194495
(8.30);2.3778596460879604
(8.31);2.457325344219794
(9.10);9.282855099099434
(9.11);3.45310584237662
(9.12);2.2161881384195943
(9.13);0.7170306413165096
(9.14);0.7782934342232305
(9.15);0.6567775536338746
(9.16);0.865824879292511
(9.17);1.2602889884974602
(9.18);2.166555396702423
(9.19);1.924728521163612
(9.20);2.6699603243342143
(9.21);1.8915353964702606
(9.22);1.6136881891212798
(9.23);1.3885970554637566
(9.24);1.3170287234918219
(9.25);1.6564879410668165
(9.26);2.4339691066924076
(9.27);1.9841008523312276
(9.28);1.3765072022375915
(9.29);1.6570870365023187
(9.30);2.104456812551653
(9.31);1.81362742929061
(10.11);4.048016348976713
(10.12);1.9135286055250298
(10.13);0.6839062587609253
(10.14);0.7453171775110276
(10.15);0.6388395467648116
(10.16);0.8423782969949863
(10.17);1.1877673296928466
(10.18);2.1494779111684883
(10.19);2.001552163705781
(10.20);3.0051256797922363
(10.21);2.1539305937676816
(10.22);1.8399388395659846
(10.23);1.581612457425547
(10.24);1.4492491139202361
(10.25);1.7596039397965477
(10.26);2.4762271816969617
(10.27);1.9225363166003235
(10.28);1.3531308163234503
(10.29);1.7161126727152742
(10.30);2.184017316495878
(10.31);1.7099231533510453
(11.12);2.16337260191952
(11.13);0.7208375947676591
(11.14);0.8141885053490204
(11.15);0.7051351299071311
(11.16);0.9829507151695277
(11.17);1.3961052791416182
(11.18);3.6822324789414678
(11.19);3.527910942107974
(11.20);8.073935340809973
(11.21);3.451097899282462
(11.22);2.488724108601793
(11.23);1.8394040916870642
(11.24);1.8832706267041037
(11.25);2.681496086557749
(11.26);3.7125940151288814
(11.27);2.429462620254255
(11.28);1.6073685911578277
(11.29);2.2577576441175116
(11.30);3.1340159174829507
(11.31);2.1633056489703755
(12.13);1.0776743805408853
(12.14);1.2315419616780257
(12.15);0.9532780712464226
(12.16);1.3693285086306126
(12.17);2.6753784016951934
(12.18);3.0978848180145406
(12.19);2.252008258388224
(12.20);2.1980233183598465
(12.21);1.5883590585153102
(12.22);1.3289865432279488
(12.23);1.102482109627184
(12.24);1.200624771654335
(12.25);1.7784367696322154
(12.26);3.1368751062121043
(12.27);3.375881535138057
(12.28);1.9782929886470468
(12.29);1.8986882684243307
(12.30);2.442014451518675
(12.31);4.166788341834398
(13.14);3.718397328403904
(13.15);2.023859648658238
(13.16);1.523218824282983
(13.17);1.6176581548514208
(13.18);0.947133357506666
(13.19);0.8724633965202229
(13.20);0.8171283837074299
(13.21);0.7340478106422031
(13.22);0.6784993733496638
(13.23);0.6123016293777254
(13.24);0.6746688133157982
(13.25);0.8657483851127835
(13.26);1.4115613420116853
(13.27);1.9465157769818366
(13.28);1.8691717718448861
(13.29);1.1672563813613928
(13.30);1.2652028773182744
(13.31);1.4880490922928775
(14.15);3.3143406276179554
(14.16);2.5473303662731794
(14.17);2.2845572707863626
(14.18);1.1294190270232216
(14.19);1.0375895493466927
(14.20);0.9366783670191228
(14.21);0.8394653121772263
(14.22);0.7680992676700521
(14.23);0.680703600825019
(14.24);0.7707946804837901
(14.25);1.026483294196908
(14.26);1.7202342712936756
(14.27);2.654916249313402
(14.28);2.6763696117418125
(14.29);1.4094999476749897
(14.30);1.5250966596848834
(14.31);1.9190005130825782
(15.16);2.5112869989953106
(15.17);1.6058788519774558
(15.18);0.9666895827751573
(15.19);0.9198264404725355
(15.20);0.8248413319142655
(15.21);0.7644740810502744
(15.22);0.7100150941399357
(15.23);0.634443134619493
(15.24);0.7293161314523153
(15.25);0.9481696619486643
(15.26);1.5488039028204372
(15.27);2.282772420865969
(15.28);2.950091246444655
(15.29);1.3752521421123094
(15.30);1.422326054940742
(15.31);1.5068490984165208
(16.17);3.0203527304814846
(16.18);1.498430112963326
(16.19);1.4072965255807526
(16.20);1.1749395169626191
(16.21);1.0664706591510797
(16.22);0.9618854366534547
(16.23);0.8251360629514294
(16.24);0.9898473629953942
(16.25);1.417201297213216
(16.26);2.5037976676555864
(16.27);5.059622912163699
(16.28);7.525130772067343
(16.29);2.0748984033230093
(16.30);2.20412581811476
(16.31);2.690571168157561
(17.18);2.3001283693388475
(17.19);1.9194438622011012
(17.20);1.603545298791854
(17.21);1.3315402728105408
(17.22);1.1554801672329575
(17.23);0.9693370166241991
(17.24);1.1275683000623051
(17.25);1.703319527879899
(17.26);3.185162892838586
(17.27);6.768245364714842
(17.28);3.422705170566622
(17.29);2.119243693138413
(17.30);2.530006198760486
(17.31);7.007330344917579
(18.19);8.552588300459275
(18.20);4.924679649687402
(18.21);2.982301903330932
(18.22);2.191614092337535
(18.23);1.6034089619786938
(18.24);1.9437181944462216
(18.25);3.8947094774309887
(18.26);8.115143219719657
(18.27);4.40043406927522
(18.28);2.3665460101303695
(18.29);3.156371724868473
(18.30);4.975953506501744
(18.31);4.281876660175867
(19.20);6.069582247184548
(19.21);4.10379006466198
(19.22);2.7740713137043524
(19.23);1.8741548769745366
(19.24);2.467760679075467
(19.25);6.645547624845285
(19.26);11.93039140260908
(19.27);3.91768438222096
(19.28);2.323943139811479
(19.29);3.944357900294959
(19.30);7.325981463732525
(19.31);3.213263930665514
(20.21);6.050558243117249
(20.22);3.5744840720077558
(20.23);2.32289634665922
(20.24);2.6259798006945623
(20.25);4.301147272506106
(20.26);5.228041057855913
(20.27);2.8581706810631546
(20.28);1.8802009150008416
(20.29);2.9894651164584505
(20.30);4.464672806748864
(20.31);2.4783659767364234
(21.22);8.258582480633759
(21.23);3.458139809881293
(21.24);4.468823898301554
(21.25);5.171856806317262
(21.26);4.51550082543739
(21.27);2.441144857093804
(21.28);1.7605346199529557
(21.29);3.3905008344900867
(21.30);4.778092588418177
(21.31);1.9400003342164363
(22.23);5.742555829910176
(22.24);6.650480960688034
(22.25);3.735615150897166
(22.26);3.4352791464508163
(22.27);2.075480402304275
(22.28);1.591177110661049
(22.29);3.095784077069734
(22.30);3.828752500659356
(22.31);1.6171776125276383
(23.24);4.316595795766863
(23.25);2.340388022301754
(23.26);2.4383648819896813
(23.27);1.6713185939443183
(23.28);1.3472930097014786
(23.29);2.354360348601484
(23.30);2.6528789351286823
(23.31);1.3047809339913177
(24.25);3.8533385746326805
(24.26);3.3806149280778395
(24.27);2.0696013889949847
(24.28);1.66960591028279
(24.29);3.8287647771892157
(24.30);4.181260208506317
(24.31);1.54281366086521
(25.26);9.757917072619943
(25.27);3.4730488067419505
(25.28);2.3991631898557304
(25.29);6.384470821464291
(25.30);15.489596269225078
(25.31);2.544571452412409
(26.27);6.855023009342591
(26.28);3.859006947893636
(26.29);7.061284783222004
(26.30);15.804457058385177
(26.31);5.0860558723864955
(27.28);6.796784869362526
(27.29);4.237784986217665
(27.30);5.172055231786752
(27.31);9.47087104880786
(28.29);3.593126187658763
(28.30);3.5684828023443567
(28.31);3.5088860689461154
(29.30);11.714425159568098
(29.31);2.814538762913092
(30.31);3.649980164174172

****Importance nodes******

0; 0.05
1; 0.03793103448275863
2; 0.03793103448275863
3; 0.03793103448275863
4; 0.03793103448275863
5; 0.012421208750463483
6; 0.01282189290370424
7; 0.013235502352210828
8; 0.013662454040991822
9; 0.014103178364894785
10; 0.014558119602472037
11; 0.015027736363842102
12; 0.0155125020529983
13; 0.0160129053450305
14; 0.01652945067874116
15; 0.01706265876515217
16; 0.017613067112415143
17; 0.01818123056765434
18; 0.018767721876288352
19; 0.019373132259394424
20; 0.01999807200969747
21; 0.020643171106784486
22; 0.02130907985216463
23; 0.021996469524815102
24; 0.02270603305787365
25; 0.023438485737159898
26; 0.03666666666666667
27; 0.03666666666666667
28; 0.03666666666666667
29; 0.03666666666666667
30; 0.03666666666666667
31; 0.02419456592222957
