
****Mix criterion 0.5*C(weight)+0.5*C(distance) ******

(0.5);0.4648086689403513
(0.6);0.4182073670123889
(0.7);0.390341598212404
(0.8);0.4259910573415945
(0.9);0.3665325273605075
(0.10);0.3540416450479853
(0.11);0.40695724349879636
(0.12);0.49580297329093054
(0.13);0.3046024147546836
(0.14);0.3649770792709489
(0.15);0.3126896460193588
(0.16);0.4429780124023027
(0.17);0.5771245997217183
(0.18);0.53293001040284
(0.19);0.48342807510080377
(0.20);0.4213439088953014
(0.21);0.3691167948262889
(0.22);0.3209569016771642
(0.23);0.25353034269147623
(0.24);0.3040451068838917
(0.25);0.4255633932783779
(0.31);0.9824127216643568
(1.3);0.4037909021560865
(1.4);0.4452155301512832
(1.5);0.4678441933137083
(1.6);0.5120005426766701
(1.7);0.5482155255224391
(1.8);0.4907368366126804
(1.9);0.4680986662608105
(1.10);0.43060910871888414
(1.11);0.3950528979890544
(1.12);0.4865465365492143
(1.13);0.2580837931564421
(1.14);0.26321992805981925
(1.15);0.18241219082087717
(1.16);0.2514225747626716
(1.17);0.36050617610194063
(1.18);0.38008015348083773
(1.19);0.3419407608374513
(1.20);0.36182656047526807
(1.21);0.3001174478602979
(1.22);0.2619646679955586
(1.23);0.2200080133782663
(1.24);0.21530063136523098
(1.25);0.2853624671114592
(1.26);0.32348251565689723
(1.27);0.32586693464911903
(1.28);0.22410169599326576
(1.29);0.21943662261470515
(1.30);0.28008497735235455
(1.31);0.38293223955850236
(2.3);0.4914141391241369
(2.4);0.5243859047735647
(2.5);0.49731918171320044
(2.6);0.5838706292569992
(2.7);0.44089542870097465
(2.8);0.4164018426270546
(2.9);0.3858937463053607
(2.10);0.3557970008803135
(2.11);0.3354912385122216
(2.12);0.4580029789736311
(2.13);0.3160752391548937
(2.14);0.30877030714788195
(2.15);0.22162097137591286
(2.16);0.2722919772966709
(2.17);0.37883947485181785
(2.18);0.3437404967557219
(2.19);0.3035729073782951
(2.20);0.3092118066463246
(2.21);0.2489806453986692
(2.22);0.2090223741758099
(2.23);0.16305263170652487
(2.24);0.16769836677439623
(2.25);0.2475281238972281
(2.26);0.2940195350125475
(2.27);0.32535250818736483
(2.28);0.2344943524139775
(2.29);0.19218717119198525
(2.30);0.24853635904669813
(2.31);0.3796726805416936
(3.5);0.4638757400358444
(3.6);0.4724670173144157
(3.7);0.3345666475819955
(3.8);0.32898383582289203
(3.9);0.2878709257987652
(3.10);0.26218242539935266
(3.11);0.2631473256729927
(3.12);0.3953120157963482
(3.13);0.4437245299132352
(3.14);0.41659701244989483
(3.15);0.3166594685801005
(3.16);0.33378056154693847
(3.17);0.41659990250817014
(3.18);0.30245166790112393
(3.19);0.26356416531715543
(3.20);0.2480161063826551
(3.21);0.19166833489566562
(3.22);0.14919617026191345
(3.23);0.09525867116244675
(3.24);0.1188063906818902
(3.25);0.21254393804824467
(3.26);0.27019492833713027
(3.27);0.3441593043418055
(3.28);0.2823677122875122
(3.29);0.17887715547356992
(3.30);0.22487264760988568
(3.31);0.3795084930022131
(4.5);0.5622792790005414
(4.6);0.5482832075075357
(4.7);0.3794494916650295
(4.8);0.3790070524284293
(4.9);0.331684092308861
(4.10);0.3062439487869307
(4.11);0.31265902045507105
(4.12);0.45924508502353206
(4.13);0.4055935433834235
(4.14);0.4119406560274111
(4.15);0.3156931913791594
(4.16);0.3616992757346805
(4.17);0.4745590816613252
(4.18);0.3569287633750811
(4.19);0.3159643079572335
(4.20);0.2990322418945103
(4.21);0.24150593193110584
(4.22);0.1981740707787822
(4.23);0.1428312071869585
(4.24);0.16793830384848113
(4.25);0.26319603551011744
(4.26);0.3234098295391842
(4.27);0.3954622423336287
(4.28);0.3159308824199937
(4.29);0.2270202993913187
(4.30);0.27590443754281885
(4.31);0.440580529210363
(5.6);0.5558176070316077
(5.7);0.41429186472402424
(5.8);0.41914336926095624
(5.9);0.3696392403502411
(5.10);0.34592632005032753
(5.11);0.3546577546624828
(5.12);0.5123254022197884
(5.13);0.3289353939271684
(5.14);0.3487786514729935
(5.15);0.270690557374962
(5.16);0.33885756806509804
(5.17);0.4551217462269258
(5.18);0.3943906713009454
(5.19);0.3532589121490511
(5.20);0.3411648906663002
(5.21);0.2837541488595116
(5.22);0.24142305600910471
(5.23);0.18772375018351725
(5.24);0.20951971557840982
(5.25);0.2998130604666823
(5.26);0.35594350722337265
(5.27);0.4029850480956287
(5.28);0.3076442449892183
(5.29);0.2560756374619548
(5.30);0.3086671394696062
(5.31);0.45933340975697756
(6.7);0.4244656245935278
(6.8);0.417269778706277
(6.9);0.37542296534818825
(6.10);0.3492187628430099
(6.11);0.34552732362355254
(6.12);0.4838432987047469
(6.13);0.31996419772097
(6.14);0.3277144975608865
(6.15);0.24653891343551357
(6.16);0.3059549597197434
(6.17);0.4129304662991827
(6.18);0.36964772403929774
(6.19);0.3297639868602294
(6.20);0.326340243367928
(6.21);0.2681284014194692
(6.22);0.22716322706540648
(6.23);0.17715558730519804
(6.24);0.19118271534516787
(6.25);0.27579695804960425
(6.26);0.32610633767990715
(6.27);0.3632370624445319
(6.28);0.2722096563071592
(6.29);0.22669441296924775
(6.30);0.28050065227697973
(6.31);0.4160389974779507
(7.8);0.563193328130248
(7.9);0.5313959555593749
(7.10);0.48062239358606085
(7.11);0.44382273288019025
(7.12);0.46781285181609294
(7.13);0.2126656203199405
(7.14);0.23089067484462733
(7.15);0.1600508168230474
(7.16);0.2431829236028373
(7.17);0.34329855716676144
(7.18);0.41058644256492927
(7.19);0.3787093156192808
(7.20);0.40853200639893794
(7.21);0.3478560655320164
(7.22);0.3112105138609448
(7.23);0.2700818197622452
(7.24);0.2638102171607901
(7.25);0.3258406334470335
(7.26);0.35540196988914236
(7.27);0.33127049672050674
(7.28);0.22771252418446544
(7.29);0.25538798985175687
(7.30);0.3165501505403856
(7.31);0.38146029242787693
(8.9);0.5216515015669679
(8.10);0.4860541585812785
(8.11);0.48415819999815896
(8.12);0.49182107145199355
(8.13);0.2150576043346826
(8.14);0.2411388698216118
(8.15);0.17487982266604857
(8.17);0.3633239552179519
(8.18);0.45509226838322103
(8.19);0.4191163031276135
(8.20);0.4478789624616224
(8.21);0.37952363903345576
(8.22);0.33883053188646134
(8.23);0.29154334015461497
(8.24);0.2935470687436015
(8.25);0.36237311310680353
(8.26);0.39575487993918196
(8.27);0.36254924883577694
(8.28);0.25570389603898624
(8.29);0.2912944861344585
(8.30);0.35457107440237867
(8.31);0.41094710833036063
(9.10);0.6058115649338537
(9.11);0.48014692280705196
(9.12);0.4235503785470781
(9.13);0.17178737329050608
(9.14);0.19393285954118364
(9.15);0.1270294783915048
(9.16);0.21689621764073835
(9.17);0.3113911193344061
(9.18);0.4088437099650391
(9.19);0.3875320432302506
(9.20);0.43568014499086816
(9.21);0.3787131058844563
(9.22);0.3459922962525988
(9.23);0.3101711368063258
(9.24);0.29344449931931293
(9.25);0.3407995832205145
(9.26);0.3576602016447858
(9.27);0.311364083056086
(9.28);0.20832726383106734
(9.29);0.26407973757008757
(9.30);0.32542551536743736
(9.31);0.3554730528856782
(10.11);0.4975236639145567
(10.12);0.4003515580106038
(10.13);0.1495779653502421
(10.14);0.17452600588054143
(10.15);0.11030900084923624
(10.16);0.20401364000904848
(10.17);0.2946883075990275
(10.18);0.40591585758382703
(10.19);0.3921735327374854
(10.20);0.45076028057119144
(10.21);0.3987357491541342
(10.22);0.36892535079686634
(10.23);0.33612835238931527
(10.24);0.3133172752800617
(10.25);0.350867465176916
(10.26);0.3597102174213264
(10.27);0.3015723605387157
(10.28);0.19974315058560432
(10.29);0.27157744514940496
(10.30);0.3322116700508373
(10.31);0.34155269565801427
(11.12);0.416430477189619
(11.13);0.16319618436237793
(11.14);0.19915625812145493
(11.15);0.1432656415370605
(11.16);0.24597095633702176
(11.17);0.3278579842255507
(11.18);0.47834690596529345
(11.19);0.4716226088067742
(11.21);0.46498839709897644
(11.22);0.4171870391284968
(11.23);0.36357957710712463
(11.24);0.36493876951330156
(11.25);0.42194349772684375
(11.26);0.4339031319201425
(11.27);0.35385121259809876
(11.29);0.33777589672561836
(11.30);0.4041115102316652
(11.31);0.3842120078929068
(12.13);0.27953733980166257
(12.14);0.30776212139910036
(12.15);0.2381704267218568
(12.16);0.32405470298863237
(12.17);0.4361755961298627
(12.18);0.45522035863159016
(12.19);0.4075139746414337
(12.20);0.40157194654322925
(12.21);0.33904240192134666
(12.22);0.29556493561344543
(12.23);0.2414954139645345
(12.24);0.26051870233169105
(12.25);0.3486452367787734
(12.26);0.40322822645406
(12.27);0.416533754377623
(12.28);0.30600845514210534
(12.29);0.2941547209924992
(12.30);0.35347186110868095
(12.31);0.4819514866906138
(13.14);0.4818199353839699
(13.15);0.39683663719052625
(13.16);0.3432248585434955
(13.17);0.3524850320540768
(13.18);0.217774209440755
(13.19);0.1858199503112661
(13.20);0.15681243644001097
(13.21);0.10812430831857191
(13.22);0.06650525731787275
(13.23);0.008626563747169443
(13.24);0.047254628060877116
(13.25);0.14515552657324926
(13.26);0.20413062805528973
(13.27);0.29836212925008126
(13.28);0.28910650054214604
(13.29);0.13465035773842773
(13.30);0.1655700772687628
(13.31);0.3033268905874347
(14.15);0.4649904703887621
(14.16);0.4272306268797451
(14.17);0.4097422557989878
(14.18);0.2644337216430692
(14.19);0.23616283262584709
(14.20);0.1993946650033907
(14.21);0.1551634138068439
(14.22);0.11403419071256597
(14.23);0.05372129119704627
(14.24);0.10085804212226522
(14.25);0.20084071199610296
(14.26);0.26254838958479176
(14.27);0.367707530835521
(14.28);0.37120677409364883
(14.29);0.20054174098267127
(14.30);0.22635332737646058
(14.31);0.3561050582231023
(15.16);0.4234828664783539
(15.17);0.34580570872404437
(15.18);0.21528418680843603
(15.19);0.19412088884435358
(15.20);0.14998387456856732
(15.21);0.11350079888242184
(15.22);0.07470637985877121
(15.23);0.013060498735049548
(15.24);0.07106674102228712
(15.25);0.169304341185515
(15.26);0.22829010962493992
(15.27);0.3328983845682011
(15.28);0.3892772194724634
(15.29);0.18883547727928005
(15.30);0.2004301091094845
(15.31);0.3006950394873442
(16.17);0.44627956443558947
(16.18);0.32551238871483185
(16.19);0.3081352670794556
(16.20);0.2588130836243749
(16.21);0.22585535244003757
(16.22);0.18741535883876034
(16.23);0.12479236541114551
(16.24);0.18564561205447241
(16.25);0.2863503061901048
(16.26);0.3513070853517291
(16.27);0.4792976360518944
(16.29);0.3074716016456974
(16.30);0.32223176199122805
(16.31);0.412189293573847
(17.18);0.40348212163518604
(17.19);0.3698777123842067
(17.20);0.33129986429713737
(17.21);0.2839042102723772
(17.22);0.2409959405209074
(17.23);0.17979542555120487
(17.24);0.22380446811473556
(17.25);0.32717363531795385
(17.26);0.3989455469682153
(17.27);0.5261936782060476
(17.28);0.41466045616561537
(17.29);0.3107771041564712
(17.30);0.3520632889739333
(17.31);0.5499651796021425
(18.20);0.5085552265284008
(18.21);0.43623369246710136
(18.22);0.38405842986705474
(18.23);0.3181448737787055
(18.24);0.3559155102749849
(18.25);0.46836488641628493
(18.26);0.55710127710342
(18.27);0.4557480303973715
(18.28);0.3369541193844698
(18.29);0.3961451901978829
(18.30);0.47621740913515126
(18.31);0.48035337938702594
(19.20);0.5365263321377144
(19.22);0.4216083442261675
(19.23);0.34902965593459645
(19.24);0.3979692500071127
(19.25);0.5431857648743731
(19.26);0.6293307264199868
(19.27);0.4345370501888956
(19.28);0.33050579248473166
(19.29);0.43573311957678557
(19.30);0.5391162913316115
(19.31);0.43674840532097103
(20.21);0.5330395073660948
(20.23);0.3878002009206048
(20.24);0.4067780941804303
(20.25);0.480492149068184
(20.26);0.482703603934532
(20.27);0.372986026618699
(20.28);0.273075484759898
(20.29);0.3822176815523779
(20.30);0.456171386699479
(20.31);0.39199274122923233
(21.22);0.5756534500426601
(21.23);0.44947739102708906
(21.24);0.48492010790865814
(21.25);0.5043194158143544
(21.26);0.4559751579279866
(21.27);0.3356782190866043
(21.28);0.25050097445449626
(21.29);0.4045846232547296
(21.30);0.4655562390586192
(21.31);0.34121126671829727
(22.23);0.5202736783274843
(22.24);0.5405152829360436
(22.25);0.456216913066223
(22.26);0.4054351675434943
(22.27);0.29285566232813487
(22.28);0.21516413062673198
(22.29);0.38502259823916635
(22.30);0.42562037600971414
(22.31);0.2961755145867925
(23.24);0.4774627437359281
(23.25);0.37663778282836585
(23.26);0.33071158154746666
(23.27);0.22657697402433272
(23.28);0.1514817692943736
(23.29);0.32227407384141915
(23.30);0.350171507946083
(23.31);0.23325627001913884
(24.25);0.4578870075549641
(24.26);0.39886034665491427
(24.27);0.2863901223839867
(24.28);0.22368463341383335
(24.29);0.42252885671557766
(24.30);0.4385270010886308
(24.31);0.2769021207480358
(25.26);0.5847182315039557
(25.27);0.4023293218984124
(25.28);0.3232192515809382
(25.29);0.5098940937876398
(25.30);0.6843578187633252
(25.31);0.38510689717901614
(26.27);0.5009676515663294
(26.28);0.38745757880316484
(26.29);0.5066173764431137
(26.30);0.679646741564734
(26.31);0.47011119590757067
(27.28);0.5027327028437594
(27.29);0.4058722893912899
(27.30);0.4466177468473074
(27.31);0.5784492484544946
(28.29);0.37115227736554585
(28.30);0.36954699361043813
(28.31);0.40461706457340085
(29.30);0.6081626486292281
(29.31);0.35658313135691083
(30.31);0.4101568002278234
