
****Mix criterion 0.5*C(weight)+0.5*C(distance) ******

(0.5);0.4653653359234502
(0.6);0.41862537425155794
(0.7);0.39101542085334473
(0.8);0.42599866799738334
(0.10);0.35428288072899183
(0.11);0.4078983441320998
(0.12);0.49628963022806727
(0.13);0.3047844383306391
(0.14);0.3651981778346091
(0.15);0.31285706975396727
(0.16);0.4438664485194607
(0.17);0.5777151991945522
(0.18);0.53332641369775
(0.19);0.4829316705887464
(0.20);0.4203546457119902
(0.21);0.36919713450181585
(0.22);0.32101175098518187
(0.23);0.2535687999264648
(0.24);0.3040771851013728
(0.25);0.4254178515555289
(0.31);0.9824127216643568
(1.2);0.5855743798005786
(1.3);0.40017674117288604
(1.4);0.44080567964155765
(1.5);0.46446784216731046
(1.6);0.507509498457144
(1.7);0.5434527816727065
(1.8);0.48619510319902276
(1.9);0.4631637689230231
(1.10);0.42784436598844955
(1.11);0.39340927265908765
(1.12);0.4826732453830458
(1.13);0.2568152180437134
(1.14);0.2619212100746863
(1.15);0.1813977000469165
(1.16);0.25042891020332336
(1.17);0.3585619150804982
(1.18);0.3779229626648362
(1.19);0.3397260576127571
(1.20);0.35891481803365166
(1.21);0.29853175362625467
(1.22);0.26057694492811084
(1.23);0.21879362382112544
(1.24);0.2140941411023799
(1.25);0.2837293386481381
(1.26);0.3216155503616545
(1.27);0.32398277744698445
(1.28);0.2217159339602326
(1.29);0.21812068832351236
(1.30);0.2797208233071271
(1.31);0.38059809564674313
(2.3);0.485837338730506
(2.4);0.5177770327698981
(2.5);0.4932385787093805
(2.6);0.5768950386590685
(2.7);0.43847348150394544
(2.8);0.41350930266399394
(2.9);0.38281782732594316
(2.10);0.35393012688870823
(2.11);0.3342579223418271
(2.12);0.4547565690290535
(2.13);0.31449731172283607
(2.14);0.3072302639844188
(2.15);0.22048194449666336
(2.16);0.27122351462239946
(2.17);0.37671667531667563
(2.18);0.34191889944208004
(2.19);0.30168230493472825
(2.20);0.3068861195657623
(2.21);0.247659634391467
(2.22);0.2078507762350972
(2.23);0.16202012877702837
(2.24);0.16664461121633603
(2.25);0.24609537199776266
(2.26);0.29234486698616874
(2.27);0.3234720824093947
(2.28);0.23203316753661132
(2.29);0.19096945453603423
(2.30);0.2482081024801999
(2.31);0.37737470906453124
(3.4);0.6419707630319145
(3.5);0.46058307702670326
(3.6);0.4689835736351849
(3.7);0.3331749307855414
(3.8);0.3271080322349925
(3.9);0.28587962554173063
(3.10);0.26090537685729875
(3.11);0.26221902823322707
(3.12);0.39304018797980145
(3.13);0.4407353962414143
(3.14);0.41402826971804296
(3.15);0.3150607592402431
(3.16);0.33241955758295566
(3.17);0.41401698648120294
(3.18);0.30091627027025536
(3.19);0.26193184327330815
(3.20);0.24615178244118613
(3.21);0.19056085427769298
(3.22);0.14820328293336246
(3.23);0.09438471299960838
(3.24);0.1178754237086393
(3.25);0.2112599295193291
(3.26);0.26865213628102724
(3.27);0.3421340239770001
(3.28);0.2794962749027045
(3.29);0.1777026360762218
(3.30);0.22456738148970176
(3.31);0.37721232023926665
(4.5);0.5561270552525139
(4.6);0.5426345394406243
(4.7);0.37772823790462257
(4.8);0.37663777607673904
(4.9);0.3293052324761413
(4.10);0.3047377291488942
(4.11);0.3115392800071256
(4.12);0.4559740502745992
(4.13);0.40318415607554214
(4.14);0.4094367832266119
(4.15);0.3141007848921177
(4.16);0.360155655864872
(4.17);0.4709440844900147
(4.18);0.35499596636816644
(4.19);0.31397852090724515
(4.20);0.29679675347518414
(4.21);0.24021696104307613
(4.22);0.19703921190873575
(4.23);0.1418514325234729
(4.24);0.1668838701594822
(4.25);0.2616859956599135
(4.26);0.32154338418856837
(4.27);0.39293607137921166
(4.28);0.3126940547716291
(4.29);0.22567441037375957
(4.30);0.27554543155801126
(4.31);0.4374352499272177
(5.6);0.5527768005471883
(5.7);0.41382720741037027
(5.8);0.4177443657846525
(5.9);0.3680221751337885
(5.10);0.3452869362700619
(5.11);0.35452194306602447
(5.12);0.5101238938893188
(5.13);0.32833470484845156
(5.14);0.34810330328123207
(5.15);0.27020806585923723
(5.16);0.33858164654373907
(5.17);0.4537227225488679
(5.18);0.393454586137609
(5.19);0.3520726385600125
(5.20);0.3395866997094616
(5.21);0.2831551775370852
(5.22);0.24090425917459068
(5.23);0.1872838720119603
(5.24);0.20903982813026833
(5.25);0.2990273843849654
(5.26);0.354976089505036
(5.27);0.40175256236063683
(5.28);0.30546147869171353
(5.29);0.2554317579826496
(5.30);0.3092620638873525
(5.31);0.4575954048144403
(6.7);0.42395109866544517
(6.8);0.41587975396641985
(6.9);0.3737416992669982
(6.10);0.34855978569398205
(6.11);0.34538911554977897
(6.12);0.4821194027718966
(6.13);0.31938141186025104
(6.14);0.32709973064840353
(6.15);0.24609246824775777
(6.16);0.305711555833072
(6.17);0.4118960218457771
(6.18);0.36883085168255497
(6.19);0.32870249008545477
(6.20);0.32486481737871126
(6.21);0.2675590545690838
(6.22);0.22666386754280643
(6.23);0.17672461563742434
(6.24);0.19072447067435874
(6.25);0.27507797945027074
(6.26);0.32525429561474495
(6.27);0.36222674874385896
(6.28);0.2702980595325551
(6.29);0.2261052974484604
(6.30);0.28102638343642133
(6.31);0.41474387916815064
(7.8);0.5598983166593005
(7.9);0.5266955003507003
(7.10);0.4796498355586171
(7.11);0.4440731669135248
(7.12);0.46693807021135375
(7.13);0.21243788050519066
(7.14);0.23064148608992385
(7.15);0.15984439838227274
(7.16);0.2431662012888681
(7.17);0.342877495813701
(7.18);0.4099274228708376
(7.19);0.37765529256689445
(7.20);0.4065899471464802
(7.21);0.34731579015544517
(7.22);0.3107465006537746
(7.23);0.26968537828891315
(7.24);0.26341146650577685
(7.26);0.35470570505638305
(7.27);0.33064674897346025
(7.28);0.22623636364903427
(7.29);0.25492387416100415
(7.30);0.31738751924177905
(7.31);0.38072916027292614
(8.9);0.5152776147303525
(8.10);0.4834959281603185
(8.11);0.48298259488822143
(8.12);0.48915272434492013
(8.13);0.21449119746297773
(8.14);0.24051305776147958
(8.15);0.17436693917040771
(8.16);0.26504083316478627
(8.17);0.36223115756592283
(8.18);0.45305700957871986
(8.19);0.4168934133512125
(8.20);0.4442844423444433
(8.21);0.3782058308837886
(8.22);0.33775854275262673
(8.23);0.2906713846099144
(8.24);0.2926557116578031
(8.25);0.36098753009283024
(8.26);0.3941831743417467
(8.27);0.3612218455055844
(8.28);0.2536950373825035
(8.29);0.2903183940217205
(8.30);0.35497364337941095
(8.31);0.4092733676235434
(9.10);0.5955162948349668
(9.11);0.4776681644729527
(9.12);0.4211611480531427
(9.13);0.17102123805238434
(9.14);0.19310872092833076
(9.15);0.12634028867563368
(9.16);0.21623285113548465
(9.17);0.31010353249864236
(9.18);0.4066309700721539
(9.19);0.3850614929877004
(9.20);0.4315008872333703
(9.21);0.3767845433006874
(9.22);0.34436531341856785
(9.23);0.30879190828257325
(9.24);0.29214807919926056
(9.25);0.33905732008570527
(9.26);0.35582026896698526
(9.27);0.3098642234300051
(9.28);0.20629483340605378
(9.29);0.2628270805088139
(9.30);0.32530900519193706
(9.31);0.3537153527238433
(10.11);0.4969259398744974
(10.12);0.399372507454137
(10.13);0.1492281723284058
(10.14);0.1741449398145848
(10.15);0.10998249138186336
(10.16);0.2038105190717094
(10.17);0.29409183202073674
(10.18);0.40481750443810766
(10.19);0.39061464025017134
(10.20);0.4475569193582584
(10.21);0.39758026005621017
(10.22);0.3679423949737201
(10.23);0.3352927115953823
(10.24);0.31255148119666065
(10.25);0.34980498384582126
(10.26);0.35865463952181387
(10.27);0.3007528126144325
(10.28);0.1981999607981847
(10.29);0.27084589247775137
(10.30);0.33279713719364334
(10.31);0.34064488087286954
(11.12);0.41611103682666195
(11.13);0.16308564693055586
(11.14);0.19902677983423506
(11.15);0.14314950548598204
(11.16);0.24606487147369133
(11.17);0.32762402694000053
(11.18);0.4776764936681645
(11.19);0.47002780058608673
(11.21);0.4642136431459967
(11.22);0.4166195665167936
(11.23);0.3631603919682464
(11.24);0.36449883544994505
(11.25);0.4211022991698567
(11.26);0.4331159812449515
(11.27);0.353336113685023
(11.28);0.250031046429662
(11.29);0.3372972030018385
(11.30);0.4056033772626344
(11.31);0.3836771055003341
(12.13);0.27899801789793294
(12.14);0.3071457964986589
(12.15);0.2376933589234089
(12.16);0.3237282071726416
(12.17);0.4348589348383248
(12.18);0.453668718734895
(12.19);0.4057989031972633
(12.20);0.3992831770172669
(12.21);0.3382066182431584
(12.22);0.29486826330226057
(12.23);0.2409235993948164
(12.24);0.2598956986998014
(12.25);0.34759126123623685
(12.26);0.40190701058983486
(12.27);0.41511187174317055
(12.28);0.3037882171534395
(12.29);0.2933550152418645
(12.30);0.3541079205331811
(12.31);0.4797776814088051
(13.14);0.4799590642691054
(13.15);0.395823797080095
(13.16);0.3428557306182965
(13.17);0.35168872071491186
(13.18);0.21729982378079082
(13.19);0.1851587263604304
(13.20);0.15596771363227743
(13.21);0.10773831534576911
(13.22);0.06614979515796697
(13.23);0.008309133521688182
(13.24);0.04690470360058917
(13.25);0.1446434604750027
(13.26);0.203535031818337
(13.27);0.2975408135640854
(13.28);0.28701977039505366
(13.29);0.13415784389038826
(13.30);0.1658904736052672
(13.31);0.3025509718113372
(14.15);0.4633318093598173
(14.16);0.42660337429731776
(14.17);0.40861737712017926
(14.18);0.26386804238469896
(14.19);0.23538030560443768
(14.20);0.19843341927107222
(14.21);0.15472228411173977
(14.22);0.11363203348365947
(14.23);0.053368563951367
(14.24);0.10045844571832556
(14.25);0.200234783195599
(14.26);0.26182124005511287
(14.27);0.36658528770024545
(14.28);0.3682349011813956
(14.29);0.19994594002629135
(14.30);0.22672837711365856
(14.31);0.3551049376622227
(15.16);0.42285467258476517
(15.17);0.3450148042413395
(15.18);0.21480001787693723
(15.19);0.19343059155758993
(15.20);0.1491436387406608
(15.21);0.11309934693469781
(15.22);0.07433486218008994
(15.23);0.012731896319276603
(15.24);0.07068882371736197
(15.25);0.16874576213416367
(15.26);0.2276342293823679
(15.27);0.3319316867658468
(15.28);0.38601926040043216
(15.29);0.18825309192570253
(15.30);0.20076935055812667
(15.31);0.29991012228504105
(16.17);0.4455240286714447
(16.18);0.3251193867986124
(16.19);0.3074146207681536
(16.20);0.2578962624667485
(16.21);0.225537646015787
(16.22);0.18712685365954948
(16.23);0.12454600323140634
(16.24);0.18534601407020135
(16.25);0.28581673326493695
(16.26);0.35064519450947845
(16.27);0.47796010062957794
(16.28);0.5411598538366692
(16.29);0.3069230923673714
(16.30);0.3230933979789855
(16.31);0.4113470709075745
(17.18);0.40234755374643605
(17.19);0.36846584129470755
(17.20);0.3297024962888752
(17.21);0.2832155214624313
(17.22);0.24040027032952394
(17.23);0.17930059559398742
(17.24);0.22322845245075612
(17.25);0.32618570495690896
(17.26);0.3976079681229666
(17.27);0.5233514179751344
(17.28);0.41094018813441624
(17.29);0.3098871479353178
(17.30);0.35264151168547314
(17.31);0.5463651441077149
(18.20);0.5036490494586223
(18.21);0.4346696749079002
(18.22);0.3829129978216865
(18.23);0.31731501209093643
(18.24);0.35490905417518237
(18.25);0.4660830811207492
(18.26);0.5536433881745464
(18.27);0.4538729911234608
(18.28);0.33438394650395725
(18.29);0.39480024993653173
(18.30);0.4772898378932731
(18.31);0.47812498813588566
(19.20);0.5291237055883802
(19.21);0.4771740357972019
(19.22);0.4195392297981627
(19.23);0.34764810520064227
(19.24);0.39615867511497055
(19.25);0.5378885403408186
(19.26);0.6223013052775003
(19.27);0.43222873921261445
(19.28);0.32761942241976555
(19.29);0.43340909248645865
(19.30);0.5394495575481312
(19.31);0.4344062463577455
(20.21);0.5270136910678671
(20.22);0.4548496766628512
(20.23);0.385537592270029
(20.24);0.4042395775557668
(20.25);0.4760823158133025
(20.26);0.4786968704170286
(20.27);0.3707955449182248
(20.28);0.2704206328126506
(20.29);0.3799265767295643
(20.31);0.3896280712184395
(21.22);0.5711649649618
(21.23);0.4476158794700882
(21.24);0.48251504359100805
(21.25);0.5012006516164821
(21.26);0.4539679030161404
(21.27);0.33459306813782663
(21.28);0.24859454486680377
(21.29);0.40307745943907697
(21.30);0.46639767582724545
(21.31);0.3401636175198205
(22.23);0.5171932055163528
(22.24);0.536948300845714
(22.25);0.45397459742809415
(22.26);0.4039091960982318
(22.27);0.2919337215791886
(22.28);0.21345326802099526
(22.29);0.3836474325245584
(22.30);0.4262685608636122
(22.31);0.29530511616679056
(23.24);0.4751684549707617
(23.25);0.3752463767746477
(23.26);0.32963481562507896
(23.27);0.2258389307065731
(23.28);0.1500466169372049
(23.29);0.32123440376942963
(23.30);0.35060848431187913
(23.31);0.2325601646047523
(24.25);0.4555998568874968
(24.26);0.3973638567465273
(24.27);0.2854739761623951
(24.28);0.22191679888347127
(24.29);0.4208339852284222
(24.30);0.43918093864623053
(24.31);0.27607907067121856
(25.26);0.5799233348787765
(25.27);0.40062271690488804
(25.28);0.3205800712810601
(25.29);0.5067568589282361
(25.31);0.3835965657655981
(26.27);0.4983102632603719
(26.28);0.38403649090851516
(26.29);0.5038800295979761
(26.30);0.6811855292008187
(26.31);0.46784099309414734
(27.28);0.4967072152628661
(27.29);0.4042294881563139
(27.30);0.44712131964417223
(27.31);0.5742218473719964
(28.29);0.36796689815516176
(28.30);0.3681142460511195
(28.31);0.4009416691933594
(29.30);0.609303213757963
(29.31);0.35532683886261385
(30.31);0.4106606988174182
