
****Mix criterion 0.5*C(weight)+0.5*C(distance) ******

(0.5);0.46516190449903905
(0.6);0.4185063132011455
(0.7);0.39028789520689544
(0.8);0.4255186683536387
(0.9);0.36592573733487294
(0.10);0.35397700260840037
(0.11);0.4075398116991535
(0.12);0.49571056708634914
(0.13);0.30456797594702917
(0.14);0.36493541952396424
(0.15);0.3126582502540343
(0.16);0.4430233691938497
(0.17);0.5770291847416418
(0.18);0.531879131372186
(0.19);0.48184388113672694
(0.20);0.4212406534749638
(0.21);0.36903956078336203
(0.22);0.32089832155855574
(0.23);0.2534920680552424
(0.24);0.30400108594966607
(0.25);0.4246214400392978
(0.31);0.9824127216643568
(1.3);0.40463923797497264
(1.4);0.44755477466349547
(1.5);0.46997093762278846
(1.6);0.5148645100317045
(1.7);0.5509395224668404
(1.8);0.49196797420795335
(1.10);0.4318721305312692
(1.11);0.3967471831632101
(1.12);0.48835296732295264
(1.13);0.2586733375610284
(1.14);0.26382129446022157
(1.15);0.1828802069076052
(1.16);0.2520473335305026
(1.17);0.36140459121206026
(1.18);0.38060654562387813
(1.19);0.3419754222549637
(1.20);0.36267376801627493
(1.21);0.3007734946459493
(1.22);0.2625388485660039
(1.23);0.2205158066021975
(1.24);0.2158019508953205
(1.25);0.28550573410506097
(1.26);0.3248040705826829
(1.27);0.3264813148212316
(1.28);0.22398745573198678
(1.29);0.2198657184116991
(1.30);0.2812141962561291
(1.31);0.38394613724774335
(2.3);0.49107391039695697
(2.4);0.5259371756962504
(2.5);0.49785942781502335
(2.6);0.5848663414231621
(2.7);0.4408669591359362
(2.8);0.41596618028672927
(2.9);0.38523281397319054
(2.10);0.3557587445367041
(2.11);0.33595017591665677
(2.12);0.4579729644945716
(2.13);0.3160627559560865
(2.14);0.30876021793491026
(2.15);0.22161508744670083
(2.16);0.27233447115759923
(2.17);0.3788369199824137
(2.18);0.34335309082664645
(2.19);0.30289918755619627
(2.20);0.309170744517832
(2.21);0.24894983322597664
(2.22);0.20899835375296105
(2.23);0.16303756052044785
(2.24);0.16768412971478536
(2.25);0.24708147991221194
(2.26);0.2945199367220465
(2.27);0.32519647199527035
(2.28);0.23381524076162852
(2.29);0.1920861260604674
(2.30);0.24896604138917447
(2.31);0.37970439940539874
(3.5);0.4643116678518167
(3.6);0.47296425223708766
(3.7);0.33455028819484606
(3.8);0.32870131008719566
(3.9);0.2874430488840156
(3.10);0.26215625587315516
(3.11);0.26349276054831233
(3.12);0.395291011755087
(3.13);0.4437008824696782
(3.14);0.41658018396540436
(3.15);0.31665121004576946
(3.16);0.33383469007623684
(3.17);0.4165967938711927
(3.18);0.3021251291314231
(3.19);0.2629824842129493
(3.20);0.24798319004155478
(3.21);0.19164250325318224
(3.22);0.14917581381313155
(3.23);0.09524591421452983
(3.24);0.11879381259184593
(3.25);0.21214366310436672
(3.26);0.2706559246481095
(3.27);0.34399124823464616
(3.28);0.28157540017599775
(3.29);0.17877969481521783
(3.30);0.22527223584356085
(3.31);0.37954018703829456
(4.5);0.5661545296119195
(4.6);0.5518853989250068
(4.7);0.3804339430929917
(4.8);0.3796492973434183
(4.9);0.33197323813790097
(4.10);0.30693203749628545
(4.11);0.3138132735596364
(4.12);0.46077063463468737
(4.13);0.4067132569830284
(4.14);0.41310006476011424
(4.15);0.3164278179244911
(4.16);0.3626698145737568
(4.17);0.4762295199645812
(4.18);0.3574003995191742
(4.19);0.3159953867009961
(4.20);0.29968268494868205
(4.21);0.24203921583271518
(4.22);0.19864362693783386
(4.23);0.1432408969213373
(4.24);0.16837644099534077
(4.26);0.3247310164156094
(4.27);0.3962859683709265
(4.28);0.31577588957865227
(4.29);0.22745916273314368
(4.30);0.27701769263342146
(4.31);0.44194676519141485
(5.6);0.5593823897885442
(5.7);0.41490660937009727
(5.8);0.4193045796590029
(5.9);0.3694712893870756
(5.10);0.3463057949182094
(5.11);0.3556177462700217
(5.12);0.5136893825118453
(5.13);0.32930309858849427
(5.14);0.34918706378005415
(5.15);0.27097879078474346
(5.17);0.455956808577314
(5.18);0.39439836691641095
(5.19);0.35282151349665547
(5.20);0.3415155124785879
(5.21);0.28402795878553433
(5.22);0.2416598966749848
(5.23);0.18792915093791324
(5.24);0.20974024666502544
(5.25);0.2995992990860227
(5.26);0.3570277539925881
(5.27);0.40329458980889854
(5.28);0.3071100452882972
(5.29);0.2562373493191429
(5.30);0.30954701788173467
(5.31);0.4602059810105721
(6.8);0.4174589625521137
(6.9);0.37527270016680264
(6.10);0.3496243740327592
(6.11);0.3464597772870881
(6.12);0.48494831177256975
(6.13);0.32033327225035263
(6.14);0.3280991082959409
(6.15);0.24681480843955594
(6.16);0.3063612643955005
(6.17);0.41356883105715664
(6.18);0.3696763128889526
(6.19);0.32939344813588534
(6.20);0.3266837238779197
(6.21);0.2683994559715047
(6.22);0.22740051068168565
(6.23);0.17736475268399302
(6.24);0.19140158771806892
(6.25);0.2756171256855222
(6.26);0.3270697101161574
(6.27);0.3635091587361746
(6.28);0.2717574936935989
(6.29);0.22685307274833283
(6.30);0.28130275088107753
(6.31);0.4167110002218993
(7.8);0.5623920076661176
(7.9);0.5297650174163384
(7.10);0.4809487457282959
(7.11);0.4450761433371242
(7.12);0.46814866291644924
(7.13);0.21275182445585228
(7.14);0.23098369986831854
(7.15);0.1601268303739213
(7.16);0.243325850883728
(7.17);0.3434561981856256
(7.18);0.41023317961062944
(7.19);0.37791176554473543
(7.20);0.4086913008686485
(7.21);0.3479718044012469
(7.22);0.31131211154400285
(7.23);0.2701758492686842
(7.24);0.26390328672517954
(7.25);0.3253789470814655
(7.26);0.3562239336509243
(7.27);0.33125708079798755
(7.28);0.22715625796197333
(7.29);0.2553780073866072
(7.30);0.31724155489823097
(7.31);0.3816859402238238
(8.9);0.5190870123715728
(8.10);0.48559719131986623
(8.11);0.48511612782493835
(8.12);0.49140507619516655
(8.13);0.21497174541376737
(8.14);0.24104672605858463
(8.15);0.17480655096764064
(8.16);0.26540992915392114
(8.17);0.36317791796054183
(8.18);0.4540285156465797
(8.19);0.417647567740318
(8.20);0.4475435812496871
(8.21);0.3793130367511582
(8.22);0.338666269823676
(8.23);0.29141959460709704
(8.24);0.29342399672704184
(8.25);0.361509046786186
(8.26);0.3963898483456494
(8.27);0.36222195673790564
(8.28);0.25489391528608185
(8.29);0.2910538153239918
(8.30);0.3550873411903588
(8.31);0.41080263018371344
(9.10);0.6029090721214769
(9.11);0.4804430587128878
(9.12);0.42291291197732395
(9.13);0.17158576491651284
(9.14);0.19371905110013946
(9.15);0.12685328213312178
(9.16);0.21670842337876942
(9.17);0.3110709689295869
(9.18);0.40772772055039136
(9.19);0.3860249754829542
(9.20);0.4349574200588856
(9.21);0.3782145395001861
(9.22);0.3455802510253696
(9.23);0.3098330952791353
(9.24);0.29313157145350666
(9.25);0.33979069076617613
(9.26);0.35792960706020494
(9.27);0.3108960322911635
(9.28);0.20748774874310041
(9.29);0.2636888295907544
(9.30);0.32565844850543746
(9.31);0.35511629814568374
(10.11);0.4994022835755339
(10.12);0.40052422333458587
(10.13);0.1496398056821684
(10.14);0.17459353921367962
(10.15);0.11036700605759803
(10.16);0.20412761841304397
(10.17);0.2947982667211956
(10.18);0.40554823519435224
(10.19);0.3912898875781096
(10.20);0.4509343199440588
(10.21);0.3988626377092809
(10.22);0.3690376833742315
(10.23);0.3362340946736263
(10.24);0.3134139649713743
(10.25);0.35032875290367615
(10.26);0.36052482916212014
(10.27);0.30154441597746096
(10.28);0.19922192326324942
(10.29);0.2715525010090583
(10.30);0.33293015265262144
(10.31);0.34171589306815064
(11.12);0.41743446382248245
(11.13);0.1635265028586872
(11.14);0.19952460276556191
(11.15);0.14358054104068735
(11.16);0.2464471451509811
(11.17);0.32846717475425724
(11.18);0.47897451342835995
(11.19);0.4712616097236503
(11.21);0.46629774539079427
(11.22);0.41812190749528977
(11.23);0.36427033269595177
(11.24);0.365634806320652
(11.25);0.42193143626796464
(11.26);0.43593640390565525
(11.27);0.3543547945594769
(11.28);0.25125214918965433
(11.29);0.3382438874710871
(11.30);0.40582791303283383
(11.31);0.3850480722302277
(12.13);0.27964697620800055
(12.14);0.30788741141004505
(12.15);0.23826740776163968
(12.16);0.32425295154888706
(12.17);0.43645142591114217
(12.18);0.4547453080250397
(12.19);0.40657554923763883
(12.20);0.40172323736294924
(12.21);0.3391529602807318
(12.22);0.2956599562418749
(12.23);0.24158026578044411
(12.24);0.2606107182496925
(12.25);0.3481343223022204
(12.26);0.40426792548044704
(12.27);0.41651423814303035
(12.28);0.3052771452161607
(12.29);0.2941437445274546
(12.30);0.3542812526087248
(12.31);0.4823860906777253
(13.14);0.4821982237870201
(13.15);0.3970425330555648
(13.16);0.34344441132505643
(13.17);0.35265177924666385
(13.18);0.21763244554507338
(13.19);0.18546278593844348
(13.20);0.15686905332523107
(13.21);0.10817572396032171
(13.22);0.0665540441066072
(13.23);0.008673888815383866
(13.24);0.04730655350569617
(13.25);0.1449110837371713
(13.26);0.20459540181217853
(13.27);0.298352864244225
(13.28);0.2884238990015903
(13.29);0.13464480184346048
(13.30);0.16598666071931245
(13.31);0.30348204939978385
(14.15);0.4653276523820926
(14.16);0.427596158257681
(14.17);0.4099777008054691
(14.18);0.2642688291644954
(14.19);0.2357456997479885
(14.20);0.19945999500520992
(14.21);0.15522258298134242
(14.22);0.11408973287549676
(14.23);0.053774126175559836
(14.24);0.10091761718965525
(14.25);0.200555981229147
(14.26);0.2631109970736244
(14.27);0.3676976393863408
(14.28);0.3702415269930527
(14.29);0.20053648959400489
(14.30);0.22685211455693402
(14.31);0.3563050906002736
(15.16);0.42384161311505786
(15.17);0.34597117737424615
(15.18);0.21514661624719478
(15.19);0.1937578802247452
(15.20);0.15004178394279735
(15.21);0.11355502017916995
(15.22);0.07475801218265259
(15.23);0.013109951928874475
(15.24);0.07112334921723155
(15.25);0.1690460659265279
(15.26);0.2287931871169283
(15.27);0.3328922687261848
(15.28);0.38822679039276997
(15.29);0.18883179280124937
(15.30);0.20089210447455702
(15.31);0.3008520613558526
(16.17);0.4467110329949987
(16.18);0.32536340501075706
(16.19);0.307644526785383
(16.20);0.25894065653467374
(16.21);0.2259712143138344
(16.22);0.187520938872604
(16.23);0.12488665824125722
(16.24);0.1857577730885231
(16.25);0.2860206024816828
(16.26);0.35218046795750024
(16.27);0.47942234629702507
(16.29);0.3075227440120341
(16.30);0.323000612116516
(16.31);0.41256133992288535
(17.18);0.4031746448810392
(17.19);0.3691509354990059
(17.20);0.33141585688320085
(17.21);0.2840014108173952
(17.22);0.24108226250225936
(17.23);0.179872734475096
(17.24);0.22389400026696332
(17.25);0.3267286715034194
(17.26);0.3999683212772037
(17.27);0.5261956333994564
(17.28);0.41347657111298686
(17.29);0.31077771635816853
(17.30);0.3528756886623422
(17.31);0.550702530246006
(18.19);0.5832673449469943
(18.20);0.5077969620458004
(18.21);0.4357874971428534
(18.22);0.38374232790422463
(18.23);0.317927507010215
(18.24);0.35565849603028754
(18.25);0.4665559565889567
(18.26);0.558401443970661
(18.27);0.45505624777628134
(18.28);0.33577149539316364
(18.29);0.3956489838985521
(18.30);0.47701463103338776
(18.31);0.4799276519398505
(19.20);0.534175477268437
(19.21);0.47870101662030223
(19.22);0.42058137520855876
(19.23);0.348358881145558
(19.24);0.39710338837923015
(19.25);0.5387022756178579
(19.27);0.4332790375387531
(19.28);0.3289721551882435
(19.29);0.43446654175908817
(19.30);0.539064146798669
(19.31);0.4357489118920155
(20.21);0.533308161055038
(20.22);0.4585423651768482
(20.23);0.38792049582887067
(20.24);0.40691442113074916
(20.25);0.47931359165078025
(20.26);0.4842335391831484
(20.27);0.3729348930079579
(20.28);0.2724118279017696
(20.29);0.38216419904113325
(20.30);0.4574779296713097
(21.22);0.5760457882896582
(21.23);0.4496596405507148
(21.24);0.485156119100282
(21.25);0.502931510948115
(21.26);0.4572874071790959
(21.27);0.33563812269833293
(21.28);0.2498887760552999
(21.29);0.40452893346741564
(21.30);0.46694480007616157
(21.31);0.3413627816037593
(22.23);0.5205870567640554
(22.24);0.5408787359646368
(22.25);0.45523904123651104
(22.26);0.4064289039217212
(22.27);0.2928261184822811
(22.28);0.21462036427238204
(22.29);0.38497853067414955
(22.30);0.42672793393468317
(22.31);0.2963040932706901
(23.24);0.47771956365149704
(23.25);0.37604750042534507
(23.26);0.33141923609499624
(23.27);0.2265607032091292
(23.28);0.15103257980242055
(23.29);0.3222511533986661
(23.30);0.35094141808396084
(23.31);0.23336564630864143
(24.25);0.4569336051580368
(24.26);0.39983213650349503
(24.27);0.2863716865131719
(24.28);0.22313582398929954
(24.29);0.4224947503349056
(24.30);0.4397289440224897
(24.31);0.2770308827553745
(25.26);0.5851968680312651
(25.27);0.40148292344326
(25.28);0.32187666629470657
(25.29);0.5083381679884507
(25.31);0.3845617572399206
(26.27);0.5022610564887068
(26.28);0.3871865319058336
(26.29);0.5079496988123429
(26.30);0.6864209611715797
(26.31);0.47163879515238455
(27.28);0.5006244437827018
(27.29);0.40565502916093366
(27.30);0.44759360961049344
(27.31);0.5785556209221259
(28.29);0.37003774439322806
(28.30);0.3692963523950127
(28.31);0.4035617848722126
(29.30);0.6103729249687178
(29.31);0.3566147429617898
(30.31);0.41125307346631657
