
****Importance edges******

(0.5);5.116683573619414
(0.6);3.9782256951217994
(0.7);3.4956209826519764
(0.8);4.175429659107442
(0.10);2.9811447439236476
(0.11);3.8820286711451932
(0.12);6.203537225797977
(0.13);2.501922127344729
(0.14);3.171857774642698
(0.15);2.5948680117280927
(0.16);4.68205994786958
(0.17);9.921793189903145
(0.18);7.906537438056917
(0.19);6.054611622792793
(0.20);4.313189874912318
(0.21);3.423514603407901
(0.22);2.800227577363686
(0.23);2.244512347657008
(0.24);2.69049212892056
(0.25);4.587481305973981
(0.31);36.45312360693104
(1.3);4.268172848526088
(1.4);5.20784887534305
(1.5);4.4212029356672495
(1.6);5.898941956877456
(1.7);7.5055259987222005
(1.8);5.170732031937641
(1.9);4.414090709763065
(1.10);3.6240301212747004
(1.11);3.0297831729567277
(1.12);5.086346097302302
(1.13);1.7105951268281563
(1.14);1.7159834210477674
(1.15);1.3632029650646436
(1.16);1.6593937761539286
(1.17);2.64425420833029
(1.18);2.9587809964017904
(1.19);2.503954849400676
(1.20);2.707897679893685
(1.21);2.1297601632027794
(1.22);1.8551116226079178
(1.23);1.6582047630294532
(1.24);1.6477379910275187
(1.25);2.0962132581664767
(1.26);3.049672871027358
(1.27);3.023759999102395
(1.28);2.1726060501609163
(1.29);2.111856413386253
(1.30);2.605830593265218
(1.31);3.213098239153578
(2.3);6.70151114045109
(2.4);7.94172755563741
(2.5);5.485619281745203
(2.6);9.404256685220666
(2.7);3.91574444020734
(2.8);3.378590224738767
(2.9);2.8237970574726607
(2.10);2.5095311822788426
(2.11);2.3303529462920367
(2.12);4.371310875799191
(2.13);2.1799865449669986
(2.14);2.085510176405376
(2.15);1.5677716409123033
(2.17);2.9559722163841875
(2.18);2.556766336902166
(2.19);2.18679742891294
(2.20);2.213155062116043
(2.21);1.8147100141385852
(2.22);1.6018390906914368
(2.23);1.441147851907487
(2.24);1.470816674640482
(2.25);1.8791151806380806
(2.26);2.7835490459585235
(2.27);3.0716604618568
(2.28);2.2806111194972263
(2.29);1.9891304137869077
(2.30);2.390163446209365
(2.31);3.2310135135378713
(3.5);4.426379060723454
(3.6);4.696261635210435
(3.7);2.25009336072361
(3.8);2.1910057411622477
(3.9);1.8280805976961978
(3.10);1.716662802084681
(3.11);1.7540195496676518
(3.12);3.059030070740465
(3.13);4.129639331499605
(3.14);3.4785642603664817
(3.15);2.200484651197673
(3.16);2.3289990884998866
(3.18);2.1550608067792956
(3.19);1.88805301759199
(3.20);1.7741157023964536
(3.21);1.521377306428245
(3.22);1.3575013067688
(3.23);1.219854097310634
(3.24);1.2994301546723506
(3.25);1.6840319106568948
(3.26);2.5643514345730463
(3.27);3.308279270380579
(3.28);2.660763963307163
(3.29);1.918568037507195
(3.30);2.2227610847618045
(3.31);3.22848446998961
(4.5);8.270531876342146
(4.6);7.615344347560081
(4.7);2.782880589125427
(4.8);2.7673995947338526
(4.9);2.1838733206963634
(4.10);2.0247243070557768
(4.11);2.115751430646803
(4.12);4.404468325699331
(4.13);3.3286904112861873
(4.14);3.3907180852963457
(4.15);2.1918093213338006
(4.16);2.641498015372213
(4.17);5.033839052534689
(4.18);2.7128445383271242
(4.19);2.2968943206750763
(4.20);2.127320804627436
(4.21);1.7706956003300904
(4.23);1.367550746150612
(4.24);1.4717631999372018
(4.25);1.9804816220766739
(4.26);3.102311678019295
(4.27);4.1264800405736075
(4.28);2.999346044518231
(4.29);2.1984989408869025
(4.30);2.6140618937539184
(4.31);4.422352482913468
(5.6);6.384214613871796
(5.7);1.9147081193494147
(5.8);1.9706391974084179
(5.9);1.3812298282724744
(5.10);1.285563709923619
(5.11);1.3948907017490428
(5.12);4.425749488393139
(5.13);1.2602975893512907
(5.14);1.3562819769172703
(5.15);0.9929537210178121
(5.16);1.305009620524948
(5.17);2.922841800516166
(5.18);1.9586128013178072
(5.19);1.5748116412097488
(5.20);1.454352643406185
(5.21);1.1643379710863493
(5.22);0.9954723956802386
(5.23);0.8728552762753087
(5.24);0.9463630681696347
(5.25);1.3340208541813274
(5.26);2.4356238464579296
(5.27);3.0225229388055475
(5.28);1.9570880811530957
(5.29);1.5790369338748533
(5.30);1.976536064861067
(5.31);3.422858150085242
(6.7);2.089780709961084
(6.8);1.9677834881741896
(6.9);1.4494524375995073
(6.10);1.3257808044204937
(6.11);1.3454315648631023
(6.12);3.467729050601198
(6.13);1.2227464440673133
(6.14);1.2353703447173805
(6.15);0.9190155426655635
(6.16);1.1316327202568823
(6.17);2.161300294661403
(6.18);1.7092513251726336
(6.19);1.415527778877291
(6.20);1.3691789087921673
(6.21);1.1077356620262897
(6.22);0.959162982710895
(6.23);0.8557204929598589
(6.24);0.9043028165769951
(6.25);1.2233771846770527
(6.26);2.1417608221152373
(6.27);2.474283602187413
(6.28);1.7217880027665442
(6.29);1.4427586915899153
(6.30);1.7832183079855364
(6.31);2.5523365043817674
(7.8);6.917921444026157
(7.9);5.172855652634958
(7.10);3.4697361077164275
(7.11);2.628448895669652
(7.12);3.0970158582753347
(7.13);0.8291741482303289
(7.14);0.859057311654854
(7.15);0.7194305164793355
(7.16);0.9082185579632741
(7.17);1.4704433102826808
(7.18);2.2494058098436267
(7.19);1.8764711517824044
(7.20);2.2112921431031434
(7.21);1.612214988849321
(7.22);1.356363950195261
(7.23);1.191807568334629
(7.24);1.179369723357229
(7.26);2.4838315171945764
(7.27);2.1688569207422534
(7.28);1.5049528741463334
(7.29);1.613794250448968
(7.30);2.0893037077680843
(7.31);2.112113358644014
(8.9);4.661874791292876
(8.10);3.590287279511768
(8.11);3.644009771675848
(8.12);3.755372133175336
(8.13);0.8347139576428889
(8.14);0.8889817204230739
(8.15);0.7496924264839804
(8.16);0.9842199849767378
(8.17);1.6291745653718204
(8.18);3.0708549336563262
(8.19);2.405253868914297
(8.20);2.884954184593863
(8.21);1.9072299534944257
(8.22);1.5381487438573687
(8.23);1.2949945269563303
(8.24);1.3226095281266579
(8.25);1.8461885565832408
(8.26);3.034521194617032
(8.27);2.4980211867031707
(8.28);1.6486442500036107
(8.29);1.8368936722795226
(8.30);2.4672448176097532
(8.31);2.5082788198995436
(9.10);9.047152677551107
(9.11);3.4280557341595963
(9.12);2.1112022917899673
(9.13);0.7130238818692061
(9.14);0.7420583112965693
(9.15);0.642028807448181
(9.16);0.8085004466197873
(9.17);1.2298722832966922
(9.18);2.1606969098594897
(9.19);1.9237459656488318
(9.20);2.581557933039232
(9.21);1.856219504374137
(9.22);1.558289039029539
(9.23);1.3712430623062826
(9.24);1.2943400249877648
(9.25);1.6210638798889314
(9.26);2.4664081300978595
(9.27);1.958926616725381
(9.28);1.3948527717143704
(9.29);1.6360619462568862
(9.30);2.132504220224339
(9.31);1.7932509858155414
(10.11);4.182265685084023
(10.12);1.9001371548019843
(10.13);0.7068193738995117
(10.14);0.7397154893387392
(10.15);0.6487926598087248
(10.16);0.8186200996871977
(10.17);1.2027632356734579
(10.18);2.220661001318234
(10.19);2.0708889157469716
(10.20);3.0106414273446247
(10.21);2.1872043671996138
(10.22);1.8387481255575586
(10.23);1.6136891178815116
(10.24);1.4709659584421213
(10.25);1.7776502213597882
(10.26);2.566583136866955
(10.27);1.9431167036803523
(10.28);1.4025056993239151
(10.29);1.7344833337906795
(10.30);2.2637107195076944
(10.31);1.7435560559784717
(11.12);2.1850468023594942
(11.13);0.7566150904268257
(11.14);0.8214840290848628
(11.15);0.727307795276375
(11.16);0.971178184636601
(11.17);1.4351924321954466
(11.18);3.8587474305896516
(11.19);3.701414781226436
(11.21);3.553670800329889
(11.22);2.5225039738212955
(11.23);1.9018920215562036
(11.24);1.9369140935282372
(11.25);2.744661075771083
(11.26);3.8839216267109014
(11.27);2.479503157613326
(11.28);1.6815449273079213
(11.29);2.304261510773574
(11.30);3.278643490445233
(11.31);2.2338297537231084
(12.13);1.0896051107546505
(12.14);1.196609363600763
(12.15);0.9479354406600428
(12.16);1.3039092022421266
(12.17);2.654584816609086
(12.18);3.1366004845064506
(12.19);2.284298885124744
(12.20);2.1601547765176274
(12.21);1.582585141079026
(12.22);1.3037784004311277
(12.23);1.1044262704476246
(12.24);1.1969549372961508
(12.25);1.7653999581188915
(12.26);3.208651749702408
(12.28);2.0235594483426484
(12.29);1.8940718617681516
(12.30);2.497891588717319
(12.31);4.17591984156887
(13.15);2.0882369608999944
(13.16);1.5074597142659747
(13.17);1.6636793813437145
(13.18);0.992421987768856
(13.19);0.9152379809944968
(13.20);0.8312622375841172
(13.21);0.7561405347311053
(13.22);0.6882480785798285
(13.23);0.6332568053131784
(13.24);0.6941471774758633
(13.25);0.8865770443297459
(13.26);1.476636644194975
(13.27);1.987449354743141
(13.28);1.9553436683576724
(13.29);1.1918027941975222
(13.30);1.3235308132812391
(13.31);1.5369639210235382
(14.15);3.2940381873645443
(14.16);2.427525783034876
(14.17);2.265794084602186
(14.18);1.1423846884655557
(14.19);1.051375053174275
(14.20);0.9203950509691451
(14.21);0.8359731564229734
(14.22);0.753450498088472
(14.23);0.6814622734395067
(14.24);0.7680438410479963
(14.25);1.0185541332102666
(14.26);1.7580930369388015
(14.27);2.6474264066895437
(14.29);1.4055235763716944
(14.30);1.5586608538116244
(14.31);1.9220074586957303
(15.16);2.4475939376394327
(15.17);1.6259829344665673
(15.18);0.9972172807260932
(15.19);0.950204050165315
(15.20);0.8268734017359586
(15.21);0.7760643824121873
(15.22);0.7101014124006548
(15.23);0.6469380039416993
(15.24);0.7400678140967609
(15.25);0.9579452459181255
(15.26);1.6034879528656627
(15.27);2.3072543467652795
(15.28);3.05425093836226
(15.29);1.3900012343688597
(15.30);1.4725445164434343
(15.31);1.5357065986013412
(16.17);2.9394502224047714
(16.18);1.4873717803279014
(16.19);1.3998125143196516
(16.20);1.1340569851408417
(16.21);1.043379135924111
(16.22);0.9274024754404261
(16.23);0.8119962501293387
(16.24);0.9698702012823099
(16.25);1.383285259592817
(16.26);2.5267248671184985
(16.27);4.982836105864676
(16.29);2.0434089376944367
(16.30);2.2243089315212794
(16.31);2.6513213693804376
(17.18);2.365629571849985
(17.19);1.9768926040204458
(17.20);1.604049084383836
(17.21);1.3484263462008375
(17.22);1.153296134711166
(17.23);0.9859824814216088
(17.24);1.1415492109027416
(17.25);1.717162971254604
(17.26);3.2907232158279567
(17.27);6.829565473710103
(17.28);3.5361379447945085
(17.29);2.1384439802509716
(17.30);2.6138538010626275
(18.20);5.013895610709945
(18.21);3.0717951068363516
(18.22);2.2252809842674135
(18.23);1.657698278520594
(18.24);1.9998291588547623
(18.25);3.9896218833244665
(18.26);8.482296727982455
(18.27);4.494675948610632
(18.28);2.473615675638344
(18.29);3.223970147785364
(18.30);5.201080622240781
(18.31);4.421518097861064
(19.20);6.188916757822932
(19.22);2.8209472106320455
(19.23);1.939935187338928
(19.24);2.542185168778614
(19.25);6.816351250036043
(19.26);12.479611629395821
(19.27);4.005700174377826
(19.28);2.4309267697037575
(19.29);4.032972947162987
(19.30);7.663235881057569
(19.31);3.3218945350022415
(20.21);6.071764052233217
(20.22);3.5377450504332004
(20.23);2.3417039721026023
(20.24);2.6356372139957007
(20.25);4.299992637231108
(20.26);5.363465235682027
(20.27);2.865585498348374
(20.28);1.9289045614037879
(20.29);2.9972205446999967
(20.31);2.49860488116427
(21.22);8.269567226571839
(21.23);3.524673492030168
(21.24);4.534533980904689
(21.25);5.226846857920649
(21.26);4.668999293259764
(21.27);2.4678677702595775
(21.28);1.8203816617669384
(21.29);3.4276162310325207
(21.30);4.940517515306458
(21.31);1.9763987368321076
(22.23);5.7761549828715
(22.24);6.661120033584394
(22.25);3.7274090464199885
(22.26);3.5171188228743637
(22.27);2.0776414231384956
(22.28);1.6290841960295246
(22.29);3.099007453152383
(22.30);3.9199660097808904
(22.31);1.6269243164215956
(23.25);2.3747084213876715
(23.27);1.694821209105984
(23.28);1.3965735534164876
(23.29);2.3874681147841583
(23.30);2.7499144837375207
(23.31);1.3341251152814344
(24.25);3.8936980406570476
(24.26);3.4923736611144913
(24.27);2.0919792565958812
(24.28);1.724800910356284
(24.29);3.8701638561203144
(24.30);4.319487233275721
(24.31);1.570967530361106
(25.26);10.049180274527874
(25.27);3.5003954286397017
(25.28);2.47077559928456
(25.29);6.434741842485615
(25.31);2.5812791876036525
(26.27);7.037560103498984
(26.28);4.0312701097269965
(26.30);16.509956110524236
(26.31);5.267116215684417
(27.28);6.977771185231735
(27.29);4.274302841313643
(27.30);5.309777881519662
(27.31);9.602491517208037
(28.29);3.6888047597567097
(28.30);3.7277771852724157
(28.31);3.6338001737411476
(29.30);12.02635950689645
(29.31);2.8536535294848226
(30.31);3.77991712871756

****Importance nodes******

0; 0.05238095238095238
1; 0.03793103448275863
2; 0.03928571428571429
3; 0.03928571428571429
4; 0.03928571428571429
5; 0.012964140049790776
6; 0.01338233811591306
7; 0.014274493990307262
8; 0.014274493990307262
9; 0.013480095176962666
10; 0.015169803318283713
11; 0.016181123539502625
12; 0.015456126508060759
13; 0.017235698541088074
14; 0.01647535317058372
15; 0.017767161546590773
16; 0.01689578416963711
17; 0.018833077219821637
18; 0.020142601029345446
19; 0.02083717347863322
20; 0.020337619571142246
21; 0.02149194171602837
22; 0.021593388412993277
23; 0.023082587613889365
24; 0.023622691836283526
25; 0.024200890560781278
26; 0.03928571428571429
27; 0.03793103448275863
28; 0.03928571428571429
29; 0.03793103448275863
30; 0.03928571428571429
31; 0.025358461595987942
