
****Mix criterion 0.5*C(weight)+0.5*C(distance) ******

(0.5);0.4649577949157417
(0.6);0.41832240417691874
(0.7);0.39044117399445954
(0.8);0.42569832374765715
(0.9);0.3666110680771055
(0.10);0.35411537486143196
(0.11);0.4073028336945923
(0.12);0.4959669319624212
(0.13);0.3046666189212936
(0.14);0.3650590684899553
(0.15);0.31275523211721673
(0.16);0.4436990021409018
(0.17);0.5774096291755916
(0.18);0.5321701790959692
(0.19);0.4820442209475147
(0.20);0.4206654769296255
(0.21);0.3691356722915624
(0.22);0.3209737165586167
(0.23);0.25354878515268214
(0.24);0.3040654898946267
(0.25);0.4246983192509022
(0.31);0.9824127216643568
(1.2);0.5901598668286991
(1.3);0.4029539441592133
(1.4);0.44550689301367435
(1.5);0.4663899556788395
(1.6);0.5100757300138525
(1.7);0.5458079203877906
(1.8);0.4884272670024939
(1.9);0.46664212642043035
(1.10);0.42945063600590866
(1.11);0.394350689464611
(1.12);0.48494098155161275
(1.13);0.2575610460145044
(1.14);0.2626879964840159
(1.15);0.18199924955757435
(1.16);0.2511811363320866
(1.17);0.3597329276848522
(1.18);0.3787751137299121
(1.19);0.34043331500327667
(1.20);0.3604285157538558
(1.21);0.29946379383298644
(1.22);0.26139742678140715
(1.23);0.2195181356301332
(1.24);0.2148169322521184
(1.25);0.284246196259007
(1.26);0.3235999031292945
(1.27);0.32526140095087575
(1.28);0.22261852189089998
(1.29);0.2190137053777101
(1.30);0.2801852805257686
(1.31);0.38198565979509486
(2.3);0.4901226781991502
(2.4);0.5248225590002599
(2.5);0.4955616137933338
(2.6);0.5808809670632601
(2.7);0.43967111500882794
(2.8);0.41493092353373096
(2.9);0.38498588576994547
(2.10);0.3550147499482355
(2.11);0.33496432698780354
(2.12);0.4566572785118876
(2.13);0.31542501588705824
(2.14);0.3081395331106207
(2.15);0.2211573385755702
(2.16);0.2720323645845259
(2.17);0.3779952202161275
(2.18);0.34263848163177085
(2.19);0.3022860619238534
(2.20);0.3080951506879659
(2.21);0.24843609894927032
(2.22);0.20854347557278427
(2.23);0.16263612597566743
(2.24);0.16727590117764396
(2.25);0.2465488138061429
(2.26);0.2941248315851308
(2.27);0.324748173700669
(2.28);0.23296428964128646
(2.29);0.19179581930836584
(2.30);0.24862677456108082
(2.31);0.37874077000858086
(3.5);0.4639963428170384
(3.6);0.47259370522490657
(3.7);0.33462621312537666
(3.8);0.3287729998878274
(3.9);0.28791249475983394
(3.10);0.262219932868938
(3.11);0.2633251327867116
(3.12);0.3953853349655469
(3.13);0.4438199236202305
(3.14);0.41667804829315885
(3.15);0.31670930574730083
(3.16);0.33420286473247646
(3.17);0.41669674891110087
(3.18);0.3021814889441291
(3.19);0.26302353518104243
(3.20);0.24766145349746788
(3.21);0.19166649437821898
(3.22);0.14919535272780618
(3.23);0.0952613936388962
(3.24);0.11880835159997472
(3.25);0.2121481172262525
(3.26);0.270884762969915
(3.27);0.3442866460462957
(3.28);0.2811977235147766
(3.29);0.17895100465742328
(3.30);0.22547059122869006
(3.31);0.37948447737644975
(4.5);0.565585174743946
(4.6);0.5513026326627973
(4.7);0.3805343513621442
(4.8);0.3797463160777021
(4.9);0.3325392326315042
(4.10);0.30701179690972596
(4.11);0.31361585182601515
(4.12);0.4609165175616585
(4.13);0.4068165836945263
(4.14);0.41320307123557565
(4.15);0.3164904946743034
(4.16);0.36309327680472664
(4.17);0.47638025954847946
(4.18);0.35747706223051134
(4.19);0.3160501102111536
(4.20);0.2993013618219219
(4.21);0.24207078631709425
(4.22);0.1986691508037291
(4.23);0.14326099596368597
(4.24);0.1683958374504226
(4.26);0.32501280504663804
(4.27);0.3966611147917357
(4.28);0.315354933161443
(4.29);0.2276590325981902
(4.30);0.2772551326455531
(4.31);0.4418790200189731
(5.6);0.5557744308634888
(5.7);0.41427913453918186
(5.8);0.4186548115409774
(5.9);0.36961839347306125
(5.10);0.3459076233162738
(5.11);0.3548503320942496
(5.12);0.5122807227397571
(5.13);0.3289231523050202
(5.14);0.3487648316354641
(5.15);0.2706806437001598
(5.16);0.3392329046954004
(5.17);0.45511861829995615
(5.18);0.39385529968859573
(5.19);0.35238232969293687
(5.20);0.34057453697593787
(5.21);0.28369763190306563
(5.22);0.24137593953414688
(5.23);0.1876884023397344
(5.24);0.2094808117898788
(5.25);0.29922004400428387
(5.26);0.35685424576756825
(5.27);0.4030666011559874
(5.28);0.3062902610117033
(5.29);0.25611824269506106
(5.30);0.30940621401138313
(5.31);0.45914764499845523
(6.7);0.4244517268032094
(6.8);0.41678910449893875
(6.9);0.37540127675769713
(6.10);0.34919963229566725
(6.11);0.3457103164893653
(6.12);0.48380845834983754
(6.13);0.319952370116747
(6.14);0.3277019690423592
(6.15);0.24652977770370024
(6.16);0.3062758299672226
(6.17);0.4129279936285718
(6.18);0.3691861973505565
(6.19);0.3289855782985006
(6.20);0.32579124156110556
(6.21);0.2680751868844346
(6.22);0.22711829439602768
(6.23);0.17712126442352294
(6.24);0.19114589160149187
(6.25);0.2752590856530398
(6.26);0.32690071972867746
(6.27);0.3633031425627161
(6.28);0.2710278273319612
(6.29);0.22673294439093572
(6.30);0.28116205041176456
(6.31);0.4159017864768756
(7.8);0.5615555748171609
(7.9);0.5313204965188766
(7.10);0.4805734995097929
(7.11);0.44416950527367893
(7.12);0.46778236562636
(7.13);0.2126577499974299
(7.14);0.23088213391437312
(7.15);0.1600437987002332
(7.16);0.2434329897338018
(7.17);0.34329679054857737
(7.18);0.4099946186126268
(7.19);0.3777034943249092
(7.20);0.4076680091438063
(7.21);0.34778041659426784
(7.22);0.3111484440798084
(7.23);0.2700350649445604
(7.24);0.2637632322462313
(7.25);0.32517658538821514
(7.26);0.3563077456112121
(7.27);0.33132730872402105
(7.28);0.22669665466466843
(7.29);0.25543026229663374
(7.30);0.3173120543013396
(7.31);0.3813491477389441
(8.9);0.5204796363476084
(8.10);0.4852022268122693
(8.11);0.4838526338921223
(8.12);0.4909539915238259
(8.13);0.2148755910157713
(8.14);0.24094003815429782
(8.15);0.17471874471646615
(8.16);0.26552430353938317
(8.17);0.36299860644354753
(8.18);0.4536979470951408
(8.19);0.4173768531357641
(8.20);0.4462039806071977
(8.21);0.37908370571213856
(8.22);0.33847831743182677
(8.23);0.29126472181473834
(8.24);0.2932650198093046
(8.25);0.3612647539533435
(8.26);0.39648913800763785
(8.27);0.36230022134073153
(8.28);0.2543887430161183
(8.29);0.2911113663785864
(8.30);0.35516806954526964
(8.31);0.41039919854520585
(9.10);0.6056116933409795
(9.11);0.4805861027239399
(9.12);0.42351311884052656
(9.13);0.1717753693105469
(9.14);0.19391988531344423
(9.15);0.12701857645067532
(9.16);0.21711884644373877
(9.17);0.31138130724762564
(9.18);0.4082477832207442
(9.19);0.38646478995601
(9.20);0.4346311397632443
(9.21);0.37861245717032405
(9.22);0.34590968425992474
(9.23);0.3101079972125941
(9.24);0.2933842242725678
(9.25);0.3400792070505585
(9.26);0.35856297362304596
(9.27);0.31140788157665045
(9.28);0.20736577521536428
(9.29);0.264116317344024
(9.30);0.3262060694979752
(9.31);0.35536669086377803
(10.11);0.49802924997291365
(10.12);0.400319250165994
(10.13);0.14956646716285069
(10.14);0.17451352834897366
(10.15);0.11029835133145259
(10.16);0.20422692052809197
(10.17);0.2946788332627821
(10.18);0.4053320673836953
(10.19);0.3910779838780967
(10.20);0.44959428388939854
(10.21);0.39862202023038257
(10.22);0.36883184828794435
(10.23);0.33605690758480017
(10.24);0.3132513778334922
(10.25);0.3501109542617478
(10.26);0.36062003266008374
(10.27);0.301614055484138
(10.28);0.19880612581950308
(10.29);0.27161466328859407
(10.30);0.3330141215588997
(10.31);0.3414531605136402
(11.12);0.4167006764507554
(11.13);0.1632846180930202
(11.14);0.19925434243965595
(11.15);0.1433490301467174
(11.16);0.24634640404484712
(11.17);0.32802870671102957
(11.18);0.47783164300695863
(11.19);0.47016121296153
(11.20);0.5784816154046237
(11.21);0.4652267315995491
(11.22);0.41735822356007757
(11.23);0.3637122680509967
(11.24);0.36506991638962294
(11.25);0.4211060056299978
(11.26);0.4355652261222369
(11.27);0.35410654701594924
(11.28);0.25054077657631574
(11.29);0.3380131850991468
(11.30);0.4055145803396525
(11.31);0.3843259743992149
(12.13);0.27952384464778063
(12.14);0.3077466994417958
(12.15);0.2381584893180398
(12.16);0.3243963399334906
(12.17);0.43616432499603647
(12.18);0.4544131810267973
(12.19);0.40632275534274254
(12.20);0.4007494067979384
(12.21);0.33896598589355564
(12.22);0.29550345153762214
(12.23);0.24145038322974918
(12.24);0.26046921774411047
(12.25);0.3479048060021799
(12.26);0.40436686217844636
(12.27);0.41661334154547897
(12.28);0.30466809020338365
(12.29);0.29419948299624615
(12.30);0.35435827347762117
(12.31);0.4817272751158851
(13.14);0.48177337183467606
(13.15);0.39681129345229954
(13.16);0.34359895066522533
(13.17);0.35247802028933733
(13.18);0.21753080651954526
(13.19);0.1853648248842125
(13.20);0.15651075928664424
(13.21);0.10808934985716895
(13.22);0.06647417425359675
(13.23);0.008601782678638103
(13.24);0.04722707130314377
(13.25);0.14479951701329088
(13.26);0.2046379673998636
(13.27);0.2984073513532153
(13.28);0.2878518766609427
(13.29);0.13467747582762382
(13.30);0.16602481287211734
(13.31);0.3032475844584344
(14.15);0.4649489666306748
(14.16);0.427846286322946
(14.17);0.40973207497904046
(14.18);0.2641475138718103
(14.19);0.2356291686713523
(14.20);0.19905357534556117
(14.21);0.15512384438315865
(14.22);0.11399935199782715
(14.23);0.05369399685093987
(14.24);0.10082684652374937
(14.25);0.20042389484764983
(14.26);0.26316045845490466
(14.27);0.3677682889830378
(14.28);0.3694274618449329
(14.29);0.20057399759557493
(14.30);0.22689596520485608
(14.31);0.35600377681853707
(15.16);0.4240799980675457
(15.17);0.345798356372328
(15.18);0.21504268191790246
(15.19);0.1936545488413944
(15.20);0.14968768301460028
(15.21);0.11346513847889991
(15.22);0.0746744996252333
(15.23);0.013035298131179415
(15.24);0.07103749744712648
(15.25);0.16892423685566324
(15.26);0.22883552131701831
(15.27);0.3329498240196738
(15.28);0.38733502791748275
(15.29);0.1888664668843674
(15.30);0.2009309815949552
(15.31);0.30061629465555084
(16.17);0.44699774122167313
(16.18);0.32550090197016046
(16.19);0.30776238559033375
(16.20);0.258668271211552
(16.21);0.22604808408424126
(16.22);0.18758710413492935
(16.23);0.12494070907164757
(16.24);0.18581937640490476
(16.25);0.28608918885135864
(16.26);0.3525798996549865
(16.27);0.4802188890907855
(16.28);0.5445193292070887
(16.29);0.30784939787530496
(16.30);0.323352237061445
(16.31);0.41260866797309326
(17.18);0.4029414414582033
(17.19);0.3689471587159784
(17.20);0.3307520897496789
(17.21);0.2838530094052981
(17.22);0.2409533104526991
(17.23);0.17976441155969822
(17.24);0.2237678274863273
(17.25);0.32652004176710464
(17.26);0.4000597735285015
(17.27);0.5263759029988438
(17.28);0.41246967177029614
(17.29);0.31083416159485544
(17.30);0.3529483300846048
(17.31);0.5496526387625534
(18.19);0.5823599920374823
(18.20);0.5057817405269399
(18.21);0.4354555634404879
(18.22);0.38349807045838086
(18.23);0.3177485659277163
(18.24);0.3554412865170603
(18.25);0.4660800579793739
(18.26);0.5586232756022335
(18.27);0.45516749142660506
(18.28);0.33508012658057934
(18.29);0.3957287774613973
(18.30);0.4771506512926844
(18.31);0.4792889401396252
(19.20);0.5316928227784028
(19.21);0.4782264764064803
(19.22);0.42026038401785026
(19.23);0.34814187703913246
(19.24);0.39681746364170734
(19.25);0.5378643548088134
(19.27);0.43336017377231206
(19.28);0.32829058153485086
(19.29);0.4345482304079468
(19.30);0.5392307646047962
(19.31);0.4352585023775367
(20.21);0.5308599981669296
(20.22);0.45711244836005527
(20.23);0.3870018928709804
(20.24);0.4058879672327014
(20.25);0.47760894798133097
(20.26);0.4832608727629551
(20.27);0.37239738913416665
(20.28);0.2714743798755735
(20.29);0.3816020041059929
(20.30);0.45664728636376545
(20.31);0.3911494634940761
(21.22);0.5750521609444617
(21.23);0.4492435761369163
(21.24);0.48461845472063414
(21.25);0.5022582928340832
(21.26);0.4573610342441032
(21.27);0.33567307330766716
(21.28);0.24937343616680469
(21.29);0.40457747629344637
(21.30);0.4670227088059389
(21.31);0.3410603705583413
(22.23);0.5198961439449006
(22.24);0.5400785865737764
(22.25);0.4547533258615325
(22.26);0.40647952684505684
(22.27);0.29285262428270653
(22.28);0.21415774923273734
(22.29);0.38501806669425176
(22.30);0.4267843551557977
(22.31);0.29605284620407896
(23.24);0.47720021452216493
(23.25);0.37574354022808154
(23.26);0.33145130966993236
(23.27);0.2265794411715839
(23.28);0.15064356151541683
(23.29);0.3222775492731432
(23.30);0.3509763133172177
(23.31);0.2331636141521427
(24.25);0.4564337155622
(24.26);0.399871211823446
(24.27);0.28639163667658957
(24.28);0.22265710154575163
(24.29);0.4225316581585081
(24.30);0.43977727371514075
(24.31);0.2767927995039169
(25.26);0.5852234472626393
(25.27);0.4014857999005207
(25.28);0.321176284311206
(25.29);0.5083434557510109
(25.31);0.38414720852327444
(26.27);0.5028894435395035
(26.28);0.38661432157206543
(26.29);0.5085969934915463
(26.30);0.6878942813251583
(26.31);0.47154790753437037
(27.28);0.4996060620438011
(27.29);0.4060369146972019
(27.30);0.44806772217426316
(27.31);0.5783686464962086
(28.29);0.3694993760079682
(28.30);0.36876722073939594
(28.31);0.40247802689506174
(29.30);0.6114467642640442
(29.31);0.3565591781920125
(30.31);0.4111878484646169
