
****Mix criterion 0.5*C(weight)+0.5*C(distance) ******

(0.5);0.4650073116588188
(0.6);0.41872998122136496
(0.7);0.3904817991796684
(0.8);0.42574542474303917
(0.9);0.36664510798914346
(0.10);0.35414645231658315
(0.11);0.40734128915095047
(0.12);0.4960266795395868
(0.13);0.30468914147573134
(0.14);0.3650866696031032
(0.15);0.31240523742274096
(0.16);0.4437137241594185
(0.17);0.5774343066938034
(0.18);0.5321849082136081
(0.19);0.48204488618717684
(0.20);0.42066810190567294
(0.21);0.36913557731333907
(0.22);0.32097182958717974
(0.23);0.2535458349533217
(0.24);0.30406017563397114
(0.25);0.4251633681255233
(0.31);0.9824127216643568
(1.2);0.5904700925310826
(1.3);0.40206987359469026
(1.4);0.44311560192063626
(1.5);0.4664106117210111
(1.6);0.5108049142273957
(1.7);0.5458625609777553
(1.8);0.4884626574573908
(1.9);0.46667078917564675
(1.10);0.42947176569178125
(1.11);0.39436662355570956
(1.12);0.4849656343471391
(1.13);0.2575682429960748
(1.14);0.26269444914163936
(1.15);0.1817580223425791
(1.16);0.251175786399931
(1.17);0.3597227972594812
(1.18);0.3787618930880698
(1.19);0.3404168452119414
(1.20);0.3604122346591252
(1.21);0.2994495778865521
(1.22);0.2613835755039755
(1.23);0.21950471578682956
(1.24);0.21480235070244555
(1.25);0.28449480469478383
(1.26);0.3236870954263317
(1.27);0.3253479047120131
(1.28);0.2226795854100065
(1.29);0.21958082108190163
(1.30);0.28025978305922883
(1.31);0.38196562697766656
(2.3);0.48875852062699254
(2.4);0.5212388237415377
(2.5);0.4955865783494708
(2.6);0.5820135523364214
(2.7);0.43969890080371515
(2.8);0.4149534630127749
(2.9);0.38500375125057
(2.10);0.3550290176269501
(2.11);0.33497628334540774
(2.12);0.456677941322176
(2.13);0.315433967910895
(2.14);0.30814718478817726
(2.15);0.22088649896919962
(2.16);0.2720266119361453
(2.17);0.3779841595293004
(2.18);0.34262731772105604
(2.19);0.3022720023300458
(2.20);0.30808214653927085
(2.21);0.24842425592095227
(2.22);0.20853178150464063
(2.23);0.16262471610521614
(2.24);0.16726316556801163
(2.25);0.24676691925013108
(2.26);0.29420304308288425
(2.27);0.3248345061479561
(2.28);0.23302728360619274
(2.29);0.19232060709105936
(2.30);0.24869393280399915
(2.31);0.3787210476414956
(3.4);0.6482988022917022
(3.5);0.46247769200227545
(3.6);0.4715396373642863
(3.7);0.333879090076991
(3.8);0.3280445659383607
(3.9);0.28729475737780774
(3.10);0.2616570809473759
(3.11);0.2627597271200649
(3.12);0.394384758473355
(3.13);0.4425097430800363
(3.14);0.4155576642871158
(3.15);0.31562858167315266
(3.16);0.33344254009211766
(3.17);0.41555919771336114
(3.18);0.30151338563656493
(3.19);0.2624409804855505
(3.20);0.2471105450107471
(3.21);0.1912018811271081
(3.22);0.14878041052919522
(3.23);0.09489646363539206
(3.24);0.11842190117978132
(3.25);0.2118617590474788
(3.26);0.27036398560023367
(3.27);0.3436013991207465
(3.28);0.28065609921061624
(3.29);0.17900585786997653
(3.30);0.2250191852101757
(3.31);0.3785576049831605
(4.5);0.5596670759633258
(4.6);0.546779390597441
(4.7);0.37859913120088895
(4.8);0.3778206862546835
(4.9);0.3309957863094742
(4.10);0.30562432932514555
(4.11);0.3121914873577181
(4.12);0.45790999664111953
(4.13);0.40461436603672835
(4.14);0.4109275551189107
(4.15);0.31466636870595444
(4.16);0.3613158994566599
(4.17);0.4731025322225805
(4.18);0.3557476301519206
(4.19);0.3145979073123659
(4.20);0.29794639414302226
(4.21);0.240963037257804
(4.22);0.19769886215549157
(4.23);0.1424251445480109
(4.24);0.16750282257391527
(4.25);0.2623937686614706
(4.26);0.32361435233372343
(4.27);0.3947663564754293
(4.28);0.31400146666469586
(4.29);0.22716778026072648
(4.30);0.27607677201436703
(4.31);0.4392780103253817
(5.6);0.5568431741018498
(5.7);0.41417000899083606
(5.8);0.41854085281020076
(5.9);0.3695348935298172
(5.10);0.3458334669038694
(5.11);0.3547714639538332
(5.12);0.5120200827015535
(5.13);0.3288521923400658
(5.14);0.3486852273474057
(5.15);0.27029974366857396
(5.16);0.33914072157989783
(5.17);0.4549209922602729
(5.18);0.3937256217015227
(5.19);0.35227428563868446
(5.20);0.3404748419649965
(5.21);0.2836189263671703
(5.22);0.24130746939675837
(5.23);0.1876296515089262
(5.24);0.2094167361360126
(5.25);0.2994151771884389
(5.26);0.35686707432399944
(5.27);0.4030807225076189
(5.28);0.30629916754217096
(5.29);0.25669033150009735
(5.30);0.3094166245287885
(5.31);0.4589397980218735
(6.8);0.41711141658950124
(6.9);0.37564444320638063
(6.10);0.349407763035031
(6.11);0.34591316826078305
(6.12);0.4843413292799323
(6.13);0.3201282789837665
(6.14);0.32788308138653904
(6.15);0.24636209763447547
(6.16);0.30642517733787933
(6.17);0.413193347614466
(6.18);0.36938571148632343
(6.19);0.3291421975407861
(6.20);0.3259464472372649
(6.21);0.26819512908638393
(6.22);0.22722053754664157
(6.23);0.17720759789722043
(6.24);0.1912345502655262
(6.25);0.27563477457095864
(6.26);0.3271601805892181
(6.27);0.36360899546917513
(6.28);0.2712351878709928
(6.29);0.22742305682350228
(6.30);0.2813780761005083
(6.31);0.4161506986439164
(7.8);0.5612083604600464
(7.9);0.5310490610538907
(7.10);0.4803990242400288
(7.11);0.4440395638754882
(7.12);0.46762283626016465
(7.13);0.21261674937918112
(7.14);0.23083783655278353
(7.15);0.1597823035922088
(7.16);0.24337567756342413
(7.17);0.3432076215090134
(7.18);0.40986065636275093
(7.19);0.37758716223287947
(7.20);0.4075312546371109
(7.21);0.3476818418470604
(7.22);0.3110639396939741
(7.23);0.26996219862170745
(7.24);0.26369056896680987
(7.25);0.32540073224442545
(7.26);0.3563271059305507
(7.27);0.3313430981066331
(7.28);0.22670733368433238
(7.29);0.2560046663413576
(7.30);0.317328339458645
(7.31);0.38123271584973617
(8.9);0.5202311932972947
(8.10);0.48501891631956223
(8.11);0.48366976533647393
(8.12);0.49075767687917027
(8.13);0.21483371396512355
(8.14);0.24089354019822368
(8.15);0.17444571799870007
(8.16);0.2654614772152883
(8.17);0.3628986925817568
(8.18);0.4535130344975533
(8.19);0.41722618103402814
(8.20);0.4460236685830595
(8.21);0.37896588020306005
(8.22);0.3383815121033891
(8.23);0.2911847582724111
(8.24);0.29318273747079776
(8.25);0.36153134259685027
(8.26);0.3965115020926783
(8.27);0.3623173187469776
(8.28);0.2543997415628647
(8.29);0.29176437878964523
(8.30);0.3551862528662543
(8.31);0.4102594882939034
(9.10);0.6051295477861347
(9.11);0.48040675061572147
(9.12);0.423398011446494
(9.13);0.17173812719778014
(9.14);0.19387946125040872
(9.15);0.1267783324756076
(9.16);0.21706526232493478
(9.17);0.3113031338748377
(9.18);0.40811309331637474
(9.19);0.38634017516745894
(9.20);0.4344642078091936
(9.21);0.37849393200318665
(9.22);0.34580834696061974
(9.23);0.3100206052811088
(9.24);0.29330115753284514
(9.25);0.34031721271318216
(9.26);0.358580327018169
(9.27);0.31142060180325976
(9.28);0.20737460011129694
(9.29);0.26470617437407074
(9.30);0.32622107357936936
(9.31);0.3552636803860818
(10.11);0.4978189985935953
(10.12);0.40021986271446397
(10.13);0.14953094550932147
(10.14);0.17447481705161416
(10.15);0.11006755363362622
(10.16);0.20417490598039617
(10.17);0.29460532478869234
(10.18);0.4051987392822973
(10.19);0.3909487388442576
(10.20);0.4494068153338161
(10.21);0.3984873516214036
(10.22);0.36871655620359367
(10.23);0.33595758459535086
(10.24);0.3131601687395578
(10.25);0.3503596543753149
(10.26);0.36063638829249206
(10.27);0.3016253847071821
(10.28);0.1988140996198904
(10.29);0.2722193141914926
(10.30);0.3330285471272264
(10.31);0.341356137767455
(11.12);0.41658831226189835
(11.13);0.16324717824952678
(11.14);0.19921205400959116
(11.15);0.14309747348813337
(11.16);0.24628584824058908
(11.17);0.32794250104204536
(11.18);0.47760375722158277
(11.19);0.4699340156876527
(11.20);0.5779790701828876
(11.21);0.4650114419886344
(11.22);0.4172026229038598
(11.23);0.36359700947438894
(11.24);0.36495164970064475
(11.25);0.4214786773931247
(11.26);0.43558777350655703
(11.27);0.3541195871006475
(11.28);0.2505494040902339
(11.29);0.3388003859112999
(11.30);0.40553361389437703
(11.31);0.38420335064837857
(12.13);0.2794678709299319
(12.14);0.3076827339402245
(12.15);0.23782273185738784
(12.16);0.3243121745956324
(12.17);0.4359995052463695
(12.18);0.4542218951422992
(12.19);0.4061781160690107
(12.20);0.4006129045999351
(12.21);0.3388671218054048
(12.22);0.29542054545841123
(12.23);0.24138145355645457
(12.24);0.2603939856062424
(12.25);0.3481477457352321
(12.26);0.40438422244613625
(12.27);0.41662966417971586
(12.28);0.3046776553947362
(12.29);0.29485442243236654
(12.30);0.3543717882090483
(12.31);0.4814913282766924
(13.14);0.481580240656402
(13.15);0.39610765678985643
(13.16);0.3435055424255957
(13.17);0.3523785914493738
(13.18);0.2174724572846159
(13.19);0.18530894095523867
(13.20);0.15646012917040442
(13.21);0.10804376383505752
(13.22);0.06643194247892494
(13.23);0.008563585506781993
(13.24);0.047184889484066767
(13.25);0.1449157103886488
(13.26);0.20464500871020364
(13.27);0.2984157131427199
(13.28);0.28785990619817475
(13.29);0.1350757123326825
(13.30);0.16603112410056853
(13.31);0.30316340959074495
(14.15);0.4638117393849648
(14.16);0.4276904381955242
(14.17);0.4095919792360026
(14.18);0.26407809449333847
(14.19);0.23556288874677747
(14.20);0.19899567053441888
(14.21);0.15507183024782534
(14.22);0.11395165130355064
(14.23);0.05365162787873815
(14.24);0.10077876209041847
(14.25);0.20055919116760051
(14.26);0.2631680886122772
(14.27);0.3677782441702361
(14.28);0.36943749747619
(14.29);0.20104950074620515
(14.30);0.22690272982274323
(14.31);0.35589533685393593
(15.16);0.4232183171729337
(15.17);0.3452544164962032
(15.18);0.21471950118954078
(15.19);0.19334901740859722
(15.20);0.14941910784221557
(15.21);0.11321956272003089
(15.22);0.07444951381371251
(15.23);0.012837015768963535
(15.24);0.07081272059234361
(15.25);0.16881792372512622
(15.26);0.228559563210166
(15.27);0.3325415410606286
(15.28);0.3868073923229126
(15.30);0.2006775586763188
(15.31);0.3001739820331927
(16.17);0.44678675752457253
(16.18);0.3253962306442291
(16.19);0.30766097577992596
(16.20);0.2585861147734587
(16.21);0.22597351111115607
(16.22);0.1875198432875469
(16.23);0.12488300971471954
(16.24);0.18575015824794122
(16.25);0.2862582173462793
(16.26);0.35257363271345743
(16.27);0.4802028242871855
(16.28);0.544495436171972
(16.29);0.30852119008989615
(16.30);0.3233467201908914
(16.31);0.4124366399552323
(17.18);0.4027807683082525
(17.19);0.368808907621908
(17.20);0.33063996516275207
(17.21);0.28375990282031005
(17.22);0.2408725134887394
(17.23);0.17969662965277577
(17.24);0.22368897992563125
(17.25);0.32671879776641405
(17.26);0.4000495789166235
(17.27);0.5263497381909635
(17.28);0.41245644021346084
(17.29);0.31151167027519244
(17.30);0.35294023240416805
(17.31);0.5492040526764264
(18.19);0.581744263561507
(18.20);0.5054373976289991
(18.21);0.4352470321509422
(18.22);0.38334482409556636
(18.23);0.31763644753764136
(18.24);0.35530536998495643
(18.25);0.4665244259859602
(18.26);0.5585915791250955
(18.27);0.4551474079865038
(18.28);0.3350693257404138
(18.29);0.39672484073951486
(18.30);0.4771312159984095
(18.31);0.47901448736480357
(19.20);0.5312558539339344
(19.21);0.47793116411336034
(19.22);0.4200608491313191
(19.23);0.3480071323278369
(19.24);0.396640120405466
(19.25);0.538592628189333
(19.27);0.4333338262341208
(19.28);0.32827495235836374
(19.29);0.43577079367071414
(19.30);0.5391862646253035
(19.31);0.4350462690064909
(20.21);0.5304365461821268
(20.22);0.4568622859264221
(20.23);0.3868393235626686
(20.24);0.4057041864452144
(20.25);0.47807701728440083
(20.26);0.48323272388638006
(20.27);0.3723801599495842
(20.28);0.27146304593781
(20.29);0.3825202395508647
(20.30);0.45662324762298384
(20.31);0.39099006434046407
(21.22);0.5744741790455088
(21.23);0.4490015561269634
(21.24);0.4843057013723588
(21.25);0.5028075830958272
(21.26);0.45733343827363593
(21.27);0.33565660052512797
(21.28);0.249361556124593
(21.29);0.4056044991939505
(21.30);0.4669935080357348
(21.31);0.3409354388113425
(22.23);0.5194942476956111
(22.24);0.5396131486340788
(22.25);0.4551402815894808
(22.26);0.40645601220482724
(22.27);0.2928371114761429
(22.28);0.2141458562643919
(22.29);0.38594255685475115
(22.30);0.42675814717276545
(22.31);0.29594857128754504
(23.24);0.4768981149498836
(23.25);0.37597982479643033
(23.26);0.3314328149180955
(23.27);0.2265657249915554
(23.28);0.15063250454905555
(23.29);0.3229704598755353
(23.30);0.35095619149791135
(23.31);0.23307937552810973
(24.25);0.45681261800004697
(24.26);0.3998430491021315
(24.27);0.28637312384286795
(24.28);0.22264216671976922
(24.29);0.42364183071480865
(24.30);0.43974244109785043
(24.31);0.27669306652230913
(25.26);0.5863957600197188
(25.27);0.4019009426960947
(25.28);0.32146306269213215
(25.29);0.5109916776040792
(25.31);0.38439741864831817
(26.27);0.5030906523435004
(26.28);0.3867275912389277
(26.29);0.5105130766260533
(26.30);0.6883660367275497
(26.31);0.47151880542461877
(27.28);0.4998021800947743
(27.29);0.4071847314949797
(27.30);0.4482195324666539
(27.31);0.5783087775021402
(28.29);0.37047258503299973
(28.30);0.36887196293439145
(28.31);0.4024558458857157
(29.30);0.6146254793517043
(29.31);0.3573620790618086
(30.31);0.4111669634948104
