
****Importance edges******

(0.5);5.222759396522261
(0.6);4.059822577946976
(0.7);3.5657072836927157
(0.8);4.259145949150027
(0.10);3.039465361465594
(0.11);3.956045701748953
(0.12);6.389380826749697
(0.13);2.529497083269757
(0.14);3.2666978669545905
(0.15);2.643525434253749
(0.16);4.86810684707708
(0.17);10.116817018043303
(0.18);7.982133169072711
(0.19);6.105999964259726
(0.20);4.386591379159869
(0.21);3.481712247351996
(0.22);2.8698265792670545
(0.23);2.275913724824852
(0.24);2.7345566923946296
(0.25);4.659394144774939
(0.31);36.93682027038414
(1.2);10.789820434564776
(1.3);4.172336085581049
(1.4);5.090912800860455
(1.5);4.3890350165233
(1.6);5.855701804916402
(1.7);7.449661342999269
(1.8);5.13224556678531
(1.9);4.375194923625818
(1.10);3.5964926325216338
(1.11);3.0063928604004295
(1.12);5.115618129397609
(1.13);1.680898499787607
(1.14);1.726512759979375
(1.15);1.3531775505005428
(1.16);1.6905010078083913
(1.17);2.6291050314518456
(1.18);2.906222866405617
(1.19);2.456935104298637
(1.20);2.6852432546647034
(1.21);2.112943583584483
(1.22);1.8586525756325731
(1.23);1.640016397445432
(1.24);1.6348829679226422
(1.25);2.0785173161127175
(1.26);2.981196080987917
(1.27);3.008648356389798
(1.28);2.1238227561398855
(1.29);2.1013021301134827
(1.30);2.638295461114802
(1.31);3.177891825214089
(2.3);6.438087742240964
(2.4);7.62955365686744
(2.5);5.304516235345796
(2.6);9.095207363371376
(2.7);3.7882966159321705
(2.8);3.2686254454138144
(2.9);2.7270567517552773
(2.10);2.4285075362505952
(2.11);2.2558869480098314
(2.12);4.28766980210424
(2.13);2.0907992177255617
(2.14);2.0473299077057163
(2.15);1.519289915668425
(2.16);1.817753497061652
(2.17);2.8705317223638147
(2.18);2.4541026816077998
(2.19);2.0973859883703274
(2.20);2.1447760819373776
(2.21);1.7602521795107966
(2.22);1.5691845017150587
(2.23);1.3943810079949959
(2.24);1.4279162188639383
(2.25);1.8234938032224604
(2.26);2.6741331346210107
(2.27);3.002689966523586
(2.28);2.1909647220649417
(2.29);1.9444668477369307
(2.30);2.378218286529183
(2.31);3.128643754594108
(3.4);13.94657143393199
(3.5);4.280245927663492
(3.6);4.541929770165796
(3.7);2.17685837115288
(3.8);2.1196939078826613
(3.9);1.7654524865756946
(3.10);1.6612379959662473
(3.11);1.6979701786999044
(3.12);3.00049830147226
(3.13);3.9606880619159024
(3.14);3.4148807935330843
(3.15);2.1324369269763976
(3.16);2.3154479558507393
(3.17);3.492719057484911
(3.18);2.0685271190455716
(3.19);1.8108563198587002
(3.20);1.7193015483747118
(3.21);1.475722125647602
(3.22);1.3298277111716938
(3.23);1.1802684808248378
(3.24);1.2615286630409377
(3.25);1.6341849531911006
(3.26);2.463551755971785
(3.27);3.2339957801276165
(3.28);2.556174495296186
(3.29);1.875488865990512
(3.30);2.21165254064509
(3.31);3.1261948399519337
(4.5);7.997487313600918
(4.6);7.365083525781263
(4.7);2.6923046892633673
(4.8);2.677327563059043
(4.9);2.109056126545275
(4.10);1.9593533139722377
(4.11);2.0481429841877343
(4.12);4.320192814237442
(4.13);3.1925074602114556
(4.14);3.328642853515628
(4.15);2.1240298727643383
(4.16);2.626128627648741
(4.17);4.8883391411743204
(4.18);2.603913764118219
(4.19);2.2029813558661715
(4.20);2.0615938116917483
(4.21);1.717558599141114
(4.22);1.5199778769049834
(4.23);1.3231722098311187
(4.24);1.428835136119946
(4.25);1.9218598212944458
(4.26);2.9803658261952255
(4.27);4.033824821705785
(4.28);2.881447571935537
(4.29);2.149134252691237
(4.30);2.600997771806823
(4.31);4.282236957013209
(5.6);6.295209248712768
(5.7);1.8880142649533929
(5.8);1.9431655813146043
(5.9);1.358028729160765
(5.10);1.2675297339005687
(5.11);1.3753194972755205
(5.12);4.474969594893662
(5.13);1.2206985454146708
(5.14);1.3720686432649214
(5.15);0.9800036865819599
(5.16);1.3503143506687243
(5.17);2.893759674264994
(5.18);1.8981056806131442
(5.19);1.5238076857261134
(5.20);1.433448948784324
(5.21);1.1487809214684954
(5.22);0.9989995375817664
(5.23);0.856863636408467
(5.24);0.934169925075261
(5.25);1.3155106634713032
(5.26);2.3552138005139023
(5.27);3.0005315769700927
(5.28);1.8924764857497711
(5.29);1.5675481302272256
(5.30);2.0132613346614145
(5.31);3.361707596928536
(6.7);2.060646085509671
(6.8);1.9403496848778072
(6.9);1.425169819810701
(6.10);1.3071843417605464
(6.11);1.3265560005115018
(6.12);3.5050343903906502
(6.13);1.1846191862899353
(6.14);1.2493070082780486
(6.15);0.9070187060967926
(6.16);1.1701579799654838
(6.17);2.139683479182603
(6.18);1.6568091202349395
(6.19);1.3700017026368516
(6.20);1.3495067638104044
(6.21);1.0929271849264324
(6.22);0.9623609503814254
(6.23);0.8400857611873082
(6.24);0.8926407818886027
(6.25);1.206401330646076
(6.26);2.0713767660655633
(6.27);2.4561467227715053
(6.28);1.6652053899738184
(6.29);1.4321830484451739
(6.30);1.8158911261254107
(6.31);2.506846233794156
(7.8);6.821475418710978
(7.9);5.086662501785972
(7.10);3.4210757825453966
(7.11);2.591580167763107
(7.12);3.1280376805917927
(7.13);0.8037238670427127
(7.14);0.8681199934047156
(7.15);0.7100212871831032
(7.16);0.9378905315991117
(7.17);1.4555801750125228
(7.18);2.181366999865581
(7.19);1.8169889967205262
(7.20);2.179544950987736
(7.21);1.5906394580279974
(7.22);1.360303401617587
(7.23);1.1701554683591617
(7.24);1.1641313593622094
(7.26);2.402988927090361
(7.27);2.1527138222825064
(7.28);1.4559703697016722
(7.29);1.6017825592997632
(7.30);2.1264619052020723
(7.31);2.0746537265080134
(8.9);4.584195902859112
(8.10);3.5399363187888673
(8.11);3.5928959741117987
(8.12);3.7929885007945896
(8.13);0.8090936401515887
(8.14);0.8983600916962535
(8.15);0.7398874101817018
(8.16);1.0163749648436822
(8.17);1.6127069859864125
(8.18);2.9779693749959657
(8.19);2.3290098598028086
(8.20);2.843535326833205
(8.21);1.881706373246397
(8.22);1.542616174782428
(8.23);1.2714677834531638
(8.24);1.3055203956741956
(8.25);1.8205676400088426
(8.26);2.9357550136580035
(8.27);2.479428073627882
(8.28);1.5949849456554435
(8.29);1.8232214216445908
(8.30);2.511124685199068
(8.31);2.463792949146716
(9.10);8.896403720330012
(9.11);3.3712347394547457
(9.12);2.1282279200166796
(9.13);0.6890765725861075
(9.14);0.7484977923783653
(9.15);0.6320942184510134
(9.16);0.8338899793689823
(9.17);1.2146822376155348
(9.18);2.08965553123269
(9.19);1.8577408093988792
(9.20);2.538704443017342
(9.21);1.8273935703795432
(9.22);1.5600540885038465
(9.23);1.3433727540956855
(9.24);1.2750097927412838
(9.25);1.5953202930551473
(9.26);2.381911591687603
(9.27);1.941665079581573
(9.28);1.3470665884936965
(9.29);1.6216454061916474
(9.30);2.168397084259845
(9.31);1.7578203519373412
(10.11);4.123287072275972
(10.12);1.9176882428728304
(10.13);0.6853985920357386
(10.14);0.746949667020865
(10.15);0.6402440787575451
(10.16);0.8442372457414248
(10.17);1.1903982103745294
(10.18);2.1542565117996437
(10.19);2.0060181811759796
(10.20);2.9672430625943003
(10.21);2.1577588202281652
(10.22);1.8432124169061377
(10.23);1.5844293444522721
(10.24);1.4518329155630836
(10.25);1.7528678850613735
(10.26);2.4837174904657258
(10.27);1.9283517727656299
(10.28);1.3572238848810159
(10.29);1.7213037205705106
(10.30);2.3026886734812995
(10.31);1.7126743445327661
(11.12);2.203599371397229
(11.13);0.7340562412395875
(11.14);0.828910322974715
(11.15);0.7177046262454637
(11.16);1.0002213982764363
(11.17);1.420279500567813
(11.18);3.7450567670461616
(11.19);3.58720931533607
(11.21);3.5057680066060204
(11.22);2.5275120211163538
(11.23);1.8676039145061627
(11.24);1.9116665186996327
(11.25);2.706386511667704
(11.26);3.7598116279902913
(11.27);2.4603610769659157
(11.28);1.627811469520935
(11.29);2.286472317992546
(11.30);3.3332248541412937
(11.31);2.194460677677113
(12.13);1.0805613975264665
(12.14);1.2348411795364256
(12.15);0.9558318389088672
(12.16);1.3729968473557783
(12.17);2.682545560002023
(12.18);3.1061838425162573
(12.19);2.258041236633817
(12.20);2.1721581738305575
(12.21);1.5918871767990332
(12.22);1.3319302678618754
(12.23);1.104917300276365
(12.24);1.2032693522255031
(12.25);1.7726056973492812
(12.26);3.1472571051475913
(12.27);3.3870545647670425
(12.28);1.984840471414704
(12.29);1.9049722864085237
(12.30);2.5731079805629764
(12.31);4.175193640459967
(13.14);3.7283586640727133
(13.15);2.02928143216503
(13.16);1.5272994247852005
(13.17);1.621991751951109
(13.18);0.9496706638954102
(13.19);0.8748006671193324
(13.20);0.8076768950934834
(13.21);0.7356828895807898
(13.22);0.6800064797131627
(13.23);0.6136578864436657
(13.24);0.6761590390266141
(13.25);0.8629752241354235
(13.26);1.4162246770172104
(13.27);1.9529464257191205
(13.28);1.8753469013950914
(13.29);1.1711126130260172
(13.30);1.3325092068793527
(13.31);1.4910630586736797
(14.15);3.323219522635514
(14.16);2.5541544925288546
(14.17);2.2906774456410184
(14.18);1.1324446644269968
(14.19);1.0403691817728824
(14.20);0.9260327733721307
(14.21);0.8413404729967162
(14.22);0.769810195646545
(14.23);0.6822156032951102
(14.24);0.772502001976398
(14.25);1.023273301800149
(14.26);1.725906924730507
(14.27);2.6636711148788
(14.28);2.685195222026196
(14.29);1.4141479219979167
(14.30);1.6054806945205207
(14.31);1.9229032555115666
(15.16);2.5180145675008636
(15.17);1.6101808931191572
(15.18);0.9692792789724961
(15.19);0.9222905934721622
(15.20);0.8156334624338841
(15.21);0.7661865423817092
(15.22);0.7116010947363446
(15.23);0.6358563458464831
(15.24);0.7309361137631136
(15.25);0.9452770469999434
(15.26);1.5539017374156472
(15.27);2.2902860875082665
(15.28);2.959801369971439
(15.29);1.3797787370766104
(15.30);1.496587148804804
(15.31);1.509926198110971
(16.17);3.0284440517495748
(16.18);1.5024443061797037
(16.19);1.411066578062711
(16.20);1.1620614366559874
(16.21);1.0688663424610947
(16.22);0.9640401095931528
(16.23);0.8269792157220681
(16.24);0.9920522310600955
(16.25);1.4129866628124783
(16.26);2.512023279637725
(16.27);5.076245059947058
(16.28);7.549852740078376
(16.29);2.081714972165042
(16.30);2.318098417074615
(16.31);2.696088076535727
(17.18);2.306290258116388
(17.19);1.924585922857923
(17.20);1.586294910068311
(17.21);1.3345398284555159
(17.22);1.1580757984656977
(17.23);0.9715083814869774
(17.24);1.1300870127082059
(17.25);1.6983854455496312
(17.26);3.1956069573982435
(17.27);6.790438261569071
(17.28);3.4339281299482103
(17.29);2.12619263694237
(17.30);2.659544689478558
(17.31);7.021757641559509
(18.19);8.575500107717529
(18.20);4.872702745675186
(18.21);2.9890390401346822
(18.22);2.196551132963728
(18.23);1.6070108051765164
(18.24);1.948072223352764
(18.25);3.8837292546424447
(18.26);8.141701040837562
(18.27);4.414835040113168
(18.28);2.3742908279238017
(18.29);3.166701346094008
(18.30);5.228172154850437
(18.31);4.29072880117894
(19.20);6.006756703671197
(19.21);4.113086756908626
(19.22);2.7803380494506267
(19.23);1.8783767784487753
(19.24);2.473304172486414
(19.25);6.627328758202537
(19.26);11.969358581516897
(19.27);3.9304803671199116
(19.28);2.3315336290959148
(19.29);3.9572410065393733
(19.30);7.693517556613253
(19.31);3.2199341820886214
(20.21);5.987929614868682
(20.22);3.5381896365822922
(20.23);2.2997676761484005
(20.24);2.6003497371600663
(20.25);4.238893125046468
(20.26);5.197752362997451
(20.27);2.8416118479067016
(20.28);1.8693079569775903
(20.29);2.972145628011365
(20.31);2.4547623134168304
(21.22);8.27408626331716
(21.23);3.464631753047925
(21.24);4.477213192073473
(21.25);5.156544238245
(21.26);4.5288867742299415
(21.27);2.448381494028555
(21.28);1.7657536260347277
(21.29);3.4005517839431167
(21.30);5.011395767138929
(21.31);1.9433446217115038
(22.23);5.753336292276812
(22.24);6.662965864943262
(22.25);3.724823886794202
(22.26);3.445419942375406
(22.27);2.081607130965321
(22.28);1.595874196886418
(22.29);3.104922698187203
(22.30);4.013636867332025
(22.31);1.6199690302775
(23.24);4.324699312721084
(23.25);2.3337959786220623
(23.26);2.4455321250029836
(23.27);1.6762312083786584
(23.28);1.3512531948575142
(23.29);2.3612806716769787
(23.30);2.7795395343855827
(23.31);1.3070360580292681
(24.25);3.8427632140870025
(24.26);3.390508877836569
(24.27);2.075658432639099
(24.28);1.6744922985123443
(24.29);3.8399703143915964
(24.30);4.378600733953596
(24.31);1.5454836662833114
(25.26);9.751726848294938
(25.27);3.4708455751459626
(25.28);2.3976412094753914
(25.29);6.380420642897779
(25.31);2.537587960040196
(26.27);6.879540031846215
(26.28);3.872808704657137
(26.29);7.086539501944146
(26.30);16.427445409272497
(26.31);5.100235633146091
(27.28);6.821093602880611
(27.29);4.252941444442681
(27.30);5.375930008860441
(27.31);9.497275533742089
(28.29);3.605977020614558
(28.30);3.7091471230476594
(28.31);3.5186687308434155
(29.30);12.176190494801824
(29.31);2.822385606775621
(30.31);3.81778792143245

****Importance nodes******

0; 0.05238095238095238
1; 0.03666666666666667
2; 0.03666666666666667
3; 0.03666666666666667
4; 0.03666666666666667
5; 0.012419354838709682
6; 0.012819979188345477
7; 0.013674644467568508
8; 0.013674644467568508
9; 0.012840255686041328
10; 0.014529963827362375
11; 0.015498628082519866
12; 0.015498628082519868
13; 0.015998583827117285
14; 0.01651466717637913
15; 0.017047398375617168
16; 0.017597314452249976
17; 0.018164969757161267
18; 0.018750936523521305
19; 0.019355805443634893
20; 0.019469014890623533
21; 0.020608219002804518
22; 0.0212730002609595
23; 0.02195922607582916
24; 0.02266758820730752
25; 0.02318629185795027
26; 0.03666666666666667
27; 0.03666666666666667
28; 0.03666666666666667
29; 0.03666666666666667
30; 0.03928571428571429
31; 0.02414674562876745
