
****Importance edges******

(0.5);4.919634227363277
(0.6);3.8256169191698888
(0.7);3.338834483348935
(0.8);4.015650345000664
(0.9);3.0168253813631667
(0.10);2.8697072383322046
(0.11);3.709132981615907
(0.12);6.036172707965844
(0.13);2.3906833707913866
(0.14);3.088765314636507
(0.15);2.500636417409463
(0.16);4.607032780639477
(0.17);9.578604399855278
(0.18);7.5609683468237385
(0.19);5.786531066369049
(0.20);4.188643733856104
(0.21);3.303445788736313
(0.22);2.7242301500054174
(0.23);2.1615264188458303
(0.24);2.5984299814378073
(0.25);4.442169574676475
(0.31);35.1373562022613
(1.3);4.198126355568334
(1.4);5.2138521168031495
(1.5);4.4082182869159
(1.6);5.881042074691249
(1.7);7.416014503992701
(1.8);5.152543851555102
(1.9);4.505435562554667
(1.10);3.613242858831341
(1.11);2.991343221366354
(1.12);5.137495354171351
(1.13);1.6880150514360635
(1.14);1.7337476511012222
(1.15);1.3587886734410022
(1.16);1.6974359135341979
(1.17);2.639772446165559
(1.18);2.917882930473447
(1.19);2.466680059455924
(1.20);2.7203172320049736
(1.21);2.1217384754354462
(1.22);1.8663124076656779
(1.23);1.6467070279987093
(1.24);1.6414841625218646
(1.25);2.0942313408403437
(1.26);2.9996236118091804
(1.27);3.0272455767039164
(1.28);2.1751104774261814
(1.29);2.1520460058328656
(1.30);2.5630653865179602
(1.31);3.190813671255667
(2.3);6.477883199190856
(2.4);7.813798043721764
(2.5);5.3277008234982
(2.6);9.134566438666583
(2.7);3.771186548712111
(2.8);3.281553020533403
(2.9);2.8082356751961326
(2.10);2.439818014258862
(2.11);2.2445942507990257
(2.12);4.306006259917066
(2.13);2.0996511981523254
(2.14);2.055909171824754
(2.15);1.5255898446732055
(2.16);1.8252104279221786
(2.17);2.88217870944307
(2.18);2.463948793145684
(2.19);2.1057048619003735
(2.20);2.1727906119309437
(2.21);1.7675790327545335
(2.22);1.5756513852357716
(2.23);1.4000695414691322
(2.24);1.4336817403214672
(2.25);1.837279796965395
(2.26);2.6906626313128426
(2.27);3.021250356515269
(2.28);2.2438738396871716
(2.29);1.9914233432584458
(2.30);2.310404221827133
(2.31);3.141365349644967
(3.5);4.298953710733821
(3.6);4.561584754232398
(3.7);2.167026460709983
(3.8);2.128077402009569
(3.9);1.8180064101982778
(3.10);1.6689750095597409
(3.11);1.6894703453558835
(3.12);3.0133300989430913
(3.13);3.9774567372164107
(3.14);3.4291907316395336
(3.15);2.141279348102594
(3.16);2.324946567926489
(3.17);3.5068905273269153
(3.18);2.076826261899659
(3.19);1.8180387291956173
(3.20);1.7417586361800828
(3.21);1.4818646542971963
(3.22);1.3353081635349209
(3.23);1.1850835182666446
(3.24);1.2666223586513408
(3.25);1.6465397325161948
(3.26);2.478779595630659
(3.27);3.2539859301530347
(3.28);2.6179029821460804
(3.29);1.9207796276401798
(3.30);2.148588040073679
(3.31);3.1389064773013624
(4.5);8.247119056943259
(4.6);7.593056333632368
(4.7);2.7506123065426853
(4.8);2.7579920907605224
(4.9);2.227970600185461
(4.10);2.018905515563386
(4.11);2.089623295272036
(4.12);4.447790049061127
(4.13);3.2858963492781443
(4.14);3.4250617185429926
(4.15);2.184940371878105
(4.16);2.700668441218557
(4.17);5.025641289850721
(4.18);2.6762720272665
(4.19);2.263531985436237
(4.20);2.1369116240266726
(4.21);1.764220467507432
(4.22);1.560808112041969
(4.23);1.358308565368344
(4.24);1.4663340886206846
(4.25);1.978697795410375
(4.26);3.0523380147327104
(4.27);4.131236756188212
(4.29);2.239647833471764
(4.30);2.5719532140186327
(4.31);4.392430661995513
(5.6);6.289073672388858
(5.7);1.8542884610957824
(5.8);1.9402130745195614
(5.9);1.42442422903026
(5.10);1.2675152312676636
(5.11);1.3506938062704075
(5.12);4.472459032988209
(5.13);1.2200208230994887
(5.14);1.371314850097403
(5.15);0.9794709539118769
(5.16);1.3495880844275103
(5.17);2.892219823120364
(5.18);1.89710644056886
(5.19);1.5230141023616264
(5.20);1.4556768528088033
(5.21);1.1487687442957797
(5.22);0.9990003997325407
(5.23);0.8568741166055359
(5.24);0.9341918771746778
(5.25);1.323408034107451
(5.26);2.3655077952069385
(5.27);3.013646078983829
(5.28);1.9515478147619068
(5.29);1.6164772197246438
(5.30);1.9196361029787041
(5.31);3.3624915469954137
(6.7);2.0243627677941007
(6.8);1.9374174407414577
(6.9);1.4937383740617296
(6.10);1.3071509422907694
(6.11);1.303121178386369
(6.12);3.5030474750238176
(6.13);1.1839545874052946
(6.14);1.2486134027673321
(6.15);0.9065204041300337
(6.16);1.1695218789042112
(6.17);2.13853265094987
(6.18);1.6559274853697799
(6.19);1.3692804780095857
(6.20);1.370157049956347
(6.21);1.0929029724761856
(6.22);0.9623507492758109
(6.23);0.8400864861932392
(6.24);0.8926516996716763
(6.25);1.2135500232184606
(6.26);2.0803405500501544
(6.27);2.4667755803594
(6.28);1.7167488038498826
(6.29);1.4765136782021755
(6.30);1.7320801264962795
(6.31);2.5073980158458156
(7.8);6.701364662358159
(7.9);5.238804202349578
(7.10);3.3674368104163914
(7.11);2.507916726857411
(7.12);3.0789753802642665
(7.13);0.7913269962406491
(7.14);0.854955353975545
(7.15);0.6994380212647386
(7.16);0.9241527941394283
(7.17);1.4346337443626063
(7.18);2.1505343990689543
(7.19);1.791769375286569
(7.20);2.1830019010924686
(7.21);1.570119640829373
(7.22);1.3431035699854
(7.23);1.1556576705300712
(7.24);1.1500022681499897
(7.25);1.5150501775501732
(7.26);2.3921356845278177
(7.27);2.1429909621321426
(7.28);1.487502522591032
(7.29);1.6364725870684598
(7.30);2.0121726939085263
(7.31);2.050880896562023
(8.9);4.795042151530718
(8.10);3.5379598593668034
(8.11);3.5294303117606303
(8.12);3.788944769829771
(8.13);0.8082424635516288
(8.14);0.897427636047869
(8.15);0.7391298130722044
(8.16);1.015348459672686
(8.17);1.6111006429992583
(8.18);2.9750444050299825
(8.19);2.3267543989117376
(8.20);2.8846342601549293
(8.21);1.8808397363342335
(8.22);1.5419359605053473
(8.23);1.2709318943404562
(8.24);1.3049953932277765
(8.25);1.8303622651941593
(8.26);2.9473660697748874
(8.27);2.4892343341525973
(8.28);1.6430398452902366
(8.29);1.8781528005693813
(8.30);2.3963825575351283
(8.31);2.463342683418792
(9.10);9.305586353631044
(9.11);3.4615615843859153
(9.12);2.221614996441889
(9.13);0.7187864595255335
(9.14);0.7801992687929553
(9.15);0.6583858279829752
(9.16);0.8679450551975412
(9.17);1.263375102572827
(9.18);2.1718607172803615
(9.19);1.9294416717462448
(9.20);2.6764983503050845
(9.21);1.8961672658782924
(9.22);1.6176396842776701
(9.23);1.391997362025975
(9.24);1.320253778156527
(9.25);1.6605442414846248
(9.26);2.4528162469061043
(9.27);1.9994644930854109
(9.28);1.4230179642360765
(9.29);1.7130783023963498
(9.30);2.1207524148708337
(9.31);1.8180685227129034
(10.11);4.057928869316025
(10.12);1.9182143304794057
(10.13);0.6855809641266446
(10.14);0.7471422619584221
(10.15);0.6404038956841196
(10.16);0.8444410584273773
(10.17);1.1906758574256773
(10.18);2.1547414135055636
(10.19);2.006453435050187
(10.20);3.0124844369846717
(10.21);2.1592049995456084
(10.22);1.8444443626661808
(10.23);1.5854854076069615
(10.24);1.4527979413161767
(10.25);1.763912743995615
(10.26);2.4952851021100493
(10.27);1.937332836234653
(10.28);1.3984750823145689
(10.29);1.7736206893560909
(10.30);2.2008262864103667
(10.31);1.7141103024569364
(11.12);2.16867012867567
(11.13);0.7226027351978064
(11.14);0.8161822374448277
(11.15);0.7068618191580119
(11.16);0.9853577012379318
(11.17);1.3995239713558456
(11.18);3.691249291423168
(11.19);3.5365498620021008
(11.20);8.093706270911158
(11.21);3.4595487243707157
(11.22);2.4948183350620403
(11.23);1.8439083053312775
(11.24);1.8878822578790497
(11.25);2.6880623605562493
(11.26);3.7409904657321307
(11.27);2.4480448069968292
(11.28);1.6607789560019146
(11.29);2.3327794282715617
(11.30);3.157987008269593
(11.31);2.1686030117764785
(12.13);1.0803133197879975
(12.14);1.2345576818953952
(12.15);0.955612396865596
(12.16);1.3726816316229227
(12.17);2.681929695103102
(12.18);3.1054707177787977
(12.19);2.2575228304010606
(12.20);2.2034056955468926
(12.21);1.5922485293366528
(12.22);1.3322408794273932
(12.23);1.1051817964350616
(12.24);1.2035647838585626
(12.25);1.7827916904456198
(12.26);3.160716524785348
(12.27);3.4015394915461776
(12.28);2.043462890970614
(12.29);1.9612357928336148
(12.30);2.460574670440132
(12.31);4.176991703339715
(13.14);3.7275026990274114
(13.15);2.0288155451274577
(13.16);1.5269487839163587
(13.17);1.6216193714028486
(13.18);0.949452636348684
(13.19);0.8745998283964179
(13.20);0.8191293147870132
(13.21);0.7358452993936647
(13.22);0.6801608386844663
(13.23);0.6138009939631808
(13.24);0.6763208986232063
(13.25);0.8678683737038192
(13.26);1.4222206583694963
(13.27);1.9612147679819372
(13.28);1.930205524567845
(13.29);1.2053706084310594
(13.30);1.274756976970032
(13.31);1.491692930563683
(14.15);3.322456570353951
(14.16);2.553568103942646
(14.17);2.2901515467133153
(14.18);1.1321846752103404
(14.19);1.0401303314545405
(14.20);0.9389720443573621
(14.21);0.841520940481002
(14.22);0.7699801394247608
(14.23);0.6823704637293465
(14.24);0.7726821525908779
(14.25);1.0289968800262395
(14.26);1.733139277121008
(14.27);2.6748331351935457
(14.28);2.7629757130786436
(14.29);1.4551107238424685
(14.30);1.5365377648929996
(14.31);1.9236996372898922
(15.16);2.5174364760006793
(15.17);1.609811224134678
(15.18);0.9690567496354098
(15.19);0.9220788519041555
(15.20);0.8268611499620289
(15.21);0.7663460756827076
(15.22);0.7117537331312677
(15.23);0.635996717889393
(15.24);0.7311020335741376
(15.25);0.9504914784259024
(15.26);1.5603451887445636
(15.27);2.2997830502690513
(15.28);3.0446791680826015
(15.29);1.4193464534348181
(15.30);1.4329248606691578
(15.31);1.5105389729250813
(16.17);3.0277487746897447
(16.18);1.5020993716054114
(16.19);1.4107426221946626
(16.20);1.1778166327781956
(16.21);1.0690821634506573
(16.22);0.9642408394317378
(16.23);0.8271566027174738
(16.24);0.9922712371284583
(16.25);1.4206716479905974
(16.26);2.522328298413137
(16.27);5.09706923027835
(16.28);7.764147123757849
(16.29);2.1408021944347317
(16.30);2.220438574615134
(16.31);2.6971596646282996
(17.18);2.305760774763756
(17.19);1.9241440720530314
(17.20);1.6074719566951254
(17.21);1.334800862417641
(17.22);1.1583096322528463
(17.23);0.9717106663490482
(17.24);1.1303294163090702
(17.25);1.7074905064553
(17.26);3.208572915117236
(17.27);6.817990002620673
(17.28);3.530379234715249
(17.29);2.1859124741143057
(17.30);2.5486010095977187
(17.31);7.024489441764069
(18.19);8.573531324936805
(18.20);4.936738886356358
(18.21);2.989604771137335
(18.22);2.196980775026874
(18.23);1.607335286029204
(18.24);1.9484778457112684
(18.25);3.9042465898293868
(18.26);8.174366380049726
(18.27);4.432547810875406
(18.28);2.4402682665336553
(18.29);3.254698503476938
(18.30);5.012267307051119
(18.31);4.2923618425035395
(19.20);6.084445047205488
(19.21);4.113839160065091
(19.22);2.7808642799251397
(19.23);1.8787441860917606
(19.24);2.473803571646806
(19.25);6.661820811591132
(19.26);12.016832713997767
(19.27);3.9460698529216196
(19.28);2.395617616338752
(19.29);4.066008805989146
(19.30);7.379061653942861
(19.31);3.221132363330404
(20.21);6.065374458388772
(20.22);3.5832370371669198
(20.23);2.328584504832838
(20.24);2.632410130006741
(20.25);4.311679643461542
(20.26);5.265644107361174
(20.27);2.8787282727930443
(20.28);1.9376008404259957
(20.29);3.0807293390086974
(20.30);4.496785276930157
(20.31);2.4844348388740145
(21.22);8.27880556269563
(21.23);3.46660787874428
(21.24);4.479766864921714
(21.25);5.1845213144034465
(21.26);4.547737759979896
(21.27);2.458572608745092
(21.28);1.81372483546338
(21.29);3.4929364628673465
(21.30);4.812204210576048
(21.31);1.9447508814260714
(22.23);5.756617828814406
(22.24);6.666766227867275
(22.25);3.744762683409595
(22.26);3.4596191199883193
(22.27);2.090185797678588
(22.28);1.6387431884013477
(22.29);3.1883283357135133
(22.30);3.8558803498310827
(22.31);1.6211376523581373
(23.24);4.327165996065816
(23.25);2.3461190129581557
(23.26);2.455508947173818
(23.27);1.683069581308712
(23.28);1.3871352307123825
(23.29);2.4239836188721973
(23.30);2.671531241731933
(23.31);1.3079759970620994
(24.25);3.8627743806429384
(24.26);3.4041987928531947
(24.27);2.084039353784041
(24.28);1.718438381288052
(24.29);3.9407481163811524
(24.30);4.210429539366503
(24.31);1.5465916030657052
(25.26);9.825451938600057
(25.27);3.4970858921117216
(25.28);2.4685501631324067
(25.29);6.56911816356581
(25.30);15.596800276017005
(25.31);2.550802434232244
(26.28);3.9663322968991785
(26.29);7.257670761277963
(26.30);15.959022534810622
(26.31);5.120974054480757
(27.28);6.985814668497272
(27.29);4.3556447772979885
(27.30);5.222637240269966
(27.31);9.535893063542112
(28.30);3.667728195616046
(28.31);3.609213730559512
(29.31);2.89501333149552
(30.31);3.675039006469837

****Importance nodes******

0; 0.05
1; 0.03793103448275863
2; 0.03793103448275863
3; 0.03793103448275863
4; 0.03928571428571429
5; 0.012756237088828861
6; 0.013167728607823342
7; 0.013592494046785385
8; 0.014030961596681688
9; 0.014483573261090775
10; 0.014950785301771123
11; 0.01543306869860245
12; 0.015930909624363818
13; 0.01644480993482717
14; 0.016975287674660302
15; 0.01752287759964934
16; 0.01808813171576706
17; 0.018671619835630513
18; 0.019273930152908916
19; 0.019895669835260817
20; 0.020537465636398262
21; 0.021199964527894976
22; 0.021883834351375458
23; 0.02258976449174241
24; 0.023318466572121197
25; 0.02407067517122188
26; 0.03793103448275863
27; 0.03793103448275863
28; 0.03928571428571429
29; 0.03928571428571429
30; 0.03793103448275863
31; 0.02484714856384194
