
****Importance edges******

(0.5);4.937539559277394
(0.6);3.8394129057746804
(0.7);3.350761586941379
(0.8);4.029856253714937
(0.9);3.0273915513515366
(0.10);2.879655278942324
(0.11);3.721855704081663
(0.12);6.056653605961963
(0.13);2.3987049124245736
(0.14);3.099010848080706
(0.15);2.5088338175588802
(0.16);4.621953211245176
(0.17);9.609241787847395
(0.18);7.584844681955384
(0.19);5.804565263510133
(0.20);4.201522785349364
(0.21);3.3134630555879956
(0.22);2.7323740610864045
(0.23);2.1678942022977976
(0.24);2.6059705527295725
(0.25);4.454862927322095
(0.31);35.23617876600315
(1.2);10.546535771344935
(1.3);4.148574704193972
(1.4);5.153843630312437
(1.5);4.3123866355518805
(1.6);5.754151683876767
(1.7);7.257233898051708
(1.8);5.043091816924745
(1.9);4.410498458169602
(1.10);3.537731166271513
(1.11);2.929353316175147
(1.12);5.03194426610195
(1.13);1.6536385175308437
(1.14);1.6987560980281802
(1.15);1.331615708992363
(1.16);1.6638078665721434
(1.17);2.587974503680809
(1.18);2.8611852231231127
(1.19);2.4192257969334903
(1.20);2.6685137177913516
(1.21);2.081751306030933
(1.22);1.8315096543786518
(1.23);1.6163291919067502
(1.24);1.6115340302197194
(1.25);2.05644645149064
(1.26);2.9642182211949772
(1.27);2.9915141563662573
(1.28);2.1500761870826213
(1.29);2.127277174501379
(1.30);2.5328128138877966
(1.31);3.1338974667697057
(2.3);6.401422944605048
(2.4);7.723865651347864
(2.5);5.21188025050056
(2.6);8.937477438009486
(2.7);3.6904435451758246
(2.8);3.2118451897623226
(2.9);2.7490614267284026
(2.10);2.3888292501506463
(2.11);2.198079299319735
(2.12);4.2175383169536005
(2.13);2.0568916679330815
(2.14);2.0144155583490178
(2.15);1.495081201627536
(2.16);1.789051029210033
(2.17);2.8256242411822328
(2.18);2.416071530442305
(2.19);2.0651950799656116
(2.20);2.1314137504295996
(2.21);1.7342665001135278
(2.22);1.546268841240734
(2.23);1.3742415815922726
(2.24);1.407523121930761
(2.25);1.8041309215384198
(2.26);2.6589039929631415
(2.27);2.9855896994266264
(2.28);2.2180481219684474
(2.29);1.9685031878504926
(2.30);2.2831338790986475
(2.31);3.085331180612732
(3.5);4.3132629428379285
(3.6);4.576591509684369
(3.7);2.1740703475539482
(3.8);2.1349097303303353
(3.9);1.8237695914531853
(3.10);1.6741971786637884
(3.11);1.6946862629766561
(3.12);3.0225059590827175
(3.13);3.989398330364696
(3.14);3.43933773477203
(3.15);2.1475215401825927
(3.16);2.331621060722319
(3.17);3.516800860140717
(3.18);2.082601121444512
(3.19);1.8230107070585924
(3.20);1.7464414111970172
(3.21);1.4857794788117507
(3.22);1.3387728774531082
(3.23);1.1881021136768508
(3.24);1.2697879523070825
(3.25);1.6505753321499514
(3.26);2.491039191457743
(3.27);3.270079556387902
(3.28);2.630850657095561
(3.29);1.930279456487115
(3.30);2.1592145681509
(3.31);3.1464471718513916
(4.5);8.274917101526611
(4.6);7.618360804440028
(4.7);2.7596725964740245
(4.8);2.7669683993968635
(4.9);2.2351330681543655
(4.10);2.025314223877774
(4.11);2.096170755259238
(4.12);4.461541379105904
(4.13);3.295916889948883
(4.14);3.435360356811814
(4.15);2.1914156460631933
(4.16);2.708553878359593
(4.17);5.040092567474719
(4.18);2.6838477662309717
(4.19);2.2698368588483944
(4.20);2.142766010384821
(4.21);1.7689722633310736
(4.22);1.5649391983404648
(4.23);1.361839724567919
(4.24);1.470076439148575
(4.25);1.9836530538585448
(4.26);3.0674343268268673
(4.27);4.151669106440788
(4.29);2.250724726827578
(4.30);2.5846736297206254
(4.31);4.403218725784432
(5.6);6.27976274505124
(5.7);1.8515432006609993
(5.8);1.9373406033262819
(5.9);1.422315379430887
(5.10);1.2656386842859562
(5.11);1.3486941140198985
(5.12);4.465837590269315
(5.13);1.2182145912399172
(5.14);1.3692846285431046
(5.15);0.9780208543652267
(5.16);1.347590029190061
(5.17);2.8879379129344938
(5.18);1.8942977884302445
(5.19);1.5207592911795738
(5.20);1.453521733929681
(5.21);1.147068000615065
(5.22);0.9975213869849243
(5.23);0.8556055207752425
(5.24);0.9328088129682662
(5.25);1.3214487382420372
(5.26);2.373381478517642
(5.27);3.0236771154000017
(5.28);1.95812577402098
(5.29);1.6219257776406415
(5.30);1.9260256852820357
(5.31);3.3575134029795657
(6.7);2.021365713598558
(6.8);1.9345491084634348
(6.9);1.4915269053802027
(6.10);1.3052157149302752
(6.11);1.3011919170617108
(6.12);3.497861238989825
(6.13);1.182201751342526
(6.14);1.2467648398037618
(6.15);0.9051783073360369
(6.16);1.167790410360276
(6.17);2.1353665690816395
(6.18);1.6534758969013008
(6.19);1.3672532683282077
(6.20);1.3681285425166458
(6.21);1.0912849376599507
(6.22);0.9609259960662645
(6.23);0.8388427443263563
(6.24);0.8913301353926737
(6.25);1.2117533713305426
(6.26);2.0871844789856966
(6.27);2.474890807826126
(6.28);1.7224700072865922
(6.29);1.4814342787647827
(6.30);1.737778344173246
(6.31);2.5036858315165835
(7.8);6.691443341240864
(7.9);5.231048191241259
(7.10);3.362451344974404
(7.11);2.5042037745803394
(7.12);3.074416979848985
(7.13);0.790155442440184
(7.14);0.8536895988592194
(7.15);0.6984025084162002
(7.16);0.9227845927216478
(7.17);1.4325097796508395
(7.18);2.147350548700864
(7.19);1.789116673898715
(7.20);2.179769982826319
(7.21);1.5677950902439168
(7.22);1.3411151150239113
(7.23);1.1539467278447109
(7.24);1.148299698246277
(7.25);1.5128071569002568
(7.26);2.3999112855104214
(7.27);2.149956721950301
(7.28);1.4924022331377405
(7.29);1.6418629927131452
(7.30);2.0187132309178275
(7.31);2.0478445824717886
(8.9);4.787943126876303
(8.10);3.5327219358044504
(8.11);3.524205016130803
(8.12);3.7833352649526026
(8.13);0.8070458665261644
(8.14);0.8960990010301719
(8.15);0.7380355368176906
(8.16);1.0138452437425118
(8.17);1.6087154203413627
(8.18);2.970639873659483
(8.19);2.3233096561293682
(8.20);2.8803635803392633
(8.21);1.8780551669316523
(8.22);1.5396531356514174
(8.23);1.2690502890141873
(8.24);1.3030633571418238
(8.25);1.827652427316514
(8.26);2.9568287766534866
(8.27);2.497226179854354
(8.28);1.6483873706883472
(8.29);1.8842655371724326
(8.30);2.404076296681917
(8.31);2.459695722685344
(9.10);9.29180950144485
(9.11);3.456436767908027
(9.12);2.2183259117719403
(9.13);0.7177223014563907
(9.14);0.7790441895111704
(9.15);0.6574110926047937
(9.16);0.8666600689240507
(9.17);1.261504685021216
(9.18);2.1686452934549405
(9.19);1.9265851475355853
(9.20);2.6725358141738327
(9.21);1.8933600041809024
(9.22);1.6152447806172339
(9.23);1.3899365201648146
(9.24);1.3182991521438596
(9.25);1.658085817942658
(9.26);2.4605918105876206
(9.27);2.0058029065375096
(9.28);1.4275926747763181
(9.29);1.7185854973602863
(9.30);2.127475317768822
(9.31);1.8153768856306234
(10.11);4.051921135457014
(10.12);1.9153744282649532
(10.13);0.6845659665493283
(10.14);0.7460361233322361
(10.15);0.6394557824245116
(10.16);0.8431908696483147
(10.17);1.1889130705720554
(10.18);2.1515513346835284
(10.19);2.00348289549011
(10.20);3.008024475922104
(10.21);2.1560083124172555
(10.22);1.8417136763467534
(10.23);1.583138108116753
(10.24);1.4506470846443547
(10.25);1.7613012841455984
(10.26);2.50309276890637
(10.27);1.9433946883436968
(10.28);1.4029143286380867
(10.29);1.7792507783180678
(10.30);2.2077126010468566
(10.31);1.711572574755493
(11.12);2.165459428493223
(11.13);0.7215329271605861
(11.14);0.8149738856424837
(11.15);0.7058153154312689
(11.16);0.9838988864051418
(11.17);1.3974519864049049
(11.18);3.6857844239835686
(11.19);3.531314025930482
(11.20);8.081723598278248
(11.21);3.4544268879172835
(11.22);2.4911247748577288
(11.23);1.8411784126407935
(11.24);1.8850872620750945
(11.25);2.684082703992834
(11.26);3.752540060635049
(11.27);2.4556026786578236
(11.28);1.6659827091313009
(11.29);2.340088774410713
(11.30);3.1677366911378857
(11.31);2.165392410960107
(12.13);1.078713923860014
(12.14);1.2327299283232442
(12.15);0.9541976197372558
(12.16);1.3706493865586238
(12.17);2.677959117905806
(12.18);3.100873091211107
(12.19);2.254180584446913
(12.20);2.200143569613053
(12.21);1.5898912170944428
(12.22);1.3302685065994184
(12.23);1.1035455829102236
(12.24);1.2017829150441102
(12.25);1.7801522804541727
(12.26);3.1703411897971927
(12.27);3.411897484069065
(12.28);2.049780710008391
(12.29);1.967299388548655
(12.30);2.468067340774187
(12.31);4.1708076978302255
(13.14);3.7219841586843727
(13.15);2.025811898627807
(13.16);1.52468814746719
(13.17);1.6192185758448807
(13.18);0.9480469787005055
(13.19);0.8733049897801294
(13.20);0.81791659985833
(13.21);0.734755885837506
(13.22);0.6791538655630212
(13.23);0.6128922661039986
(13.24);0.6753196105047923
(13.25);0.8665835009567165
(13.26);1.4264906181934265
(13.27);1.9671029599555951
(13.28);1.9360918036545443
(13.29);1.2090464593774077
(13.30);1.2785842038106106
(13.31);1.4894844901462179
(14.15);3.317537697826702
(14.16);2.5497875651374073
(14.17);2.286760994184539
(14.18);1.1305084841219881
(14.19);1.0385904261453782
(14.20);0.9375819031485781
(14.21);0.8402750749150918
(14.22);0.7688401894888796
(14.23);0.6813602192742665
(14.24);0.7715382023443679
(14.25);1.0274734577100686
(14.26);1.7382676502709002
(14.27);2.682747988092013
(14.28);2.7712835596965553
(14.29);1.4594860198859838
(14.30);1.541084392576819
(14.31);1.9208516141190324
(15.16);2.513709429804986
(15.17);1.6074279104519327
(15.18);0.9676220682416306
(15.19);0.9207137209426075
(15.20);0.82563698810821
(15.21);0.7652115059514806
(15.22);0.7106999869618502
(15.23);0.6350551294241108
(15.24);0.7300196423881542
(15.25);0.9490842827796656
(15.26);1.5648938593268846
(15.27);2.3064873074949124
(15.28);3.053702358222118
(15.29);1.4235528187745379
(15.30);1.4371020794073053
(15.31);1.508302631080448
(16.17);3.023266214887422
(16.18);1.4998755245284878
(16.19);1.4086540281136293
(16.20);1.1760728839121293
(16.21);1.0674993951670653
(16.22);0.9628132879576108
(16.23);0.8259320034480224
(16.24);0.9908021868566077
(16.25);1.4185683540598666
(16.26);2.529569437753166
(16.27);5.111701975962343
(16.28);7.786816953628014
(16.29);2.1470529288373568
(16.30);2.2268130442370615
(16.31);2.693166539573085
(17.18);2.3023471128876025
(17.19);1.9212953908997725
(17.20);1.605092106280627
(17.21);1.332824699553669
(17.22);1.1565947633576512
(17.23);0.9702720558510848
(17.24);1.1286559719178824
(17.25);1.7049625793131715
(17.26);3.2176402142525755
(17.27);6.837257370541234
(17.28);3.5405308725852067
(17.29);2.1921980854827456
(17.30);2.555803254440518
(17.31);7.014089736786327
(18.19);8.560838274838863
(18.20);4.929430080727724
(18.21);2.985178683251854
(18.22);2.193728161140631
(18.23);1.6049556379546217
(18.24);1.9455931385849985
(18.25);3.898466381455355
(18.26);8.197096166637545
(18.27);4.444873031093991
(18.28);2.447175948264882
(18.29);3.2639115976688533
(18.30);5.026204505472813
(18.31);4.286007032351167
(19.20);6.07543707104312
(19.21);4.107748651431654
(19.22);2.776747230802336
(19.23);1.875962719135908
(19.24);2.4701411236452393
(19.25);6.65195803485419
(19.26);12.04969638476429
(19.27);3.9568615767938393
(19.28);2.402290402900697
(19.29);4.077334323357322
(19.30);7.399241934265693
(19.31);3.2163635005467652
(20.21);6.0563947160929485
(20.22);3.577932081075691
(20.23);2.3251370525921065
(20.24);2.628512866161525
(20.25);4.3052962334468665
(20.26);5.279800963633807
(20.27);2.8864678278360683
(20.28);1.9429091853290723
(20.29);3.089169453991766
(20.30);4.508875031109593
(20.31);2.4807566513594748
(21.22);8.266548851922002
(21.23);3.461475591264693
(21.24);4.473134603011366
(21.25);5.176845668711668
(21.26);4.559752079382755
(21.27);2.4650677230536875
(21.28);1.8186099675980087
(21.29);3.5023444258754783
(21.30);4.824917203600057
(21.31);1.9418716920430272
(22.23);5.74809519843883
(22.24);6.656896129477892
(22.25);3.7392185897865655
(22.26);3.468595767360053
(22.27);2.095609186842662
(22.28);1.643080550233419
(22.29);3.1967670793368663
(22.30);3.8658851731967676
(22.31);1.6187375699816733
(23.24);4.320759658619958
(23.25);2.34264560100705
(23.26);2.461763517356771
(23.27);1.6873566260906927
(23.28);1.390741329838803
(23.29);2.4302851855954244
(23.30);2.6783360549119437
(23.31);1.3060395482140819
(24.25);3.8570555715697226
(24.26);3.4127067036980767
(24.27);2.089247868943744
(24.28);1.7228241476923574
(24.29);3.9508056202665687
(24.30);4.220952414591884
(24.31);1.5443018855671904
(25.26);9.849533708059889
(25.27);3.505657102551846
(25.28);2.4747321602412966
(25.29);6.585569224638673
(25.30);15.63502737751882
(25.31);2.54702598998068
(26.28);3.985949059503489
(26.29);7.293565888999748
(26.30);16.037952975587597
(26.31);5.133276332813263
(27.28);7.0203652451236325
(27.29);4.377187009060001
(27.30);5.2484674600402315
(27.31);9.558801441785908
(28.30);3.685868116309727
(28.31);3.6180781682591223
(29.31);2.902123651701635
(30.31);3.683867669192869

****Importance nodes******

0; 0.05
1; 0.03666666666666667
2; 0.03666666666666667
3; 0.03793103448275863
4; 0.03928571428571429
5; 0.012674664971661639
6; 0.01308352513203782
7; 0.013505574329845492
8; 0.013941238017905025
9; 0.014390955373321315
10; 0.014855179740202649
11; 0.015334379086660799
12; 0.015829036476553083
13; 0.016339650556441893
14; 0.016866736058262596
15; 0.01741082431820655
16; 0.017972463812342247
17; 0.018552220709514577
18; 0.01915067944207956
19; 0.01976844329504987
20; 0.020406135014245024
21; 0.02106439743405938
22; 0.021743894125480646
23; 0.02244531006501228
24; 0.023169352325173965
25; 0.023916750787276352
26; 0.03793103448275863
27; 0.03793103448275863
28; 0.03928571428571429
29; 0.03928571428571429
30; 0.03793103448275863
31; 0.024688258877188493
