
****Importance edges******

(0.5);5.150545363592416
(0.6);4.004291124988306
(0.7);3.518042644737662
(0.8);4.202211759725236
(0.10);2.9998329407975133
(0.11);3.9057882244423343
(0.12);6.3082103383092445
(0.13);2.5177244169484565
(0.14);3.1914740440993037
(0.15);2.6110673766449257
(0.16);4.709674483154246
(0.17);9.980104746802963
(0.18);7.953476987971569
(0.19);6.090071869228197
(0.20);4.337802451802927
(0.21);3.4432881831844235
(0.22);2.8157894477129757
(0.23);2.2730924406640196
(0.24);2.705388143807449
(0.25);4.612796215333099
(0.31);36.65706542446857
(1.3);4.307365310975858
(1.4);5.25566990526255
(1.5);4.447242917687461
(1.6);5.9332223628429075
(1.7);7.5479171001249865
(1.8);5.199936251059635
(1.9);4.437724174676423
(1.10);3.643875014111488
(1.11);3.045849219361752
(1.12);5.182756282857591
(1.13);1.7201150167038293
(1.14);1.7252295215871805
(1.15);1.3706736012232996
(1.16);1.6677443185343528
(1.17);2.657569880113713
(1.18);2.9739571991394538
(1.19);2.516572269094623
(1.20);2.7210155777768286
(1.21);2.140296957558392
(1.22);1.8637886029867086
(1.23);1.6807136750582392
(1.24);1.65545046102025
(1.25);2.10599434501529
(1.26);2.97328744097124
(1.27);3.0006668898438043
(1.28);2.192555987537159
(1.29);2.0957277090885373
(1.30);2.6297586114831963
(1.31);3.2284422975601914
(2.3);6.76304771196542
(2.4);8.014652404292054
(2.5);5.518396763684931
(2.6);9.4597229128174
(2.7);3.938210563702593
(2.8);3.3979744890562866
(2.9);2.839193483306824
(2.10);2.523504568193045
(2.11);2.3429309376903986
(2.12);4.453110666211945
(2.13);2.192307712559394
(2.14);2.096939610347933
(2.15);1.5765011758153975
(2.17);2.9711433213734377
(2.18);2.5701167562950555
(2.19);2.198020854221329
(2.20);2.2240944153261837
(2.21);1.8238594283645593
(2.22);1.6094920124343006
(2.23);1.4605729015411066
(2.24);1.4778436257084973
(2.25);1.888064364880099
(2.26);2.7154719970081187
(2.27);3.0491079199568807
(2.28);2.301552812543769
(2.29);1.9745259522722336
(2.30);2.4121111026044715
(2.31);3.246741520522714
(3.5);4.452827407258195
(3.6);4.723960147217424
(3.7);2.2630030069198233
(3.8);2.2035763790859915
(3.9);1.8380479950581363
(3.10);1.7262213969280027
(3.11);1.7634868034771585
(3.12);3.1162733155616507
(3.13);4.152979832576104
(3.14);3.497628190563805
(3.15);2.2127372057566874
(3.16);2.3409523435053483
(3.18);2.16631367927391
(3.19);1.8977431799001443
(3.20);1.7828849380620353
(3.21);1.5290477943089855
(3.22);1.3639868840823446
(3.23);1.236296356413106
(3.24);1.305638292144968
(3.25);1.692052021394753
(3.26);2.50163528506207
(3.27);3.283989441544227
(3.28);2.685196406748536
(3.29);1.9044816543958365
(3.30);2.2431715703351385
(3.31);3.244200166034116
(4.5);8.31994967135954
(4.6);7.660259585090026
(4.7);2.7988470394243445
(4.8);2.783277224646981
(4.9);2.1957806366007877
(4.10);2.0359982271856176
(4.11);2.127171118526311
(4.12);4.486888587300138
(4.13);3.3475039918173826
(4.14);3.4093005831485144
(4.15);2.2040135706467785
(4.16);2.6550551264634428
(4.17);5.059674512131264
(4.18);2.727009936162524
(4.19);2.3086828025474797
(4.20);2.137835889662123
(4.21);1.7796231024595255
(4.23);1.3859837897035747
(4.24);1.4787946731098816
(4.25);1.9899135585042629
(4.26);3.0264386754326975
(4.27);4.096182872260297
(4.28);3.0268875151651478
(4.29);2.1823572676463296
(4.30);2.638065495821652
(4.31);4.443879719011141
(5.6);6.360311378024256
(5.7);1.9075392313147668
(5.8);1.9632608969666203
(5.9);1.374879458992667
(5.10);1.2807171422558479
(5.11);1.3896309015049702
(5.12);4.521535573863557
(5.13);1.2565490612330155
(5.14);1.35150510425359
(5.15);0.9899939545205471
(5.16);1.2997241662800887
(5.17);2.912639124075171
(5.18);1.9527577471843018
(5.19);1.5701196369709565
(5.20);1.4493491842514974
(5.21);1.1608624395935292
(5.22);0.9920610190876096
(5.23);0.8833008147004314
(5.24);0.9435506403007042
(5.25);1.3301827082611
(5.26);2.3269692922524587
(5.27);2.9645482030207884
(5.28);1.9687820059298156
(5.29);1.5487495710031103
(5.30);1.9883461945550467
(5.31);3.4144084552240557
(6.7);2.0819563299549197
(6.8);1.9604158798371327
(6.9);1.4428076662743707
(6.10);1.320783121068732
(6.11);1.340358770366961
(6.12);3.5415041534518235
(6.13);1.219096748751654
(6.14);1.231015484391588
(6.15);0.916266750507078
(6.16);1.1270542473690428
(6.17);2.153748797589512
(6.18);1.7041256173164847
(6.19);1.411297117166469
(6.20);1.364463317339071
(6.21);1.1044190036669643
(6.22);0.9558723964801029
(6.23);0.8658067907371111
(6.24);0.9016074920292938
(6.25);1.2198455723443773
(6.26);2.046910643773932
(6.27);2.427135879804651
(6.28);1.731943094065239
(6.29);1.4152667799124252
(6.30);1.793735714712729
(6.31);2.5460006435439335
(7.8);6.892019948250623
(7.9);5.149281274506044
(7.10);3.4566592189086878
(7.11);2.6185406549989123
(7.12);3.1605789930349673
(7.13);0.826681375584065
(7.14);0.8560235519297449
(7.15);0.7172636010471533
(7.16);0.9045518413523468
(7.17);1.4652957277470229
(7.18);2.242616826847684
(7.19);1.8708268292731494
(7.20);2.203659127859131
(7.21);1.60735771251643
(7.22);1.351700118181971
(7.23);1.2054132405474822
(7.24);1.1758333471193905
(7.26);2.3755097270960674
(7.27);2.128096624514305
(7.28);1.513587364379643
(7.29);1.5834654947481317
(7.30);2.101290842228606
(7.31);2.1068103086174124
(8.9);4.640629118399683
(8.10);3.5767560523277746
(8.11);3.630273257382656
(8.12);3.8324473681424958
(8.13);0.8322045304911769
(8.14);0.8858422826891906
(8.15);0.7474343625693605
(8.16);0.9802464306642011
(8.17);1.6234713121545075
(8.18);3.0615867163180557
(8.19);2.3980189969367083
(8.20);2.8749957992498163
(8.21);1.9014838569883379
(8.22);1.5328598482392193
(8.23);1.3097781812301719
(8.24);1.3186436429469943
(8.25);1.840822327285494
(8.26);2.902183406962237
(8.27);2.4510747594953926
(8.28);1.6581031526173775
(8.29);1.8023721095589476
(8.30);2.4814003447673194
(8.31);2.5019810859222673
(9.10);9.005921873420325
(9.11);3.412522413886989
(9.12);2.1542924299871338
(9.13);0.7103699638787007
(9.14);0.7388828053362572
(9.15);0.6396432299057933
(9.16);0.8046293777123763
(9.17);1.224715180451585
(9.18);2.152762289389716
(9.19);1.916726989867373
(9.20);2.570941589552299
(9.21);1.8494599600165842
(9.22);1.5519388982868603
(9.23);1.3865023627437065
(9.24);1.2896921996147446
(9.25);1.6154096411226986
(9.26);2.3563108583589085
(9.27);1.9207961060690895
(9.28);1.4024580446189672
(9.29);1.604215997080707
(9.30);2.144131452068369
(9.31);1.7877516535231146
(10.11);4.1664060725895204
(10.12);1.9377423401249239
(10.13);0.7046641521856687
(10.14);0.7370817164868801
(10.15);0.6468112514219159
(10.16);0.8153032285966112
(10.17);1.1985192586437832
(10.18);2.2138721127406464
(10.19);2.0645800140048967
(10.20);3.0001652700263093
(10.21);2.1805322663811806
(10.22);1.832375523056789
(10.23);1.6315076939522208
(10.24);1.4665023023675734
(10.25);1.772416481405674
(10.26);2.4563004423242165
(10.27);1.9070652481948478
(10.28);1.4103150278239602
(10.29);1.702302740324488
(10.30);2.2763153461029595
(10.31);1.739099545414392
(11.12);2.2266433652595734
(11.13);0.7542910208704461
(11.14);0.8185532259570952
(11.15);0.7250706097735193
(11.16);0.9672508918945456
(11.17);1.4301173970655063
(11.18);3.84687170942162
(11.19);3.690063131117564
(11.21);3.542759526533375
(11.22);2.51373961712565
(11.23);1.922166284322757
(11.24);1.9309992312397621
(11.25);2.736521988814784
(11.26);3.719808925564286
(11.27);2.4341839431729118
(11.28);1.6906210020996355
(11.29);2.2621452822812262
(11.30);3.2963398439897604
(11.31);2.2280528828023334
(12.13);1.1103478369410238
(12.14);1.219412043786356
(12.15);0.9656417820575212
(12.16);1.3277384661653084
(12.17);2.7011268361234455
(12.18);3.1906300735363584
(12.19);2.3227846449392207
(12.20);2.1962203643254252
(12.21);1.6086841599741035
(12.22);1.3246725845815646
(12.23);1.1371976493836722
(12.24);1.2154380334611543
(12.25);1.7923435722806547
(12.26);3.1137717069701716
(12.27);3.3510178296161803
(12.28);2.061426061691651
(12.29);1.8847042392181594
(12.30);2.5446343197278423
(12.31);4.239106365182978
(13.15);2.0832048138423374
(13.16);1.5024388070125343
(13.17);1.6588943948021835
(13.18);0.9899869011190526
(13.19);0.9129914452116809
(13.20);0.8288880355067825
(13.21);0.7542740561305767
(13.22);0.6862775754678285
(13.23);0.6401461054161859
(13.24);0.6924232043241119
(13.25);0.8844444203934757
(13.26);1.415930917493357
(13.27);1.9525413370199611
(13.28);1.9663951664020929
(13.29);1.1708696957197704
(13.30);1.3310113387926412
(13.31);1.5338120278707446
(14.15);3.284590514483209
(14.16);2.4182477472040964
(14.17);2.258247387435741
(14.18);1.1390909501515738
(14.19);1.0483511439187083
(14.20);0.9173653771683977
(14.21);0.833563053842441
(14.22);0.7509758572386751
(14.23);0.6887796920250978
(14.24);0.7658346360014574
(14.25);1.0157111099653797
(14.26);1.6843937770054185
(14.27);2.599601974823474
(14.29);1.3801334970310584
(14.30);1.567202941723272
(14.31);1.9173573904332453
(15.16);2.439441096267684
(15.17);1.6212952446647613
(15.18);0.9947579352472425
(15.19);0.9478600092948193
(15.20);0.8245060705616166
(15.21);0.7741394901103568
(15.22);0.7080636989597541
(15.23);0.6538564030328226
(15.24);0.738221585615341
(15.25);0.9556295235134928
(15.26);1.5381313372030263
(15.27);2.267042192909453
(15.28);3.0712573629418793
(15.29);1.3657754945519243
(15.30);1.4807438156380368
(15.31);1.5325327459567573
(16.17);2.9283558424851908
(16.18);1.4824393494295
(16.19);1.3951913856758107
(16.20);1.1298407625506797
(16.21);1.0399351857124666
(16.22);0.9239741466048584
(16.23);0.8202732715453012
(16.24);0.9666965153484289
(16.25);1.378883078534582
(16.26);2.420821422695171
(16.27);4.891946220236701
(16.29);2.0061359468329405
(16.30);2.2357248792563746
(16.31);2.643888282935574
(17.18);2.35877807354477
(17.19);1.9711805825341018
(17.20);1.5987876223279633
(17.21);1.344521813119851
(17.22);1.1495207053120928
(17.23);0.9958023804927661
(17.24);1.138251539720267
(17.25);1.7123410094918754
(17.26);3.1579585365866465
(17.27);6.71043803607987
(17.28);3.554286667478571
(17.29);2.10114331260766
(17.30);2.6272690321742984
(18.20);4.99947087821653
(18.21);3.064067295699894
(18.22);2.218866005732357
(18.23);1.67416911337695
(18.24);1.9947744348059215
(18.25);3.979831353454252
(18.26);8.149334532107549
(18.27);4.418974298551681
(18.28);2.4865319152688343
(18.29);3.1696703800782844
(18.30);5.228238601677915
(18.31);4.412141403081635
(19.20);6.171150521447826
(19.22);2.8128325698294425
(19.23);1.9588286810896955
(19.24);2.5357605486506443
(19.25);6.799618710414523
(19.26);11.995038036320322
(19.27);3.9389129487203216
(19.28);2.443403153967432
(19.29);3.965731001294031
(19.30);7.702566344133141
(19.31);3.3148306810470474
(20.21);6.054295883963115
(20.22);3.5262777641940257
(20.23);2.3640252205421026
(20.24);2.6280696751923456
(20.25);4.287980525252859
(20.26);5.152214255257655
(20.27);2.8167161588766008
(20.28);1.9384388993573483
(20.29);2.946106317483556
(20.31);2.4924757102200203
(21.22);8.245729454288794
(21.23);3.5583274256796833
(21.24);4.52302520946594
(21.25);5.213954895062124
(21.26);4.489494167225654
(21.27);2.427085282663846
(21.28);1.8295596713349183
(21.29);3.370973521844618
(21.30);4.965426641770762
(21.31);1.9721643485349643
(22.23);5.829167486642737
(22.24);6.6419575311574235
(22.25);3.7169681545297175
(22.26);3.381224664836222
(22.27);2.042822498109294
(22.28);1.6368672835675921
(22.29);3.047071586368764
(22.30);3.9386939789519944
(22.31);1.622906545758338
(23.25);2.395878558149113
(23.26);2.4545077970038958
(23.27);1.6823833669907973
(23.28);1.4153977917180671
(23.29);2.369947121237947
(23.30);2.786980233281614
(23.31);1.346073854372447
(24.25);3.884043519989073
(24.26);3.362326674576428
(24.27);2.058405380087122
(24.28);1.733041292592979
(24.29);3.8080521487674015
(24.30);4.34012394888446
(24.31);1.5675596321603908
(25.26);9.678667889637929
(25.27);3.444842348504746
(25.28);2.482542534215698
(25.29);6.332619171915715
(25.31);2.5758387695834326
(26.27);6.7449966582551255
(26.28);3.9326776408819986
(26.29);6.947947833422055
(26.30);16.10617335988901
(26.31);5.077399799996009
(27.28);6.9265394560165
(27.29);4.169766539293226
(27.30);5.270792782209614
(27.31);9.454752361271503
(28.29);3.6617210618877256
(28.30);3.762007468941774
(28.31);3.651488875529196
(29.30);11.938060367049845
(29.31);2.8097486363614195
(30.31);3.7983171022099333

****Importance nodes******

0; 0.05238095238095238
1; 0.03793103448275863
2; 0.03928571428571429
3; 0.03928571428571429
4; 0.03928571428571429
5; 0.012798082525557499
6; 0.013210923897349678
7; 0.01409165215717299
8; 0.01409165215717299
9; 0.01328506388828611
10; 0.014974772029607154
11; 0.015973090164914296
12; 0.015973090164914296
13; 0.01703796284257525
14; 0.016270798999708385
15; 0.017562827326436808
16; 0.0166703119267086
17; 0.018599830071964557
18; 0.019909353881488363
19; 0.02059588332567762
20; 0.020087139627627183
21; 0.021242570331792214
22; 0.02132766164418407
23; 0.02334810750851401
24; 0.02334810750851401
25; 0.023922830132053832
26; 0.03666666666666667
27; 0.03666666666666667
28; 0.03928571428571429
29; 0.03666666666666667
30; 0.03928571428571429
31; 0.02508208134441792
