
****Importance edges******

(0.5);5.032235455012914
(0.6);3.912510410692357
(0.7);3.4140777479956896
(0.8);4.105419102776448
(0.9);3.0837096181661625
(0.10);2.9327915292241307
(0.11);3.789962475495517
(0.12);6.166541832800394
(0.13);2.441845735500997
(0.14);3.1542480361320213
(0.15);2.5531415058572833
(0.16);4.702812796603861
(0.17);9.775733283275951
(0.18);7.714964350240785
(0.19);5.903137311940259
(0.20);4.272133610216997
(0.21);3.3685587886525195
(0.22);2.7773143841630104
(0.23);2.2031541279399525
(0.24);2.64787356920997
(0.25);4.525661734930788
(0.31);35.78950044818471
(1.2);10.80657195858253
(1.3);4.250862277283136
(1.4);5.186727228638821
(1.5);4.388710043276798
(1.6);5.855040583252325
(1.7);7.383258066298809
(1.8);5.129807373719255
(1.9);4.4855742932551
(1.10);3.597330685903558
(1.11);2.9781832735078435
(1.12);5.114917196701055
(1.13);1.680604404186951
(1.14);1.7261443494654167
(1.15);1.35283618437918
(1.16);1.6900080418700372
(1.17);2.628233772159405
(1.18);2.905142916354205
(1.19);2.455922298889759
(1.20);2.708466910460949
(1.21);2.1125064146777386
(1.22);1.8582012615132573
(1.23);1.6395587679019685
(1.24);1.6343670790426197
(1.25);2.0851621862872696
(1.26);2.9858244784719314
(1.27);3.0133193743653703
(1.28);2.127120055490203
(1.29);2.104564465507721
(1.30);2.551274546866809
(1.31);3.1770124978155083
(2.3);6.559256915066998
(2.4);7.773147025371715
(2.5);5.304123477973017
(2.6);9.094180339054173
(2.7);3.7545292677496174
(2.8);3.267072608591641
(2.9);2.795856156229026
(2.10);2.4290734261777374
(2.11);2.2347195085450977
(2.12);4.287082313382388
(2.13);2.0904334045299007
(2.14);2.0468930398869407
(2.15);1.5189066443781607
(2.16);1.8172234231047386
(2.17);2.8695804566641048
(2.18);2.4531907390490204
(2.19);2.096521397413159
(2.20);2.1633254410691456
(2.21);1.7598879826023275
(2.22);1.5688034756262028
(2.23);1.3939919204559341
(2.24);1.4274656385390043
(2.25);1.8293233815918983
(2.26);2.6782848075522656
(2.27);3.0073517339178757
(2.28);2.194366261357121
(2.29);1.9474856915906475
(2.30);2.2997756963699985
(2.31);3.1277780542099776
(3.5);4.390351631176716
(3.6);4.657641900301915
(3.7);2.2122133941893787
(3.8);2.172007591906348
(3.9);1.855150376932438
(3.10);1.7027152390188935
(3.11);1.7232566044266207
(3.12);3.072925324956876
(3.13);4.055229442936143
(3.14);3.495465767837095
(3.15);2.1821720392050388
(3.16);2.368807174724556
(3.17);3.57222557858755
(3.18);2.115025739744798
(3.19);1.8510424013547562
(3.20);1.7729558194080948
(3.21);1.5080445779416263
(3.22);1.35856955236232
(3.23);1.2054331699153091
(3.24);1.2880545376701793
(3.25);1.673984369484628
(3.26);2.509917468965519
(3.27);3.2948617715973985
(3.28);2.6042834309917766
(3.29);1.910786837008441
(3.30);2.1755781211436296
(3.31);3.190427245828818
(4.5);8.203215905341626
(4.6);7.552719518965604
(4.7);2.7360312337053774
(4.8);2.7434035505593717
(4.9);2.2162115932789104
(4.10);2.0082738020822903
(4.11);2.0786442356802737
(4.12);4.424475061709909
(4.13);3.268712417402608
(4.14);3.4071927693211115
(4.15);2.1735689061409116
(4.16);2.6866474451326003
(4.17);4.999614864382502
(4.18);2.6624473928709778
(4.19);2.251869380459993
(4.20);2.1259300028839325
(4.21);1.7551779482842103
(4.22);1.5528294729307393
(4.23);1.3513837717041275
(4.24);1.4588789256880816
(4.25);1.9686653551088045
(4.26);3.0364583301090278
(4.27);4.1097441375865404
(4.28);2.9356783672914704
(4.29);2.1895824152694083
(4.30);2.558572714968937
(4.31);4.370221998370418
(5.6);6.264511897213692
(5.7);1.8470465970846646
(5.8);1.9326356346912619
(5.9);1.4188611859670017
(5.10);1.2625649912540702
(5.11);1.345418715004462
(5.12);4.454991987923895
(5.13);1.2152560709711182
(5.14);1.3659592240072944
(5.15);0.975645661569348
(5.16);1.344317311522698
(5.17);2.880924351521021
(5.18);1.8896973523145457
(5.19);1.517066019715521
(5.20);1.4499917536274471
(5.21);1.1442822648720246
(5.22);0.9950988357667917
(5.23);0.8535276222723744
(5.24);0.9305434208116414
(5.25);1.3182395065480639
(5.26);2.355039415604218
(5.27);3.000309411395171
(5.28);1.8923363628696421
(5.29);1.567432065715776
(5.30);1.911140895537077
(5.31);3.349359444287141
(6.7);2.0164566840422387
(6.8);1.9298509191710618
(6.9);1.4879046268319425
(6.10);1.3020459062811722
(6.11);1.2980318804902342
(6.12);3.4893664356543437
(6.13);1.1793306908017092
(6.14);1.2437369832376777
(6.15);0.9029800178159572
(6.16);1.1649543487799896
(6.17);2.130180680387338
(6.18);1.6494603137765131
(6.19);1.3639327970943067
(6.20);1.3648059456174917
(6.21);1.088634675029443
(6.22);0.9585923193424584
(6.23);0.8368055554113077
(6.24);0.8891654771372948
(6.25);1.2088105425911349
(6.26);2.07114286768108
(6.27);2.455869376438417
(6.28);1.665017356170925
(6.29);1.4320213273585978
(6.30);1.7244221866263312
(6.31);2.497605453451412
(7.8);6.675192697967556
(7.9);5.2183442208470945
(7.10);3.354285394140707
(7.11);2.4981221386538173
(7.12);3.066950540836491
(7.13);0.788236494080206
(7.14);0.8516163533081897
(7.15);0.6967063885438991
(7.16);0.9205435450926552
(7.17);1.429030828365224
(7.18);2.14213555606473
(7.19);1.784771677556496
(7.20);2.1744762573021914
(7.21);1.563987589016166
(7.22);1.3378581221434103
(7.23);1.1511442866262322
(7.24);1.1455109712384521
(7.25);1.5091331977565576
(7.26);2.3815696529399095
(7.27);2.1335253994782586
(7.28);1.4429924370312393
(7.29);1.5875049155785346
(7.30);2.003284953810138
(7.31);2.0428712471102197
(8.9);4.776315268460733
(8.10);3.524142470801926
(8.11);3.5156462350698954
(8.12);3.7741471677606038
(8.13);0.8050858985770547
(8.14);0.8939227612474093
(8.15);0.7362431653336596
(8.16);1.0113830488840634
(8.17);1.6048085411986945
(8.18);2.9634254646869405
(8.19);2.3176673343596392
(8.20);2.873368413728042
(8.21);1.8734941771706983
(8.22);1.535913979150174
(8.23);1.2659683106590012
(8.24);1.2998987756457925
(8.25);1.823213844172446
(8.26);2.934360314705119
(8.27);2.47825016344057
(8.28);1.594227210822931
(8.29);1.8223552577461002
(8.30);2.385808111111123
(8.31);2.453722177709794
(9.10);9.269243685092361
(9.11);3.448042566829489
(9.12);2.2129385504482686
(9.13);0.7159792621006837
(9.14);0.7771522256145529
(9.15);0.6558145232840924
(9.16);0.8645553236693903
(9.17);1.2584410316988393
(9.18);2.1633785850255243
(9.19);1.9219062992854181
(9.20);2.666045371987225
(9.21);1.8887618455405586
(9.22);1.6113220444614766
(9.23);1.3865609610500074
(9.24);1.3150975694424178
(9.25);1.6540590392986767
(9.26);2.442003520068539
(9.27);1.9906502725287694
(9.28);1.3810509854136352
(9.29);1.662557000034264
(9.30);2.11140352190707
(9.31);1.8109681145074827
(10.11);4.042080758488106
(10.12);1.9107228060391899
(10.13);0.6829034496972648
(10.14);0.7442243218581724
(10.15);0.637902818844115
(10.16);0.8411431210034871
(10.17);1.186025711117965
(10.18);2.146326140141618
(10.19);1.9986172956219739
(10.20);3.0007192757996846
(10.21);2.150772293789787
(10.22);1.8372409444652134
(10.23);1.5792933452852689
(10.24);1.447124085631163
(10.25);1.7570238394440845
(10.26);2.4842962453959623
(10.27);1.9288011165819061
(10.28);1.3575401446882702
(10.29);1.7217048181263068
(10.30);2.1911341816109955
(10.31);1.7074158997408062
(11.12);2.160200457162123
(11.13);0.7197806334309259
(11.14);0.8129946639383988
(11.15);0.7041011930330083
(11.16);0.9815094183928473
(11.17);1.3940581754489514
(11.18);3.6768332359062046
(11.19);3.522737980136632
(11.20);8.062096561100832
(11.21);3.44603756797441
(11.22);2.485074902206784
(11.23);1.8367069806850091
(11.24);1.88050919437388
(11.25);2.6775642193678766
(11.26);3.724532561765587
(11.27);2.4372750157588117
(11.28);1.6125373881794558
(11.29);2.2650178898698976
(11.30);3.1440939370667174
(11.31);2.160133602385824
(12.13);1.0760941908253545
(12.14);1.2297361565320306
(12.15);0.9518802833510953
(12.16);1.3673206676114773
(12.17);2.6714555048426303
(12.18);3.093342401661589
(12.19);2.248706147515542
(12.20);2.1948003653928976
(12.21);1.586030053860327
(12.22);1.3270378554743865
(12.23);1.1008655444358362
(12.24);1.1988643002627564
(12.25);1.7758290547752615
(12.26);3.1468258737003536
(12.27);3.386590476707808
(12.28);1.9845685121814958
(12.29);1.9047112705688347
(12.30);2.4497609881792783
(12.31);4.16067859643871
(13.14);3.712945056991781
(13.15);2.0208920711967764
(13.16);1.5209853344978528
(13.17);1.6152861890464454
(13.18);0.9457445795809841
(13.19);0.8711841068653401
(13.20);0.8159302315647069
(13.21);0.7329714792177683
(13.22);0.6775044923808657
(13.23);0.6114038139011619
(13.24);0.6736795490821472
(13.25);0.8644789416527784
(13.26);1.415976889630224
(13.27);1.952604731707142
(13.28);1.8750187844543753
(13.29);1.170907711262224
(13.30);1.2691605966080004
(13.31);1.4858671717477623
(14.15);3.3094808229607273
(14.16);2.543595225752511
(14.17);2.2812074334245187
(14.18);1.1277629643355933
(14.19);1.036068135861854
(14.20);0.9353049192049686
(14.21);0.8382344074839352
(14.22);0.7669730067277907
(14.23);0.679705487806123
(14.24);0.7696644672682963
(14.25);1.0249781657704158
(14.26);1.725538643492208
(14.27);2.6631027295953564
(14.28);2.6846222438387435
(14.29);1.4138461651995697
(14.30);1.5297993216749985
(14.31);1.9161866901601572
(15.16);2.5076047087226523
(15.17);1.6035241581180644
(15.18);0.9652721296331
(15.19);0.9184777025721517
(15.20);0.8236318703058512
(15.21);0.7633531357049287
(15.22);0.7089740017934065
(15.23);0.6335128531406741
(15.24);0.7282467380705099
(15.25);0.946779364493845
(15.26);1.553509734600581
(15.27);2.289708317001939
(15.28);2.959054700834564
(15.29);1.3794306602735036
(15.30);1.4266476008374682
(15.31);1.5046396114961953
(16.17);3.0159239991242566
(16.18);1.4962329707683355
(16.19);1.405233012207345
(16.20);1.173216707759209
(16.21);1.0649068974082605
(16.22);0.9604750278120051
(16.23);0.8239261691800519
(16.24);0.9883959536910681
(16.25);1.4151232605120285
(16.26);2.5112907501050636
(16.27);5.0747647793097
(16.28);7.547651132257229
(16.29);2.0811079245679696
(16.30);2.2107220765494997
(16.31);2.686625994211148
(17.18);2.296755700136295
(17.19);1.9166293891976074
(17.20);1.601194026612342
(17.21);1.329587840533312
(17.22);1.1537858911977
(17.23);0.9679156815602771
(17.24);1.1259149510883573
(17.25);1.7008219571397758
(17.26);3.194547964994626
(17.27);6.788187977778824
(17.28);3.4327901602752613
(17.29);2.1254880378220258
(17.30);2.5374608538376195
(17.31);6.997055523928692
(18.19);8.540047673793575
(18.20);4.917458611240877
(18.21);2.9779289657522483
(18.22);2.188400537193553
(18.23);1.6010578897093155
(18.24);1.940868128084606
(18.25);3.8889986802065724
(18.26);8.138675591358354
(18.27);4.413194491006057
(18.28);2.3734085433848824
(18.29);3.16552460245158
(18.30);4.990382825122681
(18.31);4.275598161230587
(19.20);6.060682442551765
(19.21);4.097772693392913
(19.22);2.7700037038221685
(19.23);1.8714068110323727
(19.24);2.4641422112749156
(19.25);6.635803284439253
(19.26);11.96442453539946
(19.27);3.9288601323125927
(19.28);2.3305725170720777
(19.29);3.955609740378275
(19.30);7.34687986442712
(19.31);3.2085523343724147
(20.21);6.04168633330698
(20.22);3.569242820038788
(20.23);2.319490292860862
(20.24);2.6221293368168115
(20.25);4.294840517137581
(20.26);5.242705762129049
(20.27);2.866187876669711
(20.28);1.8854748962277366
(20.29);2.997850594189511
(20.30);4.477196255907494
(20.31);2.4747319584295244
(21.22);8.246472953548025
(21.23);3.453069153047362
(21.24);4.4622712793545665
(21.25);5.164273332975862
(21.26);4.527949745671658
(21.27);2.4478749228785475
(21.28);1.7653882908746834
(21.29);3.399848208363881
(21.30);4.791265455793173
(21.31);1.937155719338687
(22.23);5.734135542829831
(22.24);6.640729386551012
(22.25);3.73013763305948
(22.26);3.444583332732834
(22.27);2.0811016794885955
(22.28);1.5954866900617706
(22.29);3.104168767371166
(22.30);3.8391223789065654
(22.31);1.6148063513399864
(23.24);4.310266388289299
(23.25);2.3369563205280355
(23.26);2.4448497246613567
(23.27);1.6757634734683096
(23.28);1.3508761416868085
(23.29);2.3606217808284167
(23.30);2.6599342789159803
(23.31);1.3028677388275998
(24.25);3.8476884394007023
(24.26);3.389438999526003
(24.27);2.075003456640735
(24.28);1.6739639108702715
(24.29);3.8387586080959903
(24.30);4.192174121983059
(24.31);1.5405514392480861
(25.26);9.782902416755343
(25.27);3.481941618495698
(25.28);2.4053062957552194
(25.29);6.400818388205179
(25.30);15.529257693935373
(25.31);2.5408403572763083
(26.27);6.89022072674503
(26.28);3.878821357826453
(26.29);7.0975415698089
(26.30);15.88560643052906
(26.31);5.098824390354293
(27.28);6.831683557922863
(27.29);4.259544265238889
(27.30);5.1986116033977785
(27.31);9.494647623464452
(28.29);3.611575409488092
(28.30);3.586805490548495
(28.31);3.517695109967774
(29.30);11.774573903888367
(29.31);2.821604648476881
(30.31);3.6591434212200484

****Importance nodes******

0; 0.05
1; 0.03666666666666667
2; 0.03666666666666667
3; 0.03793103448275863
4; 0.03793103448275863
5; 0.012339636633296257
6; 0.012737689427918716
7; 0.013148582635270934
8; 0.013572730462215157
9; 0.014010560477125325
10; 0.014462514040903561
11; 0.01492904675190045
12; 0.015410628905187561
13; 0.015907745966645223
14; 0.016420899062343456
15; 0.016950605483709375
16; 0.01749739920899032
17; 0.018061831441538393
18; 0.018644471165458986
19; 0.01924590571918347
20; 0.019866741387544223
21; 0.020507604012948873
22; 0.021169139626269803
23; 0.021852015098084963
24; 0.022556918810926408
25; 0.023284561353214356
26; 0.03666666666666667
27; 0.03666666666666667
28; 0.03666666666666667
29; 0.03666666666666667
30; 0.03666666666666667
31; 0.02403567623557611
