
****Mix criterion 0.5*C(weight)+0.5*C(distance) ******

(0.5);0.46547126153069557
(0.6);0.4187058522488234
(0.7);0.3907617527359041
(0.8);0.42606664439483755
(0.10);0.35432784253447763
(0.11);0.4075598562576254
(0.12);0.49635608823497357
(0.13);0.3048090249930079
(0.14);0.36522766642266613
(0.15);0.31287907059251835
(0.16);0.4439034781002649
(0.17);0.5777847948946124
(0.18);0.5324263036548788
(0.19);0.4829413633117522
(0.20);0.42077903177054893
(0.21);0.3692073165215518
(0.22);0.3210178360223025
(0.23);0.25357177094409755
(0.24);0.30407849722022945
(0.25);0.42559209324601954
(0.31);0.9824127216643568
(1.2);0.5859841126403429
(1.3);0.40033518154019
(1.4);0.4409990020579536
(1.5);0.4645319989379617
(1.6);0.5075918252946001
(1.7);0.5426690636301532
(1.8);0.4862417468364205
(1.9);0.4631928348433239
(1.10);0.427871977663061
(1.11);0.3930401590265845
(1.12);0.48268396422124377
(1.13);0.2568173856052346
(1.14);0.261922027807857
(1.15);0.18139722354709092
(1.16);0.2504269026796854
(1.17);0.3585565719461171
(1.18);0.37747101734736727
(1.19);0.33970488123342907
(1.20);0.35921878363650417
(1.21);0.29851761382986697
(1.22);0.26056281208100324
(1.23);0.21877964537054612
(1.24);0.21407869103343513
(1.25);0.28380675088021323
(1.26);0.3217287583565016
(1.27);0.32409702791504286
(1.28);0.22179658404466232
(1.29);0.21820048320927488
(1.30);0.2785864577996677
(1.31);0.38056691242817486
(2.3);0.4860818187929201
(2.4);0.5180667575808826
(2.5);0.49331611753744764
(2.6);0.5770229105492672
(2.7);0.43807494574886185
(2.8);0.41353900907185787
(2.9);0.38283594409915805
(2.10);0.35394877148685816
(2.11);0.33398095300862246
(2.12);0.454765553053602
(2.13);0.314500007861796
(2.14);0.3072312336671318
(2.15);0.22048140950302594
(2.16);0.27122135598238895
(2.17);0.37671084153044265
(2.18);0.3415372631166758
(2.19);0.3016642275173763
(2.20);0.3071289050763849
(2.21);0.24764785480227086
(2.22);0.20783884444916953
(2.23);0.16200824396536467
(2.24);0.1666311170369595
(2.25);0.24616328614232538
(2.26);0.2924464145670391
(2.27);0.3235861066134467
(2.28);0.2321163672712908
(2.29);0.1910432937558973
(2.30);0.24718556014814885
(2.31);0.37734400909505855
(3.4);0.6425003703922274
(3.5);0.46064564357157667
(3.6);0.46904742980928377
(3.7);0.33294592129061196
(3.8);0.3271272967523947
(3.9);0.2858913540480408
(3.10);0.260918130828371
(3.11);0.2620105578271144
(3.12);0.3930464749728868
(3.13);0.4407405036497686
(3.14);0.4140298871177887
(3.15);0.3150600083366951
(3.16);0.3324168079149683
(3.17);0.4140098882226488
(3.18);0.30059459461477944
(3.19);0.2619162354616607
(3.20);0.24634640485788117
(3.21);0.19055097876064483
(3.22);0.14819317117177355
(3.23);0.09437465314614885
(3.24);0.11786350193490856
(3.25);0.21132079305116952
(3.26);0.26874568724074915
(3.27);0.342256831792275
(3.28);0.2795933431200342
(3.29);0.17777385592493652
(3.30);0.22361645601771812
(3.31);0.3771816442998883
(4.5);0.5562439586167918
(4.6);0.5427380870689836
(4.7);0.37744500251124335
(4.8);0.3766621085632542
(4.9);0.3293192436592667
(4.10);0.30475277186736527
(4.11);0.3112878166981426
(4.12);0.45598310244514606
(4.13);0.4031882728954024
(4.14);0.40943835978123577
(4.15);0.3141000369489793
(4.16);0.3601525372537195
(4.17);0.4709341499105213
(4.18);0.3545910329935138
(4.19);0.31395953336102844
(4.20);0.2970301228746675
(4.21);0.2402054671588738
(4.22);0.1970276542807945
(4.23);0.1418401546500493
(4.24);0.16687036729609875
(4.25);0.2617575733452898
(4.26);0.3216565606553047
(4.27);0.393089251917232
(4.28);0.31280347491475763
(4.29);0.22575602163742517
(4.30);0.2744271026214676
(4.31);0.43739323026816823
(5.6);0.5524347201743214
(5.7);0.4132944446918503
(5.8);0.4176244928196872
(5.9);0.3679287162419481
(5.10);0.34520819272731623
(5.11);0.3541045928541961
(5.12);0.5098100554684343
(5.13);0.3282488230921087
(5.14);0.3480064676955897
(5.15);0.27013868444917477
(5.16);0.33848575161792765
(5.17);0.4535165850186431
(5.18);0.392803913394542
(5.19);0.35195034588614743
(5.20);0.3397794197171957
(5.21);0.28306994206872726
(5.22);0.24082990108091704
(5.23);0.18721989282507154
(5.24);0.20896985992239217
(5.25);0.29903336663746855
(5.26);0.35501051687029184
(5.27);0.4017964226660322
(5.28);0.30548914198886246
(5.29);0.2554546716357641
(5.30);0.3079100073353838
(5.31);0.4573504915439437
(6.7);0.42337672175055174
(6.8);0.4157602703536765
(6.9);0.37364394194109557
(6.10);0.3484787277060882
(6.11);0.3449912380981965
(6.12);0.481874370883257
(6.13);0.31929833218632453
(6.14);0.32701183615513535
(6.15);0.24602845418546967
(6.16);0.30562871205221953
(6.17);0.41174406849625195
(6.18);0.3682689603819843
(6.19);0.3285929831161575
(6.20);0.32504309077897103
(6.21);0.2674782233386657
(6.22);0.22659246377486236
(6.23);0.17666208590305083
(6.24);0.19065782012579727
(6.25);0.275082675084369
(6.26);0.3252834176404238
(6.27);0.36226128035061606
(6.28);0.27032147108902416
(6.29);0.2261254328831128
(6.30);0.27981549356772406
(6.31);0.414561748806375
(7.8);0.5579969236769866
(7.9);0.525208369077166
(7.10);0.4787173561957098
(7.11);0.44278636839164054
(7.12);0.46608334891202013
(7.13);0.21222084594851018
(7.14);0.2304098411117047
(7.15);0.15965720571638425
(7.16);0.24292191515894412
(7.17);0.34250298137391294
(7.18);0.4088040491247842
(7.19);0.3771842120692201
(7.20);0.4064764258611282
(7.21);0.3469230796653598
(7.22);0.31041481640226926
(7.23);0.26940361098538124
(7.24);0.263134658463999
(7.25);0.3249497567528031
(7.26);0.3544529062120455
(7.27);0.3304202795293744
(7.28);0.22608319289460388
(7.29);0.25475536369667945
(7.30);0.3157518346136652
(7.31);0.38025316518951585
(8.9);0.5149321172891147
(8.10);0.4832531701902162
(8.11);0.4819071991758918
(8.12);0.48886435704791376
(8.13);0.21442959282312074
(8.14);0.24044455427763942
(8.15);0.17431043603773994
(8.16);0.2649631007183505
(8.17);0.3621076362691398
(8.18);0.45205180043713356
(8.19);0.4166952703420399
(8.20);0.44462995593894494
(8.21);0.3780570564975451
(8.22);0.3376363697186867
(8.23);0.2905705156233531
(8.24);0.2925519673814292
(8.25);0.3609826858910119
(8.26);0.39420985550705023
(8.27);0.36124437941252924
(8.28);0.2537095331618835
(8.29);0.29033496409378357
(8.30);0.3533148783573421
(8.31);0.40908289147366406
(9.10);0.5948457988992073
(9.11);0.47661410308426366
(9.12);0.42098492270694343
(9.13);0.17096418010388995
(9.14);0.1930467429182031
(9.15);0.12628794944117114
(9.16);0.21616380287317374
(9.17);0.3100029540026405
(9.18);0.40589847160606146
(9.19);0.3848919257702257
(9.20);0.43180722070423677
(9.21);0.37662943160537965
(9.22);0.34423285490888506
(9.23);0.3086778141095578
(9.24);0.2920397598396699
(9.25);0.33904728103796367
(9.26);0.35583609282253825
(9.27);0.3098771225770007
(9.28);0.20630378243136227
(9.29);0.26283785365537204
(9.30);0.3238483555640284
(9.31);0.3535702766144475
(10.11);0.49571809323136984
(10.12);0.3992267485169051
(10.13);0.1491760007160146
(10.14);0.17408800022089965
(10.15);0.10993361507596698
(10.16);0.2037459767491662
(10.17);0.2940006945808326
(10.18);0.4041048538704761
(10.19);0.39044446771344243
(10.20);0.4479027682128894
(10.21);0.39740985413444996
(10.22);0.3677965838554686
(10.23);0.3351671618016783
(10.24);0.31243624690354305
(10.25);0.3497974296287222
(10.26);0.3586737079882841
(10.27);0.300767617321998
(10.28);0.1982103807345264
(10.29);0.27085910759678433
(10.30);0.3312974750338339
(10.31);0.3405125473922244
(11.12);0.41546552996359726
(11.13);0.1628730662308034
(11.14);0.1987894932170236
(11.15);0.14294644338107942
(11.16);0.2457852024645858
(11.17);0.3272316204718377
(11.18);0.47572932530762707
(11.19);0.4690323320809907
(11.20);0.5739361117248473
(11.21);0.46328418848494374
(11.22);0.41595764593918955
(11.23);0.3626773045010544
(11.24);0.36401047095422545
(11.25);0.420615361350982
(11.26);0.4326543656837204
(11.27);0.35303403978565007
(11.28);0.24983118984655892
(11.29);0.33701647851169336
(11.30);0.4030573542301703
(11.31);0.3831354197900268
(12.13);0.2789085619524907
(12.14);0.30704356826300355
(12.15);0.23761422890726255
(12.16);0.3236145415064883
(12.17);0.43463685615791736
(12.18);0.452644488224089
(12.19);0.4055942918907717
(12.20);0.3995117142914957
(12.21);0.33807176372796627
(12.22);0.2947553957784716
(12.23);0.24082994010194872
(12.24);0.2597936713095691
(12.25);0.34757081118962524
(12.26);0.4019136050890379
(12.27);0.41511896869390635
(12.28);0.30379237602208914
(12.29);0.293359006761402
(12.30);0.35244844632072797
(12.31);0.4794330752499826
(13.14);0.4796504063344375
(13.15);0.3956557998802152
(13.16);0.34272929077477604
(13.17);0.35155444162072763
(13.18);0.21699005434474342
(13.19);0.18507955356231515
(13.20);0.15605055061038145
(13.21);0.10767601235205072
(13.22);0.06609218935179823
(13.23);0.008257132266241331
(13.24);0.04684738838120989
(13.25);0.14463272007168604
(13.26);0.2035368580762078
(13.27);0.29754333193835125
(13.28);0.2870221887027521
(13.29);0.13415935406999596
(13.30);0.1650378726357505
(13.31);0.3024278999401604
(14.15);0.4630566914951685
(14.16);0.4263919246698762
(14.17);0.4084277398473023
(14.18);0.2635026883144747
(14.19);0.23528626373784187
(14.20);0.1985259333976821
(14.21);0.1546510554949147
(14.22);0.11356684034071299
(14.23);0.05331077100235673
(14.24);0.10039298404199841
(14.25);0.20022111209810556
(14.26);0.26182205750134013
(14.27);0.3665865493024051
(14.28);0.36823617297807965
(14.29);0.19994660981321152
(14.30);0.22570938797077664
(14.31);0.35494621581346614
(15.16);0.422646214856876
(15.17);0.3448815029273589
(15.18);0.2144907643974172
(15.19);0.19334732580448077
(15.20);0.14922294970996455
(15.21);0.11303450123197373
(15.22);0.07427461741196564
(15.23);0.01267804736549212
(15.24);0.07062690347785347
(15.25);0.16873226411503456
(15.26);0.22763368220073119
(15.27);0.33193088027824225
(15.28);0.38601821815373216
(15.29);0.18825260605869465
(15.30);0.19982728661728294
(15.31);0.29978548396612476
(16.17);0.44527331424976696
(16.18);0.3246453948380851
(16.19);0.3072873849831688
(16.20);0.2580061558768495
(16.21);0.22544721163211273
(16.22);0.18704526274806407
(16.23);0.12447599045112352
(16.24);0.18526199985049419
(16.25);0.28579525139582684
(16.26);0.3506422114020507
(16.27);0.4779540724273451
(16.28);0.5411508881467533
(16.29);0.30692062026472566
(16.30);0.3216464647616599
(16.31);0.4111245111641576
(17.18);0.4016282162315914
(17.19);0.36829251648654654
(17.20);0.3298482649028833
(17.21);0.2831026446242403
(17.22);0.2403022881338818
(17.23);0.17921837261013804
(17.24);0.22313277830052716
(17.25);0.3261583084282409
(17.26);0.39760147368581095
(17.27);0.5233376177565415
(17.28);0.41093320935675853
(17.29);0.30988282687060437
(17.30);0.35099567835228596
(17.31);0.5457854817107924
(18.19);0.5794128290879178
(18.20);0.5030054427346259
(18.21);0.4337746140074366
(18.22);0.3822630270562846
(18.23);0.3168451709149403
(18.24);0.35434636718257256
(18.25);0.46523353426191566
(18.26);0.552377276169107
(18.27);0.45318644225384686
(18.28);0.33401472168145874
(18.29);0.39430779773620894
(18.30);0.4733207986407497
(18.31);0.4769247733689333
(19.20);0.5296012865919507
(19.21);0.47679828580740924
(19.22);0.41928546891804275
(19.23);0.3474768254704287
(19.24);0.3959333563236302
(19.25);0.5377267663035774
(19.26);0.6221981411047096
(19.27);0.4321948623132817
(19.28);0.3275993268785934
(19.29);0.43337498493656845
(19.30);0.5347364528129201
(19.31);0.4341202178820315
(20.21);0.5274897751804517
(20.22);0.4551214240776292
(20.23);0.3857080157858995
(20.24);0.404425269555773
(20.25);0.47665858223143553
(20.26);0.47928524837040465
(20.27);0.3711172112167701
(20.28);0.27063223573505724
(20.29);0.3802630192608003
(20.30);0.45325215960044446
(20.31);0.3897953951770012
(21.22);0.570452045815644
(21.23);0.44731735680153945
(21.24);0.48212927398401195
(21.25);0.5010901037489714
(21.26);0.45393759575316
(21.27);0.33457668359444653
(21.28);0.24858272846198495
(21.29);0.403054702982064
(21.30);0.4634001856987935
(21.31);0.3400001437507765
(22.23);0.51669748146097
(22.24);0.5363742004817424
(22.25);0.45389113842120565
(22.26);0.4038829977683742
(22.27);0.2919178934272759
(22.28);0.21344113329160944
(22.29);0.38362382327216255
(22.30);0.4238904222986514
(22.31);0.29516879624669284
(23.24);0.4747958263996679
(23.25);0.3751918236314512
(23.26);0.32961397147376265
(23.27);0.2258246435841136
(23.28);0.15003509971942958
(23.29);0.32121427772360206
(23.30);0.34897733612010984
(23.31);0.23245013873941706
(24.25);0.4555063038862894
(24.26);0.39733181555645547
(24.27);0.28545436065075347
(24.28);0.22190097449605817
(24.29);0.42079769651096216
(24.30);0.4366364615283963
(24.31);0.2759489259868271
(25.26);0.580286527879894
(25.27);0.40075198496586467
(25.28);0.32066936895315645
(25.29);0.5069944911094627
(25.30);0.6773229875169937
(25.31);0.38353478757207854
(26.27);0.4985715070401563
(26.28);0.38418355701754325
(26.29);0.5041491339794477
(26.30);0.6741223599225461
(26.31);0.4677909467831823
(27.28);0.49696623959688124
(27.29);0.4043909894329987
(27.30);0.44480987664529337
(27.31);0.5741286548924973
(28.29);0.3681038315929091
(28.30);0.36651945554319815
(28.31);0.40090714208477984
(29.30);0.6040679204736685
(29.31);0.35529914406615737
(30.31);0.4084916861409059
