
****Importance edges******

(0.5);5.1188220057166385
(0.6);3.979824461950133
(0.7);3.496908435242255
(0.8);4.1769674882247365
(0.10);2.9821370966861824
(0.11);3.8831805490380336
(0.12);6.271696845125441
(0.13);2.5034396422637646
(0.14);3.173718116895768
(0.15);2.5964129917338736
(0.16);4.6846018933782645
(0.17);9.927148402145137
(0.18);7.910876742806091
(0.19);6.057860770648291
(0.20);4.315445069379104
(0.21);3.425310663314745
(0.22);2.801603581793052
(0.23);2.245556037861919
(0.24);2.6918056907484185
(0.25);4.5895689156779484
(0.31);36.46988842870926
(1.3);4.272623477836894
(1.4);5.213279350085622
(1.5);4.422266406198123
(1.6);5.900248040552471
(1.7);7.506889195640133
(1.8);5.171671170110048
(1.9);4.414576368246401
(1.10);3.624536414731385
(1.11);3.0300785891415685
(1.12);5.155921293016759
(1.13);1.7114372233488662
(1.14);1.7167819419622246
(1.15);1.3638564044754597
(1.16);1.6600760808482098
(1.17);2.645342839392836
(1.18);2.9600412200320645
(1.19);2.504986975656046
(1.20);2.708964413028477
(1.21);2.1306091541522383
(1.22);1.8557749079426609
(1.23);1.6587489309357344
(1.24);1.648327959282596
(1.25);2.096880672628763
(1.26);3.052852911749667
(1.27);2.9764644689052027
(1.28);2.1748715310846842
(1.29);2.1140585477391007
(1.30);2.6085478182767092
(1.31);3.214148370461705
(2.3);6.708499128746523
(2.4);7.950008777296406
(2.5);5.487052880203679
(2.6);9.406537551675042
(2.7);3.9165409254838863
(2.8);3.3792774497123528
(2.9);2.824175363832631
(2.10);2.50993815141209
(2.11);2.33063396352931
(2.12);4.429738322657996
(2.13);2.1810884760291267
(2.14);2.086509908911047
(2.15);1.5685441116975367
(2.17);2.957232660317577
(2.18);2.5578912813588444
(2.19);2.1877298921944104
(2.20);2.214059524430754
(2.21);1.8154594693341857
(2.22);1.6024362432139927
(2.23);1.4416431572169504
(2.24);1.4713649830770679
(2.25);1.8797425174315667
(2.26);2.786451586556496
(2.27);3.0245147891379305
(2.28);2.282989222506454
(2.29);1.9912045758316042
(2.30);2.3926557847038077
(2.31);3.232117974241689
(3.5);4.4275358399077485
(3.6);4.697400645552588
(3.7);2.25055104284767
(3.8);2.1914514045195763
(3.9);1.8283255071222548
(3.10);1.7169411922388167
(3.11);1.7542310668666905
(3.12);3.099917420548318
(3.13);4.131726765417612
(3.14);3.4802317822052617
(3.15);2.201568871668338
(3.16);2.329992187405112
(3.18);2.1560090059453283
(3.19);1.888858094499936
(3.20);1.7748407400687893
(3.21);1.5220056184548982
(3.22);1.3580073721622723
(3.23);1.2202733465988795
(3.24);1.299914571614887
(3.25);1.6845941195038274
(3.26);2.567025407268847
(3.27);3.257501831376237
(3.28);2.663538469988241
(3.29);1.9205686207650765
(3.30);2.2250788647547526
(3.31);3.229588066187845
(4.5);8.272693277113826
(4.6);7.617191339198258
(4.7);2.783446643281787
(4.8);2.7679624999655865
(4.9);2.184165895959307
(4.10);2.025052655355302
(4.11);2.1160065690895626
(4.12);4.463338958869304
(4.13);3.3303729846804466
(4.14);3.392343496251319
(4.15);2.192889267305107
(4.16);2.6426243656572668
(4.17);5.035985511104312
(4.18);2.7140381551943267
(4.19);2.297873729918534
(4.20);2.1281901885816024
(4.21);1.7714268780588485
(4.23);1.3680207570135727
(4.24);1.4723118612306834
(4.25);1.9811427997432447
(4.26);3.105546607759832
(4.27);4.063144369235693
(4.28);3.002473607035666
(4.29);2.2007914215743862
(4.30);2.6167877019387062
(4.31);4.423864180254053
(5.6);6.370765628458433
(5.7);1.9106745955527635
(5.8);1.9664878492122966
(5.9);1.3780329143533212
(5.10);1.2828474362390665
(5.11);1.3919431697443236
(5.12);4.529059156628756
(5.13);1.2586406172434645
(5.14);1.3543679860244995
(5.15);0.9916559784221158
(5.16);1.303072675422306
(5.17);2.9188438517740076
(5.18);1.9561205058784525
(5.19);1.5728250978128355
(5.20);1.452435062270408
(5.21);1.1628790086506422
(5.22);0.9941594036325943
(5.23);0.8717210638613706
(5.24);0.9452036504934689
(5.25);1.3323309203934597
(5.26);2.4362603664955724
(5.27);2.948084385545932
(5.28);1.9575995418127115
(5.29);1.5794167534105705
(5.30);1.9770526080096478
(5.31);3.418733673888102
(6.7);2.0853783782750024
(6.8);1.9636381558146527
(6.9);1.446102311875605
(6.10);1.3229796782776337
(6.11);1.3425886681064172
(6.12);3.547396002918287
(6.13);1.2211256175074128
(6.14);1.2336149523611777
(6.15);0.9178045674375299
(6.16);1.129943380265337
(6.17);2.158323277417101
(6.18);1.707058552424116
(6.19);1.4137275433646022
(6.20);1.3673602479571312
(6.21);1.1063362862988444
(6.22);0.957888848438287
(6.23);0.8546006245090938
(6.24);0.9031859198759034
(6.25);1.221815981883552
(6.26);2.1422802752284364
(6.27);2.4138012075360336
(6.28);1.7222055975460688
(6.29);1.443078132531672
(6.30);1.783650801797185
(6.31);2.549236148181443
(7.8);6.903348151895699
(7.9);5.160933646840146
(7.10);3.462405859335203
(7.11);2.62289547621126
(7.12);3.165835262940837
(7.13);0.8280566901426891
(7.14);0.8578195497636787
(7.15);0.7184667287898755
(7.16);0.9068467834062405
(7.17);1.4683889996782846
(7.18);2.2464720511984093
(7.19);1.8740448952484674
(7.20);2.2083105530018234
(7.21);1.6101444022936346
(7.22);1.3545359264987251
(7.23);1.1902251571161344
(7.24);1.1778888972105108
(7.26);2.4843367430240644
(7.27);2.1166684340305877
(7.28);1.5052589903458087
(7.29);1.6140873570678462
(7.30);2.089728684338154
(7.31);2.109505342764273
(8.9);4.651130455473613
(8.10);3.582702351810712
(8.11);3.6363106625906627
(8.12);3.83882100341989
(8.13);0.833589033687138
(8.14);0.8877008423249975
(8.15);0.7486880983174986
(8.16);0.9827334177599845
(8.17);1.6268984962689508
(8.18);3.0668498105387463
(8.19);2.4021439021505198
(8.20);2.8810642640031463
(8.21);1.9047804757711562
(8.22);1.536075721825072
(8.23);1.2932751102301818
(8.24);1.3209488489245724
(8.25);1.8437970071750769
(8.26);3.0351384339414538
(8.27);2.4379121291342183
(8.28);1.6489795938677063
(8.29);1.837227299502058
(8.30);2.467746669607724
(8.31);2.5051816229776347
(9.10);9.02630148550337
(9.11);3.4201768014812473
(9.12);2.1591245709229394
(9.13);0.7119493035822098
(9.14);0.7408660092560494
(9.15);0.6410682459609373
(9.16);0.807145531934966
(9.17);1.2279662278281225
(9.18);2.1575664360661513
(9.19);1.9209865617950048
(9.20);2.5777033091947263
(9.21);1.8535783468959355
(9.22);1.555971346459817
(9.23);1.369239383170772
(9.24);1.2925465954047708
(9.25);1.6187551148208454
(9.26);2.466738556776161
(9.27);1.9109154988568666
(9.28);1.3950396412605954
(9.29);1.6362419532879386
(9.30);2.1327899135276307
(9.31);1.7908147819441298
(10.11);4.173406421090186
(10.12);1.9409981129538398
(10.13);0.7058481209480221
(10.14);0.7386316000642829
(10.15);0.6479064825749307
(10.16);0.8173654990488076
(10.17);1.2010541478253982
(10.18);2.2177084027440457
(10.19);2.0681591824947962
(10.20);3.0065094357791375
(10.21);2.1843408114713663
(10.22);1.8362271205775536
(10.23);1.611509657824059
(10.24);1.469083385179182
(10.25);1.77530665473256
(10.26);2.5669993580806993
(10.27);1.8970729632933412
(10.28);1.402733142813304
(10.29);1.7347256489848806
(10.30);2.2640778240872055
(10.31);1.7413619203395205
(11.12);2.230384546333127
(11.13);0.7555583721379459
(11.14);0.8202637133807478
(11.15);0.7262980732431722
(11.16);0.9696723846307318
(11.17);1.4331241638104304
(11.18);3.8535320939759483
(11.19);3.69645486592436
(11.21);3.5489410422840293
(11.22);2.5189950447351155
(11.23);1.8992857057674917
(11.24);1.934393926818639
(11.25);2.740987664111161
(11.26);3.884389988778999
(11.27);2.421749209482754
(11.28);1.681747704793012
(11.29);2.304486185644853
(11.30);3.279038862029247
(11.31);2.2309718814812287
(12.13);1.112213430855809
(12.14);1.2219601847001107
(12.15);0.9672765056227424
(12.16);1.3310624321376499
(12.17);2.706805851259785
(12.18);3.196154256525958
(12.19);2.3268080512973803
(12.20);2.2008380905058833
(12.21);1.6114910415584256
(12.22);1.3274420523605992
(12.23);1.123660974455075
(12.24);1.217574772850709
(12.25);1.7952684617739858
(12.26);3.2515389601801736
(12.27);3.333899561122496
(12.28);2.0506065780236407
(12.29);1.919980523498752
(12.30);2.531278696659431
(12.31);4.244660069035869
(13.15);2.0867306324656623
(13.16);1.506161055602162
(13.17);1.662361224953314
(13.18);0.9916994809643604
(13.19);0.9145715390596775
(13.20);0.8306207953971332
(13.21);0.755588780370118
(13.22);0.6877045437811117
(13.23);0.6327553811227196
(13.24);0.693639063316297
(13.25);0.8858888382624616
(13.26);1.4773830487035127
(13.27);1.9428298398038257
(13.28);1.9563320478182127
(13.29);1.1923894981876284
(13.30);1.3241998264539148
(13.31);1.535835844010349
(14.15);3.2914323023867342
(14.16);2.4252530018510368
(14.17);2.263842129872957
(14.18);1.1414783327578415
(14.19);1.050542034047759
(14.20);0.9196241569525944
(14.21);0.8353104185644834
(14.22);0.752807169102357
(14.23);0.6808806101555563
(14.24);0.7674357304312492
(14.25);1.017702625913838
(14.26);1.7589358152560242
(14.27);2.5870698065151925
(14.29);1.4061776269631683
(14.30);1.5594080301805062
(14.31);1.9204865969346483
(15.16);2.445485269825195
(15.17);1.6246929526994258
(15.18);0.9964893817158315
(15.19);0.9495103701669878
(15.20);0.8262342809957812
(15.21);0.7754966785904166
(15.22);0.7095399070747743
(15.23);0.6464251391002191
(15.24);0.7395248316443725
(15.25);0.9572005756199006
(15.26);1.6042780217543573
(15.27);2.255930243491611
(15.28);3.05575582565521
(15.29);1.390667519295534
(15.30);1.4732700670205874
(15.31);1.534576983236244
(16.17);2.936719490976932
(16.18);1.4860937095621223
(16.19);1.3986128678576148
(16.20);1.1330333663534922
(16.21);1.0424856311306188
(16.22);0.9265524259845128
(16.23);0.8112541136376328
(16.24);0.9690438573011327
(16.25);1.3820472947055156
(16.26);2.5278022774583015
(16.27);4.8698553331002
(16.29);2.0442491406230974
(16.30);2.2252573899280192
(16.31);2.649070218738596
(17.18);2.3637480068762553
(17.19);1.9753222992317432
(17.20);1.6027066776881835
(17.21);1.3473547108709425
(17.22);1.1523132572089063
(17.23);0.9851424095357095
(17.24);1.1406431866007856
(17.25);1.7157283482306445
(17.26);3.2921263995557557
(17.27);6.680096337307153
(17.28);3.5376457748057106
(17.29);2.139324370848472
(17.30);2.6149683636921592
(18.20);5.010004423359688
(18.21);3.0695313890256632
(18.22);2.2235168354144026
(18.23);1.656381050847842
(18.24);1.9983518232885957
(18.25);3.9865099977713783
(18.26);8.48602882995295
(18.27);4.3986311061168895
(18.28);2.4747040348685565
(18.29);3.2253433225382357
(18.30);5.203369031130666
(18.31);4.418244780879765
(19.20);6.184117882837444
(19.22);2.8187134711102275
(19.23);1.9383955003879303
(19.24);2.5403073014142183
(19.25);6.811039193602489
(19.26);12.484933009171362
(19.27);3.9210808707794493
(19.28);2.431963331171556
(19.29);4.034635332276266
(19.30);7.666503529895021
(19.31);3.319435520280505
(20.21);6.067051873658272
(20.22);3.5348031835202502
(20.23);2.339755525511296
(20.24);2.633592039114815
(20.25);4.296481392651401
(20.26);5.365657152671929
(20.27);2.8044693544800623
(20.28);1.9296928574948875
(20.29);2.9984012519663943
(20.31);2.4966656319311515
(21.22);8.26301563781015
(21.23);3.5218747199224705
(21.24);4.531179115072395
(21.25);5.2227705471458465
(21.26);4.670927538407103
(21.27);2.4162869201137327
(21.28);1.821133459290376
(21.29);3.4289825891833794
(21.30);4.942557894481065
(21.31);1.974933542984498
(22.23);5.7712678563299935
(22.24);6.655848536089738
(22.25);3.7243127801120544
(22.26);3.5184299760291426
(22.27);2.0342067399896595
(22.28);1.6296915053046996
(22.29);3.100115486852827
(22.30);3.921427341074825
(22.31);1.625637465021982
(23.25);2.3727346573269075
(23.27);1.6602194761422666
(23.28);1.3970535390717747
(23.29);2.388251602779309
(23.30);2.750859596511732
(23.31);1.3330675993306609
(24.25);3.89066248110347
(24.26);3.4936755894751887
(24.27);2.049712377616541
(24.28);1.7254439020403503
(24.29);3.871549558112678
(24.30);4.321097502816832
(24.31);1.56980068351419
(25.26);10.052535162293958
(25.27);3.4302035470842087
(25.28);2.4716004600796033
(25.29);6.436790603388171
(25.31);2.579266741733998
(26.27);6.929543442966663
(26.28);4.0354737091469035
(26.30);16.527171836595638
(26.31);5.268916679488819
(27.28);6.870672200597465
(27.29);4.207447198285326
(27.30);5.228280250736377
(27.31);9.413595784392538
(28.29);3.6926512540689735
(28.30);3.7316643180090048
(28.31);3.635042319427201
(29.30);12.038899970936505
(29.31);2.854586184103764
(30.31);3.7812092217140334

****Importance nodes******

0; 0.05238095238095238
1; 0.03793103448275863
2; 0.03928571428571429
3; 0.03928571428571429
4; 0.03928571428571429
5; 0.012923353991207163
6; 0.0133402363780203
7; 0.014229585469888319
8; 0.014229585469888319
9; 0.013432192755182459
10; 0.015121900896503506
11; 0.01613002762293707
12; 0.01613002762293707
13; 0.017205362797799544
14; 0.016443971367181794
15; 0.01773581348706347
16; 0.016861193207400087
17; 0.01879729346578334
18; 0.02010681727530715
19; 0.020800155802041878
20; 0.020299853428548696
21; 0.02145370629876901
22; 0.02155264455927223
23; 0.023039033839222036
24; 0.02358058985410511
25; 0.02415593170899579
26; 0.03928571428571429
27; 0.03666666666666667
28; 0.03928571428571429
29; 0.03793103448275863
30; 0.03928571428571429
31; 0.025313198585323098
