
****Mix criterion 0.5*C(weight)+0.5*C(distance) ******

(0.5);0.4647485553010165
(0.6);0.4181625112834224
(0.7);0.3903041303605351
(0.8);0.42553656683043317
(0.9);0.3659354280915624
(0.10);0.35398732774769337
(0.11);0.4075499824756089
(0.12);0.49572699383390895
(0.13);0.30457342382264285
(0.14);0.3649410690332785
(0.15);0.31266168165757285
(0.16);0.44353035552733167
(0.17);0.577066811260756
(0.18);0.531905834947771
(0.19);0.481857510432821
(0.20);0.4212502183901937
(0.21);0.36904706158889944
(0.22);0.32090336515411105
(0.23);0.253495152400458
(0.24);0.3040036775089922
(0.25);0.4246164330626986
(0.31);0.9824127216643568
(1.3);0.40472877738642776
(1.4);0.4476659436759358
(1.5);0.4694928425491274
(1.6);0.5141853207144269
(1.7);0.5509517151813452
(1.8);0.4919740118351875
(1.10);0.4318727578865453
(1.11);0.39674465583262003
(1.12);0.4883486668676276
(1.13);0.2586710684180712
(1.14);0.26381807339253377
(1.15);0.18287697608560138
(1.16);0.25226757104984693
(1.17);0.36140670130057945
(1.18);0.38060757340720236
(1.19);0.34197286794342113
(1.20);0.3626708166301626
(1.21);0.3007712397121939
(1.22);0.26253599596631894
(1.23);0.2205125162449756
(1.24);0.21579789378055994
(1.25);0.2854953308511432
(1.26);0.3248680478215843
(1.27);0.32654482396592177
(1.28);0.22352449782501652
(1.29);0.21991007450959127
(1.30);0.28126886239687676
(1.31);0.3839347261394635
(2.3);0.49120964951216606
(2.4);0.5261009078908985
(2.5);0.49727862623492636
(2.6);0.5838063349275948
(2.7);0.44087108167557354
(2.8);0.4159682328543534
(2.9);0.38523036230037916
(2.10);0.3557578584910262
(2.11);0.3359470855200946
(2.12);0.4579670907073112
(2.13);0.31605883736544876
(2.14);0.308755335440448
(2.15);0.2216106790841627
(2.16);0.2725703621807148
(2.17);0.3788377784217733
(2.18);0.34335273605576194
(2.19);0.3028959733841134
(2.20);0.3091673322828317
(2.21);0.2489471061448179
(2.22);0.20899519766412167
(2.23);0.16303410630077825
(2.24);0.16767992176277202
(2.25);0.24707151192162854
(2.26);0.2945763175109046
(2.27);0.3252587248650708
(2.28);0.23333682213797594
(2.29);0.19212643946040311
(2.30);0.24901445415229517
(2.31);0.37969174471121564
(3.5);0.46384301557747243
(3.6);0.4724349102587865
(3.7);0.334552657118357
(3.8);0.3287026411712128
(3.9);0.28744146171064333
(3.10);0.26215564976725503
(3.11);0.26349043445603737
(3.12);0.39528690129660693
(3.13);0.44369345932018256
(3.14);0.4165720401208285
(3.15);0.31664502257952826
(3.16);0.33413516722462866
(3.17);0.41659783837715914
(3.18);0.30212483010025337
(3.19);0.2629797091377549
(3.20);0.24798045471595653
(3.21);0.19164021698190178
(3.22);0.14917313914078237
(3.23);0.09524299040347782
(3.24);0.11879009497031648
(3.25);0.21213472995625504
(3.26);0.270707865589118
(3.27);0.3440582966214193
(3.28);0.28101723441844834
(3.29);0.17881857813833418
(3.30);0.22531725787167411
(3.31);0.37952754224944696
(4.5);0.5652833678937046
(4.6);0.5510311399107639
(4.7);0.3804383495352345
(4.8);0.37965244697949846
(4.9);0.3319725182656295
(4.10);0.3069323792766712
(4.11);0.3138115517838549
(4.12);0.4607670028553553
(4.13);0.4067089472309405
(4.14);0.4130938546791997
(4.15);0.3164227466295622
(4.16);0.3630119451325443
(4.17);0.4762334432876042
(4.18);0.3574013203911332
(4.19);0.31599309640822626
(4.20);0.2996804190238596
(4.21);0.24203738285388307
(4.22);0.19864129412509113
(4.23);0.14323824224712595
(4.24);0.1683728952075169
(4.26);0.3247949758370282
(4.27);0.39637111782473766
(4.28);0.31514778210918887
(4.29);0.227504528512738
(4.30);0.27707158595673326
(4.31);0.44193138862346226
(5.6);0.5562177126035623
(5.7);0.41440983299470185
(5.8);0.41879156634344733
(5.9);0.36909682186011156
(5.10);0.34597941098904716
(5.11);0.3552732941384582
(5.12);0.5125686154328526
(5.13);0.32900158006514957
(5.14);0.34885286749275574
(5.15);0.27074344023318175
(5.16);0.33931931571810864
(5.17);0.4553035559807511
(5.18);0.39397644724865866
(5.19);0.35248550938368267
(5.20);0.34120039949189146
(5.21);0.2837841545408807
(5.22);0.24145123931991552
(5.23);0.18775303812589547
(5.24);0.2095513325366498
(5.25);0.299331515185171
(5.26);0.35676987715026837
(5.27);0.4029644806840814
(5.28);0.30622585222718024
(5.29);0.2560648925633635
(5.30);0.3093377479323216
(5.31);0.4595471151814464
(6.7);0.4245944128484036
(6.8);0.41692566225277
(6.9);0.37486403109780186
(6.10);0.3492739296953095
(6.11);0.34611383191800726
(6.12);0.4840342527992907
(6.13);0.3200285814072601
(6.14);0.3277822348465098
(6.15);0.2465879746239219
(6.16);0.30635081117926893
(6.17);0.41306491895830444
(6.18);0.36929208259007423
(6.19);0.32907838964091163
(6.20);0.32637432223448304
(6.21);0.26815743859363317
(6.22);0.2271907764562718
(6.23);0.17718458605227747
(6.24);0.19121322616471204
(6.25);0.27536111911740424
(6.26);0.3268283002462033
(6.27);0.36322162663422797
(6.28);0.27097256159305855
(6.29);0.22668541232378492
(6.30);0.28110175434804485
(6.31);0.4161983585776861
(7.8);0.5620279166504962
(7.9);0.5294703740869228
(7.10);0.48076558568238326
(7.11);0.44493731149842713
(7.12);0.467981092864744
(7.13);0.21270875622692792
(7.14);0.2309371674870715
(7.15);0.16008876134047548
(7.16);0.2434923186205959
(7.17);0.34338876879963476
(7.18);0.4101323123867027
(7.19);0.3778250038692482
(7.20);0.40858735523300843
(7.21);0.3478984920168605
(7.22);0.3112495258473982
(7.23);0.27012210644056384
(7.24);0.2638499138175784
(7.25);0.32530373625451775
(7.26);0.3562265486565863
(7.27);0.33125832150126827
(7.28);0.22664999572134936
(7.29);0.2553789305640662
(7.30);0.31724375454059306
(7.31);0.3815906403827245
(8.9);0.518817468268135
(8.10);0.48540475951077444
(8.11);0.48492080153176453
(8.12);0.49119887195511924
(8.13);0.21492775765333386
(8.14);0.2409978832678597
(8.15);0.17476632258601463
(8.16);0.2655895741511098
(8.17);0.36310203610179076
(8.18);0.45388868524156173
(8.19);0.41753472316006757
(8.20);0.4474059810538382
(8.21);0.37922503734735874
(8.22);0.3385942733981194
(8.23);0.2913603719531469
(8.24);0.29336330908146596
(8.25);0.3614180843352325
(8.26);0.3963916918837953
(8.27);0.36222224453471374
(8.28);0.2543385815159596
(8.29);0.2910540269523553
(8.30);0.3550888400956704
(8.31);0.41068794571742817
(9.10);0.6023859764215044
(9.11);0.48024533136511305
(9.12);0.4227880886130058
(9.13);0.1715453993704024
(9.14);0.19367525850609638
(9.15);0.12681634525142144
(9.16);0.21685776902438303
(9.17);0.31100929491339074
(9.18);0.40762197424421054
(9.19);0.38592823981283997
(9.20);0.4348254170688211
(9.21);0.3781227895785588
(9.22);0.34550217876170314
(9.23);0.3097660846570764
(9.24);0.2930681760489891
(9.25);0.33970576572282074
(9.26);0.3579274656790677
(9.27);0.3108932760357656
(9.28);0.20700875796369228
(9.29);0.2636865276134715
(9.30);0.3256565970258479
(9.31);0.355029011774826
(10.11);0.4991776020403703
(10.12);0.40041972681740884
(10.13);0.1496024577107179
(10.14);0.17455283727007626
(10.15);0.11033211859524746
(10.16);0.20427154374254503
(10.17);0.2947418897454694
(10.18);0.40544642647193874
(10.19);0.3911921686016608
(10.20);0.4507899565313676
(10.21);0.3987610965038961
(10.22);0.36895112363684085
(10.23);0.3361598409804117
(10.24);0.3133460648740596
(10.25);0.35024082179706234
(10.26);0.3605239229729835
(10.27);0.30154274180811397
(10.28);0.19875593340866526
(10.29);0.2715510065960749
(10.30);0.33292935339931345
(10.31);0.341635707626062
(11.12);0.41731438775671925
(11.13);0.16348650348918242
(11.14);0.1994794347138075
(11.15);0.14354143268504965
(11.16);0.24661107663489357
(11.17);0.32839961921876665
(11.18);0.47879675858639237
(11.19);0.4710862902980142
(11.21);0.46613206968561893
(11.22);0.4180027107993229
(11.23);0.3641824398108624
(11.24);0.3655450258041101
(11.25);0.42179537950897095
(11.26);0.4359312532446526
(11.27);0.35435020865913425
(11.28);0.25070198674224303
(11.29);0.338239625684358
(11.30);0.4058235650611725
(11.31);0.3849449187494753
(12.13);0.27958809546810076
(12.14);0.30782012382927804
(12.15);0.2382153236449726
(12.16);0.3244779791387607
(12.17);0.4363238307429295
(12.18);0.4545978765567354
(12.19);0.40646519089000166
(12.20);0.4016172053980794
(12.21);0.3390777308217149
(12.22);0.2955971428167118
(12.23);0.24152826633422744
(12.24);0.26055420727200623
(12.25);0.34804520901957753
(12.26);0.4042636139733715
(12.27);0.41650792496614164
(12.28);0.30460631526323256
(12.29);0.29414019382380274
(12.30);0.354277896159319
(12.31);0.4821898302656752
(13.14);0.48199506224779165
(13.15);0.3969319557274609
(13.16);0.3436897647930866
(13.17);0.35257446487902366
(13.18);0.21758727449936477
(13.19);0.18541996188838655
(13.20);0.15682956266692463
(13.21);0.10814088436058948
(13.22);0.06652190833697329
(13.23);0.008644948896638874
(13.24);0.04727473221411625
(13.25);0.1448676533862072
(13.26);0.20459274751390194
(13.27);0.2983482484439336
(13.28);0.28779512218149295
(13.29);0.13464203391195487
(13.30);0.16598428163331963
(13.31);0.3034118210573501
(14.15);0.4651465672306241
(14.16);0.42799815786096784
(14.17);0.40986828001589276
(14.18);0.2642148497018919
(14.19);0.2356946877417701
(14.20);0.19941464310720908
(14.21);0.1551826563324058
(14.22);0.11405327711518758
(14.23);0.05374188600708761
(14.24);0.10088118623087283
(14.25);0.20050442827247522
(14.26);0.26310688111216124
(14.27);0.36768999635146493
(14.28);0.36934853656055944
(14.29);0.2005324318926516
(14.30);0.22684846549634757
(14.31);0.35621434240235506
(15.16);0.4242297207042328
(15.17);0.3458940986813569
(15.18);0.2151003158375815
(15.19);0.19371258424852472
(15.20);0.15000177314334584
(15.21);0.11351858377949603
(15.22);0.07472424244494905
(15.23);0.013079839796473088
(15.24);0.07108880661319797
(15.25);0.1689983910076194
(15.26);0.22878867832493507
(15.27);0.3328845244929176
(15.28);0.38725063949552724
(15.29);0.1888271273018363
(15.30);0.20088796387785748
(15.31);0.3007806604213597
(16.17);0.44717781429763526
(16.18);0.32559023819795685
(16.19);0.3078511046158821
(16.20);0.25911015245360586
(16.21);0.22612248442064048
(16.22);0.1876543507003464
(16.23);0.1249985171306017
(16.24);0.1858888695517741
(16.25);0.28619967168524085
(16.26);0.352506454810218
(16.27);0.480078683212359
(16.28);0.5443108022894729
(16.29);0.3077919009119277
(16.30);0.3232875826044763
(16.31);0.4129004011461625
(17.18);0.40307857484212717
(17.19);0.3690680652392356
(17.20);0.33134761278119873
(17.21);0.28394570417742887
(17.22);0.24103392037141286
(17.23);0.17983217907401505
(17.24);0.2238468235909596
(17.25);0.3266524035198225
(17.26);0.39996927693108786
(17.27);0.5261944728163236
(17.28);0.41237792243345234
(17.29);0.31077735296140147
(17.30);0.3528764477476173
(17.31);0.550407843736752
(18.19);0.5828982796699018
(18.20);0.5075874351708521
(18.21);0.43566273190306787
(18.22);0.3836506390085299
(18.23);0.3178604247633374
(18.24);0.35557717418905777
(18.25);0.46638172957719526
(18.26);0.5584002669871138
(18.27);0.45505355667031055
(18.28);0.3350188526610798
(18.29);0.3956470536047081
(18.30);0.4770139093436714
(18.31);0.4797475985161763
(19.20);0.533909166801682
(19.21);0.47852391969256425
(19.22);0.4204617187014483
(19.23);0.34827808005922684
(19.24);0.3969970455764106
(19.25);0.5383970694932734
(19.27);0.4332712062822078
(19.28);0.32823780663822255
(19.29);0.4344586571835047
(19.30);0.5390528833142202
(19.31);0.4356099097589259
(20.21);0.5330505509671648
(20.22);0.4583902161858853
(20.23);0.38782164645665634
(20.24);0.4068027029178863
(20.25);0.4791185539414309
(20.26);0.484225269810562
(20.27);0.3729290677011241
(20.28);0.27182413593972427
(20.29);0.3821581061399333
(20.30);0.45747086774457524
(21.22);0.5756997784310557
(21.23);0.44951475485520337
(21.24);0.4849688887700411
(21.25);0.5027004902731487
(21.26);0.45728039077432403
(21.27);0.33563322795606254
(21.28);0.2493447000101853
(21.29);0.40452213517041824
(21.30);0.4669373756435385
(21.31);0.341281111420907
(22.23);0.520346460882694
(22.24);0.5406001007409476
(22.25);0.45507232985165247
(22.26);0.406421974174827
(22.27);0.2928210059534068
(22.28);0.21413350888731988
(22.29);0.38497090483221685
(22.30);0.4267202104616788
(22.31);0.2962360180442879
(23.24);0.4775387112225917
(23.25);0.375943151304593
(23.26);0.33141317791927494
(23.27);0.22655581398985772
(23.28);0.15062451503505458
(23.29);0.3222442660319904
(23.30);0.35093482694295686
(23.31);0.23331072529258723
(24.25);0.4567619585938345
(24.26);0.3998221449518408
(24.27);0.2863646682533318
(24.28);0.22263534535680551
(24.29);0.4224817665467153
(24.30);0.43971658612954956
(24.31);0.27696594698814714
(25.26);0.5851435609560101
(25.27);0.4014624559941522
(25.28);0.32116015846789564
(25.29);0.5083005428818398
(25.31);0.3844481386289196
(26.27);0.5024036856361259
(26.28);0.3863408661625689
(26.29);0.5080966195487054
(26.30);0.6867553703499896
(26.31);0.47161816579114635
(27.28);0.499132594226475
(27.29);0.4057417082361638
(27.30);0.4477012220615543
(27.31);0.5785131821052789
(28.29);0.36924907683767716
(28.30);0.36851435233589924
(28.31);0.402531576244696
(29.30);0.6106166613457856
(29.31);0.35660213106004895
(30.31);0.4112382689181149
