
****Mix criterion 0.5*C(weight)+0.5*C(distance) ******

(0.5);0.4654239787066022
(0.6);0.41866999764007523
(0.7);0.39105284573919313
(0.8);0.426043371064202
(0.10);0.35431319106151177
(0.11);0.40754218605845494
(0.12);0.4963294288769072
(0.13);0.30479931049070996
(0.14);0.3652162235962367
(0.15);0.3128707180265158
(0.16);0.44388979482754426
(0.17);0.5777599437480653
(0.18);0.5324095687890478
(0.19);0.4829307924866032
(0.20);0.4207730212672809
(0.21);0.36920388795626263
(0.22);0.3210161043193362
(0.23);0.2535712771801851
(0.24);0.3040789745832384
(0.25);0.4254525159190462
(0.31);0.9824127216643568
(1.2);0.5857941438696561
(1.3);0.4002617221567019
(1.4);0.44090936994105995
(1.5);0.4645042818891378
(1.6);0.5075564264557568
(1.7);0.5435080150073154
(1.8);0.4862331547323252
(1.9);0.46319141038472594
(1.10);0.4278687555156139
(1.11);0.393038630467685
(1.12);0.48268332153457705
(1.13);0.25681783434057875
(1.14);0.26192317503628376
(1.15);0.181398667121958
(1.16);0.2504293941782122
(1.17);0.3585615288807648
(1.18);0.3774777058022018
(1.19);0.33971156835875427
(1.20);0.35922730884464776
(1.21);0.29852516899126474
(1.22);0.2605702616923719
(1.23);0.21878693384538034
(1.24);0.2140866753293439
(1.25);0.2837377471560803
(1.26);0.3216762705363274
(1.27);0.32404405676198633
(1.28);0.2217591913928951
(1.29);0.2181634870623121
(1.30);0.27913682638952114
(1.31);0.3805813702336583
(2.3);0.48596846791545334
(2.4);0.5179324294020335
(2.5);0.4932826191636755
(2.6);0.5769679282789215
(2.7);0.4385015687209277
(2.8);0.4135335369311136
(2.9);0.3828350562348446
(2.10);0.35394659575339843
(2.11);0.3339798060340816
(2.12);0.4547650143839547
(2.13);0.3145005660248895
(2.14);0.3072325940712501
(2.15);0.22048303028718486
(2.16);0.27122403502850545
(2.17);0.37671625365281186
(2.18);0.3415429110506781
(2.19);0.3016699360454262
(2.20);0.3071357143896522
(2.21);0.24765414886020043
(2.22);0.20784513385196424
(2.23);0.16201444080028773
(2.24);0.16663809056708243
(2.25);0.24610274882450742
(2.26);0.29239933298794174
(2.27);0.3235332403655649
(2.28);0.2320777924982079
(2.29);0.19100905889731498
(2.30);0.2476816746523855
(2.31);0.3773582428466519
(3.4);0.6422548229295364
(3.5);0.46061861353310374
(3.6);0.4690199729739926
(3.7);0.3331910704650884
(3.8);0.3271237480853503
(3.9);0.2858907792590273
(3.10);0.26091664250229485
(3.11);0.2620096945176441
(3.12);0.3930460980135042
(3.13);0.44074156100137
(3.14);0.4140321562283398
(3.15);0.31506228322837676
(3.16);0.3324202204744072
(3.17);0.41401647342175774
(3.18);0.30059935517542663
(3.19);0.261921164131993
(3.20);0.2463518633590937
(3.21);0.1905562554367114
(3.22);0.1481985012155727
(3.23);0.09437989843341153
(3.24);0.11786966287629747
(3.25);0.21126654050931287
(3.26);0.2687023132197037
(3.27);0.3421998931058082
(3.28);0.27954833835563825
(3.29);0.17774083551310765
(3.30);0.22407782363479553
(3.31);0.37719586691015483
(4.5);0.5561934539510724
(4.6);0.5426935637285741
(4.7);0.3777481992101
(4.8);0.3766576263386958
(4.9);0.3293185570011439
(4.10);0.30475101645565617
(4.11);0.31128677534814897
(4.12);0.45598255968955925
(4.13);0.4031891251722853
(4.14);0.40944057158863884
(4.15);0.31410230287198415
(4.16);0.36015640770134216
(4.17);0.4709433664223641
(4.18);0.35459702570653173
(4.19);0.31396552929164545
(4.20);0.2970366680978318
(4.21);0.24021160855920623
(4.22);0.19703374645994642
(4.23);0.14184603502256735
(4.24);0.166877345313948
(4.25);0.26169377042004943
(4.26);0.32160408745284197
(4.27);0.3930182312040336
(4.28);0.3127527432963439
(4.29);0.22571818334396138
(4.30);0.2749696906283758
(4.31);0.43741271228718065
(5.6);0.5526048226658988
(5.7);0.41377562903063697
(5.8);0.41769128073434425
(5.9);0.3679805989325304
(5.10);0.34525218248734907
(5.11);0.3541516203631475
(5.12);0.5099662728797749
(5.13);0.3282915723954566
(5.14);0.34805467000606627
(5.15);0.27017322113750264
(5.16);0.33853348671847805
(5.17);0.45361919837037584
(5.18);0.39287142652136836
(5.19);0.35200470994671906
(5.20);0.3398315357560248
(5.21);0.2831111920795845
(5.22);0.24086587835884748
(5.23);0.18725084111048787
(5.24);0.20900369739783548
(5.25);0.2989962025748229
(5.26);0.3549956435380778
(5.27);0.4017774741090251
(5.28);0.30547719087365005
(5.29);0.25544477246478553
(5.30);0.30856514454664674
(5.31);0.45746612907898815
(6.7);0.42389480418278824
(6.8);0.41582674584316576
(6.9);0.3736981408778065
(6.10);0.3485239465491618
(6.11);0.3450364635807129
(6.12);0.48199633753160037
(6.13);0.3193396862422086
(6.14);0.3270555873371714
(6.15);0.2460603187700107
(6.16);0.3056699500414248
(6.17);0.41181970866550155
(6.18);0.36832771119620034
(6.19);0.3286417122778934
(6.20);0.32509199859981197
(6.21);0.26751735137291327
(6.22);0.2266270198846566
(6.23);0.17669234017022376
(6.24);0.19069006061368626
(6.25);0.27504933534722315
(6.26);0.325270895771181
(6.27);0.3622464324732973
(6.28);0.2703114046035362
(6.29);0.22611677506230582
(6.30);0.2804022382925852
(6.31);0.414647780003979
(7.8);0.5597119617911097
(7.9);0.5265405654051418
(7.10);0.4795560499166737
(7.11);0.44340232996422335
(7.12);0.4668289557685298
(7.13);0.21240975406236476
(7.14);0.23061100872275447
(7.15);0.15981939203578022
(7.16);0.24313306506225074
(7.17);0.3428259077402747
(7.18);0.40928087409106595
(7.19);0.37757548626473175
(7.20);0.4069458633444673
(7.21);0.34725552537515714
(7.22);0.31069478118963034
(7.23);0.269640733331298
(7.24);0.26336689829844434
(7.26);0.35472352131478196
(7.27);0.33066270964031325
(7.28);0.22624715851539232
(7.29);0.2549357501091842
(7.30);0.316667484454584
(7.31);0.38065014551508486
(8.9);0.515137984443816
(8.10);0.48339888406623843
(8.11);0.4820525648608227
(8.12);0.48902041461301704
(8.13);0.2144628831040994
(8.14);0.24048151874547607
(8.15);0.17434088096443778
(8.16);0.2650049240367713
(8.17);0.36217400066873745
(8.18);0.4521743509221437
(8.19);0.4167911179245771
(8.20);0.44474878710682586
(8.21);0.3781345384104516
(8.22);0.3376998916591683
(8.23);0.2906228742821535
(8.24);0.29260573043944377
(8.25);0.36094415265033153
(8.26);0.3942049406384323
(8.27);0.36124022849967286
(8.28);0.25370686293176586
(8.29);0.2903319117635629
(8.30);0.35412335910020315
(8.31);0.40917953220380054
(9.10);0.5952453187626224
(9.11);0.4767626249538285
(9.12);0.4210801827904388
(9.13);0.17099498119511025
(9.14);0.193080154434913
(9.15);0.12631612652731472
(9.16);0.2162009250510457
(9.17);0.3100569547693569
(9.18);0.4059912457389525
(9.19);0.3849742930957874
(9.20);0.43192140854300287
(9.21);0.3767102779508954
(9.22);0.34430178325438876
(9.23);0.3087370914004558
(9.24);0.29209594775337094
(9.25);0.3390157514999705
(9.26);0.3558353173292161
(9.27);0.30987649041739057
(9.28);0.20630334385876892
(9.29);0.26283732568649704
(9.30);0.3245605024472518
(9.31);0.35364402077839063
(10.11);0.49588544060880874
(10.12);0.39930585491524506
(10.13);0.1492042738031148
(10.14);0.17411881207151092
(10.15);0.10996002507867914
(10.16);0.20378080116356095
(10.17);0.29404979758104205
(10.18);0.4041937145519276
(10.19);0.3905272130574646
(10.20);0.44802700187649963
(10.21);0.39749889889241974
(10.22);0.36787264800958874
(10.23);0.3352325465911794
(10.24);0.3124961597145502
(10.25);0.3497629557817845
(10.26);0.35867148279146344
(10.27);0.3007658896849981
(10.28);0.19820916477889333
(10.29);0.27085756545699546
(10.30);0.33202870832540216
(10.31);0.34057994123570473
(11.12);0.4155549650597391
(11.13);0.16290286608106194
(11.14);0.1988231522488468
(11.15);0.14297559408220242
(11.16);0.24582583822545098
(11.17);0.327289336285449
(11.18);0.4758815509646768
(11.19);0.4691781779949157
(11.20);0.5742698929619802
(11.21);0.46342685890248686
(11.22);0.41606053125803183
(11.23);0.3627533465483826
(11.24);0.3640883264699193
(11.25);0.4205648207124041
(11.26);0.43265245405946123
(11.27);0.3530327888490643
(11.28);0.24983036220831467
(11.29);0.3370153159864438
(11.30);0.4040983022491531
(11.31);0.383220732886195
(12.13);0.27895311364541114
(12.14);0.3070944809322532
(12.15);0.23765363798357061
(12.16);0.32367115035265304
(12.17);0.43474745787505065
(12.18);0.4527725566050464
(12.19);0.405687391237099
(12.20);0.3996025818686412
(12.21);0.3381374274259257
(12.22);0.29481033686405217
(12.23);0.24087551736098475
(12.24);0.2598433058439937
(12.25);0.3475386235335961
(12.26);0.4019132096920151
(12.27);0.4151185431705867
(12.28);0.30379212666209504
(12.29);0.29335876743542844
(12.30);0.35325295187495553
(12.31);0.4795974954565487
(13.14);0.479804127067641
(13.15);0.39573946742878946
(13.16);0.3427922615371282
(13.17);0.3516213165605671
(13.18);0.21702920939497036
(13.19);0.1851156217124243
(13.20);0.15608433117850562
(13.21);0.10770635832040551
(13.22);0.06612023891507449
(13.23);0.008282445175835637
(13.24);0.04687527958688072
(13.25);0.14461770373954008
(13.26);0.20353723615380614
(13.27);0.2975438533000436
(13.28);0.2870226893483517
(13.29);0.13415966671208682
(13.30);0.16545122291215641
(13.31);0.30248665274014264
(14.15);0.46319370828664247
(14.16);0.4264972328058905
(14.17);0.40852218478895175
(14.18);0.2635493791615237
(14.19);0.2353291583002576
(14.20);0.1985646562324513
(14.21);0.15468575948480331
(14.22);0.11359859401633483
(14.23);0.05333891168969365
(14.24);0.10042484914757177
(14.25);0.20020408636994588
(14.26);0.26182320432720313
(14.27);0.3665883192512252
(14.28);0.36823795722917896
(14.29);0.19994754948231408
(14.30);0.22620342130280344
(14.31);0.35502202912646535
(15.16);0.42275003293888164
(15.17);0.34494789090388744
(15.18);0.21453072791350228
(15.19);0.19338535197069204
(15.20);0.14925704913590535
(15.21);0.1130661050402479
(15.22);0.07430396985368105
(15.23);0.012704275617939647
(15.24);0.07065705383580675
(15.25);0.16871726043070623
(15.26);0.22763533990891088
(15.27);0.33193332356399813
(15.28);0.38602137568089306
(15.29);0.188254078011807
(15.30);0.2002840400122731
(15.31);0.29984505026542535
(16.17);0.4453981774086112
(16.18);0.3247073408205274
(16.19);0.30734556344949204
(16.20);0.25805472856773365
(16.21);0.22549130015659943
(16.22);0.18708502765792204
(16.23);0.12451010206141878
(16.24);0.185302920722838
(16.25);0.2857739120378537
(16.26);0.35064591367863707
(16.27);0.47796155391184575
(16.28);0.5411620152900629
(16.29);0.3069236883432197
(16.30);0.32234802510916993
(16.31);0.4112309345541717
(17.18);0.40172330489161595
(17.19);0.36837186742507766
(17.20);0.3299145564089503
(17.21);0.28315769128250423
(17.22);0.24035005636379964
(17.23);0.179258445572696
(17.24);0.22317939263743475
(17.25);0.3261339722714561
(17.26);0.39760749870750384
(17.27);0.5233504205005509
(17.28);0.4109396837110051
(17.29);0.30988683561039365
(17.30);0.35179370610172833
(17.31);0.5460628188920251
(18.19);0.5797663981200087
(18.20);0.503209031888684
(18.21);0.4338979041227
(18.22);0.38235362967225567
(18.23);0.3169114567847632
(18.24);0.35442672163628003
(18.25);0.4651808992572115
(18.26);0.5523960136858741
(18.27);0.4531966026669071
(18.28);0.33402018593444166
(18.29);0.394315085662807
(18.30);0.4748759106107457
(18.31);0.4770943451517131
(19.20);0.5298522066929707
(19.21);0.47696793890306793
(19.22);0.4194001506582225
(19.23);0.3475543041356656
(19.24);0.3960353750019625
(19.25);0.5376421102144948
(19.26);0.6222307185223049
(19.27);0.43220556003775856
(19.28);0.3276056726943825
(19.29);0.43338575549640396
(19.30);0.5370045455545664
(19.31);0.4342475478584382
(20.21);0.5277399088179511
(20.22);0.4552691953521446
(20.23);0.3858040456875016
(20.24);0.4045338291056782
(20.25);0.4766071374741058
(20.26);0.47930175038402906
(20.27);0.3711262328696221
(20.28);0.2706381704820825
(20.29);0.38027245533705445
(20.30);0.4546211945477135
(20.31);0.389893663895933
(21.22);0.5707934604741708
(21.23);0.4474603183358096
(21.24);0.48231401779311395
(21.25);0.5010322788477947
(21.26);0.45395378949860465
(21.27);0.3345854381667382
(21.28);0.24858904219119995
(21.29);0.403066862188665
(21.30);0.46485105814990574
(21.31);0.34007711311443845
(22.23);0.5169348820975003
(22.24);0.5366491352773393
(22.25);0.45385229141529526
(22.26);0.4038968072559079
(22.27);0.2919262366563179
(22.28);0.21344752966859565
(22.29);0.38363626802258793
(22.30);0.42504149108553696
(22.31);0.29523299706352957
(23.24);0.4749742770094506
(23.25);0.3751693177168562
(23.26);0.329624839779334
(23.27);0.22583209300291068
(23.28);0.1500411048879881
(23.29);0.32122477160328455
(23.30);0.34976683219818744
(23.31);0.23250196949622953
(24.25);0.4554722682942194
(24.26);0.397348373821905
(24.27);0.2854644975666409
(24.28);0.22190915223248978
(24.29);0.4208164498161665
(24.30);0.4378679981355325
(24.31);0.27601025002966967
(25.26);0.5799627848617132
(25.27);0.40063675798713383
(25.28);0.3205897707841608
(25.29);0.5067826705090368
(25.31);0.3835123119981652
(26.27);0.4984503838230772
(26.28);0.38411537120173744
(26.29);0.5040243662684583
(26.30);0.6775492505411487
(26.31);0.4678141502837289
(27.28);0.4968461454049216
(27.29);0.4043161108877159
(27.30);0.44593133671742546
(27.31);0.574171862707565
(28.29);0.3680403436946734
(28.30);0.36729321197107306
(28.31);0.40092315025336106
(29.30);0.6066079668373838
(29.31);0.35531198449759627
(30.31);0.40953965902006595
