
****Importance edges******

(0.5);4.947990797760267
(0.6);3.847412059600504
(0.7);3.3576291396680076
(0.8);4.037976592495567
(0.9);3.0333855306127866
(0.10);2.8852538022523473
(0.11);3.728956234428576
(0.12);6.067984416486722
(0.13);2.403102218151357
(0.14);3.104573527552825
(0.15);2.5132397439713468
(0.16);4.629887923261646
(0.17);9.625353886684277
(0.18);7.59725445543924
(0.19);5.813823234841027
(0.20);4.208048570038592
(0.21);3.31846931001588
(0.22);2.7363852409625466
(0.23);2.1709826233214176
(0.24);2.609568586667064
(0.25);4.460815715364169
(0.31);35.28167926343687
(1.2);10.582578258575573
(1.3);4.092197216303475
(1.4);5.0792191097531685
(1.5);4.3199987907000645
(1.6);5.764082781093284
(1.7);7.269469760694146
(1.8);5.051390506481141
(1.9);4.417575137751255
(1.10);3.543260241654158
(1.11);2.9338079946571956
(1.12);5.039381314165362
(1.13);1.6560109737393334
(1.14);1.70111886366006
(1.15);1.3334088011274374
(1.16);1.6659736847804443
(1.17);2.5912260455923755
(1.18);2.864649002907572
(1.19);2.4220426408618536
(1.20);2.671496217664689
(1.21);2.0839799140035673
(1.22);1.8333833258057177
(1.23);1.61790528851883
(1.24);1.6130276479573296
(1.25);2.0582524308433903
(1.26);2.9743483529939447
(1.27);3.0017375712504184
(1.28);2.198753973450425
(1.29);2.096475495088723
(1.30);2.5414686299283757
(1.31);3.136496257867973
(2.3);6.314430140985875
(2.4);7.612028775330519
(2.5);5.221080177231037
(2.6);8.952902640920978
(2.7);3.696665717554831
(2.8);3.2171304606042277
(2.9);2.7534723174818505
(2.10);2.392562721231285
(2.11);2.201421926684775
(2.12);4.223771699819894
(2.13);2.059842666809828
(2.14);2.017217368364662
(2.15);1.4970944088357663
(2.16);1.7913798794171336
(2.17);2.8291743672107064
(2.18);2.4189964510861417
(2.19);2.067599705540149
(2.20);2.1337959533758695
(2.21);1.7361231100446126
(2.22);1.5478507055456634
(2.23);1.3755816164761143
(2.24);1.4088276562822482
(2.25);1.8057153164015074
(2.26);2.667990722036232
(2.27);2.995792867647028
(2.28);2.268264794886066
(2.29);1.940000459178488
(2.30);2.290936424452624
(2.31);3.0878896980155517
(3.4);13.914536530814708
(3.5);4.21292087253663
(3.6);4.470866183651474
(3.7);2.124204762311882
(3.8);2.0862995629476844
(3.9);1.7825534970941834
(3.10);1.6366496874777148
(3.11);1.6569752245539144
(3.12);2.9557826036175903
(3.13);3.902045777850282
(3.14);3.3646540411893398
(3.15);2.1012838745571063
(3.16);2.281853335258837
(3.17);3.442397501591607
(3.18);2.038936592770632
(3.19);1.7851392230500018
(3.20);1.7104996262551302
(3.21);1.4554933186067658
(3.22);1.3117480823584198
(3.23);1.1643558076449825
(3.24);1.2446643901130685
(3.25);1.6182521676768504
(3.26);2.4578930432049355
(3.27);3.2265673779580317
(3.28);2.6463596418847937
(3.29);1.8711809180189147
(3.30);2.1304837290573286
(3.31);3.085472683204011
(4.5);8.073737062050531
(4.6);7.434409713176385
(4.7);2.6935044187114543
(4.8);2.7011000343336793
(4.9);2.182314508553479
(4.10);1.9778119246216568
(4.11);2.0473824574988977
(4.12);4.358510437356696
(4.13);3.22041133289981
(4.14);3.357301832426482
(4.15);2.142036573600434
(4.16);2.6480407113756064
(4.17);4.928465726809609
(4.18);2.624932394630581
(4.19);2.2204594401573767
(4.20);2.096581816615333
(4.21);1.731202352126008
(4.22);1.5318451586541353
(4.23);1.3333212430020174
(4.24);1.4395968697797887
(4.25);1.94294097056904
(4.26);3.0239186494315917
(4.27);4.092772101896049
(4.29);2.1805400832761936
(4.30);2.5480065614612215
(4.31);4.313777737649391
(5.6);6.2608309156591195
(5.7);1.8459612859597343
(5.8);1.93150003207134
(5.9);1.418027473470364
(5.10);1.2618231172628465
(5.11);1.3446281567687424
(5.12);4.452374267085883
(5.13);1.214541995356813
(5.14);1.3651565963181196
(5.15);0.9750723792860733
(5.16);1.3435274004636404
(5.17);2.879231541359261
(5.18);1.8885869799165478
(5.19);1.5161746027739833
(5.20);1.4491397490360347
(5.21);1.1436098929491472
(5.22);0.9945141229400728
(5.23);0.853026095659375
(5.24);0.9299966402764714
(5.25);1.3174649186172356
(5.26);2.3776689108244664
(5.27);3.0291392844896787
(5.28);2.016765334358662
(5.29);1.5824934681722096
(5.30);1.9295049846789492
(5.31);3.3473913850773664
(6.7);2.0152718287843445
(6.8);1.9287169528296935
(6.9);1.4870303449124258
(6.10);1.3012808335918922
(6.11);1.2972691664132672
(6.12);3.4873161093563763
(6.13);1.1786377246790791
(6.14);1.2430061724468047
(6.15);0.9024494333355917
(6.16);1.1642698300912016
(6.17);2.128929001737658
(6.18);1.6484911029122622
(6.19);1.3631313601188235
(6.20);1.3640039955862975
(6.21);1.0879950012249713
(6.22);0.9580290574788448
(6.23);0.8363138545629779
(6.24);0.8886430099803947
(6.25);1.2081002543223507
(6.26);2.0908742576211576
(6.27);2.47926598372445
(6.28);1.773609177590074
(6.29);1.4456639261640856
(6.30);1.7408504336181678
(6.31);2.496137878681725
(7.8);6.67127040336622
(7.9);5.215277959797947
(7.10);3.3523144404786835
(7.11);2.496654260283669
(7.12);3.065148423041069
(7.13);0.7877733320584943
(7.14);0.8511159497429105
(7.15);0.6962970089454146
(7.16);0.9200026404116098
(7.17);1.4281911402607976
(7.18);2.140876852817191
(7.19);1.7837229587206147
(7.20);2.1731985508942038
(7.21);1.5630686013023254
(7.22);1.3370720064569777
(7.23);1.1504678826293608
(7.24);1.1448378773366648
(7.25);1.5082464420834134
(7.26);2.404059733299909
(7.27);2.153673102328408
(7.28);1.536320617624563
(7.29);1.6024963365009426
(7.30);2.022202745922391
(7.31);2.041670870847494
(8.9);4.773508740403878
(8.10);3.5220717103590458
(8.11);3.513580466953237
(8.12);3.771929506379045
(8.13);0.8046128359680067
(8.14);0.8933974987450223
(8.15);0.7358105542131541
(8.16);1.0107887675723455
(8.17);1.6038655673907272
(8.18);2.9616841774720952
(8.19);2.3163054899179025
(8.20);2.8716800433802856
(8.21);1.8723933256403773
(8.22);1.5350114872849774
(8.23);1.2652244369020875
(8.24);1.2991349645948322
(8.25);1.8221425369995081
(8.26);2.961822108582994
(8.27);2.501443359867456
(8.28);1.6964583629577905
(8.29);1.8394101314130082
(8.30);2.4081361702288664
(8.31);2.4522803884332487
(9.10);9.263797145028349
(9.11);3.4460165221358037
(9.12);2.2116382438770215
(9.13);0.7155585579020979
(9.14);0.7766955766282441
(9.15);0.655429171447742
(9.16);0.8640473172593855
(9.17);1.257701580916207
(9.18);2.162107399528921
(9.19);1.9207770011448189
(9.20);2.6644788231484715
(9.21);1.8876520228395262
(9.22);1.6103752433664422
(9.23);1.385746227930227
(9.24);1.314324827690944
(9.25);1.6530871262568099
(9.26);2.4646476493474103
(9.27);2.0091091083779893
(9.28);1.4688398926058823
(9.29);1.677973503463879
(9.30);2.13098207448368
(9.31);1.8099040028360875
(10.11);4.0397056612805
(10.12);1.9096000792377519
(10.13);0.6825021806050938
(10.14);0.743787021068235
(10.15);0.6375279917948089
(10.16);0.8406488714332138
(10.17);1.1853288110501694
(10.18);2.1450649745374033
(10.19);1.9974429226587573
(10.20);2.998956075013111
(10.21);2.1495085156580793
(10.22);1.836161395070329
(10.23);1.5783653640205446
(10.24);1.446273766060574
(10.25);1.7559914250357385
(10.26);2.5071160137400783
(10.27);1.946518325124906
(10.28);1.4430646987844047
(10.29);1.7375197215136962
(10.30);2.2112610785251228
(10.31);1.7064126345964417
(11.12);2.1589311391103
(11.13);0.7193576955742389
(11.14);0.8125169541964389
(11.15);0.7036874683012763
(11.16);0.9809326906087799
(11.17);1.3932390370206067
(11.18);3.6746727554820824
(11.19);3.5206680449622354
(11.20);8.05735933189295
(11.21);3.444012701403446
(11.22);2.483614690297725
(11.23);1.8356277450433522
(11.24);1.8794042208705537
(11.25);2.675990902138316
(11.26);3.758415515946278
(11.27);2.459447483394737
(11.28);1.7131995330988987
(11.29);2.2856232936643885
(11.30);3.1726965037090458
(11.31);2.158864323617381
(12.13);1.075461885718045
(12.14);1.2290135725249351
(12.15);0.9513209654309337
(12.16);1.3665172399479588
(12.17);2.669885777049223
(12.18);3.0915247762010076
(12.19);2.247384824164821
(12.20);2.193510716687055
(12.21);1.5850981141547205
(12.22);1.3262580976978242
(12.23);1.1002186838616013
(12.24);1.1981598563335067
(12.25);1.774785590559381
(12.26);3.175171463788486
(12.27);3.4170957888229183
(12.28);2.107298170511424
(12.29);1.9218682938928813
(12.30);2.471827643142673
(12.31);4.158233812005496
(13.14);3.71076335752466
(13.15);2.0197046097377016
(13.16);1.5200916145955004
(13.17);1.614337058648931
(13.18);0.9451888669556598
(13.19);0.8706722054306195
(13.20);0.8154507969045949
(13.21);0.7325407905161907
(13.22);0.6771063956766831
(13.23);0.6110445574741182
(13.24);0.6732836998867828
(13.25);0.8639709801242906
(13.26);1.4286030828872396
(13.27);1.9700160078922606
(13.28);1.989866841714427
(13.29);1.1813486352326619
(13.30);1.280477636514737
(13.31);1.4849940870220106
(14.15);3.3075361961383334
(14.16);2.5421006277276503
(14.17);2.279867012554966
(14.18);1.1271002990333698
(14.19);1.035459349772856
(14.20);0.9347553408480299
(14.21);0.8377418670525366
(14.22);0.7665223389763455
(14.23);0.6793060978130625
(14.24);0.7692122180342443
(14.25);1.0243758960670541
(14.26);1.7407666535553363
(14.27);2.686604814186954
(14.28);2.8474551469195837
(14.29);1.4263234653820804
(14.30);1.543299917302279
(14.31);1.9150607528202133
(15.16);2.506131258463411
(15.17);1.6025819390042384
(15.18);0.9647049427616213
(15.19);0.9179380117651221
(15.20);0.8231479102189205
(15.21);0.762904594963326
(15.22);0.7085574138347448
(15.23);0.6331406056032349
(15.24);0.7278188255924112
(15.25);0.9462230438364447
(15.26);1.5670751132109304
(15.27);2.309702244001942
(15.28);3.136742696986439
(15.29);1.391475965659469
(15.30);1.4391052085484892
(15.31);1.503755496221602
(16.17);3.0141518641530216
(16.18);1.4953537951745928
(16.19);1.4044073075263288
(16.20);1.1725273341684748
(16.21);1.0642811658730646
(16.22);0.9599106596826099
(16.23);0.8234420361652465
(16.24);0.9878151794290273
(16.25);1.4142917443931577
(16.26);2.5329832828332046
(16.27);5.118600603997936
(16.28);7.99625914942983
(16.29);2.0990845374960405
(16.30);2.2298182966890305
(16.31);2.6850473523487026
(17.18);2.2954061432184885
(17.19);1.9155031917309344
(17.20);1.6002531766668138
(17.21);1.3288065844041053
(17.22);1.1531079350132263
(17.23);0.9673469413569438
(17.24);1.1252533716652553
(17.25);1.6998225665480482
(17.26);3.2218385245071404
(17.27);6.846178482231939
(17.28);3.6346990559750076
(17.29);2.143645773572103
(17.30);2.5591380135488366
(17.31);6.992944105075555
(18.19);8.535029603993694
(18.20);4.914569148384017
(18.21);2.9761791563858337
(18.22);2.187114648980138
(18.23);1.6001171197568402
(18.24);1.939727688111539
(18.25);3.8867135329129803
(18.26);8.207420347013368
(18.27);4.450471314923748
(18.28);2.511521824933717
(18.29);3.192262763086283
(18.30);5.03253497188011
(18.31);4.273085850898275
(19.20);6.057121229699877
(19.21);4.095364872010066
(19.22);2.7683760698249533
(19.23);1.8703071860231881
(19.24);2.462694299262556
(19.25);6.63190413477036
(19.26);12.064321463359882
(19.27);3.961664138593293
(19.28);2.4647195267581714
(19.29);3.9886370924339434
(19.30);7.408222616548548
(19.31);3.2066670123946635
(20.21);6.038136282430502
(20.22);3.5671455589592465
(20.23);2.3181273772619893
(20.24);2.6205885927204013
(20.25);4.292316900137118
(20.26);5.285965173996771
(20.27);2.889837802389894
(20.28);1.9927982425679596
(20.29);3.0225869153671607
(20.30);4.5141391792059915
(20.31);2.473277823958882
(21.22);8.241627386115104
(21.23);3.451040154768233
(21.24);4.459649281257938
(21.25);5.161238843586527
(21.26);4.564862846589304
(21.27);2.4678306774998005
(21.28);1.864738183526098
(21.29);3.427564712978354
(21.30);4.830325179338468
(21.31);1.9360174607499547
(22.23);5.730766206557366
(22.24);6.636827342340405
(22.25);3.727945831359908
(22.26);3.4723201820575604
(22.27);2.097859353244049
(22.28);1.6842373752691093
(22.29);3.1291644934321137
(22.30);3.870036178538301
(22.31);1.613857502891613
(23.24);4.307733707159322
(23.25);2.3355831420185447
(23.26);2.4642899151626794
(23.27);1.6890882847361657
(23.28);1.4251339541745782
(23.29);2.3793922339396945
(23.30);2.681084711427855
(23.31);1.302102183235502
(24.25);3.845427565703668
(24.26);3.416045591339914
(24.27);2.0912919250247404
(24.28);1.764874950560271
(24.29);3.868892291980559
(24.30);4.225082065065097
(24.31);1.53964622244512
(25.26);9.858694904495577
(25.27);3.5089177658791217
(25.28);2.5343330580487664
(25.29);6.450408369638972
(25.30);15.649569746866275
(25.31);2.5393473779920956
(26.28);4.074936461544661
(26.29);7.190096857075853
(26.30);16.092762225549922
(26.31);5.137801376217465
(27.28);7.177096817759812
(27.29);4.315090730056015
(27.30);5.266403948903513
(27.31);9.567227637574304
(28.31);3.7040327669794215
(29.30);11.928119897159625
(29.31);2.8431738644520754
(30.31);3.6871150418293035

****Importance nodes******

0; 0.05
1; 0.03666666666666667
2; 0.03666666666666667
3; 0.03666666666666667
4; 0.03793103448275863
5; 0.012593416553372061
6; 0.012999655797029224
7; 0.013418999532417264
8; 0.013851870485075886
9; 0.014298705016852528
10; 0.014759953565783255
11; 0.015236081100163359
12; 0.015727567587265404
13; 0.01623490847717719
14; 0.01675861520224742
15; 0.0172992156926425
16; 0.01785725490853419
17; 0.018433295389454644
18; 0.019027917821372538
19; 0.019641721622061976
20; 0.020275325545354293
21; 0.020929368304881853
22; 0.021604509217942554
23; 0.022301428870134248
24; 0.023020829801428902
25; 0.023763437214378222
26; 0.03793103448275863
27; 0.03793103448275863
28; 0.040740740740740744
29; 0.03793103448275863
30; 0.03793103448275863
31; 0.024529999705164614
