
****Mix criterion 0.5*C(weight)+0.5*C(distance) ******

(0.5);0.464967566568218
(0.6);0.41832440126737214
(0.7);0.3907661993175378
(0.8);0.42570097926125866
(0.10);0.35408405324405173
(0.11);0.4076576577224752
(0.12);0.49590089934706794
(0.13);0.3049083756392008
(0.14);0.3645392817721734
(0.15);0.31271159030225276
(0.16);0.4422523607488528
(0.17);0.5769879605343843
(0.18);0.532884284161369
(0.19);0.483378045950786
(0.20);0.4201640534467054
(0.21);0.3690506498845058
(0.22);0.320585573247417
(0.23);0.25346837700342817
(0.24);0.3039633111826433
(0.25);0.4252623084873195
(0.31);0.9824127216643568
(1.3);0.4024885612806619
(1.4);0.4436264674061473
(1.5);0.46575584049234997
(1.6);0.5092260130571513
(1.7);0.5456315432316622
(1.8);0.48769610288708787
(1.9);0.4645091735610645
(1.10);0.4288954918836672
(1.11);0.39428586379218045
(1.12);0.48416483537169464
(1.13);0.2575394169859404
(1.14);0.2620979353821957
(1.15);0.18178866168583216
(1.16);0.2503085862644431
(1.17);0.3592460855085282
(1.18);0.3787305703607895
(1.19);0.3408042285963408
(1.20);0.35969061069776304
(1.21);0.2991319412500974
(1.22);0.2608464769810196
(1.23);0.21924288311607307
(1.24);0.21454091802736827
(1.25);0.28431335402435315
(1.26);0.32184302763856043
(1.27);0.3242123494431519
(1.28);0.22289270784715987
(1.29);0.21828102614549036
(1.30);0.27990115216790934
(1.31);0.38160873169292403
(2.3);0.49099559844539065
(2.4);0.5238899067856646
(2.5);0.49675366940022353
(2.6);0.5828919497023102
(2.7);0.44094519367227397
(2.8);0.4156419501586911
(2.9);0.38465469162083266
(2.10);0.35549953872487694
(2.11);0.33569939762686546
(2.12);0.4574963207065882
(2.13);0.3161175776689008
(2.14);0.3081374983380588
(2.15);0.22143349439738144
(2.17);0.3784124242230309
(2.18);0.34340340774227707
(2.19);0.303281176890527
(2.20);0.3081981780598705
(2.21);0.2487166096471299
(2.22);0.20856914820348238
(2.23);0.16283313580893938
(2.24);0.16747096167762102
(2.25);0.24715986032814927
(2.26);0.2932097646354525
(2.27);0.32444324553510134
(2.28);0.23378859018927423
(2.29);0.19159835546244838
(2.30);0.24893811061951487
(2.31);0.3793020319041857
(3.5);0.4634194247627317
(3.6);0.4719782880719362
(3.7);0.33459524388934575
(3.8);0.328491047810703
(3.9);0.2870687818124344
(3.10);0.2619789442787068
(3.11);0.26330400372346047
(3.12);0.3949574578803111
(3.13);0.4438047335241633
(3.14);0.41554150759818037
(3.15);0.3163963306313421
(3.16);0.3330280467554555
(3.18);0.3021675405208522
(3.19);0.2633122889336955
(3.20);0.24720355853076315
(3.21);0.19144697831673677
(3.22);0.14881207746927805
(3.23);0.0950728796979151
(3.24);0.11860548390324757
(3.25);0.21221390633531342
(3.26);0.269448925376919
(3.27);0.3431799985815601
(3.28);0.2815443072457232
(3.29);0.17830922738256041
(3.30);0.22524626129024516
(3.31);0.3791381344862233
(4.5);0.5614266701389488
(4.6);0.5474906959817086
(4.7);0.3794848591346797
(4.8);0.37838462533040707
(4.9);0.3307258299361228
(4.10);0.3060039522247064
(4.11);0.3128480102582297
(4.12);0.4587345836310324
(4.13);0.40565819139968257
(4.14);0.41091180644409214
(4.15);0.315431090842093
(4.16);0.36084579050230936
(4.17);0.4738318406809527
(4.18);0.3565710967100225
(4.19);0.3156578899545128
(4.20);0.29805792553636623
(4.21);0.241248300166285
(4.23);0.1426229205922675
(4.24);0.1677107524080586
(4.25);0.26280790643843743
(4.26);0.32250732699444784
(4.27);0.39424073551905836
(4.28);0.3150026991278326
(4.29);0.22636950709092854
(4.30);0.2763438231751787
(4.31);0.44007321504547214
(5.6);0.5543733150307583
(5.7);0.41430602264908556
(5.8);0.418237167830141
(5.9);0.3684048773532902
(5.10);0.34560947248236
(5.11);0.3548719422884813
(5.12);0.51126270991122
(5.13);0.32896120283839403
(5.14);0.34797708012216355
(5.15);0.2704546311770241
(5.16);0.3380432727091155
(5.17);0.4543058774416778
(5.18);0.3938987852851292
(5.19);0.35286289510972735
(5.20);0.3399513841573657
(5.21);0.28343913092085626
(5.22);0.24091305660237533
(5.23);0.1874821284885561
(5.24);0.209255734169373
(5.25);0.29934926005902757
(5.26);0.3548556671032993
(5.27);0.40159914477327946
(5.28);0.3067155471463206
(5.29);0.25535160903369275
(5.30);0.3091485995312034
(5.31);0.4586282525537698
(6.7);0.42447369468903257
(6.8);0.4163718418784668
(6.9);0.3741426948726963
(6.10);0.3488923961106889
(6.11);0.3457266886813593
(6.12);0.4830113405679676
(6.13);0.3199851174027665
(6.14);0.3269906975335677
(6.15);0.2463206952860944
(6.16);0.3052550642719245
(6.17);0.41232865513176464
(6.18);0.3692189938150453
(6.19);0.3294084614955586
(6.20);0.32520813261495174
(6.21);0.26782928635740916
(6.22);0.2266751106957614
(6.23);0.1769192052914361
(6.24);0.1909310050734899
(6.25);0.2753732784153828
(6.26);0.3251534960052584
(6.27);0.3621072250364616
(6.28);0.2713960101557169
(6.29);0.22603560298516354
(6.30);0.28092837025945
(6.31);0.41551262310267956
(7.8);0.5616282963748304
(7.9);0.528122167395774
(7.10);0.48052023429123886
(7.11);0.4447325892551112
(7.12);0.4677339930840337
(7.13);0.21284154769917313
(7.14);0.23057409877872856
(7.15);0.160023095479765
(7.16);0.24281682003328486
(7.17);0.3431738156343151
(7.18);0.4104395654368375
(7.19);0.37857929592914313
(7.20);0.4071443799864378
(7.21);0.34770933574229534
(7.22);0.3107704410461467
(7.23);0.2699570390258056
(7.24);0.2636814256078972
(7.26);0.35460109978011656
(7.27);0.3305530385024864
(7.28);0.22718632613728887
(7.29);0.2548541464542946
(7.30);0.31728329809913236
(7.31);0.3813628819304766
(8.9);0.5165633539002845
(8.10);0.4843965676904791
(8.11);0.48389680001519236
(8.12);0.4901178426113418
(8.13);0.2148975616046708
(8.14);0.2404433230801861
(8.15);0.17455315292914597
(8.16);0.26466221503250276
(8.17);0.36255946448641685
(8.18);0.4537561788965254
(8.19);0.418077797486203
(8.20);0.44500778111571365
(8.21);0.37867139033863645
(8.22);0.3377856917228196
(8.23);0.29096656579252445
(8.24);0.2929584585179247
(8.25);0.3614335354549341
(8.26);0.3940553770552955
(8.27);0.36111391273248633
(8.28);0.25473570132679374
(8.29);0.29023902678937247
(8.30);0.35485056932697695
(8.31);0.41002595535982184
(9.10);0.5980114880983314
(9.11);0.47861078840623955
(9.12);0.4217562174351169
(9.13);0.1713893009849568
(9.14);0.19306173457890152
(9.15);0.12651440367254807
(9.16);0.2159274138212551
(9.17);0.3103770817056102
(9.18);0.40716765803619015
(9.19);0.3860595941110594
(9.20);0.4322027030585181
(9.21);0.3772752980113433
(9.22);0.34441633847281417
(9.23);0.3091305890845627
(9.24);0.29246867754055683
(9.25);0.33947936737290363
(9.26);0.3557389235007563
(9.27);0.3097979129709141
(9.28);0.20720217738327393
(9.29);0.26277169914953713
(9.30);0.32522185609772647
(9.31);0.3542882033933133
(10.11);0.4979781583679803
(10.12);0.3998618808590238
(10.13);0.1495681524225078
(10.14);0.17409432769907296
(10.15);0.11014412639332301
(10.16);0.2035107019705722
(10.17);0.29433656210033693
(10.18);0.4053258116749587
(10.19);0.39162322380367964
(10.20);0.44831367462099236
(10.21);0.39811585494840457
(10.22);0.3679864094788009
(10.23);0.33566234362329284
(10.24);0.3128897791457501
(10.25);0.35023581481278065
(10.26);0.35855996434180504
(10.27);0.3006793070519409
(10.28);0.19907706049726645
(10.29);0.27078027924266307
(10.30);0.33269633727748876
(10.31);0.3411670862895382
(11.12);0.4166733716750895
(11.13);0.16344432573360845
(11.14);0.19897871414980733
(11.15);0.14333075439809911
(11.16);0.2457275262544875
(11.17);0.3279180447332015
(11.18);0.47856219521656884
(11.19);0.4718066902628394
(11.21);0.4650844940218217
(11.22);0.4166953225432679
(11.23);0.3635971435220447
(11.24);0.3649453571299516
(11.25);0.4217681291934913
(11.26);0.43299314116932164
(11.27);0.35325572908848596
(11.28);0.2510711916391045
(11.29);0.33722249967617807
(11.30);0.4054750855314557
(11.31);0.3843435449432699
(12.13);0.2795260080530676
(12.14);0.30707419226740634
(12.15);0.23793474441074425
(12.16);0.3232651357734138
(12.17);0.43541425942436407
(12.18);0.45440332758332513
(12.19);0.40691866117412767
(12.20);0.39983716581002404
(12.21);0.3386020512380165
(12.22);0.29490818467307545
(12.23);0.24118199162882598
(12.24);0.26017675496531656
(12.25);0.34802736084295327
(12.26);0.40180418381576327
(12.27);0.4150012103377424
(12.28);0.30505649812240043
(12.29);0.2932927762355289
(12.30);0.35400888476698433
(12.31);0.48104565296655594
(13.15);0.39678785963274715
(13.16);0.34268833893124917
(13.17);0.3523747205616036
(13.18);0.21772561458163137
(13.19);0.18577149144878458
(13.20);0.15634114104505437
(13.21);0.1080688953343664
(13.22);0.0663063765273189
(13.23);0.008571682230369812
(13.24);0.04719140349378689
(13.25);0.14501779968576656
(13.26);0.20369035046268152
(13.27);0.29775499496922736
(13.28);0.28847307145602014
(13.29);0.13428628087244474
(13.30);0.16601994451471663
(13.31);0.30327598217206214
(14.15);0.46317859576198006
(14.16);0.4250363185973253
(14.17);0.40843258390932746
(14.18);0.2638145271060473
(14.19);0.23559834616872058
(14.20);0.19841158753784846
(14.21);0.15470421254313343
(14.22);0.11345552301713337
(14.23);0.05335071251695232
(14.24);0.10044165293242718
(14.25);0.20022836082092726
(14.26);0.2614489738703391
(14.27);0.3660107522666022
(14.29);0.19964091810182688
(14.30);0.22638670869629868
(14.31);0.355212451075913
(15.16);0.422065843991753
(15.17);0.3453476029499044
(15.18);0.21502770024483317
(15.19);0.19387632372314387
(15.20);0.14934973754351816
(15.21);0.11328813083686586
(15.22);0.07436106668670975
(15.23);0.012879728434408605
(15.24);0.07085858269518638
(15.25);0.1689766284682505
(15.26);0.22759386339129004
(15.27);0.3318721915831412
(15.28);0.38787302028568915
(15.29);0.18821724915981253
(15.30);0.20072154146523769
(15.31);0.30036276015720004
(16.17);0.44449906274575735
(16.18);0.3246658429276495
(16.19);0.3073463373479742
(16.20);0.25757791702094274
(16.21);0.22525498788333292
(16.22);0.1866811638722192
(16.23);0.12433040357550763
(16.24);0.18509574736271864
(16.25);0.28548568708035454
(16.26);0.3496833818916407
(16.27);0.47601648944194686
(16.29);0.30612603776075215
(16.30);0.3222302279837675
(16.31);0.4108928699208329
(17.18);0.40279478458716933
(17.19);0.36930413259343386
(17.20);0.33003872502457837
(17.21);0.2834918313800077
(17.22);0.24040499246789646
(17.23);0.1794898997879583
(17.24);0.22344912605678527
(17.25);0.3265379399210871
(17.26);0.397453777744339
(17.27);0.5230237743504469
(17.28);0.4129687599928965
(17.29);0.30978455758171797
(17.30);0.3525003232079419
(18.20);0.504810236746313
(18.21);0.4353652294214099
(18.22);0.3829839015715306
(18.23);0.317668291862619
(18.24);0.35533727719784436
(18.25);0.4669820422197478
(18.26);0.5534208815300127
(18.27);0.4537523369596665
(18.28);0.33582017591177704
(18.29);0.3947137063399018
(18.30);0.47711698779985495
(18.31);0.47934824056969105
(19.20);0.5319537788134159
(19.22);0.42025614528932653
(19.23);0.3484725554736371
(19.24);0.3972350718983762
(19.25);0.5408314975466111
(19.26);0.6239399662482428
(19.27);0.43276684029213386
(19.28);0.3293967889866414
(19.29);0.4339508572222275
(19.30);0.5404027592985381
(19.31);0.4359912526291346
(20.21);0.5285043721936971
(20.22);0.45503292974380677
(20.23);0.38607982169725247
(20.24);0.4048519348628268
(20.25);0.47712827686384346
(20.26);0.4786323952759464
(20.27);0.3707602963507673
(20.28);0.27156417474400274
(20.29);0.37988970896532703
(20.31);0.39036243148694927
(21.22);0.5715919137895185
(21.23);0.448415041328163
(21.24);0.4835469010204016
(21.25);0.5024459475679699
(21.26);0.4539168712610129
(21.27);0.3345654796351568
(21.28);0.2496548235655266
(21.29);0.4030391418271366
(21.30);0.4663098528023285
(21.31);0.3407323977079132
(22.23);0.5174529428786251
(22.24);0.5372677566939832
(22.25);0.45420158463136695
(22.26);0.40340300285296876
(22.27);0.2916278966038274
(22.28);0.21418385851998334
(22.29);0.3831912643583631
(22.30);0.4256775967472947
(22.31);0.2954917219471029
(23.24);0.47611470029901637
(23.25);0.37578229506921307
(23.26);0.3295991609776553
(23.27);0.22581449208557763
(23.28);0.15083447788985158
(23.29);0.32119997746647655
(23.30);0.3505513467430731
(23.31);0.23292556487223454
(24.25);0.4564816418507827
(24.26);0.3973238714581389
(24.27);0.28544949729977737
(24.28);0.22288584557193505
(24.29);0.4207886993064689
(24.30);0.4391029131710929
(24.31);0.2765097113406119
(25.26);0.5799075029735871
(25.27);0.40061708199540713
(25.28);0.3219797256607077
(25.29);0.5067465003305991
(25.31);0.38432820715947447
(26.27);0.49724842111031986
(26.28);0.3852890774388632
(26.29);0.5027862375266544
(26.30);0.6786499884709882
(26.31);0.4680444095447942
(27.28);0.49891336863133406
(27.29);0.40357305582704367
(27.30);0.4462915564546692
(27.31);0.5746006342004586
(28.29);0.369133183037587
(28.30);0.36925279065195726
(28.31);0.40310925717782525
(29.30);0.607423845045143
(29.31);0.3554394061445559
(30.31);0.4107823494029532
