
****Times edges******

(0.5);0.42228714829979797
(0.6);0.5466099904446211
(0.7);0.6305140253007566
(0.8);0.5278589837791277
(0.9);0.7075916605126157
(0.10);0.749256634142354
(0.11);0.5839943804580356
(0.12);0.36158565615376187
(0.13);0.9200740598679737
(0.14);0.7178165376557425
(0.15);0.8938901966225589
(0.16);0.4892534525060358
(0.17);0.23733338770401102
(0.18);0.3033026405127399
(0.19);0.3998671855764678
(0.20);0.5574811825216368
(0.21);0.7135039419833303
(0.22);0.8735167223634374
(0.23);1.11172820287861
(0.24);0.9340844417540342
(0.25);0.5519947585757027
(0.31);0.07051637234140201
(1.2);0.24233794106980283
(1.3);0.6266951690832384
(1.4);0.513617689185988
(1.5);0.3806445414819484
(1.6);0.2876337775130042
(1.7);0.22999522034579784
(1.8);0.33384733442478365
(1.9);0.38512289811012906
(1.10);0.48449915347153744
(1.11);0.5905637056427293
(1.12);0.3470678348825449
(1.13);1.0663836636501631
(1.14);1.0483836806660698
(1.15);1.351027083714875
(1.16);1.0925140672317404
(1.17);0.7098295743029379
(1.18);0.6490073898001589
(1.19);0.7760673316531177
(1.20);0.7115184799640055
(1.21);0.922586612383498
(1.22);1.0609834149349031
(1.23);1.2166680332670612
(1.24);1.2352351518014704
(1.25);0.9800828599606339
(1.26);0.8770918777535823
(1.27);0.8690888927155644
(1.28);1.2311681194045414
(1.29);1.2443631171135296
(1.30);1.0264839594318562
(1.31);0.6513150021252792
(2.3);0.4061427823466043
(2.4);0.34271767212381027
(2.5);0.3149509111274911
(2.6);0.18518518191469718
(2.7);0.45228414662115446
(2.8);0.5241917529855645
(2.9);0.6178777715934782
(2.10);0.7175179034501238
(2.11);0.7870370054768296
(2.12);0.4140865762061679
(2.13);0.857319385444142
(2.14);0.8841016756564124
(2.15);1.2033118241273013
(2.16);1.0160322258686658
(2.17);0.6501292045420737
(2.18);0.7685742454214394
(2.19);0.9091064215220888
(2.20);0.8908156963251765
(2.21);1.107439880278075
(2.22);1.2567034371782797
(2.23);1.4309973481887996
(2.24);1.4142740900206778
(2.25);1.1171516964047128
(2.26);0.9778057923791033
(2.27);0.8708134698477115
(2.28);1.1934390555412187
(2.29);1.3447299817266258
(2.30);1.138738183292909
(2.31);0.661567370159645
(3.4);0.18748571152502397
(3.5);0.3903192128786654
(3.6);0.3708330413211869
(3.7);0.7870913996013746
(3.8);0.80831788765019
(3.9);0.9544225979435641
(3.10);1.048915110390213
(3.11);1.045640571623793
(3.12);0.5917238837911526
(3.13);0.4525685114319491
(3.14);0.5300471411628429
(3.15);0.8573193873515308
(3.16);0.7976409605896398
(3.17);0.5343162374522697
(3.18);0.9118372678496615
(3.19);1.0529532627893412
(3.20);1.1112653278878015
(3.21);1.3209624149812071
(3.22);1.4828985291144952
(3.23);1.6905946038745339
(3.24);1.6008077899646025
(3.25);1.2465658747350086
(3.26);1.0613874306829298
(3.27);0.808530080556299
(3.28);1.0229281582446648
(3.29);1.394187358848624
(3.30);1.224499744560375
(3.31);0.6620856110571296
(4.5);0.20889838969441282
(4.6);0.22868683352225214
(4.7);0.636401410626924
(4.8);0.6399614771556079
(4.9);0.7989297807562772
(4.10);0.8893228309042186
(4.11);0.8668664844022342
(4.12);0.41096927489087315
(4.13);0.561465469624571
(4.14);0.5437795166616886
(4.15);0.8607127155993739
(4.16);0.7032771023686255
(4.17);0.38176903266675893
(4.18);0.7243558303253445
(4.19);0.8655302802997259
(4.20);0.9267587960621527
(4.21);1.134967659276059
(4.22);1.2973870125581268
(4.23);1.5080089424341365
(4.24);1.4133645373135866
(4.25);1.0599728310472591
(4.26);0.8773362134417504
(4.27);0.6482142840103797
(4.28);0.9074546051410198
(4.29);1.2166679979861523
(4.30);1.0412034952244296
(4.31);0.4833475217907791
(5.6);0.1299598617270646
(5.7);0.4479988455463153
(5.8);0.43528365220521725
(5.9);0.6029193357821433
(5.10);0.6891776003992162
(5.11);0.6579940357625707
(5.12);0.20222529053781738
(5.13);0.7546154021742403
(5.14);0.6835566110869096
(5.15);0.9746441852121895
(5.16);0.7205583194738284
(5.17);0.3425925808144166
(5.18);0.5323067735536333
(5.19);0.6759259340685542
(5.20);0.7210935417959778
(5.21);0.93192503252165
(5.22);1.0932200840997728
(5.23);1.3005221485951866
(5.24);1.217478134532327
(5.25);0.8773361510019737
(5.26);0.709346311170643
(5.27);0.5567887484456155
(5.28);0.8827915347919557
(5.29);1.065780494516972
(5.30);0.8741053713106048
(5.31);0.3525820773697109
(6.7);0.4167694397698518
(6.8);0.4426080109760665
(6.9);0.5836272080311561
(6.10);0.6782051893292631
(6.11);0.6919708852615599
(6.12);0.2618913333745266
(6.13);0.7885606093000413
(6.14);0.7611201163652351
(6.15);1.0673881273381474
(6.16);0.8425925043523113
(6.17);0.4693996604556317
(6.18);0.6176695925681526
(6.19);0.7612890077841272
(6.20);0.7755699423507022
(6.21);0.9914327469312832
(6.22);1.1483346883520962
(6.23);1.3419537541374589
(6.24);1.2886679441541526
(6.25);0.9674485065551355
(6.26);0.8131295367076208
(6.27);0.6857479703970076
(6.28);1.0114653965684697
(6.29);1.176035166710255
(6.30);0.9766213016242886
(6.31);0.47799659006955414
(7.8);0.1299598617270646
(7.9);0.16896571576609662
(7.10);0.26723842138339804
(7.11);0.3648900502304907
(7.12);0.30231151736398454
(7.13);1.1967390223670438
(7.14);1.1272363158542384
(7.15);1.4025560975511395
(7.16);1.0807978076792046
(7.17);0.7090439976419743
(7.18);0.4818374450021147
(7.19);0.58925559063036
(7.20);0.49291966659916264
(7.21);0.6986293990805634
(7.22);0.8327672696104803
(7.23);0.9870995434571177
(7.24);1.0119315482390123
(7.25);0.7837622279537414
(7.26);0.7130230534018018
(7.27);0.7959193109411998
(7.28);1.1768003921918833
(7.29);1.0696748395323488
(7.30);0.8476647631174806
(7.31);0.5909263909858649
(8.9);0.18748578566173132
(8.10);0.25826534977702603
(8.11);0.2631976612752325
(8.12);0.24931312536099753
(8.13);1.188796533757882
(8.14);1.0892919132652277
(8.15);1.3459408445471592
(8.16);0.9973386451439264
(8.17);0.6399615027078325
(8.18);0.35294664567481787
(8.19);0.4597107736255225
(8.20);0.37781861207795764
(8.21);0.5905637056427293
(8.22);0.7343473821455943
(8.23);0.9084460838277515
(8.24);0.9023384488946523
(8.25);0.6562979737475263
(8.26);0.5836272080311561
(8.27);0.691041018817567
(8.28);1.074233651390728
(8.29);0.9397577725579661
(8.30);0.7178165376557425
(8.31);0.49759361458329704
(9.10);0.0997252921219807
(9.11);0.272480398687567
(9.12);0.4316245347767103
(9.13);1.3566000069832933
(9.14);1.2712528494519875
(9.15);1.5326801380788655
(9.16);1.1831579981649125
(9.17);0.827396600807108
(9.18);0.49004147085796107
(9.19);0.5617707741768845
(9.20);0.41253094338882473
(9.21);0.5933155695493257
(9.22);0.7088021665658945
(9.23);0.8396876395152898
(9.24);0.9027184133566227
(9.25);0.7320087549668829
(9.26);0.707409861333129
(9.27);0.8678055584882913
(9.28);1.2508570572355078
(9.29);1.039060538358141
(9.30);0.818174902894157
(9.31);0.6820499069281876
(10.11);0.23606571405281765
(10.12);0.5075729647814956
(10.13);1.4437914167998651
(10.14);1.347214299550633
(10.15);1.59871775321415
(10.16);1.2335334943093956
(10.17);0.8902863481422751
(10.18);0.5007710016371756
(10.19);0.547550278511268
(10.20);0.3714105776644292
(10.21);0.5278589837791277
(10.22);0.6296295686446545
(10.23);0.7465052462596341
(10.24);0.8304992435961556
(10.25);0.697462571479236
(10.26);0.7015683718507832
(10.27);0.9036202110698265
(10.28);1.283868973523195
(10.29);1.0123127110570687
(10.30);0.7954344771327595
(10.31);0.7320087047038304
(11.12);0.4559656560237216
(11.13);1.3908628153271123
(11.14);1.2518847572824423
(11.15);1.4699201629085399
(11.16);1.0725563836618548
(11.17);0.7682953961837864
(11.18);0.2964409316828522
(11.19);0.31495088257116327
(11.20);0.14011800158035354
(11.21);0.33384733442478365
(11.22);0.47158626944201204
(11.23);0.6501291492063567
(11.24);0.647155271137824
(11.25);0.46333317994427614
(11.26);0.4722221972607046
(11.27);0.721628432866205
(11.28);1.0907077026422736
(11.29);0.7765090765737889
(11.30);0.5594002549831145
(11.31);0.5856069637630643
(12.13);0.9448528631839483
(12.14);0.8403511444894292
(12.15);1.1037176814859475
(12.16);0.7813520095567927
(12.17);0.4067756454356866
(12.18);0.3574122374962176
(12.19);0.5003428287770506
(12.20);0.5218148473879763
(12.21);0.7352225215297796
(12.22);0.8948966727225908
(12.23);1.098891060614815
(12.24);1.0281530581211955
(12.25);0.7074098151012594
(12.26);0.5641313845481528
(12.27);0.5241918824469947
(12.28);0.8945134552755519
(12.29);0.9320169752197494
(12.30);0.7246516070867468
(12.31);0.30779206073190807
(13.14);0.28267293754437206
(13.15);0.5278589659663158
(13.16);0.7130230820692331
(13.17);0.6827408940610759
(13.18);1.1860890910480095
(13.19);1.3100134467348306
(13.20);1.4234284653558191
(13.21);1.6129193953383802
(13.22);1.776668161785823
(13.23);2.0050090913508303
(13.24);1.8536333749894018
(13.25);1.471843606156999
(13.26);1.265676788094682
(13.27);0.917835060307677
(13.28);0.9558139345281257
(13.29);1.530580988104984
(13.30);1.4120900747102367
(13.31);0.8727312666546672
(14.15);0.32736418982086557
(14.16);0.43291367633573197
(14.17);0.4907407497345827
(14.18);1.0094291744491148
(14.19);1.117612214680093
(14.20);1.259565519723489
(14.21);1.4302484050536315
(14.22);1.5911383577777543
(14.23);1.8280413163555174
(14.24);1.6441117647310373
(14.25);1.2576241673059358
(14.26);1.0487516888007986
(14.27);0.6795312649198703
(14.28);0.6740842480191386
(14.29);1.2799564839489108
(14.30);1.1829404947519968
(14.31);0.6854354301328586
(15.16);0.4459849948562856
(15.17);0.7088626343762848
(15.18);1.197168876442687
(15.19);1.2794206254761682
(15.20);1.4512244882476648
(15.21);1.5930770181125966
(15.22);1.7455605989570242
(15.23);1.9884784045797106
(15.24);1.761231806901416
(15.25);1.3796606411704384
(15.26);1.1765090904922346
(15.27);0.7982319456824573
(15.28);0.617669664710922
(15.29);1.3249802092722631
(15.30);1.2811280962817018
(15.31);0.8843440986458999
(16.17);0.38277821699058284
(16.18);0.7841996706208629
(16.19);0.8488777009240027
(16.20);1.0339320804254548
(16.21);1.1586289770052933
(16.22);1.3069665517794868
(16.23);1.5504766412742106
(16.24);1.3156295970862826
(16.25);0.9355975652182918
(16.26);0.7352225382108936
(16.27);0.36383116060976056
(16.28);0.2446267755523042
(16.29);0.887199331510441
(16.30);0.8351830286869812
(16.31);0.5018825902359129
(17.18);0.5188491264727039
(17.19);0.6319402495755644
(17.20);0.7690202791580951
(17.21);0.9417627304233439
(17.22);1.1038729375828735
(17.23);1.3387556271923395
(17.24);1.1712139135641715
(17.25);0.789212625855598
(17.26);0.5839943804580356
(17.27);0.2748300526985349
(17.28);0.5434640547649788
(17.29);0.877726915636835
(17.30);0.7352224003136881
(17.31);0.19532431809127224
(18.19);0.1440402552099201
(18.20);0.2542504509053543
(18.21);0.42683075437360535
(18.22);0.5906361248660543
(18.23);0.8211557906003885
(18.24);0.6891775019302147
(18.25);0.35001954660461565
(18.26);0.23166658997213807
(18.27);0.4272322973714317
(18.28);0.7944098905325755
(18.29);0.5956229876334704
(18.30);0.3778185536483592
(18.31);0.32407406835072006
(19.20);0.2095129792839403
(19.21);0.3149509085314636
(19.22);0.47367228316294824
(19.23);0.7129628444077731
(19.24);0.5507507674257315
(19.25);0.20807595726144393
(19.26);0.15930236005982137
(19.27);0.48511807523290096
(19.28);0.8178080927690868
(19.29);0.48183748912108265
(19.30);0.2594245585088773
(19.31);0.43793459171803517
(20.21);0.21695145745846192
(20.22);0.37325266694046094
(20.23);0.5839209372786395
(20.24);0.5252538909297588
(20.25);0.32618360048449596
(20.26);0.36758199803709385
(20.27);0.6723649467819082
(20.28);1.0220895876256808
(20.29);0.6428353243817981
(20.30);0.4304310441207959
(20.31);0.5759377190255901
(21.22);0.16407438754310852
(21.23);0.3982557205114247
(21.24);0.3133133659666145
(21.25);0.2752976168041081
(21.26);0.4304310441207959
(21.27);0.796188611820116
(21.28);1.1039895001174518
(21.29);0.5732521034207739
(21.30);0.40677565347572686
(21.31);0.7465053338809219
(22.23);0.2435731208497263
(22.24);0.2137665755941544
(22.25);0.38689963456637927
(22.26);0.5723539045613777
(22.27);0.9473447354870028
(22.28);1.2356860965103706
(22.29);0.6351203390743173
(22.30);0.5135342209742729
(22.31);0.908823415170619
(23.24);0.33448872872591545
(23.25);0.627037150210991
(23.26);0.8159187542070134
(23.27);1.1903820396803617
(23.28);1.4766703474962508
(23.29);0.8450310667170986
(23.30);0.7499428679049945
(23.31);1.1434340746536764
(24.25);0.38678888524855265
(24.26);0.5956229533155367
(24.27);0.9729273753831991
(24.28);1.2060162431643908
(24.29);0.5259063861746355
(24.30);0.4815705665454452
(24.31);0.981874424750677
(25.26);0.208898303587086
(25.27);0.586923028279005
(25.28);0.849634710816127
(25.29);0.3192766291860437
(25.30);0.13159880267917073
(25.31);0.6046231753654454
(26.27);0.3800810601466333
(26.28);0.6751644782973606
(26.29);0.3689788038164416
(26.30);0.16485630623660982
(26.31);0.40582607741526167
(27.28);0.38333777849362244
(27.29);0.6148175099006007
(27.30);0.5037580412342978
(27.31);0.21793709296308916
(28.29);0.725124662103277
(28.30);0.7301322598525082
(28.31);0.5882362845783138
(29.30);0.22241504617001265
(29.31);0.7333542999667696
(30.31);0.5654973483047604
