
****Importance edges******

(0.5);5.022655568395629
(0.6);3.9071334958847466
(0.7);3.3872017388236477
(0.8);4.073727216761216
(0.9);3.021009812916829
(0.10);2.909871926038331
(0.11);3.790345810971128
(0.12);6.170876840655083
(0.13);2.44507756936807
(0.14);3.0979121826961014
(0.15);2.536293858925729
(0.16);4.633823360034796
(0.17);9.71207772643971
(0.18);7.676377350772317
(0.19);5.816180955175382
(0.20);4.297498373357132
(0.21);3.349520337688573
(0.22);2.7621358376634113
(0.23);2.2141866261425274
(0.24);2.635279647840953
(0.25);4.4436014475582155
(0.31);35.67301195056355
(1.3);4.33900392476169
(1.4);5.387156040581296
(1.5);4.625952396414346
(1.6);6.172845380621945
(1.7);7.719807534097863
(1.8);5.362313717130639
(1.10);3.756624679378929
(1.11);3.1383257519411374
(1.12);5.391283764703008
(1.13);1.7718698647853919
(1.14);1.7775679489221379
(1.15);1.4115252545379302
(1.16);1.7454738262662703
(1.17);2.7398702601973626
(1.18);3.032486506275403
(1.19);2.5326933130185494
(1.20);2.860944816426258
(1.21);2.2000499133960836
(1.22);1.9346320090638145
(1.23);1.7271879372527146
(1.24);1.7012261573313743
(1.25);2.1352126699942113
(1.26);3.1002827266464856
(1.27);3.0775992782457027
(1.28);2.247409263802202
(1.29);2.149458877531767
(1.30);2.649074808520552
(1.31);3.3092620593609605
(2.3);6.577802378462873
(2.4);7.9343232621485935
(2.5);5.446265042863553
(2.6);9.34189995973922
(2.7);3.824988022236139
(2.8);3.3282796601013747
(2.9);2.8030537271180824
(2.10);2.4731704633122793
(2.11);2.297025275357026
(2.12);4.408749032195546
(2.13);2.150838669776619
(2.14);2.0563651077987437
(2.15);1.5469568399026785
(2.16);1.8320455497663939
(2.17);2.9214247503620334
(2.18);2.501474349597812
(2.19);2.1119674270440414
(2.20);2.23399489242867
(2.21);1.7916992521686104
(2.22);1.597095245292458
(2.23);1.436674192264003
(2.24);1.453662323200035
(2.25);1.832470877018393
(2.26);2.732165201450606
(2.27);3.0167212627588897
(2.28);2.2784848423183233
(2.29);1.9535531638949426
(2.30);2.346041433325544
(2.31);3.1891455489376392
(3.5);4.394623889613397
(3.6);4.665122172796985
(3.7);2.1979422521315377
(3.8);2.15837948919641
(3.9);1.814651700724846
(3.10);1.6917899915184171
(3.11);1.7289343425285728
(3.12);3.085229178848647
(3.13);4.07442329721089
(3.14);3.4299512182591045
(3.15);2.1712695225755225
(3.16);2.3336531218832066
(3.17);3.5546431419315776
(3.18);2.1084560024807044
(3.19);1.8234457480904793
(3.20);1.790821386885438
(3.21);1.502086041822886
(3.22);1.3534810675539841
(3.23);1.2160673851847035
(3.24);1.2842747094493674
(3.25);1.642230058085383
(3.26);2.5170139408906307
(3.27);3.2491079473245605
(3.28);2.6582832590585252
(3.29);1.8842528543336685
(3.30);2.1817292911516004
(3.31);3.1866492771203863
(4.5);8.42918670376689
(4.6);7.763974897397069
(4.7);2.7899354168352812
(4.8);2.79734672275942
(4.9);2.2248287956479804
(4.10);2.0465925463971386
(4.11);2.138023927477598
(4.12);4.552995315646754
(4.13);3.3652881257053835
(4.14);3.427075076982802
(4.15);2.2156159815767262
(4.16);2.711526797556923
(4.17);5.094286791298757
(4.18);2.717043295086101
(4.19);2.2709090439324084
(4.20);2.196488574690576
(4.21);1.788365139822021
(4.22);1.5821127048062964
(4.23);1.3935025791742832
(4.24);1.4868169500658743
(4.26);3.0994193065551627
(4.27);4.126270301241848
(4.28);3.0491207176338206
(4.29);2.1983871963263564
(4.30);2.6116247311436815
(4.31);4.459259493542537
(5.6);6.560220854250549
(5.7);1.9030526609454546
(5.8);1.990752174161691
(5.9);1.4171631399236397
(5.10);1.2986580037621904
(5.11);1.4084019911242096
(5.12);4.666252653445531
(5.13);1.273645211227289
(5.14);1.3699329472303254
(5.15);1.0032317374278215
(5.17);2.9592717416896512
(5.18);1.946212107695435
(5.19);1.5290705635511437
(5.20);1.5258438285517362
(5.21);1.174641211526736
(5.22);1.0212619735651103
(5.23);0.8942116657932553
(5.24);0.9552057190275941
(5.25);1.3160619590051685
(5.26);2.4181505006502246
(5.27);3.0043792675291066
(5.28);1.9946311891917163
(5.29);1.5695582540958652
(5.30);1.962356248789327
(5.31);3.4441068230370524
(6.8);1.9893864029934176
(6.9);1.4879558885447117
(6.10);1.3402765165483417
(6.11);1.359445335113273
(6.12);3.6565195499752963
(6.13);1.2365425861815176
(6.14);1.248690166344478
(6.15);0.929156354460112
(6.16);1.1769851916213732
(6.17);2.189607517410957
(6.18);1.6998705816487045
(6.19);1.3759753787345417
(6.20);1.4366887518459641
(6.21);1.1182342267511727
(6.22);0.9844173427680265
(6.23);0.8770187162969417
(6.24);0.9132830254080649
(6.25);1.2079249774667802
(6.26);2.127559466696957
(6.27);2.460787273242769
(6.28);1.7553925629642606
(6.29);1.434888960782894
(6.30);1.771394337391529
(6.31);2.5696978718154386
(7.8);6.775310062586631
(7.9);5.139572468695551
(7.10);3.4013914763968254
(7.11);2.578027522013325
(7.12);3.1676291687560365
(7.13);0.8147881509337827
(7.14);0.8431268504616999
(7.15);0.7071164304395013
(7.16);0.9175804143453569
(7.17);1.4495588829775006
(7.18);2.1790717605621865
(7.19);1.7776919684234507
(7.20);2.260515633577217
(7.21);1.5868986226453499
(7.22);1.3574507833919485
(7.23);1.192299770154462
(7.24);1.1630416709821905
(7.25);1.4910200744579067
(7.26);2.4262629871776844
(7.27);2.120164512919679
(7.28);1.50876805158515
(7.29);1.5775634013629458
(7.30);2.0408792706102443
(7.31);2.078612224760412
(8.9);4.706426248142754
(8.10);3.573684860718801
(8.11);3.627209562823107
(8.12);3.8970562056586355
(8.13);0.8319886784540006
(8.14);0.885327133025903
(8.15);0.7472445369001876
(8.16);1.0083790365266314
(8.17);1.6278752748141239
(8.18);3.014435367245153
(8.19);2.30904184456652
(8.20);2.986166002058821
(8.21);1.900947353013966
(8.22);1.5584137592475207
(8.23);1.310914386523427
(8.24);1.3197875388436464
(8.25);1.801897529281394
(8.26);2.9893341596260923
(8.27);2.4631753222103727
(8.28);1.6664848829636736
(8.29);1.8112701314013897
(8.30);2.4305050913879307
(8.31);2.4965820816737643
(9.10);9.133612278070839
(9.11);3.4592075629781016
(9.12);2.22295158649799
(9.13);0.7201521701724924
(9.14);0.7490821900796769
(9.15);0.6483023433299562
(9.16);0.839776737878789
(9.17);1.2444705333568813
(9.18);2.1464061636340728
(9.19);1.867994283344614
(9.20);2.7055480182328604
(9.21);1.8717251864540208
(9.22);1.5974982863020706
(9.23);1.403841341959306
(9.24);1.3058205141741153
(9.25);1.5989902735987451
(9.26);2.4482901430079416
(9.27);1.9467990366912533
(9.28);1.4210112751457533
(9.29);1.6259331992049988
(9.30);2.116839057812761
(9.31);1.803645850019278
(10.11);4.164675957296013
(10.12);1.9702613446683883
(10.13);0.7047620418015337
(10.14);0.7369605687068904
(10.15);0.6469003492123233
(10.16);0.8383716507247958
(10.17);1.2021319197937697
(10.18);2.1814341838261577
(10.19);1.990603576041161
(10.20);3.1143249375757116
(10.21);2.180685899393167
(10.22);1.8628114888176701
(10.23);1.6334234441723658
(10.24);1.4682242998298092
(10.25);1.736359593557906
(10.26);2.5293957893643846
(10.27);1.9167815186335646
(10.28);1.4176536037588843
(10.29);1.7109757701587935
(10.30);2.2309117051440346
(10.31);1.7359731157917966
(11.12);2.262814055885448
(11.13);0.7543831631852422
(11.14);0.8184123288910145
(11.15);0.7251585515235182
(11.16);0.9937693080090121
(11.17);1.4342865331170764
(11.18);3.792030601855719
(11.19);3.5614113434250116
(11.21);3.5429629779040073
(11.22);2.5543476890022005
(11.23);1.9243457631598155
(11.24);1.9331887254542783
(11.25);2.682216565256124
(11.26);3.828375507777134
(11.27);2.4463314478085385
(11.28);1.6992465360705609
(11.29);2.2734342484992656
(11.30);3.2317537900946314
(11.31);2.224122347975008
(12.13);1.1283848736410707
(12.14);1.2393296718760063
(12.15);0.9810836437649135
(12.16);1.3857874433016504
(12.17);2.750582394021861
(12.19);2.2756073811303286
(12.20);2.309864355004412
(12.21);1.631782078836084
(12.22);1.3649726534887376
(12.23);1.1538791311329355
(12.24);1.2332672185491922
(12.25);1.7806851022402732
(12.26);3.2361322948843685
(12.27);3.401621212641003
(12.28);2.0917976945092343
(12.29);1.913164968272707
(12.30);2.5192848180292104
(12.31);4.28658140352244
(13.15);2.084491181005917
(13.16);1.5430998323097387
(13.17);1.6643911815868415
(13.18);0.9767438858594307
(13.19);0.8824808874090768
(13.20);0.8590523095374367
(13.21);0.7546570106594213
(13.22);0.6973657249819334
(13.23);0.6411269966350183
(13.24);0.6934841993611679
(13.25);0.8677227039058247
(13.26);1.4568930266456346
(13.27);1.9627209715548548
(13.28);1.9768419455550064
(13.29);1.1769740610227866
(13.30);1.305834322885365
(13.31);1.5318045422405169
(14.15);3.2857344277263905
(14.16);2.484514319356738
(14.17);2.2652741870584445
(14.18);1.123228579074872
(14.19);1.0123155810745241
(14.20);0.9512120817786069
(14.21);0.8337819882438072
(14.22);0.7631655061848412
(14.23);0.6896889447798213
(14.24);0.7668456083929338
(14.25);0.9958989145950927
(14.26);1.733523632886916
(14.27);2.612880913591848
(14.29);1.387183310185821
(14.30);1.5368785206287148
(14.31);1.9143570499267706
(15.16);2.5044508162000043
(15.17);1.6265910396099135
(15.18);0.9816384111692581
(15.19);0.9166207669683952
(15.20);0.8540933581741553
(15.21);0.7745279112677692
(15.22);0.7193500858424089
(15.23);0.654846006862047
(15.24);0.7393388751372489
(15.25);0.9377913387238449
(15.26);1.582198957842888
(15.27);2.2787485535249474
(15.28);3.0874251354415847
(15.29);1.3728279704648279
(15.30);1.4529940154088905
(15.31);1.5305528769810675
(16.17);3.0121307776022896
(16.18);1.4985155398553427
(16.19);1.381461608338862
(16.20);1.1987534375800792
(16.21);1.0649060905751175
(16.22);0.9607113540859997
(16.23);0.83980341742051
(16.24);0.9897128985669674
(16.25);1.3828405361105016
(16.26);2.531774015458702
(16.27);4.9993402145801324
(16.29);2.0501770999500954
(16.30);2.2287537628109235
(16.31);2.6968136965855245
(17.18);2.3344310628775617
(17.19);1.912798053017341
(17.20);1.6586191485622466
(17.21);1.3484428065749254
(17.22);1.170152548121663
(17.23);0.9995683153834197
(17.24);1.1425561901928352
(17.25);1.6850520634263542
(17.26);3.252263399508643
(17.27);6.756182468337822
(17.28);3.578600872291767
(17.29);2.115466611237503
(17.30);2.5833047908660602
(17.31);7.114147291105197
(18.19);8.545745920813948
(18.20);5.103900899310914
(18.21);3.027126116105754
(18.22);2.2244780157916115
(18.23);1.6566101913132132
(18.24);1.9738529588596587
(18.25);3.8627034437853878
(18.26);8.298860707167341
(18.27);4.400573662108972
(18.28);2.4774441701910037
(18.29);3.1564718529164137
(18.30);5.088603357665131
(18.31);4.356174870770401
(19.20);6.1820784119410845
(19.21);4.094692379080058
(19.22);2.768609612465779
(19.23);1.9045755655318435
(19.24);2.465528316806635
(19.25);6.485988516168594
(19.27);3.8701950732337798
(19.28);2.4034251540293603
(19.29);3.896545260784437
(19.30);7.401007680255994
(19.31);3.2180145179117683
(20.21);6.251927424090648
(20.22);3.6922745368521483
(20.23);2.4397640215873615
(20.24);2.7122679504615186
(20.25);4.342082032381947
(20.26);5.413969471608641
(20.27);2.89660571946691
(20.28);1.9916210200059432
(20.29);3.0296657270514573
(20.30);4.623453031253106
(21.22);8.365429590838584
(21.23);3.5631144509290364
(21.24);4.529110044640162
(21.25);5.1243355681521034
(21.26);4.609795767331033
(21.27);2.4387407848109475
(21.28);1.8385470119586826
(21.29);3.38716182367411
(21.30);4.877871102564213
(21.31);1.969736728776327
(22.23);5.915337699284802
(22.24);6.740142888522929
(22.25);3.702520739255066
(22.26);3.5067028778256306
(22.27);2.0737683394440305
(22.28);1.6611115730892836
(22.29);3.0932303661622234
(22.30);3.9083570330567516
(22.31);1.6419091991242014
(23.25);2.358683048942379
(23.26);2.5197079350617066
(23.27);1.691369095768201
(23.28);1.4230761484869512
(23.29);2.3826051767478065
(23.30);2.741378106687348
(23.31);1.3456687500604045
(24.25);3.823744563676898
(24.26);3.4516415928852795
(24.27);2.0693994690815316
(24.28);1.742442825799827
(24.29);3.8283912251339483
(24.30);4.269108417669591
(24.31);1.5670878711464546
(25.26);9.799734673383357
(25.27);3.4155183678568988
(25.28);2.463041250070814
(25.29);6.2787131921172366
(25.31);2.5311139583561126
(26.27);6.911687494696407
(26.28);4.027511644479228
(26.29);7.11965425443059
(26.30);16.205185113639004
(26.31);5.198864122544108
(27.28);6.977416521438096
(27.29);4.200394457658454
(27.30);5.214808093087333
(27.31);9.485916511463016
(28.29);3.6886172664360837
(28.30);3.724301674919372
(28.31);3.6641262732898254
(29.30);11.811258076390997
(29.31);2.8190099501598262
(30.31);3.730936387574305

****Importance nodes******

0; 0.05
1; 0.03928571428571429
2; 0.03793103448275863
3; 0.03793103448275863
4; 0.03928571428571429
5; 0.01309715380405036
6; 0.013533725597518705
7; 0.013533725597518705
8; 0.01397029739098705
9; 0.013592126740862376
10; 0.01485940784685316
11; 0.01585003503664337
12; 0.01637836953786482
13; 0.016924315189126977
14; 0.016153232461658448
15; 0.017445387204019183
16; 0.017443776635822385
17; 0.018570844102078585
18; 0.019262954724288333
19; 0.019186631050268146
20; 0.02127126075877337
21; 0.021096382509672402
22; 0.02177691097772635
23; 0.023228705042908106
24; 0.023228705042908106
25; 0.022969028020847812
26; 0.03793103448275863
27; 0.03666666666666667
28; 0.03928571428571429
29; 0.03666666666666667
30; 0.03793103448275863
31; 0.024833877621171126
