
****Mix criterion 0.5*C(weight)+0.5*C(distance) ******

(0.5);0.46502719186783703
(0.6);0.4183735428468551
(0.7);0.39048329319181807
(0.8);0.42574590377319693
(0.9);0.3666444600094336
(0.10);0.3541448603150352
(0.11);0.40733794867718054
(0.12);0.49601912041861357
(0.13);0.30468529291390384
(0.14);0.3650805751368284
(0.15);0.3127704889701692
(0.16);0.4437230796721187
(0.17);0.577451183151379
(0.18);0.5321961676915435
(0.19);0.48279100833274524
(0.20);0.4206891076965134
(0.21);0.3691515107412187
(0.22);0.32067968011053527
(0.23);0.2535476915862175
(0.24);0.30406168634524366
(0.25);0.4251623792675367
(0.31);0.9824127216643568
(1.2);0.5906115152831993
(1.3);0.40212456062637514
(1.4);0.4444110818433067
(1.5);0.46641704057087613
(1.6);0.5101068709433777
(1.7);0.5458407950708686
(1.8);0.48844559819345423
(1.9);0.46665415408270605
(1.10);0.4294570270326217
(1.11);0.3943532484227662
(1.12);0.4849406210240671
(1.13);0.2575593446864012
(1.14);0.26268460278573424
(1.15);0.18199528385365193
(1.16);0.2511745316487865
(1.17);0.3597200604006827
(1.18);0.3787579901729166
(1.19);0.3407936188504569
(1.20);0.3604203332301603
(1.21);0.29945545323024764
(1.22);0.2611374401735194
(1.23);0.21950152347889842
(1.24);0.2147986777837608
(1.25);0.28448817883195565
(1.26);0.3230072962809924
(1.27);0.32538733922654395
(1.28);0.2227074224681858
(1.29);0.21910166326961936
(1.30);0.28029374656786354
(1.31);0.3819564946067779
(2.3);0.4888429049865283
(2.4);0.5231803092801897
(2.5);0.4955943481527089
(2.6);0.5809293358533651
(2.7);0.4396878324198511
(2.8);0.4149425983058045
(2.9);0.3849933826056727
(2.10);0.3550190654461728
(2.11);0.3349662471361577
(2.12);0.45665697633470564
(2.13);0.31542289967631276
(2.14);0.3081355088021123
(2.15);0.22115288605270977
(2.16);0.27202526273358923
(2.17);0.37798117134894754
(2.18);0.34262402198119585
(2.19);0.302593638725255
(2.20);0.30808861508599333
(2.21);0.24842915055544504
(2.22);0.20832397949207535
(2.23);0.16262200192896903
(2.24);0.16725995761963647
(2.25);0.2467611063470032
(2.26);0.29359326319251344
(2.27);0.3248738625655531
(2.28);0.23305600069770174
(2.29);0.19187721227055027
(2.30);0.24872454826708895
(2.31);0.37871205679576614
(3.4);0.6518477735645345
(3.5);0.4624839615030543
(3.6);0.4709982054952857
(3.7);0.33387272988228817
(3.8);0.3280375202081109
(3.9);0.28728804488460247
(3.10);0.2616502730867441
(3.11);0.2627521730251982
(3.12);0.3943700872388154
(3.13);0.4424887760621587
(3.14);0.4155381891158654
(3.15);0.3160024758508789
(3.16);0.33344082148268817
(3.17);0.4155555618453495
(3.18);0.30151060770582505
(3.19);0.262718677248183
(3.20);0.24711573034570555
(3.21);0.19120598458484103
(3.22);0.14860430575984238
(3.23);0.09489416623126973
(3.24);0.11841906703673333
(3.25);0.21185654961994518
(3.26);0.26980222436993795
(3.27);0.3436437872759835
(3.28);0.2806896031261084
(3.29);0.17857819202930122
(3.30);0.22504765642625757
(3.31);0.37854862117492566
(4.5);0.5625625967309662
(4.6);0.5485356862540027
(4.7);0.3795378727790051
(4.8);0.3787531288322234
(4.9);0.3317418042677857
(4.10);0.3062936944088985
(4.11);0.31287731806140856
(4.12);0.4593547304338186
(4.13);0.4056704122926168
(4.14);0.41201641511104076
(4.15);0.3157387000770758
(4.16);0.3621705436414018
(4.17);0.47467541992268364
(4.18);0.3565757997795912
(4.19);0.3156317524033173
(4.20);0.2986026434331447
(4.21);0.24149859704009952
(4.23);0.14282205104055423
(4.24);0.1679258454990164
(4.25);0.26295597988710984
(4.26);0.32365408966165476
(4.27);0.3957928401871924
(4.28);0.3147347059920399
(4.29);0.2271964347473056
(4.30);0.276716389827383
(4.31);0.44051205920744285
(5.6);0.5551499920108469
(5.7);0.41409502320269087
(5.8);0.4184621687943273
(5.9);0.3694769631325079
(5.10);0.34578177238846647
(5.11);0.3547162224090092
(5.12);0.5118366546094523
(5.13);0.3288020170722879
(5.14);0.34862867449751156
(5.15);0.27058339253877783
(5.16);0.33909890479670646
(5.17);0.45483145129857944
(5.18);0.3936669369772017
(5.19);0.3526436337182814
(5.20);0.34044247724996046
(5.21);0.28359353432280404
(5.22);0.24105359930889866
(5.23);0.18760464239763444
(5.24);0.20938951039033157
(5.25);0.2993752716892803
(5.26);0.3560220549536448
(5.27);0.4030851175436464
(5.28);0.3063019395517709
(5.29);0.25612791609062746
(5.30);0.30942006936043887
(5.31);0.45884197488389944
(6.7);0.4242507288772983
(6.8);0.4165967393293119
(6.9);0.37525296425174876
(6.10);0.3490698459587354
(6.11);0.3455809302655948
(6.12);0.4834606425887252
(6.13);0.319834815881791
(6.14);0.3275779948672688
(6.15);0.24643976976444892
(6.16);0.3061597087483841
(6.17);0.4127156598343663
(6.18);0.3690217811721355
(6.19);0.3292158903598035
(6.20);0.32566679689526656
(6.21);0.2679760381847856
(6.22);0.22681030323411383
(6.23);0.17703913060460172
(6.24);0.1910586343798872
(6.25);0.2753985232892476
(6.26);0.32617308164587194
(6.27);0.36331620447989454
(6.28);0.27103668298162054
(6.29);0.22674056081555308
(6.30);0.2811730664544183
(6.31);0.41567362181415074
(7.8);0.5608901998066456
(7.9);0.5308003383754456
(7.10);0.4802391484610093
(7.11);0.44392049552677204
(7.12);0.4674766557628859
(7.13);0.21257917955171124
(7.14);0.23079724584212166
(7.15);0.15997435186302883
(7.16);0.24334123108372083
(7.17);0.34315434651055887
(7.18);0.40978109317109523
(7.19);0.3779987895484814
(7.20);0.40746950778913477
(7.21);0.3476378103039623
(7.22);0.31072214656891894
(7.23);0.26992205763274874
(7.24);0.2636507984913697
(7.25);0.32534700576430536
(7.26);0.35547599104514405
(7.27);0.33133680845580843
(7.28);0.2267030797304897
(7.29);0.25543733081848624
(7.30);0.3173230991614144
(7.31);0.38116233663743576
(8.9);0.5200035391073079
(8.10);0.48485094461868095
(8.11);0.4835021985928777
(8.12);0.49057778916906847
(8.13);0.2147953410421047
(8.14);0.2408509330312583
(8.15);0.17464535690190539
(8.16);0.26542349011912175
(8.17);0.3628386410989815
(8.18);0.453402556484121
(8.19);0.4177523757450825
(8.20);0.44594137365633507
(8.21);0.37891268010039003
(8.22);0.33799301688472516
(8.23);0.291140419404238
(8.24);0.29313740933686455
(8.25);0.3614661814859711
(8.26);0.39547050595461275
(8.27);0.36230907728281353
(8.28);0.2543944399324558
(8.29);0.2911178785026865
(8.30);0.35517910459049923
(8.31);0.410174589187554
(9.10);0.6046877465137492
(9.11);0.4802424060753233
(9.12);0.423292535843466
(9.13);0.1717040013769749
(9.14);0.19384241973399396
(9.15);0.1269532056643819
(9.16);0.2170326686308117
(9.17);0.3112558673910423
(9.18);0.40803214030017376
(9.19);0.38676956718626254
(9.20);0.4343871952932285
(9.21);0.3784398367758096
(9.22);0.3454048945571723
(9.23);0.30997182885509805
(9.24);0.293255097977266
(9.25);0.3402578656143802
(9.26);0.3577204789042407
(9.27);0.3114132193255365
(9.28);0.20736947837882833
(9.29);0.26412077534043726
(9.30);0.3262139326661695
(9.31);0.35520074841639016
(10.11);0.49762634032687425
(10.12);0.4001287916631935
(10.13);0.14949839618563954
(10.14);0.174439344982532
(10.15);0.11023476596186088
(10.16);0.20414307641477475
(10.17);0.29456061167642295
(10.18);0.4051181242298893
(10.19);0.3913880054300966
(10.20);0.4493193935067914
(10.21);0.39842522350184745
(10.22);0.3682612610628354
(10.23);0.3359017828342225
(10.24);0.3131092618246266
(10.25);0.35029636504177664
(10.26);0.35976833412676984
(10.27);0.3016174821970361
(10.28);0.1988085376287267
(10.29);0.2716177220736893
(10.30);0.33302027890547414
(10.31);0.3412965454576879
(11.12);0.4164853503220675
(11.13);0.16321287124342232
(11.14);0.19917330412997064
(11.15);0.14327884620448292
(11.16);0.24624856839138606
(11.17);0.3278897487041048
(11.18);0.4774651407854199
(11.19);0.4706953999216573
(11.20);0.5777421891551634
(11.21);0.46491104642593795
(11.22);0.4165932133288886
(11.23);0.3635318251761217
(11.24);0.3648852049675131
(11.25);0.42138184891590774
(11.26);0.4342965225838991
(11.27);0.35410864120700647
(11.28);0.2505421621242559
(11.29);0.3380151312809189
(11.30);0.40552050194319467
(11.31);0.3841276275146589
(12.13);0.2794165809003605
(12.14);0.30762412085191737
(12.15);0.238063607060373
(12.16);0.32426004708851147
(12.17);0.43589803759205376
(12.18);0.45410484045504723
(12.19);0.40665589536458363
(12.20);0.40054786910202933
(12.21);0.3388205209707072
(12.22);0.2950985704315696
(12.23);0.24134221089981903
(12.24);0.26035143819451473
(12.25);0.3480832724448113
(12.26);0.40330195718587464
(12.27);0.4166131028399231
(12.28);0.30466795032006055
(12.29);0.2941993487417014
(12.30);0.35436058657703273
(12.31);0.48134483591261235
(13.14);0.48140327003115946
(13.15);0.39660985341244387
(13.16);0.34344734071496225
(13.17);0.35231701054570114
(13.18);0.2174365358612952
(13.19);0.1854908354344263
(13.20);0.15643574739083865
(13.21);0.10802204470020896
(13.22);0.06626933270345317
(13.23);0.008541694017403532
(13.24);0.04716087476641061
(13.25);0.14488420006451044
(13.26);0.20416198848129646
(13.27);0.29840537467072165
(13.28);0.28784997852111627
(13.29);0.13467629048133384
(13.30);0.16602480370147352
(13.31);0.3031108637280845
(14.15);0.4646190816465232
(14.16);0.4275927438745614
(14.17);0.40950468702356396
(14.18);0.2640350998444996
(14.19);0.23577538657559102
(14.20);0.19896748640023798
(14.21);0.15504678197070915
(14.22);0.11376958187256289
(14.23);0.05362718276397254
(14.24);0.1007512040328351
(14.25);0.20052168209701735
(14.26);0.26258436489080894
(14.27);0.3677630531711196
(14.28);0.36942218372442187
(14.29);0.20057121789334267
(14.30);0.22689448027879028
(14.31);0.35582727433517225
(15.16);0.4238300431096997
(15.17);0.3456385190534901
(15.18);0.21494646477744442
(15.19);0.1937809347581214
(15.20);0.14961178239743017
(15.21);0.11339487661561598
(15.22);0.0744640742597944
(15.23);0.012973012778541185
(15.24);0.07096591182399409
(15.25);0.1690121319780494
(15.26);0.22832045604581955
(15.27);0.3329431119688293
(15.28);0.3873263537446826
(15.29);0.18886242322139973
(15.30);0.2009282055613214
(15.31);0.3004775531600804
(16.17);0.44669711762121256
(16.18);0.3253517593051163
(16.19);0.3079507888027042
(16.20);0.25856002590289423
(16.21);0.22594994911198485
(16.22);0.18730470999921467
(16.23);0.12485968718575446
(16.24);0.18572219985952507
(16.25);0.28621691040866376
(16.26);0.35175316097631226
(16.27);0.48019905651404066
(16.28);0.5444898323975155
(16.29);0.3078412647431455
(16.30);0.3233457541822337
(16.31);0.4123606723501238
(17.18);0.40271250367059536
(17.19);0.3691973481026429
(17.20);0.3306041809850165
(17.21);0.28373033671811737
(17.22);0.24061730599105904
(17.23);0.17966921189723978
(17.24);0.22365710912817244
(17.25);0.3266691390215982
(17.26);0.39901566283222517
(17.27);0.5263426694468549
(17.28);0.41245286554592053
(17.29);0.3108237556489038
(17.30);0.35293835723812916
(17.31);0.5490060667986986
(18.19);0.5834445449646389
(18.20);0.5053269515497227
(18.21);0.43518048010439225
(18.22);0.38286690064087314
(18.23);0.31759106287124744
(18.24);0.3552503917994831
(18.25);0.4664108508559898
(18.26);0.555982694086097
(18.27);0.4551414790789944
(18.28);0.33506613718396916
(18.29);0.3957101191569657
(18.30);0.47712600455096366
(18.31);0.47889342348621683
(19.20);0.532462505938815
(19.21);0.47873282480042256
(19.22);0.42005791749408006
(19.23);0.348348836446439
(19.24);0.39708133720951844
(19.25);0.5397515160764011
(19.26);0.6275021033121738
(19.27);0.43393656962219096
(19.28);0.32863249554589796
(19.29);0.43512855064366684
(19.30);0.540315555364791
(19.31);0.43559807871247064
(20.21);0.5303420265545172
(20.22);0.4561271844996968
(20.23);0.38678902978062846
(20.24);0.40564709131507376
(20.25);0.47797936299956
(20.26);0.48161105525171255
(20.27);0.372388730121156
(20.28);0.2714686836852468
(20.29);0.3815929473279951
(20.30);0.4566379452668433
(20.31);0.3909356602384871
(21.22);0.5727999136900946
(21.23);0.44892699828486315
(21.24);0.4842089454170446
(21.25);0.5026906960650458
(21.26);0.4559477622761725
(21.27);0.33566340860220445
(21.28);0.2493664660566495
(21.29);0.4045640530048442
(21.30);0.46700822020600674
(21.31);0.34089302937668925
(22.23);0.5183300573154708
(22.24);0.5382837203533688
(22.25);0.45440093967110806
(22.26);0.40494819688915695
(22.27);0.2925614509972686
(22.28);0.21393451982208597
(22.29);0.3845837529711609
(22.30);0.4262507195203117
(22.31);0.2956343944502872
(23.24);0.4767809918540895
(23.25);0.3759143739018934
(23.26);0.3306904095551513
(23.27);0.22656246219114118
(23.28);0.1506298743215178
(23.29);0.32225363124909984
(23.30);0.35095176457432226
(23.31);0.2330439381631986
(24.25);0.4567049055220273
(24.26);0.39882496308860305
(24.27);0.28636846068055605
(24.28);0.2226384048149899
(24.29);0.42248878254112543
(24.30);0.43973419126012087
(24.31);0.2766511648937204
(25.26);0.583483566076628
(25.27);0.4018898783924681
(25.28);0.3214554195314801
(25.29);0.5090862691938889
(25.31);0.3843262901732753
(26.27);0.5015219177460678
(26.28);0.3858444785633549
(26.29);0.5071883200177023
(26.30);0.6847528573216324
(26.31);0.4700211034191837
(27.28);0.4998915845325604
(27.29);0.4062149375329026
(27.30);0.4482887383035159
(27.31);0.5782814849927105
(28.29);0.3696503177180922
(28.30);0.3689197118132406
(28.31);0.4024457342174615
(29.30);0.611947353834178
(29.31);0.3565332756716461
(30.31);0.41115744265277443
