
****Mix criterion 0.5*C(weight)+0.5*C(distance) ******

(0.5);0.46534048063582695
(0.6);0.4186060534193669
(0.7);0.39099845153245744
(0.8);0.42597839857856495
(0.10);0.3542684158111114
(0.11);0.40787951717755294
(0.12);0.496259222949821
(0.13);0.30477240036894615
(0.14);0.3651826315095926
(0.15);0.3128444891275169
(0.16);0.44384328103524817
(0.17);0.5776670529221081
(0.18);0.5332880926661633
(0.19);0.4836719019418219
(0.20);0.4203527908351356
(0.21);0.3692080236240136
(0.22);0.3210105646030604
(0.23);0.253568083867486
(0.24);0.3040765983761257
(0.25);0.4254188819229149
(0.31);0.9824127216643568
(1.2);0.5855230306822403
(1.3);0.4001568848851281
(1.4);0.4407814518163175
(1.5);0.464446954602052
(1.6);0.5074816309753116
(1.7);0.5434173284838234
(1.8);0.48617067866975944
(1.9);0.4631429472232322
(1.10);0.4278272501590518
(1.11);0.393394965134352
(1.12);0.48264889998431626
(1.13);0.2568072185912198
(1.14);0.26191299354239433
(1.15);0.18139126022944274
(1.16);0.2504208650521712
(1.17);0.35854940308122973
(1.18);0.3779089758607104
(1.19);0.3401107401608859
(1.20);0.35891694204297864
(1.21);0.29854293389085473
(1.22);0.2605783671993609
(1.23);0.21879506157392295
(1.24);0.21409575802520006
(1.25);0.2837325160205357
(1.26);0.32160136274923956
(1.27);0.32396845918826755
(1.28);0.22170582661630636
(1.29);0.21811068815600282
(1.30);0.2797082675702948
(1.31);0.38060200363415597
(2.3);0.48580669965441076
(2.4);0.5177407234674429
(2.5);0.4932133343382116
(2.6);0.5768517542613305
(2.7);0.4384554528729398
(2.8);0.4134937471655667
(2.9);0.38280484917114344
(2.10);0.3539185695396661
(2.11);0.3342471864999701
(2.12);0.45473616386425963
(2.13);0.31448736153903983
(2.14);0.307220520672531
(2.15);0.22047471414485695
(2.16);0.2712148638723711
(2.17);0.37670301435966536
(2.18);0.3419070885607092
(2.19);0.3020106928457497
(2.20);0.30688781606919613
(2.21);0.24766894845232632
(2.22);0.2078519770006583
(2.23);0.16202135118870556
(2.24);0.16664602344605817
(2.25);0.24609815952271258
(2.26);0.29233214069664293
(2.27);0.32345779250685563
(2.28);0.23202274066181108
(2.29);0.1909602007529083
(2.30);0.24819678445938853
(2.31);0.3773785564895176
(3.4);0.6419043908294003
(3.5);0.4605627071923776
(3.6);0.46896195843865157
(3.7);0.3331645710433396
(3.8);0.32709794454039404
(3.9);0.2858712236939702
(3.10);0.2608974709698041
(3.11);0.2622109475360394
(3.12);0.3930259085074701
(3.13);0.4407165471937192
(3.14);0.41401201818549505
(3.15);0.31505061090118813
(3.16);0.33240853828825917
(3.17);0.414000364513739
(3.18);0.30090631505175597
(3.19);0.26221536920860844
(3.20);0.24615314239712988
(3.21);0.19056866279845477
(3.22);0.14820430053920552
(3.23);0.09438574770530568
(3.24);0.11787667137867044
(3.25);0.2112624276530336
(3.26);0.2686404121553648
(3.27);0.3421186332823147
(3.28);0.2794841099823105
(3.29);0.1776937105616309
(3.30);0.22455685616087712
(3.31);0.3772161646527195
(4.5);0.5560889949414118
(4.6);0.5425994887604179
(4.7);0.37771542513605705
(4.8);0.37662503458482083
(4.9);0.32929519540710195
(4.10);0.30472840452057476
(4.11);0.31152953282577944
(4.12);0.45595349033169674
(4.13);0.40316896282516657
(4.14);0.409420942103321
(4.15);0.3140906765625165
(4.16);0.3601431580304094
(4.17);0.4709208207196341
(4.18);0.3549834344896928
(4.19);0.31432344189436123
(4.20);0.29679838418200255
(4.21);0.2402260491984598
(4.22);0.19704037502058538
(4.23);0.14185259250854942
(4.24);0.16688528329802674
(4.25);0.2616889335542966
(4.26);0.32152920052736395
(4.27);0.39291687427121696
(4.28);0.3126803418657236
(4.29);0.22566418257156995
(4.30);0.2755330533221368
(4.31);0.4374405159743481
(5.6);0.552746841434649
(5.7);0.41381822228698445
(5.8);0.41773511819429726
(5.9);0.36801571222939233
(5.10);0.3452809040534279
(5.11);0.3545153978742813
(5.12);0.5101025973585116
(5.13);0.32832889550301864
(5.14);0.34809677356041246
(5.15);0.2702034019887327
(5.16);0.33857522035232956
(5.17);0.4537089510492533
(5.18);0.3934453718548232
(5.19);0.35249881519417375
(5.20);0.33959388290634707
(5.21);0.28316973239196025
(5.22);0.24090899527409024
(5.23);0.1872880291266455
(5.24);0.20904446281035174
(5.25);0.2990350282608358
(5.26);0.35496488096334733
(5.27);0.40173828272994627
(5.28);0.30545247233246886
(5.29);0.25542429796837707
(5.30);0.30925248270894956
(5.31);0.45761288889919555
(6.7);0.4239412919814192
(6.8);0.4158705197770104
(6.9);0.37373491683589344
(6.10);0.34855356475973553
(6.11);0.34538280242515695
(6.12);0.48210272219534916
(6.13);0.3193757742177016
(6.14);0.3270937851543336
(6.15);0.24608815171523002
(6.16);0.30570598701188983
(6.17);0.4118858390201365
(6.18);0.36882281077119455
(6.19);0.3290807985008861
(6.20);0.3248714163394246
(6.21);0.26757267347802244
(6.22);0.22666832251385413
(6.23);0.1767285983517335
(6.24);0.19072880136356682
(6.25);0.27508484746162876
(6.26);0.32524443786304935
(6.27);0.3622150598589986
(6.28);0.27029013476409897
(6.29);0.22609848164116475
(6.30);0.2810177415494789
(6.31);0.4147566465680593
(7.8);0.5598658530283586
(7.9);0.5266712927527765
(7.10);0.47963355454390816
(7.11);0.44406083349634473
(7.12);0.4669231837748276
(7.13);0.21243405555627606
(7.14);0.23063735467767807
(7.15);0.15984101936708714
(7.16);0.24316173783628448
(7.17);0.34287056865869314
(7.18);0.40991684156530056
(7.19);0.37814382453844736
(7.20);0.40660006261384135
(7.21);0.3473349281841854
(7.22);0.31075248546512674
(7.23);0.2696906591905937
(7.24);0.2634168512351957
(7.26);0.3546942691512601
(7.27);0.33063650413597856
(7.28);0.22622943463707673
(7.29);0.25491625122393224
(7.30);0.31737739933805365
(7.31);0.38073926462929025
(8.9);0.5152557983878722
(8.10);0.48347908148431995
(8.11);0.48296549617544204
(8.12);0.4891346733850766
(8.13);0.2144873469591323
(8.14);0.24050878243558896
(8.15);0.17436341802133828
(8.16);0.26503599620214524
(8.17);0.3622234826391369
(8.18);0.45304256413976407
(8.19);0.41751961184808245
(8.20);0.44429763945183753
(8.21);0.3782284709298846
(8.22);0.33776532967000394
(8.23);0.2906771227332116
(8.24);0.2926617503870452
(8.25);0.36099745333625155
(8.26);0.3941692029848995
(8.27);0.3612100458239923
(8.28);0.2536874467955036
(8.29);0.29030971724965515
(8.30);0.35496169285257834
(8.31);0.4092853672366101
(9.10);0.5954739565504522
(9.11);0.4776521206534441
(9.12);0.42115101974489344
(9.13);0.17101795871379993
(9.14);0.19310515880216286
(9.15);0.1263372805179891
(9.16);0.2162288826250269
(9.17);0.3100977517850206
(9.18);0.40662082857466414
(9.19);0.38557415566713477
(9.20);0.43151328588554244
(9.21);0.37680729528140283
(9.22);0.3443725265312361
(9.23);0.30879826956534645
(9.24);0.2921542579725893
(9.25);0.33906639281794176
(9.26);0.35580893336961045
(9.27);0.30985498298058806
(9.28);0.20628842267085373
(9.29);0.2628193630437856
(9.30);0.32529868571728415
(9.31);0.3537242958314601
(10.11);0.4969063170126434
(10.12);0.3993633811112922
(10.13);0.14922491049345452
(10.14);0.17414138505599755
(10.15);0.10997944443875945
(10.16);0.203806501318263
(10.17);0.29408616687561734
(10.18);0.4048070597180887
(10.19);0.3911401413101664
(10.20);0.4475699889082661
(10.21);0.3976053395684364
(10.22);0.3679501011101048
(10.23);0.3352995177524487
(10.24);0.31255788341067553
(10.25);0.34981413223762087
(10.26);0.35864281942674275
(10.27);0.3007436355234903
(10.28);0.19819350172406952
(10.29);0.2708377007354532
(10.30);0.33278617862080073
(10.31);0.34065285753642693
(11.12);0.4161005498231406
(11.13);0.16308215353221553
(11.14);0.19902283502212958
(11.15);0.14314608990552743
(11.16);0.24606011138641687
(11.17);0.32761726778208955
(11.18);0.4776583455621652
(11.19);0.47094092335896315
(11.21);0.4642528497411758
(11.22);0.41662953835670397
(11.23);0.3631679772356013
(11.24);0.3645068205589013
(11.25);0.42111574787716743
(11.26);0.4330980881749615
(11.27);0.35332440474390925
(11.28);0.2500232996201309
(11.29);0.33728632160317706
(11.30);0.40558751433344836
(11.31);0.3836868211611195
(12.13);0.2789928754699
(12.14);0.3071399198479545
(12.15);0.23768881008754036
(12.16);0.3237216730344675
(12.17);0.4348461685137836
(12.18);0.45365366653218253
(12.19);0.4063736867390124
(12.20);0.39929219312824327
(12.21);0.3382244210401472
(12.22);0.29487351819137364
(12.23);0.2409280870129149
(12.24);0.25990072480492343
(12.25);0.34760006975456864
(12.26);0.40189203268742085
(12.27);0.4150957526365812
(12.28);0.3037787712308806
(12.29);0.2933459494146842
(12.30);0.35409567502576117
(12.31);0.4797961664814869
(13.14);0.47994132088482855
(13.15);0.39581413966150925
(13.16);0.34284846214896686
(13.17);0.3516810016016125
(13.18);0.21729522297474493
(13.19);0.1853781986868554
(13.20);0.1559709646675598
(13.21);0.1077463826384805
(13.22);0.06615239860326529
(13.23);0.008311554597494044
(13.24);0.04690744981837422
(13.25);0.1446476416990732
(13.26);0.2035282919574677
(13.27);0.2975315194263627
(13.28);0.28701084555607703
(13.29);0.13415227052607528
(13.30);0.16588413214913586
(13.31);0.3025574026960982
(14.15);0.46331599404634044
(14.16);0.4265912189901848
(14.17);0.4086064757091739
(14.18);0.26386255752424936
(14.19);0.23563748969989842
(14.20);0.1984370300430385
(14.21);0.15473132609391704
(14.22);0.11363489046090203
(14.23);0.053371175854426495
(14.24);0.10046149348475746
(14.25);0.20023961333148338
(14.26);0.26181302640601123
(14.27);0.36657261119982343
(14.28);0.3682221222470238
(14.29);0.19993921004876902
(14.30);0.22672073657703679
(14.31);0.35511300964342674
(15.16);0.4228426892687509
(15.17);0.34500714133631455
(15.18);0.2147953245051839
(15.19);0.1936551853310164
(15.20);0.14914671602020743
(15.21);0.11310741314870276
(15.22);0.07433741933316017
(15.23);0.012734256156961136
(15.24);0.07069162214979684
(15.25);0.1687501054596219
(15.26);0.22762683431173772
(15.27);0.33192078721732793
(15.28);0.3860051746061665
(15.29);0.18824652551228716
(15.30);0.2007622282495513
(15.31);0.29991628576991525
(16.17);0.44550961620434787
(16.18);0.3251121136636991
(16.19);0.30775302649414676
(16.20);0.2579004996812652
(16.21);0.22554866357964312
(16.22);0.18713020403926972
(16.23);0.12454897499811121
(16.24);0.18534969584872754
(16.25);0.28582304739399345
(16.26);0.35063323970620464
(16.27);0.4779359426086101
(16.28);0.5411239238335577
(16.29);0.3069131854158053
(16.30);0.3230823660706549
(16.31);0.4113577622727766
(17.18);0.40233639220135486
(17.19);0.3689202790472346
(17.20);0.32970807926792634
(17.21);0.28322898313427086
(17.22);0.2404041577935354
(17.23);0.17930397192858902
(17.24);0.22323251344152123
(17.25);0.32619307928883046
(17.26);0.39759276012197964
(17.27);0.5233191020510672
(17.28);0.41092384595495374
(17.29);0.30987702931304906
(17.30);0.3526288548228484
(17.31);0.546392167072394
(18.20);0.5036652012984644
(18.21);0.43469893917518654
(18.22);0.3829199470322065
(18.23);0.31732028913513577
(18.24);0.35491568450964406
(18.25);0.4660991748057125
(18.26);0.5536042045389673
(18.27);0.4538517438083744
(18.28);0.33437251973379045
(18.29);0.3947850095253559
(18.30);0.4772646888873532
(18.31);0.47814069883630983
(19.20);0.5305416381586776
(19.22);0.4201663999535551
(19.23);0.3480651001989054
(19.24);0.39669891610890684
(19.25);0.5393236017141172
(19.26);0.6241753488167656
(19.27);0.4328441348737976
(19.28);0.32798447084775184
(19.29);0.43402867806333933
(19.30);0.540598698317873
(19.31);0.435086850495678
(20.21);0.5271177487753854
(20.22);0.45488769122524564
(20.23);0.3855622837248218
(20.24);0.4042674765577889
(20.25);0.47613050243677035
(20.26);0.4787009818041363
(20.27);0.37079779261405577
(20.28);0.27042211142265316
(20.29);0.37992892767673603
(20.31);0.389654421311732
(21.22);0.5713025447136039
(21.23);0.4476731344772865
(21.24);0.4825885748813612
(21.25);0.5012882003694897
(21.26);0.4539918668137889
(21.27);0.33460602331237926
(21.28);0.2486038880375874
(21.29);0.4030954528531114
(21.30);0.4664219903125236
(21.31);0.3401951782981257
(22.23);0.517252389795738
(22.24);0.5370168424384962
(22.25);0.4540152165632484
(22.26);0.4039118325897379
(22.27);0.291935314458899
(22.28);0.2134544892099462
(22.29);0.3836498084620226
(22.30);0.42627067325331974
(22.31);0.2953218123198422
(23.24);0.47521294293381094
(23.25);0.3752718048520293
(23.26);0.32963695954916383
(23.27);0.22584040020780055
(23.28);0.15004780154003208
(23.29);0.32123647383281234
(23.30);0.35061025117455646
(23.31);0.2325736351456494
(24.25);0.4556416899176937
(24.26);0.3973672100086776
(24.27);0.2854760290185031
(24.28);0.2219184549804903
(24.29);0.4208377830144117
(24.30);0.4391842051625201
(24.31);0.2760949982450623
(25.26);0.5799382420760735
(25.27);0.4006280226912971
(25.28);0.32058373648939836
(25.29);0.5067666125022278
(25.31);0.38362419041688306
(26.27);0.49827752329798325
(26.28);0.3840180600816369
(26.29);0.5038463045181473
(26.30);0.6811073504356175
(26.31);0.4678472650686994
(27.28);0.4966747534489986
(27.29);0.40420924826494214
(27.30);0.4470957354124533
(27.31);0.5742335265716935
(28.29);0.3679497371892421
(28.30);0.36809659409521245
(28.31);0.4009459962484847
(29.30);0.6092452668578808
(29.31);0.3553303096690579
(30.31);0.4106644496909306
