
****Mix criterion 0.5*C(weight)+0.5*C(distance) ******

(0.5);0.465062190834147
(0.6);0.41843073422788046
(0.7);0.3902223737114227
(0.8);0.42544191178463114
(0.9);0.36587331798748146
(0.10);0.3539252664318456
(0.11);0.4074765412665023
(0.12);0.49629830995909974
(0.13);0.3048177587944717
(0.14);0.3644054005239123
(0.15);0.3125731399846906
(0.16);0.4429264448843059
(0.17);0.5769910570767884
(0.18);0.5319366579680795
(0.19);0.481792130209751
(0.20);0.4212042444020772
(0.21);0.3690103604669294
(0.22);0.3208761372171548
(0.23);0.253794213251161
(0.24);0.303995827911272
(0.25);0.4246303510798734
(0.31);0.9824127216643568
(1.3);0.404468916765999
(1.4);0.44734330978683906
(1.5);0.4698974562758514
(1.6);0.5147700333102715
(1.7);0.5508213691581241
(1.8);0.4918889586933358
(1.10);0.4318213024797629
(1.11);0.39670855557516493
(1.12);0.4890060296211381
(1.13);0.25890210723598595
(1.14);0.2634718814688872
(1.15);0.18283435904077597
(1.16);0.2520168689090456
(1.17);0.3614117599155079
(1.18);0.3806552130112023
(1.19);0.3419669745705013
(1.20);0.3626651106902892
(1.21);0.30076623569030164
(1.22);0.2625339089340236
(1.23);0.22080351109650276
(1.24);0.2158094199781991
(1.25);0.2855251777399322
(1.26);0.32468237355006463
(1.27);0.32636050819397416
(1.28);0.22444329705146998
(1.29);0.22028234489470716
(1.30);0.28111021072583864
(1.31);0.3839678433738656
(2.3);0.49081570845178335
(2.4);0.5256257255215491
(2.5);0.49777629495382864
(2.6);0.5847292505783337
(2.7);0.4408108280660589
(2.8);0.415919266889945
(2.9);0.385198557255728
(2.10);0.3557269144672617
(2.11);0.3359234623718612
(2.12);0.4585246472445947
(2.13);0.3163493979608283
(2.14);0.3083478995503506
(2.15);0.2215650969077763
(2.16);0.2723034726090706
(2.17);0.3788474964353756
(2.18);0.3433965127828841
(2.19);0.3028939423301236
(2.20);0.30916583627002103
(2.21);0.24894540001731819
(2.22);0.2089956057980575
(2.23);0.16328342286598485
(2.24);0.1676919171564386
(2.25);0.24710013796605917
(2.26);0.2944126896007496
(2.27);0.32507805504485526
(2.28);0.2342870620246219
(2.29);0.1924730492781947
(2.30);0.24887395098774712
(2.31);0.37972847107146657
(3.5);0.46424458744810093
(3.6);0.47289579233678336
(3.7);0.3345180337539371
(3.8);0.32867088688850793
(3.9);0.28742087163853397
(3.10);0.262134482285887
(3.11);0.26347265368858236
(3.12);0.3956770776675282
(3.13);0.44424388036091494
(3.14);0.41589245008970893
(3.15);0.3165810445887999
(3.16);0.33379520423509224
(3.17);0.41660966276880235
(3.18);0.3021617288608121
(3.19);0.2629779555516369
(3.20);0.2479792554778806
(3.21);0.19163878663565376
(3.22);0.14917348501968772
(3.23);0.09545402345826963
(3.24);0.11880069260394158
(3.25);0.2121603841432861
(3.26);0.2705571229726905
(3.27);0.3438637092871665
(3.28);0.2821258688652724
(3.29);0.1791528923257258
(3.30);0.22518659527329044
(3.31);0.3795642398625063
(4.5);0.5660206354557544
(4.6);0.5517665696253298
(4.7);0.380391242533535
(4.8);0.3796080774889819
(4.9);0.3319445072431025
(4.10);0.3069043465981418
(4.11);0.31378695802899076
(4.12);0.4613221525503146
(4.13);0.4071477560881584
(4.14);0.41242641143794334
(4.15);0.3163558523212251
(4.16);0.3626224889500694
(4.17);0.47624284885530077
(4.18);0.357444004461239
(4.19);0.31598781218617134
(4.20);0.299676038292128
(4.21);0.2420333152105735
(4.22);0.19863958738174442
(4.23);0.14347301813189423
(4.24);0.16838296873357092
(4.26);0.32460935327527524
(4.27);0.39612399770704926
(4.28);0.3163943417820744
(4.29);0.22788527292090738
(4.30);0.27691517715076536
(4.31);0.4419760143857193
(5.6);0.559738032325783
(5.7);0.415009777615782
(5.8);0.41941250226861654
(5.9);0.3695546156194378
(5.10);0.3463763811413194
(5.11);0.3556943034300798
(5.12);0.5151133569743079
(5.13);0.3297065348254323
(5.14);0.34878215919824496
(5.15);0.27099223960400715
(5.17);0.45618140819748726
(5.18);0.3945903264142596
(5.19);0.35291894449014455
(5.20);0.34160736380283885
(5.21);0.2840984814198422
(5.22);0.24172128286480515
(5.23);0.18824092737888107
(5.24);0.20980668453578952
(5.25);0.29970216598020455
(5.26);0.3569908428675627
(5.27);0.4032505615592361
(5.28);0.30780263500248006
(5.29);0.25677270752430426
(5.30);0.3095170640898495
(5.31);0.4604486599033753
(6.8);0.41756681112057314
(6.9);0.3753600790426872
(6.10);0.3496972194449528
(6.11);0.34653367034893007
(6.12);0.48605075887677146
(6.13);0.3207203026032432
(6.14);0.32773646184222627
(6.15);0.2468277985654928
(6.16);0.306410113025353
(6.17);0.4137343698565541
(6.18);0.3698429700061164
(6.19);0.3294809495017327
(6.20);0.3267701004711436
(6.21);0.2684665099408041
(6.22);0.22745961044501312
(6.23);0.17766746792909047
(6.24);0.1914649433311536
(6.25);0.2757111942970243
(6.26);0.3270384885310441
(6.27);0.3634745704359387
(6.28);0.27236276196691916
(6.29);0.22733891698679928
(6.30);0.28127675596063484
(6.31);0.41689159130278985
(7.8);0.5627593106144134
(7.9);0.5300668342029106
(7.10);0.481133614866172
(7.11);0.44521627280183607
(7.12);0.46910370870700263
(7.13);0.21300684822059032
(7.14);0.2307388377154863
(7.15);0.16013671625743203
(7.16);0.2433639333900665
(7.17);0.3435657877971135
(7.18);0.41044681812030714
(7.19);0.37802481297108975
(7.20);0.40882720757711744
(7.21);0.34806696143452187
(7.22);0.3113936064715521
(7.23);0.2705873881679633
(7.24);0.2639839684153656
(7.25);0.32549506206438444
(7.26);0.35618832864079564
(7.27);0.3312272802185065
(7.28);0.22767648885088715
(7.29);0.25591216027949
(7.30);0.31721160533073334
(7.31);0.38183201919775256
(8.9);0.5193630566695181
(8.10);0.4857914172557734
(8.11);0.485313278285434
(8.12);0.4925661824721804
(8.13);0.2152291103832211
(8.14);0.24079402995849028
(8.15);0.1748174156345101
(8.16);0.26545195819016676
(8.17);0.3633005215056016
(8.18);0.4543223184851453
(8.19);0.4177941197128956
(8.20);0.4477228968788426
(8.21);0.37942688931784496
(8.22);0.3387597187862175
(8.23);0.2918675986874082
(8.24);0.2935153172736391
(8.25);0.36164886777312544
(8.26);0.39634771251757206
(8.27);0.3621887846414273
(8.28);0.2554645578931628
(8.29);0.29166265890478205
(8.30);0.35505308227542887
(8.31);0.4109776316528137
(9.10);0.6034447825429458
(9.11);0.4806454644249624
(9.12);0.42359114284747357
(9.13);0.171813699923889
(9.14);0.1935050906992147
(9.15);0.12686495139630236
(9.16);0.21674660866859286
(9.17);0.311169740906478
(9.18);0.40794598529271026
(9.19);0.3861507092749878
(9.20);0.4351295546157482
(9.21);0.3783333620059463
(9.22);0.34568167008614337
(9.23);0.31032166934167027
(9.24);0.29322646714645173
(9.25);0.3399205065351432
(9.26);0.3578996859841714
(9.27);0.3108735639770291
(9.28);0.20798055376772648
(9.29);0.2642427825295121
(9.30);0.32563257816381125
(9.31);0.3552487542337943
(10.11);0.4996291654695555
(10.12);0.40109783255177495
(10.13);0.1498528725256292
(10.14);0.1743904606669023
(10.15);0.11037719715922636
(10.16);0.20416295322840414
(10.17);0.2948882726449043
(10.18);0.4057586431896496
(10.19);0.39141597831277924
(10.20);0.4511212243633244
(10.21);0.3989931776678551
(10.22);0.3691493259982493
(10.23);0.336781521567866
(10.24);0.3135151950895389
(10.25);0.3504627152558259
(10.26);0.3604922754644203
(10.27);0.3015209876520633
(10.28);0.19970075441746177
(10.29);0.27211943892464197
(10.30);0.33290144048920695
(10.31);0.3418371335796265
(11.12);0.41807678465953335
(11.13);0.16374892004263467
(11.14);0.19930744011562954
(11.15);0.1435928004860652
(11.16);0.24648939410851956
(11.17);0.3285737206952916
(11.18);0.4793357791037798
(11.19);0.47148630738811553
(11.21);0.46650932234061837
(11.22);0.41827462866789067
(11.23);0.36490156844325444
(11.24);0.36576738539593784
(11.25);0.42213682073335557
(11.26);0.4358918813304279
(11.27);0.35432797159759255
(11.28);0.25181744322521243
(11.29);0.338985324464016
(11.30);0.4057903289450286
(11.31);0.38520257316039186
(12.13);0.2802258401842138
(12.14);0.30784662712974825
(12.15);0.2384989976916657
(12.16);0.3246150212438869
(12.17);0.4372367439463785
(12.19);0.4071918431159093
(12.20);0.4023148945099213
(12.21);0.3395721855987484
(12.22);0.2960059299304199
(12.23);0.24216992773806967
(12.24);0.26092525190743565
(12.25);0.3486047016000958
(12.26);0.40467287444688693
(12.27);0.416953223875482
(12.28);0.3062453134680119
(12.29);0.295029137761771
(12.30);0.3545964998515032
(12.31);0.4834519606501628
(13.15);0.39755798408882403
(13.16);0.34386428473464875
(13.17);0.35314380162642217
(13.18);0.21793694120194085
(13.19);0.18571074810403815
(13.20);0.15709752355788914
(13.21);0.10837703559755445
(13.22);0.06673758218003076
(13.23);0.009005283723109875
(13.24);0.04748990383563466
(13.25);0.14514835519690747
(13.26);0.20478956176648852
(13.27);0.2986224247506813
(13.28);0.28934807349055747
(13.29);0.13519524697306404
(13.30);0.16616068909876844
(13.31);0.3038768351456964
(14.15);0.46438335559541477
(14.16);0.4269451393946532
(14.17);0.4094778633605002
(14.18);0.26405082929820284
(14.19);0.23551629940020635
(14.20);0.1992567476430973
(14.21);0.15504323304685738
(14.22);0.11392938971666995
(14.23);0.053819658735535146
(14.24);0.10077082053249863
(14.25);0.20037151600731173
(14.26);0.2627634111020489
(14.27);0.3671636491829852
(14.29);0.2007179221124049
(14.30);0.22654395757328996
(14.31);0.35595980273295347
(15.16);0.42385965867260783
(15.18);0.2152049435171069
(15.19);0.19378406581676086
(15.20);0.15006512950251674
(15.21);0.11357596584540285
(15.22);0.07477792261535401
(15.23);0.013297592094975023
(15.24);0.07115090544577786
(15.25);0.16908802921410257
(15.26);0.22874205771464104
(15.27);0.3328189994583403
(15.28);0.3891616604917093
(15.30);0.20084515038249007
(15.31);0.30091223078478146
(16.17);0.446898834689902
(16.18);0.3254872530293028
(16.19);0.30771614648939094
(16.20);0.2589998225401384
(16.21);0.22602357105949894
(16.22);0.18756841434159074
(16.23);0.12514490940778725
(16.24);0.18581540852749914
(16.25);0.28611165560384966
(16.26);0.35213762987430314
(16.27);0.47934036544673697
(16.29);0.30815987431486686
(16.30);0.32296290119187016
(16.31);0.41272174489433144
(17.18);0.4034322649393539
(17.19);0.369304970214491
(17.20);0.33154292505115
(17.21);0.28410462833322614
(17.22);0.2411715782319116
(17.23);0.18019912471337335
(17.24);0.22398994453036758
(17.25);0.32688291820739307
(17.26);0.3999800954674717
(17.27);0.5262267231482637
(17.28);0.41466242905969536
(17.29);0.31146543955910455
(17.30);0.3528850410174228
(17.31);0.5513017839926349
(18.19);0.5841183286792574
(18.20);0.5082805528318867
(18.21);0.4360743592906944
(18.22);0.38395198049585944
(18.23);0.3184903623792848
(18.24);0.3558581636533137
(18.25);0.46697584349277704
(18.26);0.5585455001215894
(18.27);0.45513826716905154
(18.28);0.3366161073653821
(18.29);0.39670691838622557
(18.30);0.4771029617861468
(18.31);0.4803666997401752
(19.20);0.5345889503145493
(19.21);0.4789744445703731
(19.22);0.420766108813902
(19.23);0.34895620082813483
(19.24);0.39728728504169947
(19.25);0.5392340209453101
(19.27);0.4332726470690693
(19.28);0.32974596342520385
(19.29);0.4356951481827879
(19.30);0.5390457658530392
(19.31);0.43599086309473845
(20.21);0.5337068384538781
(20.22);0.4587778101122632
(20.23);0.38865046451836255
(20.24);0.4071079627516279
(20.25);0.47965395419293577
(20.26);0.48422164430196585
(20.27);0.3729308713708213
(20.28);0.2730313653382305
(20.29);0.3830857177199593
(20.30);0.4574677716117292
(21.22);0.5765782837200397
(21.23);0.45072863313757205
(21.24);0.4854789489312388
(21.25);0.5033329277576803
(21.26);0.4572760011429072
(21.27);0.33563405183413597
(21.28);0.2504618662839744
(21.29);0.40556137205319803
(21.30);0.4669327307400938
(21.31);0.341504541440383
(22.23);0.5223406132268429
(22.24);0.5413583886325698
(22.25);0.45552825292954086
(22.26);0.4064228703045047
(22.27);0.29282423423892856
(22.28);0.21513355426825628
(22.29);0.3859126902375336
(22.30);0.4267212092331317
(22.31);0.2964220603913729
(23.25);0.3767655750234529
(23.26);0.33185044123971047
(23.27);0.22685766392346418
(23.28);0.15170261660061524
(23.29);0.3233736984799808
(23.30);0.3514105583072231
(23.31);0.23375532757025913
(24.25);0.4572585212621461
(24.26);0.39985062735730864
(24.27);0.28638472131271686
(24.28);0.22367363489174513
(24.29);0.4236504135783149
(24.30);0.43975181414313846
(24.31);0.2771541055604595
(25.26);0.5852966480493367
(25.27);0.40152127977241137
(25.28);0.3226516334367823
(25.29);0.5102725437712946
(25.31);0.3847773485639334
(26.27);0.5019897483750113
(26.28);0.3880205359753473
(26.29);0.5093598265652717
(26.30);0.6857848504954761
(26.31);0.4716780361713878
(27.28);0.5020979163573356
(27.29);0.406504151093926
(27.30);0.4473889099986974
(27.31);0.5786363477269519
(28.29);0.3716764474914906
(28.30);0.37006756872587965
(28.31);0.40467276723268847
(29.30);0.6127122777259332
(29.31);0.35745019470982226
(30.31);0.4112812345688639
