
****Mix criterion 0.5*C(weight)+0.5*C(distance) ******

(0.5);0.4648688840852638
(0.6);0.41825037676502147
(0.7);0.3907061188130906
(0.8);0.42562921463876446
(0.10);0.3540372822591459
(0.11);0.4076026892686812
(0.12);0.4958121201945439
(0.13);0.30487689673991103
(0.14);0.36450419795082545
(0.15);0.31268113777379825
(0.16);0.44221607854310097
(0.17);0.5769134630157965
(0.18);0.5328194638842528
(0.19);0.483334011646499
(0.20);0.4201407196638701
(0.21);0.36902896721417516
(0.22);0.32057490894996815
(0.23);0.2535477146717733
(0.24);0.3039655552123298
(0.25);0.4252671142838351
(0.31);0.9824127216643568
(1.3);0.40229345038877484
(1.4);0.4433884011246395
(1.5);0.46570374320384705
(1.6);0.5091612754005926
(1.7);0.5455618035002986
(1.8);0.4876480575584964
(1.9);0.46448152629834316
(1.10);0.4288682437970354
(1.11);0.3942684914541907
(1.12);0.48413527494785885
(1.13);0.25753273916153896
(1.14);0.2620947476643687
(1.15);0.18178467995897157
(1.16);0.25031233047379775
(1.17);0.35925194754571
(1.18);0.37873393185504284
(1.19);0.34080968420866015
(1.20);0.3597030259072345
(1.21);0.29913884697036275
(1.22);0.26085828334244726
(1.23);0.21933332990703022
(1.24);0.21456029725973658
(1.25);0.28433834637072236
(1.26);0.32312797052378056
(1.27);0.32407642811982196
(1.28);0.22279339155440184
(1.29);0.21866915616831054
(1.30);0.27978203189110656
(1.31);0.3816422666118926
(2.3);0.4906892524134918
(2.4);0.5235268667679579
(2.5);0.49668420391820806
(2.6);0.5827803403130077
(2.7);0.44090520227886565
(2.8);0.41560744470694205
(2.9);0.3846341450614874
(2.10);0.3554782858151007
(2.11);0.3356837603181096
(2.12);0.45746659952902746
(2.13);0.3161068829483985
(2.14);0.3081314021843529
(2.15);0.22142732219077818
(2.17);0.37841567492917433
(2.18);0.34340358204717203
(2.19);0.3032835817290425
(2.20);0.3082057957777009
(2.21);0.24872051365743744
(2.22);0.2085774864358747
(2.23);0.16290860488723485
(2.24);0.16748643975279237
(2.25);0.2471799533039026
(2.26);0.29436016464371156
(2.27);0.3243051299765703
(2.28);0.23368433666314858
(2.29);0.19195592130481132
(2.30);0.2488288491302791
(2.31);0.37933195195217184
(3.5);0.4633633726491518
(3.6);0.4719225530031631
(3.7);0.33457226374593546
(3.8);0.32846867112757344
(3.9);0.28705548030183575
(3.10);0.2619644060733613
(3.11);0.2632922337701984
(3.12);0.39493665909054776
(3.13);0.4437844740695682
(3.14);0.4155313394088102
(3.15);0.3163876674781506
(3.16);0.33303060797426637
(3.18);0.30216768743988903
(3.19);0.26331436524060714
(3.20);0.24720966506755793
(3.21);0.19145025127640508
(3.22);0.14881914382284284
(3.23);0.09513676021111656
(3.24);0.11861915839984574
(3.25);0.21223191332748575
(3.26);0.270508734226271
(3.27);0.3430312435857267
(3.28);0.2814226758009796
(3.29);0.17865410894070613
(3.30);0.22514465226148958
(3.31);0.37916803111459074
(4.5);0.5613219387578946
(4.6);0.5474003173414388
(4.7);0.3794564376495324
(4.8);0.3783563619522421
(4.9);0.3307099396005665
(4.10);0.3059868050845061
(4.11);0.312833812984626
(4.12);0.4587046370111538
(4.13);0.4056418612926599
(4.14);0.41090189503783037
(4.15);0.31542246184306455
(4.16);0.36084869537867414
(4.17);0.47383737643377283
(4.18);0.3565712816553871
(4.19);0.3156604158674553
(4.20);0.29806524781120447
(4.21);0.24125210948778616
(4.23);0.14269453558596695
(4.24);0.16772624044394763
(4.25);0.26282908330381655
(4.26);0.32378946692483546
(4.27);0.3940551905662069
(4.28);0.3148655900878306
(4.29);0.2267647089943752
(4.30);0.27622432662111707
(4.31);0.4401141672104649
(5.6);0.5549318621584225
(5.7);0.41447353812045684
(5.8);0.41840957664311906
(5.9);0.36853786724433385
(5.10);0.34572228769670976
(5.11);0.35499436257203676
(5.12);0.5116610370256065
(5.13);0.329071909193488
(5.14);0.3481045603194339
(5.15);0.2705420471651309
(5.16);0.33817403041565597
(5.17);0.45458108960317795
(5.18);0.3940723703196887
(5.19);0.3530024888800169
(5.20);0.3400883091714411
(5.21);0.2835425625030424
(5.22);0.24100659001303604
(5.23);0.1876321653678255
(5.24);0.20934864815922816
(5.25);0.2994788009476617
(5.26);0.3565059526788265
(5.27);0.4015669613079877
(5.28);0.30669076415283864
(5.29);0.25587316124137854
(5.30);0.30912357026405696
(5.31);0.4589434258421227
(6.7);0.424656527047215
(6.8);0.416544000848937
(6.9);0.37428205502822126
(6.10);0.3490087354157569
(6.11);0.3458447630395182
(6.12);0.4833233173603613
(6.13);0.3200925193213758
(6.14);0.32710670042382695
(6.15);0.2464015952736408
(6.16);0.3053682515534354
(6.17);0.41253197408238607
(6.18);0.36937045455152195
(6.19);0.32953391615246624
(6.20);0.3253369255704438
(6.21);0.2679276719338393
(6.22);0.22676515831499955
(6.23);0.17706546851824015
(6.24);0.19101968032398028
(6.25);0.27549194427259366
(6.26);0.32659463637006975
(6.27);0.3620828580965792
(6.28);0.2713755760359423
(6.29);0.22650928778421034
(6.30);0.2809072070869624
(6.31);0.41574751317674596
(7.8);0.562233536860257
(7.9);0.5286180810691845
(7.10);0.4808246813475606
(7.11);0.4449632396891116
(7.12);0.4680123881950832
(7.13);0.21291437139009978
(7.14);0.23065460555655556
(7.15);0.16008641538309729
(7.16);0.24290733537722817
(7.17);0.3433118830561079
(7.18);0.41063882500599647
(7.19);0.3787455485420042
(7.20);0.4073520121470259
(7.21);0.3478524741683856
(7.22);0.31089756279905895
(7.23);0.27015837284054134
(7.24);0.2637967802316918
(7.26);0.3562481920072025
(7.27);0.33053528714559205
(7.28);0.22717095609377097
(7.29);0.25537734368466164
(7.30);0.3172619600961542
(7.31);0.38155704263560214
(8.9);0.5170102806285709
(8.10);0.4847115923377905
(8.11);0.4842165674783237
(8.12);0.4904554182938343
(8.13);0.21497087183918942
(8.14);0.24052663423170928
(8.15);0.17461913630194784
(8.16);0.26476030486966246
(8.17);0.36271243599529335
(8.18);0.4540282050593246
(8.19);0.41829089947816356
(8.20);0.44527866765253465
(8.21);0.3788407212874389
(8.22);0.3379298507920213
(8.23);0.2911853311327533
(8.24);0.29308782348424745
(8.25);0.36161220603039596
(8.26);0.39606764569669933
(8.27);0.3610934672779288
(8.28);0.2547188637670911
(8.29);0.29083455356209953
(8.30);0.35482537142153586
(8.31);0.41025653445366167
(9.10);0.5988788246372786
(9.11);0.47893850918126235
(9.12);0.4219631043941323
(9.13);0.17145732869481822
(9.14);0.19313716064592565
(9.15);0.12657569836357285
(9.16);0.21601443873630727
(9.17);0.31050160640824964
(9.18);0.40737406130346265
(9.19);0.38624312220706025
(9.20);0.4324632445186998
(9.21);0.37745249907767126
(9.22);0.3445729382679403
(9.23);0.30937338407879905
(9.24);0.2926036769160411
(9.25);0.33964657380971425
(9.26);0.35740670763046234
(9.27);0.309787845696368
(9.28);0.20719202813222345
(9.29);0.26331550107783214
(9.30);0.32520633953487754
(9.31);0.35446395317719537
(10.11);0.4983461280654233
(10.12);0.4000330188734649
(10.13);0.14963038712799762
(10.14);0.17416369538957235
(10.15);0.11020136770265333
(10.16);0.20359220098676237
(10.17);0.29444955816933266
(10.18);0.40552293511521703
(10.19);0.39180707589263775
(10.20);0.4485965124361173
(10.21);0.39831042148357665
(10.22);0.3681588375562228
(10.23);0.33593218700154914
(10.24);0.3130335889865206
(10.25);0.3504078156089209
(10.26);0.3602379944614647
(10.27);0.3006668122918256
(10.28);0.19906518284964092
(10.29);0.27133592675875945
(10.30);0.33267716619086474
(10.31);0.3413275183512405
(11.12);0.4168700249227934
(11.13);0.16351094339734498
(11.14);0.1990556024110706
(11.15);0.1433949176074661
(11.16);0.24582386978058995
(11.17);0.32805262962835524
(11.18);0.4789046438783305
(11.19);0.472135218823836
(11.21);0.4654005240762086
(11.22);0.41693147851503315
(11.23);0.3639112989410224
(11.24);0.36513423925323013
(11.25);0.42203309233580083
(11.26);0.43549237790241097
(11.27);0.3532441603714226
(11.28);0.2510599080104778
(11.29);0.33795067048973043
(11.30);0.4054530849325155
(11.31);0.38454886996643706
(12.13);0.27962407203206946
(12.14);0.3071887339597936
(12.15);0.2380201963308752
(12.16);0.32339738585107636
(12.17);0.43566845594891684
(12.18);0.45468735759040413
(12.19);0.4071254601013524
(12.20);0.40004385033531614
(12.21);0.3387455530870018
(12.22);0.2950326324636705
(12.23);0.24136785317832687
(12.24);0.2602956439388384
(12.25);0.34820090411684285
(12.26);0.4038962409037046
(12.27);0.41498528427050585
(12.28);0.3050427396477969
(12.29);0.29389945107198906
(12.30);0.35399190123926344
(12.31);0.48143630554906763
(13.15);0.3969721961803398
(13.16);0.34283745439588986
(13.17);0.35253054813909973
(13.18);0.21781372322825118
(13.19);0.18585275722871814
(13.20);0.15641900934750652
(13.21);0.10813616137122191
(13.22);0.06637074241197172
(13.23);0.00867503861932042
(13.24);0.04725895998453078
(13.25);0.1451032402305397
(13.26);0.20462529169108465
(13.27);0.2977493186054213
(13.28);0.2884634788032273
(13.29);0.134657753927374
(13.30);0.16601345145073107
(13.31);0.30341718104088516
(14.15);0.46348682407006586
(14.16);0.42529023060136967
(14.17);0.40865671257725017
(14.18);0.2639216212125715
(14.19);0.23569682261160568
(14.20);0.1985024436048189
(14.21);0.1547825862760109
(14.22);0.11352965612337493
(14.23);0.05346604344988211
(14.24);0.10052000781051872
(14.25);0.20033121693155873
(14.26);0.26258090299636705
(14.27);0.3660086467060664
(14.29);0.20008808077817367
(14.30);0.22638215257557207
(14.31);0.35539748364501705
(15.16);0.4223079631958922
(15.17);0.34550002828334647
(15.18);0.21511637901898287
(15.19);0.19396082918299795
(15.20);0.1494272574055386
(15.21);0.11335727593033575
(15.22);0.07442752990882161
(15.23);0.012984778236732027
(15.24);0.07093062530154472
(15.25);0.1690689800796244
(15.26);0.2286011442721786
(15.27);0.33186784665092794
(15.28);0.3878609959147171
(15.29);0.18864767920963424
(15.30);0.20071574416112095
(15.31);0.3005039805618589
(16.17);0.44480489961680514
(16.18);0.3248127220217228
(16.19);0.3074843278935562
(16.20);0.2576954467824914
(16.21);0.22535784438914067
(16.22);0.1867768316996844
(16.23);0.12447094637783367
(16.24);0.18519904604104845
(16.25);0.2856315114788069
(16.26);0.3513081214407988
(16.27);0.4760329854411207
(16.29);0.3067795338795128
(16.30);0.3222326740739806
(16.31);0.41115967833948264
(17.18);0.4030169101005602
(17.19);0.36948959979315477
(17.20);0.33019682863453753
(17.21);0.2836184446082097
(17.22);0.24051832230660883
(17.23);0.17965271921450268
(17.24);0.22356521918748726
(17.25);0.326710897168686
(17.26);0.39949937205347147
(17.27);0.5230458687481733
(17.28);0.41297264871190326
(17.29);0.3104451864804627
(17.30);0.3525031976837445
(18.20);0.505281031298866
(18.21);0.4356401732095516
(18.22);0.38319251831844375
(18.23);0.3179314456648326
(18.24);0.3555318348184509
(18.25);0.467366634708504
(18.26);0.5585689530263283
(18.27);0.4537619167404334
(18.28);0.33582034454796184
(18.29);0.3956839045440135
(18.30);0.4771173423781355
(18.31);0.4797558277528354
(19.20);0.532534431561402
(19.22);0.42052040214225583
(19.23);0.34877838463444966
(19.24);0.3974820788984327
(19.25);0.5414878417500884
(19.26);0.6314394688037577
(19.27);0.43277950747553334
(19.28);0.3293994622961335
(19.29);0.43515442617214767
(19.30);0.5404111866199518
(19.31);0.4362973325759433
(20.21);0.5290744984312823
(20.22);0.4553800185984355
(20.23);0.38646073888652027
(20.24);0.405119272223011
(20.25);0.47756039589744653
(20.26);0.4818950365131366
(20.27);0.37077627696985993
(20.28);0.2715708140667154
(20.29);0.38079899995653405
(20.31);0.3906027763814631
(21.22);0.5723672119929295
(21.23);0.4489676517442359
(21.24);0.4839875931224896
(21.25);0.502949420431484
(21.26);0.45669739946706567
(21.27);0.33457588204744565
(21.28);0.24965873977732672
(21.29);0.4040545098299939
(21.30);0.4663204814047796
(21.31);0.34091468498890387
(22.23);0.5183805591160123
(22.24);0.5379410932431425
(22.25);0.4545749812154422
(22.26);0.4055048158710181
(22.27);0.2916431365795816
(22.28);0.2141923385743734
(22.29);0.3841174149408515
(22.30);0.42569800178532224
(22.31);0.2956479025072259
(23.25);0.37616080642755045
(23.27);0.22590854161982077
(23.28);0.15090761273074157
(23.29);0.32201146767624084
(23.30);0.350695352447418
(23.31);0.23313092365659005
(24.25);0.4568832437473817
(24.26);0.3993627325130216
(24.27);0.2854760656406674
(24.28);0.22290399643914127
(24.29);0.42192888060701617
(24.30);0.4391483691067313
(24.31);0.2766653409141648
(25.26);0.5857234865565902
(25.27);0.40066207209831434
(25.28);0.32200614513446846
(25.29);0.5086263287732736
(25.31);0.3845818177682716
(26.27);0.5002188799176727
(26.28);0.3869551422686739
(26.30);0.6854733112622573
(26.31);0.4710316407681141
(27.28);0.49859961690762716
(27.29);0.4043618701367354
(27.30);0.4460528051516237
(27.31);0.5747096241508637
(28.29);0.3697962821346058
(28.30);0.3690823828551817
(28.31);0.4031429071378501
(29.30);0.6095857019740993
(29.31);0.3562541999136315
(30.31);0.41081735244500206
