
****Mix criterion 0.5*C(weight)+0.5*C(distance) ******

(0.5);0.46500670183981396
(0.6);0.41835669190376523
(0.7);0.3904677707469069
(0.8);0.42613340567439373
(0.9);0.3666387183326278
(0.10);0.35413889050568753
(0.11);0.4067028648483323
(0.12);0.4959717196133532
(0.13);0.3046657603160887
(0.14);0.3650543424448822
(0.15);0.3127484316887487
(0.16);0.44379296967069065
(0.17);0.5773677225687948
(0.18);0.5321278331405123
(0.19);0.4827368060061412
(0.20);0.4212125856193567
(0.21);0.3691325658671643
(0.22);0.3209801477904043
(0.23);0.25354225418161974
(0.24);0.3040547073047883
(0.25);0.4255716451200572
(0.31);0.9824127216643568
(1.2);0.5906663726014918
(1.3);0.4021457735066133
(1.4);0.44320821186989906
(1.5);0.46638824756556796
(1.6);0.510066826555191
(1.7);0.545788209873636
(1.8);0.48905138147857674
(1.9);0.4666376139406958
(1.10);0.4294430329027853
(1.11);0.39372132233519536
(1.12);0.4848845896834507
(1.13);0.2575403283960511
(1.14);0.26266444081135687
(1.15);0.18197898217273648
(1.16);0.2512037181821707
(1.17);0.3596889047424711
(1.18);0.37872250016936815
(1.19);0.3407627182370516
(1.20);0.3608272402533824
(1.21);0.29943830094675816
(1.22);0.26138264317521787
(1.23);0.21949465871331375
(1.24);0.21479153239294524
(1.25);0.28471632829746446
(1.26);0.3230224531988762
(1.27);0.3254026357165567
(1.28);0.22323101669725123
(1.29);0.219112346654063
(1.30);0.2796918713116006
(1.31);0.3819529521967406
(2.3);0.48887563734112244
(2.4);0.5213776146823177
(2.5);0.4955595493954544
(2.6);0.5808671380115981
(2.7);0.43966109183184954
(2.8);0.4153284096693473
(2.9);0.3849830731436415
(2.10);0.3550096160038289
(2.11);0.3344920729748779
(2.12);0.4566100135081116
(2.13);0.31539924610948944
(2.14);0.30811160036998375
(2.15);0.22113458322215057
(2.16);0.2720566462837209
(2.17);0.37794715471432944
(2.18);0.3425940531464291
(2.19);0.30256726012311985
(2.20);0.3084136226805429
(2.21);0.24841486132187035
(2.22);0.20853099437752712
(2.23);0.1626161653417431
(2.24);0.16725371679406312
(2.25);0.24696126303241484
(2.26);0.2936068589491261
(2.27);0.3248891287620784
(2.28);0.2335961476950172
(2.29);0.19188709827721948
(2.30);0.24818200450663802
(2.31);0.3787085692827704
(3.4);0.6485525075354197
(3.5);0.46245588217735933
(3.6);0.4709671453756122
(3.7);0.33385736401241517
(3.8);0.3282877177332023
(3.9);0.28728137070542875
(3.10);0.2616438091279431
(3.11);0.26239526968566096
(3.12);0.39433722279543904
(3.13);0.4424439681251055
(3.14);0.4154983106158874
(3.15);0.3159767864604932
(3.16);0.3334807977375088
(3.17);0.4155141721101041
(3.18);0.3014853474150043
(3.19);0.2626959022994371
(3.20);0.24737626386491465
(3.21);0.1911940050864543
(3.22);0.14877974346713424
(3.23);0.09488922587429496
(3.24);0.11841355342169219
(3.25);0.2120359267272335
(3.26);0.26981474949430184
(3.27);0.3436602294713789
(3.28);0.2813197866997386
(3.29);0.17858772733994885
(3.30);0.22454311136703858
(3.31);0.37854513639174586
(4.5);0.5596263250810104
(4.6);0.5458510514271346
(4.7);0.37857226074100414
(4.8);0.37812780465508833
(4.9);0.33097979423740786
(4.10);0.30560867582850554
(4.11);0.31175186777742553
(4.12);0.45784155357816164
(4.13);0.40456134821986695
(4.14);0.41086970033992726
(4.15);0.31501320070871835
(4.16);0.3613592904115438
(4.17);0.4730395152964739
(4.18);0.35571233493612636
(4.19);0.3149080302067321
(4.20);0.29826501442572917
(4.21);0.24095387051759115
(4.22);0.1976980997111789
(4.23);0.14241703045829257
(4.24);0.16749336771932888
(4.25);0.26259859606808394
(4.26);0.32294989520727435
(4.27);0.39483973669754
(4.28);0.3147496083536043
(4.29);0.22668864190886862
(4.30);0.27551688885801284
(4.31);0.4392609309475147
(5.6);0.5548922732052912
(5.7);0.414019036653281
(5.8);0.41885291454272466
(5.9);0.3694295436577506
(5.10);0.34573972119067364
(5.11);0.35414183270606603
(5.12);0.5116336923226759
(5.13);0.32874657628186316
(5.14);0.3485662738113836
(5.15);0.2705387621863655
(5.16);0.33910979193845076
(5.17);0.4547042285609765
(5.18);0.3935834138703961
(5.19);0.3525765221199186
(5.20);0.3407936267650872
(5.21);0.2835531937553912
(5.22);0.2412596369235916
(5.23);0.1875812072847335
(5.24);0.20936410590583165
(5.25);0.29959233107026595
(5.26);0.35600660424905833
(5.27);0.40306543341688555
(5.28);0.3069721786558108
(5.29);0.2561176326407428
(5.30);0.30871834341352994
(5.31);0.4587718612222238
(6.7);0.4241677728838238
(6.8);0.4169798177999408
(6.9);0.3752030663814364
(6.10);0.34902633054398136
(6.11);0.3450339756995653
(6.12);0.48330189069957663
(6.13);0.3197810874677962
(6.14);0.3275212547586791
(6.15);0.24639851921195716
(6.16);0.3061683881325563
(6.17);0.4126216733954241
(6.18);0.368948940364436
(6.19);0.3291556056245003
(6.20);0.32599259602343233
(6.21);0.2679375827058543
(6.22);0.22700598906005676
(6.23);0.17701602286351886
(6.24);0.19103422076654816
(6.25);0.27559481529244245
(6.26);0.32615891647522893
(6.27);0.3632994080486405
(6.28);0.27162110553428476
(6.29);0.22673076678985693
(6.30);0.2805444290934485
(6.31);0.4156207920293291
(7.8);0.5621906383544301
(7.9);0.5306247374218396
(7.10);0.480126660271532
(7.11);0.44288175681331016
(7.12);0.46733731429693603
(7.13);0.21254331801786588
(7.14);0.23075844756751374
(7.15);0.15994256765408923
(7.16);0.24334748979179707
(7.17);0.3430913518462593
(7.18);0.4096865792669463
(7.19);0.3779199733384358
(7.20);0.4079810135010305
(7.21);0.34758245218814227
(7.22);0.3109913262593933
(7.23);0.2698900868895921
(7.24);0.26361916608792807
(7.25);0.3255886015091727
(7.26);0.35545902897923787
(7.27);0.33132161301594637
(7.28);0.2272049039714827
(7.29);0.25542602425729827
(7.30);0.316598146456241
(7.31);0.38111867427361074
(8.9);0.5209340447529905
(8.10);0.48552492568826233
(8.11);0.48283768547514966
(8.12);0.4912275848531952
(8.13);0.21493094896265816
(8.14);0.24099817758230557
(8.15);0.17476389702010675
(8.17);0.36308781410951246
(8.18);0.45385187874489286
(8.19);0.4180953832173971
(8.20);0.44714898581001
(8.21);0.37919284007989484
(8.22);0.33857624380040946
(8.23);0.2913303798432304
(8.24);0.29332815516630406
(8.25);0.36206572735973525
(8.26);0.39581702704237953
(8.27);0.3626017359376113
(8.28);0.2551437000599631
(8.29);0.2913330819741372
(8.30);0.3546216036649739
(8.31);0.41053296573129455
(9.10);0.604440974632036
(9.11);0.47887139496794834
(9.12);0.42320757134571535
(9.13);0.17167638444599084
(9.14);0.19381230530321159
(9.15);0.12692767694061685
(9.16);0.21704299368137595
(9.17);0.31120847268289625
(9.18);0.4079503338158506
(9.19);0.3866965994811112
(9.20);0.43501159207433804
(9.21);0.3783838412134043
(9.22);0.3457288436291288
(9.23);0.3099407380821052
(9.24);0.2932256778852336
(9.25);0.3405239900099266
(9.26);0.35771147424120964
(9.27);0.3114058789860286
(9.28);0.2078461685943579
(9.29);0.2641146448146488
(9.30);0.3254698466469695
(9.31);0.3551709126599719
(10.11);0.49604218703291525
(10.12);0.40005577085682514
(10.13);0.14947217650204103
(10.14);0.174410638576046
(10.15);0.11021004740653696
(10.16);0.20415266313523767
(10.17);0.29451612616244893
(10.18);0.40503729048525144
(10.19);0.3913124292662231
(10.20);0.4500118680437646
(10.21);0.39836154425152
(10.22);0.3686253246172016
(10.23);0.33586628788856365
(10.24);0.3130768130483357
(10.25);0.35057511084124365
(10.26);0.35975866985977695
(10.27);0.30160997888538343
(10.28);0.19927265131623323
(10.29);0.27161102439619766
(10.30);0.3322544048069148
(10.31);0.3412682123243251
(11.12);0.4156387347113727
(11.13);0.16293475610149796
(11.14);0.19886366066302774
(11.15);0.1430145582123972
(11.16);0.24593423646488294
(11.17);0.3273839938826357
(11.18);0.4761514104304084
(11.19);0.4694560130002988
(11.20);0.5770872277203651
(11.21);0.46376507975175096
(11.22);0.4163393062832103
(11.23);0.3629543069726084
(11.24);0.36430433518852545
(11.25);0.42104828874850386
(11.26);0.4335062323050156
(11.27);0.35359148778708666
(11.29);0.33753452825485414
(11.30);0.4037764642486189
(11.31);0.3834963092785698
(12.13);0.2793637482108501
(12.14);0.30756374484664606
(12.15);0.2380168728656435
(12.16);0.3242597427147743
(12.17);0.43577101865622575
(12.18);0.4539578321727923
(12.19);0.4065490783776565
(12.20);0.40101763151909997
(12.21);0.3387583941630389
(12.22);0.2953412373466351
(12.23);0.24130712049972852
(12.24);0.2603134943809162
(12.25);0.34834104579537806
(12.26);0.40326748529403184
(12.27);0.41657600444766546
(12.28);0.30531991886019105
(12.29);0.2941784835894667
(12.30);0.35350242357971184
(12.31);0.4812382592062544
(13.14);0.4812209766268854
(13.15);0.3965106342509227
(13.16);0.3434458958949995
(13.17);0.35224017235274685
(13.18);0.21739156881249136
(13.19);0.18544943320264967
(13.20);0.15660740100250053
(13.21);0.10799323396405286
(13.22);0.06639111653037945
(13.23);0.008522066727884373
(13.24);0.04713940104055047
(13.25);0.14500755490367362
(13.26);0.20414596649087738
(13.27);0.29838328065595854
(13.28);0.28845926305362457
(13.29);0.13466304148534466
(13.30);0.16558382533075733
(13.31);0.3030723686811998
(14.15);0.46445659701065145
(14.16);0.427588474854524
(14.17);0.40939611950851584
(14.18);0.26398145283826135
(14.19);0.23572612493832104
(14.20);0.19916082188460266
(14.21);0.1550137196563944
(14.22);0.1139050518772239
(14.23);0.05360520797557965
(14.24);0.1007264962587123
(14.25);0.20066539840657438
(14.26);0.2625642099912908
(14.27);0.3677319471926336
(14.28);0.3702848412103934
(14.29);0.20055470367182635
(14.30);0.22636735316905715
(14.31);0.3557770671869996
(15.16);0.4238240060700833
(15.17);0.34556216742620666
(15.18);0.21490052542316915
(15.19);0.1937372433259696
(15.20);0.1497790028377456
(15.21);0.11336466361668855
(15.22);0.07458707612461034
(15.23);0.012952386387563328
(15.24);0.07094236770340949
(15.25);0.16914252403740307
(15.26);0.228301736247898
(15.27);0.33291552097532673
(15.28);0.388266366389599
(15.29);0.18884580107695353
(15.30);0.20044078628348577
(15.31);0.3004376839845175
(16.17);0.4466898568066993
(16.18);0.32534710024791774
(16.19);0.3079454214978205
(16.20);0.2588443946128989
(16.21);0.22595272126756352
(16.22);0.18750827354296448
(16.23);0.12486634862180769
(16.24);0.18572970720050044
(16.25);0.28646406830521004
(16.26);0.3517965311079918
(16.27);0.4802866979855477
(16.28);0.547083694024068
(16.29);0.3078772055933732
(16.30);0.3226626274888206
(16.31);0.41239272260292736
(17.18);0.40260633789930894
(17.19);0.3691087533786318
(17.20);0.3309196311128542
(17.21);0.28367913646859283
(17.22);0.2408117308645774
(17.23);0.1796385102630206
(17.24);0.22362163012121314
(17.25);0.32689697361745945
(17.26);0.3989777939616581
(17.27);0.5262622007812621
(17.28);0.41352106149179957
(17.29);0.3107985596486314
(17.30);0.35208890307784146
(17.31);0.5488251117439291
(18.19);0.583049787808683
(18.20);0.5062776408996229
(18.21);0.435065463002708
(18.22);0.38322879182528247
(18.23);0.3175399442704379
(18.24);0.3551888287682487
(18.25);0.46692206684923643
(18.26);0.555883269846418
(18.27);0.45508756631371716
(18.28);0.33579574546299096
(18.29);0.3956714482610378
(18.30);0.4754705649554089
(18.31);0.4787816611587047
(19.20);0.5336118888667687
(19.21);0.47857408453572464
(19.22);0.42050726498608887
(19.23);0.3482886946175796
(19.24);0.39700266203927903
(19.25);0.540607131680467
(19.26);0.6273515659530107
(19.27);0.4338871363855911
(19.28);0.3293400702888737
(19.29);0.4350787808413304
(19.30);0.5379009671728713
(19.31);0.43551331302559276
(20.21);0.5314878069502692
(20.23);0.38722692335778475
(20.24);0.4061330348014406
(20.25);0.47944052521779773
(20.26);0.48239869411377795
(20.27);0.3728193323826739
(20.28);0.2723415652653816
(20.29);0.38204332996203605
(20.30);0.4559109980433521
(20.31);0.3913896195508597
(21.22);0.5741444961138897
(21.23);0.44883883682891634
(21.24);0.48409544140145644
(21.25);0.5033656060887243
(21.26);0.4559109980433521
(21.27);0.3356435333278231
(21.28);0.24989800810524215
(21.29);0.40453644827906166
(21.30);0.4654883480580199
(21.31);0.3408537078341225
(22.23);0.5192650046450719
(22.24);0.5393469198608416
(22.25);0.45556051679151344
(22.26);0.4054027343982418
(22.27);0.29283606730994655
(22.28);0.2146327534820481
(22.29);0.38499337033355474
(22.30);0.42558422800523016
(22.31);0.2958913036560807
(23.24);0.4766959491560371
(23.25);0.376222039280614
(23.26);0.33068017306922703
(23.27);0.22655544583793324
(23.28);0.15103232647869785
(23.29);0.3222437474221357
(23.30);0.3501373363211052
(23.31);0.23302449039568862
(24.25);0.4572025053978682
(24.26);0.3988101445899881
(24.27);0.28635938884422785
(24.28);0.22313078215492488
(24.29);0.42247199963424165
(24.30);0.4384649094571003
(24.31);0.276628057294123
(25.26);0.5845539691235397
(25.27);0.40227085744743885
(25.28);0.32242789238101455
(25.29);0.5097866191732293
(25.30);0.6840970707024503
(25.31);0.384654882746771
(26.27);0.5015568945206602
(26.28);0.3867992570551903
(26.29);0.5072243492134992
(26.30);0.6810052585173373
(26.31);0.470015418164023
(27.28);0.5015732150905052
(27.29);0.40623656022476407
(27.30);0.44706232553079056
(27.31);0.5782708983377743
(28.29);0.37053931316400596
(28.30);0.36893823341182314
(28.31);0.4034663004398695
(29.30);0.6091695952842435
(29.31);0.35653012954595886
(30.31);0.4100880658542951
