
****Mix criterion 0.5*C(weight)+0.5*C(distance) ******

(0.5);0.4647536324476175
(0.6);0.4181683393605727
(0.7);0.39031088827354665
(0.8);0.4255467417428444
(0.9);0.3665011006086589
(0.10);0.35401455603245413
(0.11);0.40717750205986275
(0.12);0.4957712077155612
(0.13);0.3045924172156205
(0.14);0.3649675542940046
(0.15);0.31268472402228636
(0.16);0.4435758008562533
(0.17);0.5771676147295743
(0.18);0.5319904642186142
(0.19);0.4826476552927972
(0.20);0.420595668748078
(0.21);0.36908607316426806
(0.22);0.32093737174169296
(0.23);0.2535236090580892
(0.24);0.304039679711145
(0.25);0.4255587284651624
(0.31);0.9824127216643568
(1.2);0.5892197728615864
(1.3);0.40258414974177764
(1.4);0.4450474912338536
(1.5);0.4662673318201902
(1.6);0.5099204134715001
(1.7);0.5456226648408962
(1.8);0.48830602943417334
(1.9);0.46654274780704585
(1.10);0.4293763322796865
(1.11);0.3942937034255936
(1.12);0.48485099339055787
(1.13);0.25753410263421506
(1.14);0.2626630520674228
(1.15);0.18198186470191882
(1.16);0.2511621548191837
(1.17);0.3597077117386718
(1.18);0.37875204941188934
(1.19);0.34079518138506826
(1.20);0.36042939041336564
(1.21);0.2994682919593461
(1.22);0.26140477023139885
(1.23);0.21952762886024244
(1.24);0.21482942395716106
(1.25);0.2847711319369213
(1.26);0.32333567952759557
(1.27);0.3257187463827049
(1.28);0.22348552938238428
(1.29);0.21987151928116008
(1.30);0.27995951141088715
(1.31);0.38204636634089023
(2.3);0.48955207006567086
(2.4);0.5241340713623238
(2.5);0.4954134125949845
(2.6);0.5806397259265493
(2.7);0.4395769089866921
(2.8);0.4148537097302222
(2.9);0.3849239431311966
(2.10);0.3549645768552976
(2.11);0.33492156675399265
(2.12);0.4565818546802133
(2.13);0.3153915021451881
(2.14);0.3081099535724295
(2.15);0.22113781960271034
(2.16);0.27201195423794855
(2.17);0.3779676887282051
(2.18);0.3426190054225085
(2.19);0.3025949725977674
(2.20);0.30809584930206474
(2.21);0.24843984625080257
(2.22);0.20854967534786176
(2.23);0.16264419734604488
(2.24);0.16728681150491612
(2.25);0.24700934254379003
(2.26);0.29388782299225163
(2.27);0.32520461339607987
(2.28);0.23385870647626783
(2.29);0.19258960839413442
(2.30);0.24842326125278835
(2.31);0.378800535779668
(3.5);0.46386715240907633
(3.6);0.47246312441282073
(3.7);0.3345673161710348
(3.8);0.3287182884486912
(3.9);0.2878684656519898
(3.10);0.26218203705834514
(3.11);0.2632893620990739
(3.12);0.3953262172028919
(3.13);0.4437481524393806
(3.14);0.4166216368669765
(3.15);0.3166775360158147
(3.16);0.33417216549939976
(3.17);0.41665623279213915
(3.18);0.3021609608198745
(3.19);0.2632866838802554
(3.20);0.24765863953448936
(3.21);0.19166679757780952
(3.22);0.1491980783915474
(3.23);0.0952660078223862
(3.24);0.11881564841433993
(3.25);0.21255782767554365
(3.26);0.2706627174597586
(3.27);0.34477338847659283
(3.28);0.2822373899230869
(3.29);0.1797138175157467
(3.30);0.22527812380306053
(3.31);0.3795385333588017
(4.5);0.5653245566112912
(4.6);0.5510733195503377
(4.7);0.3804551961382972
(4.8);0.37967093428282156
(4.9);0.3324816060584409
(4.10);0.306962583399491
(4.11);0.3135680699669818
(4.12);0.46082162335814625
(4.13);0.40675157776211357
(4.14);0.41314069682825216
(4.15);0.31645418288750504
(4.16);0.3630527463003861
(4.17);0.4763130313871222
(4.18);0.3574456750066193
(4.19);0.31636560012266884
(4.20);0.29929365294512256
(4.21);0.24206759971120584
(4.22);0.19866916982107932
(4.23);0.1432635049035957
(4.24);0.1684012596802762
(4.25);0.26381569275126904
(4.26);0.32473938099843075
(4.27);0.39726174547881493
(4.29);0.22852968551286906
(4.30);0.2770247407767029
(4.31);0.4419447542511453
(5.6);0.556698632522348
(5.7);0.4145516287984353
(5.8);0.4189399327266114
(5.9);0.3698277176603686
(5.10);0.34609388917041856
(5.11);0.3550488213346995
(5.12);0.5129379664409424
(5.13);0.3291024386876081
(5.14);0.34896635121136643
(5.15);0.2708245804271827
(5.16);0.3394312314461078
(5.17);0.4555436402503347
(5.18);0.39413408620164037
(5.19);0.35301866531456555
(5.20);0.3408009275183698
(5.21);0.28387641061086105
(5.22);0.24153151326041442
(5.23);0.18782193037023198
(5.24);0.20962648297178677
(5.25);0.2999639292835417
(5.26);0.3567831584896715
(5.27);0.4040547599568716
(5.28);0.3076379191619017
(5.29);0.25723451496023114
(5.30);0.30934852588818623
(5.31);0.4597157746342762
(6.7);0.42474921408441935
(6.8);0.4170738148562839
(6.9);0.3756207869042026
(6.10);0.3493917227579794
(6.11);0.34590181476359394
(6.12);0.4843232435878756
(6.13);0.32012635643821397
(6.14);0.3278854572058351
(6.15);0.24666299408896297
(6.16);0.30644769535103905
(6.17);0.41324225857862473
(6.18);0.3694295417616179
(6.19);0.32955306612372604
(6.20);0.326004188508915
(6.21);0.26824515791632053
(6.22);0.22726806154825546
(6.23);0.17725209058243047
(6.24);0.1912849949085793
(6.25);0.27593565286795724
(6.26);0.32684116749561004
(6.27);0.3641083910570767
(6.28);0.27220602188957504
(6.29);0.22774626700167475
(6.30);0.2811124675492943
(6.31);0.41632484142199266
(7.8);0.5625403640977766
(7.9);0.532090357357923
(7.10);0.4810683562801872
(7.11);0.4445380525224444
(7.12);0.46823483196755106
(7.13);0.21277403830326364
(7.14);0.23100777263281647
(7.15);0.16014658359562406
(7.16);0.24356879726124941
(7.17);0.343507615060336
(7.18);0.410310647262089
(7.19);0.37844000025555546
(7.20);0.4080070567759685
(7.21);0.34802444131042787
(7.22);0.31135732694083934
(7.23);0.2702149157509278
(7.24);0.2639423214018714
(7.25);0.32601422710149386
(7.26);0.3562427304816114
(7.27);0.3320236907649046
(7.28);0.2277110742950758
(7.29);0.2565462737935784
(7.30);0.3172573660705174
(7.31);0.38169468454024974
(8.9);0.5211842847810018
(8.10);0.485722142548884
(8.11);0.4843712961814954
(8.12);0.4915107903822932
(8.13);0.2149943651094593
(8.14);0.24107191832507446
(8.15);0.17482736246129438
(8.16);0.2656735125929946
(8.17);0.3632353633912974
(8.18);0.4541351404112852
(8.19);0.41832532278150975
(8.20);0.4466516947161363
(8.21);0.3793758237624076
(8.22);0.3387179618992385
(8.23);0.2914623803544057
(8.24);0.29346811150311913
(8.25);0.36226817532474637
(8.26);0.396413363207724
(8.27);0.36310537899460893
(8.28);0.2555020040545103
(8.29);0.2923839309746394
(8.30);0.35510646016098696
(8.31);0.41081362969211943
(9.10);0.6069791822260979
(9.11);0.4810947914633608
(9.12);0.423839593035617
(9.13);0.1718809975274933
(9.14);0.19403453836030307
(9.15);0.12711532858081218
(9.16);0.21724639404480026
(9.17);0.3115669646951899
(9.18);0.4085669458482284
(9.19);0.3872446787357683
(9.20);0.43504626433744176
(9.21);0.3789067547350336
(9.22);0.346160924034096
(9.23);0.31032433853610275
(9.24);0.2935895534762354
(9.25);0.34098171049379555
(9.26);0.35850357047108183
(9.27);0.31205157280379175
(9.28);0.20832360194921182
(9.29);0.2652693823343808
(9.30);0.32615470838271116
(9.31);0.35567211616952654
(10.11);0.498625576997833
(10.12);0.400601138558248
(10.13);0.14966721571459843
(10.14);0.1746233235515545
(10.15);0.11039246095292667
(10.16);0.2043510141335515
(10.17);0.2948538072986926
(10.18);0.40564871426883475
(10.19);0.391882080588987
(10.20);0.4500611967805967
(10.21);0.3989569126677118
(10.22);0.3691181181196954
(10.23);0.33630315339567546
(10.24);0.3134771686560822
(10.25);0.35106126343009914
(10.26);0.36056337462083027
(10.27);0.30223474956018315
(10.28);0.19974109445067914
(10.29);0.27280044037473866
(10.30);0.3329641495128116
(10.31);0.3417406980175361
(11.12);0.41701937020993973
(11.13);0.16339080712519802
(11.14);0.1993742833112488
(11.15);0.14345290599551183
(11.16);0.24649120585024684
(11.17);0.32823437171724806
(11.18);0.4783740851687309
(11.19);0.4715662506498472
(11.20);0.5797352078527106
(11.21);0.4657629361612409
(11.22);0.41774516958562796
(11.23);0.3639984546831425
(11.24);0.36536312823200134
(11.25);0.4225413432812358
(11.26);0.43548601916736296
(11.27);0.3548870288989193
(11.28);0.251643476612222
(11.29);0.3395620703075125
(11.30);0.4054477171554911
(11.31);0.3846892119474793
(12.13);0.27968260051776184
(12.14);0.30792812206728903
(12.15);0.23829891994557195
(12.16);0.3245980603627807
(12.17);0.4365584440670278
(12.18);0.4548695409517112
(12.19);0.4072117946103098
(12.20);0.4010904423808855
(12.21);0.3392126010615693
(12.22);0.29570993905773973
(12.23);0.2416217967942685
(12.24);0.2606560188724886
(12.25);0.3488481716525329
(12.26);0.4043048528787027
(12.27);0.4176924116859727
(12.28);0.30601535368601646
(12.29);0.2954925338151245
(12.30);0.354310000084204
(12.31);0.48242586688365124
(13.14);0.4823211415631446
(13.15);0.3971094350849152
(13.16);0.34382334119912605
(13.17);0.35271632300149486
(13.18);0.21767033194844493
(13.19);0.18570619953988318
(13.20);0.15663745226934986
(13.21);0.10820324147102144
(13.22);0.06657952086024636
(13.23);0.00869691731010478
(13.24);0.047331968593676305
(13.25);0.14525454299890653
(13.26);0.20461230415251128
(13.27);0.2990263512677377
(13.28);0.2891153499009002
(13.29);0.1354664868881558
(13.30);0.1660018105317832
(13.31);0.3034966897390542
(14.15);0.46543721339542327
(14.16);0.42822154220332076
(14.17);0.4100686208630239
(14.18);0.26431389242125525
(14.19);0.2360315114124813
(14.20);0.1991987017147354
(14.21);0.15525400063081596
(14.22);0.11411852688524671
(14.23);0.053799685695023934
(14.24);0.10094660656413801
(14.25);0.20095838271589284
(14.26);0.26313194768777437
(14.27);0.3686081627528598
(14.28);0.3712228249520152
(14.29);0.20151951879503405
(14.30);0.22687068860361576
(14.31);0.35632453604703745
(15.16);0.424449944277177
(15.17);0.3460349238354072
(15.18);0.2151850882407086
(15.19);0.1940079902418449
(15.20);0.14981539118640644
(15.21);0.11358358398977864
(15.22);0.0747845850559149
(15.23);0.013133735523746836
(15.24);0.07115073407289377
(15.25);0.1694132860433836
(15.26);0.22881237078893987
(15.27);0.33366814204330647
(15.28);0.3892986825498815
(15.29);0.18978186915974776
(15.30);0.20090972157668455
(15.31);0.30086777685095045
(16.17);0.44744267963167494
(16.18);0.32572164079487864
(16.19);0.3082981743303414
(16.20);0.2588500550308162
(16.21);0.22621320313550053
(16.22);0.18773613601812245
(16.23);0.12506864361784334
(16.24);0.18597295674668188
(16.25);0.2868131548354954
(16.26);0.3525465941393256
(16.27);0.48180240995697743
(16.28);0.5494886942188724
(16.29);0.3092195969908808
(16.30);0.3233229177806173
(16.31);0.41305701126285643
(17.18);0.4032802811735536
(17.19);0.3696711551551868
(17.20);0.3310000097386482
(17.21);0.2840590221172727
(17.22);0.24113221062901924
(17.23);0.17991459797019102
(17.24);0.2239426531244859
(17.25);0.3273817160060444
(17.26);0.4000227039590601
(17.27);0.5284825604565431
(17.28);0.4147117304201969
(17.29);0.31222238185241913
(17.30);0.3529188853611707
(17.31);0.5508184898480355
(18.19);0.5855557172338893
(18.20);0.5065425890557165
(18.21);0.4359166494201194
(18.22);0.3838371517253794
(18.23);0.317996817826923
(18.24);0.35574244086650425
(18.25);0.4680309055184777
(18.26);0.558542477120516
(18.27);0.4565295206907848
(18.28);0.33661763059577043
(18.29);0.3977794175840263
(18.30);0.47710110817587964
(18.31);0.4800002270742045
(19.20);0.5339607580791059
(19.21);0.47974582899037926
(19.22);0.42127794291426196
(19.23);0.3488229353699153
(19.24);0.3977058230074028
(19.25);0.5424999243574918
(19.26);0.6312565011522436
(19.27);0.4351694332631499
(19.28);0.33014579671306404
(19.29);0.4376970306172007
(19.30);0.5402988334222887
(19.31);0.4364281415439834
(20.21);0.531835582695372
(20.22);0.4576887937512894
(20.23);0.3873764338052081
(20.24);0.4063113769682368
(20.25);0.47974787703508426
(20.26);0.4832523656556738
(20.27);0.3732860347182721
(20.28);0.2726846452580018
(20.29);0.3835262910870068
(20.30);0.45664002141497817
(20.31);0.39157547910540164
(21.22);0.5763837645703149
(21.23);0.4498011623232072
(21.24);0.48533900235943683
(21.25);0.5048047848200201
(21.26);0.45736196474219065
(21.27);0.33642794684730043
(21.28);0.25049711281433357
(21.29);0.4067414931596671
(21.30);0.4670236934156615
(21.31);0.34139354708524994
(22.23);0.5208220665451416
(22.24);0.5411509018992802
(22.25);0.4565742403340062
(22.26);0.4064865887043724
(22.27);0.2934908957170212
(22.28);0.21516461383322288
(22.29);0.3869770160639126
(22.30);0.42679222587324483
(22.31);0.29633033247840795
(23.24);0.47789621708997426
(23.25);0.3768728050296087
(23.26);0.3314608703200207
(23.27);0.22709055600176892
(23.28);0.15148865698371897
(23.29);0.3237543321607752
(23.30);0.3509867150611949
(23.31);0.2333872963636271
(24.25);0.45827396053255337
(24.26);0.39989082288311506
(24.27);0.2870209765565509
(24.28);0.22369507056939344
(24.29);0.42491194395712517
(24.30);0.43980152934471867
(24.31);0.27705705038330514
(25.26);0.5876683262101402
(25.27);0.40337932292043777
(25.28);0.32323700257925164
(25.29);0.5138272826575028
(25.30);0.6890407624299604
(25.31);0.3853624235183526
(26.28);0.38818949929309077
(26.29);0.5114792838378794
(26.30);0.686464695045448
(26.31);0.47163609725429856
(27.28);0.5040218184578737
(27.29);0.40879013207777587
(27.30);0.44884894225248567
(27.31);0.5812888051521361
(28.30);0.37022381169246044
(28.31);0.40464708111135717
(29.31);0.3582990144393767
(30.31);0.41125113733451896
