
****Importance edges******

(0.5);5.029595627674176
(0.6);3.9104579725587336
(0.7);3.4122867793782024
(0.8);4.103265467939332
(0.9);3.0820919551955925
(0.10);2.9312530353824027
(0.11);3.787974323978155
(0.12);6.163306967130609
(0.13);2.4405647836879942
(0.14);3.152593369876164
(0.15);2.5518021701272526
(0.16);4.700345778933399
(0.17);9.770605095573268
(0.18);7.710917207774734
(0.19);5.90004062391767
(0.20);4.269892519711632
(0.21);3.366791698526884
(0.22);2.7758574510554235
(0.23);2.2019983897893076
(0.24);2.6464845386091547
(0.25);4.523287647771999
(0.31);35.770725869259
(1.2);10.800903009991128
(1.3);4.176621627648498
(1.4);5.0961418429419885
(1.5);4.386407798706248
(1.6);5.851969125976675
(1.7);7.37938493145315
(1.8);5.127116361768669
(1.9);4.483221235303991
(1.10);3.59544358583123
(1.11);2.9766209679091773
(1.12);5.112233995890612
(1.13);1.6797227869630678
(1.14);1.7252388427408083
(1.15);1.3521265089324959
(1.16);1.689121491653638
(1.17);2.626855044270703
(1.18);2.903618926516668
(1.19);2.4546339627448424
(1.20);2.707046093597307
(1.21);2.1113982288154958
(1.22);1.8572264799206886
(1.23);1.6386986825387801
(1.24);1.633509717153384
(1.25);2.0840683447541632
(1.26);3.035710891396574
(1.27);3.063665165173659
(1.28);2.1260042035541282
(1.29);2.1034604458604194
(1.30);2.5499361905125304
(1.31);3.1753458897002442
(2.3);6.444700511511553
(2.4);7.637390219522438
(2.5);5.301341022682448
(2.6);9.089409682733127
(2.7);3.752559703905934
(2.8);3.2653587564345026
(2.9);2.794389496415038
(2.10);2.4277991745065766
(2.11);2.2335472117188058
(2.12);4.284833381035034
(2.13);2.0893367978030453
(2.14);2.0458192737139407
(2.15);1.5181098511198434
(2.16);1.816270137807222
(2.17);2.8680751223036745
(2.18);2.451903835835136
(2.19);2.095421597026111
(2.20);2.162190596387697
(2.21);1.7589647745268862
(2.22);1.567980507316972
(2.23);1.3932606553920286
(2.24);1.4267168137172306
(2.25);1.8283637488566482
(2.26);2.7230329241286713
(2.27);3.0575978188734947
(2.28);2.1932151331756753
(2.29);1.946464072865447
(2.30);2.2985692721455133
(2.31);3.1261372736680455
(3.4);13.960896410959451
(3.5);4.277683829543931
(3.6);4.539034546644579
(3.7);2.156322968572128
(3.8);2.117575469767303
(3.9);1.8090426177348755
(3.10);1.6607534360353076
(3.11);1.6811554149744234
(3.12);2.998513382625142
(3.13);3.9579177389315086
(3.14);3.41236110435883
(3.15);2.1307806182010554
(3.16);2.3135584580948474
(3.17);3.489729989717492
(3.18);2.066673744227378
(3.19);1.80916028941887
(3.20);1.7332614213473634
(3.21);1.474642818920112
(3.22);1.3288073690048412
(3.23);1.1793201626412777
(3.24);1.2604690182584346
(3.25);1.6385493178323098
(3.26);2.5086008078490467
(3.27);3.2931333417057966
(3.28);2.558800025240715
(3.29);1.8774152415909846
(3.30);2.1375819870633133
(3.31);3.1236903209487754
(4.5);7.9927001243707485
(4.6);7.360388701303872
(4.7);2.666906821677343
(4.8);2.674651821653271
(4.9);2.1611300474676667
(4.10);1.9587817979650126
(4.11);2.0278605076241667
(4.12);4.317334878228628
(4.13);3.190274444973544
(4.14);3.326186795494849
(4.15);2.122380093925469
(4.16);2.623985602090301
(4.17);4.884155702219566
(4.18);2.6015806894610245
(4.19);2.2009180649264355
(4.20);2.078332927502833
(4.21);1.7163024191877925
(4.22);1.5188116374685057
(4.23);1.3221090718358657
(4.24);1.4276349591113662
(4.25);1.926992469856066
(4.26);3.034865454381249
(4.27);4.107588233907826
(4.28);2.88440720043415
(4.29);2.1513416983666542
(4.30);2.513887639775638
(4.31);4.278806286698677
(5.6);6.2612256380714175
(5.7);1.8460776670442292
(5.8);1.9316218060598545
(5.9);1.4181168748984772
(5.10);1.2619026705795626
(5.11);1.3447129306393089
(5.12);4.452654972943433
(5.13);1.2146185677723125
(5.14);1.3652426644314617
(5.15);0.975133854021121
(5.16);1.343612104935562
(5.17);2.87941306634131
(5.18);1.888706048394613
(5.19);1.516270192018404
(5.20);1.4492311119789416
(5.21);1.1436819933559068
(5.22);0.9945768234057075
(5.23);0.8530798758241438
(5.24);0.9300552731516003
(5.25);1.3175479799453247
(5.26);2.4145323934975527
(5.27);3.076103192298622
(5.28);1.891343674568499
(5.29);1.5666098168254605
(5.30);1.9101383426896756
(5.31);3.347602425819438
(6.7);2.0153988842772033
(6.8);1.928838551355275
(6.9);1.487124096718346
(6.10);1.3013628745728152
(6.11);1.2973509544732973
(6.12);3.487535971838797
(6.13);1.178712033462079
(6.14);1.2430845394242074
(6.15);0.9025063294604195
(6.16);1.1643432330311774
(6.17);2.129063222898155
(6.18);1.6485950342264215
(6.19);1.3632173005484558
(6.20);1.3640899910323931
(6.21);1.0880635953169115
(6.22);0.9580894576950004
(6.23);0.8363665810822783
(6.24);0.8886990356608988
(6.25);1.2081764206097185
(6.26);2.123033746655061
(6.27);2.5173992798445286
(6.28);1.6641439156541633
(6.29);1.4312701126979543
(6.30);1.7235175833198133
(6.31);2.496295251014276
(7.8);6.671691002481927
(7.9);5.215606763933506
(7.10);3.352525791601331
(7.11);2.4968116651721854
(7.12);3.065341669400201
(7.13);0.7878229982759923
(7.14);0.8511696094799893
(7.15);0.6963409079164538
(7.16);0.9200606432017246
(7.17);1.4282811824708017
(7.18);2.141011827245851
(7.19);1.783835415906989
(7.20);2.1733355630873086
(7.21);1.5631671470412545
(7.22);1.3371563039399978
(7.23);1.1505404154072019
(7.24);1.1449100551633336
(7.25);1.5083415314863982
(7.26);2.4407355642447444
(7.27);2.1865290873596175
(7.28);1.4422354671082456
(7.29);1.5866721368037755
(7.30);2.0022340637165352
(7.31);2.0417995907030715
(8.9);4.773809692611425
(8.10);3.522293764054558
(8.11);3.5138019853070155
(8.12);3.7721673126916313
(8.13);0.804663563854426
(8.14);0.8934538241785943
(8.15);0.7358569443682097
(8.16);1.010852494094597
(8.17);1.6039666852286456
(8.18);2.9618709007902533
(8.19);2.3164515244783175
(8.20);2.8718610922681
(8.21);1.8725113731679697
(8.22);1.5351082641258362
(8.23);1.2653042046595246
(8.24);1.29921687028659
(8.25);1.8222574163992946
(8.26);3.006630889981778
(8.27);2.5392871683692992
(8.28);1.5933909056434712
(8.29);1.821399280373162
(8.30);2.384556555707367
(8.31);2.452434995711994
(9.10);9.264381193440675
(9.11);3.4462337808308177
(9.12);2.2117776795516972
(9.13);0.7156036712431098
(9.14);0.7767445444339169
(9.15);0.6554704938516099
(9.16);0.8641017922717289
(9.17);1.2577808743851828
(9.18);2.1622437124656364
(9.19);1.9208980990855864
(9.20);2.6646468087597683
(9.21);1.8877710323719787
(9.22);1.6104767716155406
(9.23);1.3858335941442796
(9.24);1.3144076910478242
(9.25);1.6531913473333737
(9.26);2.5016171147406645
(9.27);2.0392455417432687
(9.28);1.3803265089498298
(9.29);1.6616848501795647
(9.30);2.1102959146041003
(9.31);1.8100181106412099
(10.11);4.039960349896929
(10.12);1.9097204725146115
(10.13);0.6825452098628324
(10.14);0.7438339141102525
(10.15);0.6375681855949962
(10.16);0.8407018712594188
(10.17);1.1854035416816093
(10.18);2.1452002130117678
(10.19);1.9975688541045162
(10.20);2.999145148187623
(10.21);2.1496440342814034
(10.22);1.8362771583076685
(10.23);1.578464874164225
(10.24);1.4463649483137726
(10.25);1.7561021338506868
(10.26);2.5443946827575865
(10.27);1.9754613863877932
(10.28);1.3568280016219494
(10.29);1.720801640306279
(10.30);2.1899847489250317
(10.31);1.706520217650605
(11.12);2.159067251795453
(11.13);0.7194030484369384
(11.14);0.8125681804085048
(11.15);0.7037318332136553
(11.16);0.9809945348149494
(11.17);1.393326875628774
(11.18);3.674904430113452
(11.19);3.5208900101617955
(11.20);8.057867318828725
(11.21);3.4442298337649166
(11.22);2.4837712730892076
(11.23);1.8357434746360162
(11.24);1.879522710409361
(11.25);2.676159613543944
(11.26);3.813801597611359
(11.27);2.49569125649229
(11.28);1.6116914777843425
(11.29);2.2638296990147877
(11.30);3.142444597482983
(11.31);2.1590004320900618
(12.13);1.0755296896430484
(12.14);1.2290910573202651
(12.15);0.9513809427265041
(12.16);1.366603393844888
(12.17);2.6700541035491203
(12.18);3.091719685492407
(12.19);2.2475265135301954
(12.20);2.193649009487668
(12.21);1.5851980487735877
(12.22);1.3263417134035835
(12.23);1.1002880486118718
(12.24);1.1982353959152623
(12.25);1.7748974842774923
(12.26);3.22153579003669
(12.27);3.4669927300688306
(12.28);1.9835274404230518
(12.29);1.9037120905961569
(12.30);2.448475884155872
(12.31);4.158495973386834
(13.14);3.7109973075360374
(13.15);2.0198319447011315
(13.16);1.5201874507931414
(13.17);1.6144388366759432
(13.18);0.9452484576449262
(13.19);0.8707270981178488
(13.20);0.8155022080846765
(13.21);0.732586974524645
(13.22);0.6771490847499843
(13.23);0.6110830815909644
(13.24);0.6733261479531433
(13.25);0.8640254503238574
(13.26);1.4492692115163044
(13.27);1.998514199383026
(13.28);1.8740351806679272
(13.29);1.170293472478097
(13.30);1.2684948159882095
(13.31);1.4850877104493438
(14.15);3.307744724157009
(14.16);2.5422608978428474
(14.17);2.2800107498031106
(14.18);1.1271713585708227
(14.19);1.0355246316847755
(14.20);0.9348142737417654
(14.21);0.8377946836027836
(14.22);0.7665706653967194
(14.23);0.6793489255695105
(14.24);0.7692607140416214
(14.25);1.0244404792078934
(14.26);1.7657084407999852
(14.27);2.725098615495155
(14.28);2.6832139354921205
(14.29);1.4131044849278438
(14.30);1.5289968142986563
(14.31);1.9151814903725022
(15.16);2.506289260841882
(15.17);1.602682975914098
(15.18);0.964765763867844
(15.19);0.9179958843879776
(15.20);0.8231998066737486
(15.21);0.762952693298217
(15.22);0.708602085779317
(15.23);0.6331805227948243
(15.24);0.7278647118983065
(15.25);0.9462826997267676
(15.26);1.5893094329024364
(15.27);2.3424732692402292
(15.28);2.957502429768173
(15.29);1.3787070338054184
(15.30);1.4258992051447181
(15.31);1.5038503024869323
(16.17);3.0143418953662717
(16.18);1.4954480717435057
(16.19);1.4044958502529645
(16.20);1.172601257713778
(16.21);1.0643482648947147
(16.22);0.9599711785268794
(16.23);0.8234939511636361
(16.24);0.9878774575508583
(16.25);1.4143809102972624
(16.26);2.5685644195954946
(16.27);5.190502234520613
(16.28);7.543691759533058
(16.29);2.080016209833385
(16.30);2.2095623683784105
(16.31);2.68521663473028
(17.18);2.2955508601517938
(17.19);1.9156239571773728
(17.20);1.6003540667567544
(17.21);1.3288903607825988
(17.22);1.1531806342366808
(17.23);0.967407929031482
(17.24);1.1253243147607157
(17.25);1.6999297341226056
(17.26);3.2666356439459108
(17.27);6.94136918556323
(17.28);3.4309893754363454
(17.29);2.124373042015378
(17.30);2.536129743917819
(17.31);6.993384984537629
(18.19);8.535567706287097
(18.20);4.914878993932603
(18.21);2.976366793559216
(18.22);2.1872525385321557
(18.23);1.6002180012688918
(18.24);1.9398499808235719
(18.25);3.886958575937187
(18.26);8.320352114402313
(18.27);4.511708533204036
(18.28);2.372163492588903
(18.29);3.163864020695877
(18.30);4.987764952980113
(18.31);4.273355253279166
(19.20);6.057503108964082
(19.21);4.095623069735463
(19.22);2.768550605776355
(19.23);1.870425102027334
(19.24);2.46284956310016
(19.25);6.632322251987303
(19.26);12.228561398331504
(19.27);4.015597006884152
(19.28);2.329349937345736
(19.29);3.9535346930504276
(19.30);7.3430258129834
(19.31);3.206869180981488
(20.21);6.038516964763453
(20.22);3.5673704543954945
(20.23);2.3182735266857155
(20.24);2.620753811213744
(20.25);4.292587514965085
(20.26);5.357146958944021
(20.27);2.928752892862694
(20.28);1.8844858073383035
(20.29);2.9962779714402896
(20.30);4.474847592935958
(20.31);2.4734337550488776
(21.22);8.242146990475442
(21.23);3.4512577301848477
(21.24);4.459930445778434
(21.25);5.161564240754129
(21.26);4.625654277842412
(21.27);2.5006954018118646
(21.28);1.7644621974286594
(21.29);3.39806470432711
(21.30);4.788752037323306
(21.31);1.9361395195457682
(22.23);5.7311275103350665
(22.24);6.637245769947518
(22.25);3.7281808646632015
(22.26);3.5180400415980424
(22.27);2.125481758419015
(22.28);1.5946497241803705
(22.29);3.102540371869919
(22.30);3.8371084389184236
(22.31);1.6139592506843947
(23.24);4.308005293960393
(23.25);2.3357303919641765
(23.26);2.4963634601333493
(23.27);1.711072325139277
(23.28);1.3501674944460438
(23.29);2.359383437756206
(23.30);2.6585389214666915
(23.31);1.302184275999506
(24.25);3.8456700057991595
(24.26);3.4599843293539347
(24.27);2.1181910765575673
(24.28);1.6730857771391534
(24.29);3.8367448589359885
(24.30);4.189974976900344
(24.31);1.5397432914890208
(25.26);9.98398306307332
(25.27);3.5535104680315386
(25.28);2.404044511926872
(25.29);6.397460624936244
(25.30);15.521111302659126
(25.31);2.539507474525001
(26.28);3.943627740556787
(26.29);7.216125529467005
(26.30);16.151019192620584
(26.31);5.202297224425099
(27.28);6.945825628027214
(27.29);4.330711671634875
(27.30);5.28546871336918
(27.31);9.687326959501606
(28.29);3.609680836869798
(28.30);3.5849239118192546
(28.31);3.5158497853990704
(29.30);11.768397157515638
(29.31);2.8201244814304967
(30.31);3.6572238952109712

****Importance nodes******

0; 0.05
1; 0.03666666666666667
2; 0.03666666666666667
3; 0.03666666666666667
4; 0.03666666666666667
5; 0.012339636633296257
6; 0.012737689427918716
7; 0.013148582635270934
8; 0.013572730462215157
9; 0.014010560477125325
10; 0.014462514040903561
11; 0.01492904675190045
12; 0.015410628905187561
13; 0.015907745966645223
14; 0.016420899062343456
15; 0.016950605483709375
16; 0.01749739920899032
17; 0.018061831441538393
18; 0.018644471165458986
19; 0.01924590571918347
20; 0.019866741387544223
21; 0.020507604012948873
22; 0.021169139626269803
23; 0.021852015098084963
24; 0.022556918810926408
25; 0.023284561353214356
26; 0.03793103448275863
27; 0.03793103448275863
28; 0.03666666666666667
29; 0.03666666666666667
30; 0.03666666666666667
31; 0.02403567623557611
