
****Mix criterion 0.5*C(weight)+0.5*C(distance) ******

(0.5);0.465053128012856
(0.6);0.4183863712671286
(0.7);0.3908122826524661
(0.8);0.4257560246235577
(0.10);0.354115822983323
(0.11);0.4076890195660472
(0.12);0.49595155163400223
(0.13);0.3046532153942457
(0.14);0.3650321513250808
(0.15);0.31272554569980593
(0.16);0.4436295413234531
(0.17);0.5770706102831821
(0.18);0.5329577053566164
(0.19);0.48342650457278913
(0.20);0.42018876640455405
(0.21);0.36907362790854614
(0.22);0.3205945696986969
(0.23);0.2534777554269301
(0.24);0.30397116805166224
(0.25);0.42525693165066547
(0.31);0.9824127216643568
(1.2);0.5845513209752019
(1.3);0.40178345747093913
(1.4);0.44276612875239924
(1.5);0.4642547056335923
(1.6);0.5072316128428918
(1.7);0.5431163861836145
(1.8);0.4859633524954553
(1.9);0.4629845947496346
(1.10);0.4276906877134671
(1.11);0.39328814730124423
(1.12);0.48246714088995873
(1.13);0.25674955435049407
(1.14);0.2618559053151788
(1.15);0.18134821478244662
(1.16);0.2503692354261883
(1.17);0.35841783776444514
(1.18);0.3778287910354924
(1.19);0.3400463648753866
(1.20);0.3588561231950071
(1.21);0.2984912042506563
(1.22);0.2602812732941393
(1.23);0.2187521132312377
(1.24);0.21405502567845958
(1.25);0.2836904492689836
(1.26);0.32133288217645817
(1.27);0.32369750631831956
(1.28);0.22151455937505005
(1.29);0.21792144907740696
(1.30);0.27947066794339204
(1.31);0.3806759567890871
(2.3);0.4883165686610723
(2.4);0.520715081852215
(2.5);0.4929809853661519
(2.6);0.576463420491149
(2.7);0.4383024179032974
(2.8);0.41336170523576965
(2.9);0.38270614815557275
(2.10);0.35382635666391254
(2.11);0.33416703431537154
(2.12);0.45458382196530983
(2.13);0.31441563540601314
(2.14);0.3071528244251209
(2.15);0.22042638455683472
(2.16);0.2711593478255016
(2.17);0.37655936760121517
(2.18);0.34183937806373854
(2.19);0.30195573827183064
(2.20);0.3068392384179037
(2.21);0.24762585349578697
(2.22);0.20760115274348423
(2.23);0.16198483548468062
(2.24);0.16661044757935436
(2.25);0.24606125414781757
(2.26);0.29209131360034574
(2.27);0.3231873762376144
(2.28);0.23182542674902445
(2.29);0.19078508594702073
(2.30);0.24798260686408086
(2.31);0.3774513635858675
(3.5);0.46344401623302944
(3.6);0.47199808254822706
(3.7);0.33459844963378127
(3.8);0.3284941693720504
(3.9);0.28706233509069506
(3.10);0.2619763422690786
(3.11);0.26329614458433886
(3.12);0.39494356992522145
(3.13);0.443227363930339
(3.14);0.4161589186083324
(3.15);0.31637993256281
(3.16);0.33383951132121514
(3.18);0.3021628641022711
(3.19);0.26330549284636096
(3.20);0.24719207975441224
(3.21);0.19143930356060165
(3.22);0.1487994842782209
(3.23);0.09506335244804223
(3.24);0.11859349370920977
(3.25);0.21219024054967062
(3.26);0.269600820345836
(3.27);0.34337939674208556
(3.28);0.2804806268671719
(3.29);0.1784248642155651
(3.30);0.22538246278931498
(3.31);0.3790980596459197
(4.5);0.5614726184267465
(4.6);0.5475227942259812
(4.7);0.3794888239497043
(4.8);0.37838856808940835
(4.9);0.3307181285122194
(4.10);0.3060008832748025
(4.11);0.3128385303269237
(4.12);0.45871458740448784
(4.13);0.4051928033896277
(4.14);0.4115136256204793
(4.15);0.3154147574223434
(4.16);0.36176613523347867
(4.17);0.4738137212693099
(4.18);0.3565652099171456
(4.19);0.3156496222341384
(4.20);0.2980441614736786
(4.21);0.24123936769643375
(4.23);0.14261223980863846
(4.24);0.1676971720503291
(4.25);0.26278007463000136
(4.26);0.32269108711778755
(4.27);0.3944894486603286
(4.28);0.3138036654743272
(4.29);0.22650201605069348
(4.30);0.27650400195059066
(4.31);0.4400183208463003
(5.6);0.553330803540287
(5.7);0.4139933600373082
(5.8);0.41791537194276474
(5.9);0.36815884866757576
(5.10);0.34539896814932736
(5.11);0.35464351763560276
(5.12);0.5105194692472286
(5.13);0.32844261810933356
(5.14);0.3482246056735289
(5.15);0.27029471180580944
(5.16);0.3387010404888456
(5.17);0.4538707729265278
(5.18);0.39362349923573603
(5.19);0.3526420266023185
(5.20);0.3397369541559894
(5.21);0.2832758872649044
(5.22);0.24076646149451764
(5.23);0.1873607808584405
(5.24);0.20912369438844927
(5.25);0.2991548400492232
(5.26);0.35486171764340424
(5.27);0.4016068531336155
(5.28);0.30536957788053354
(5.29);0.2553556360620782
(5.30);0.30915958049945413
(5.31);0.4581524908493457
(6.7);0.42413244356662105
(6.8);0.4160505123146511
(6.9);0.37388484876872785
(6.10);0.3486753151690859
(6.11);0.34550637217318125
(6.12);0.4824292189405074
(6.13);0.31948612903176843
(6.14);0.327210172979651
(6.15);0.24617265631957735
(6.16);0.30581501406205763
(6.17);0.412006511462958
(6.18);0.36897827097465885
(6.19);0.3292095340178009
(6.20);0.3250059914145449
(6.21);0.2676736717684762
(6.22);0.22653367870056462
(6.23);0.17680000160789763
(6.24);0.19080459074240594
(6.25);0.27519474462066845
(6.26);0.32515599726825084
(6.27);0.36211019092321006
(6.28);0.2702190362765791
(6.29);0.2260373323984292
(6.30);0.2809358864234248
(6.31);0.41515719044145366
(7.8);0.5604986331301293
(7.9);0.5272043845128446
(7.10);0.479952152574976
(7.11);0.44430221180559254
(7.12);0.4672145274330315
(7.13);0.21250891844049669
(7.14);0.23071822058779914
(7.15);0.15990716223795112
(7.16);0.2432491133379982
(7.17);0.3429540803721238
(7.18);0.4101214601913768
(7.19);0.37831450566730196
(7.20);0.4068170193837848
(7.21);0.3474819344340356
(7.22);0.31056990590002276
(7.23);0.26979033479451164
(7.24);0.2635159065701596
(7.26);0.3545971961459517
(7.27);0.33054954143800597
(7.28);0.22617061812825573
(7.29);0.25485154437275664
(7.30);0.31728627476394644
(7.31);0.3810676109073878
(8.9);0.5157362307069997
(8.10);0.48380874876238084
(8.11);0.48330013647186126
(8.12);0.4894879501861213
(8.13);0.21456271001103366
(8.14);0.2405924652294232
(8.15);0.17443234310613354
(8.16);0.26513068344920704
(8.17);0.36231600926595786
(8.18);0.4533219064063548
(8.19);0.4177383902956691
(8.20);0.4445806913060561
(8.21);0.378402377465306
(8.22);0.3375582801323941
(8.23);0.29078542827260767
(8.24);0.29277283644194424
(8.25);0.3611633683964793
(8.26);0.3940506079473559
(8.27);0.361109884923607
(8.28);0.2536230145460034
(8.29);0.2902360649823698
(8.30);0.35485408445060834
(8.31);0.40967530085999937
(9.10);0.5964063163277878
(9.11);0.47800412674315595
(9.12);0.4213732377884408
(9.13);0.17108977763658587
(9.14);0.19318302939016188
(9.15);0.12640292193958738
(9.16);0.21631532371500378
(9.17);0.310178791150368
(9.18);0.4068380165854691
(9.19);0.38576714012032326
(9.20);0.4317915207108945
(9.21);0.37699360609127597
(9.22);0.3441690733302706
(9.23);0.3089247784650864
(9.24);0.2922739801729471
(9.25);0.3392258553015921
(9.26);0.3557227242751544
(9.27);0.30978470783316786
(9.28);0.20623966796846624
(9.29);0.2627606704447469
(9.30);0.32521433582682974
(9.31);0.3540202663980395
(10.11);0.49729172733832205
(10.12);0.399542630539547
(10.13);0.1492889758107477
(10.14);0.17421120365203172
(10.15);0.11003928909050997
(10.16);0.2038854135419641
(10.17);0.294155941167472
(10.18);0.40500974425055014
(10.19);0.3913291293059769
(10.20);0.4478657475259834
(10.21);0.39780540911653145
(10.22);0.367713230618316
(10.23);0.3354352105208216
(10.24);0.3126820771888341
(10.25);0.34997442089361747
(10.26);0.3585485101734518
(10.27);0.30067041406554673
(10.28);0.19814196656694189
(10.29);0.2707723411004717
(10.30);0.3326929060869949
(10.31);0.34092188999491135
(11.12);0.416306523827984
(11.13);0.16315076695884423
(11.14);0.19910031461351776
(11.15);0.1432131749201999
(11.16);0.24615360370167486
(11.17);0.3277019409537892
(11.18);0.47801063646967173
(11.19);0.4712788025145323
(11.21);0.4645779786418968
(11.22);0.4163195086409639
(11.23);0.3633282996455481
(11.24);0.3646707344634286
(11.25);0.4213633671966207
(11.26);0.43296450119892604
(11.27);0.35323698754625493
(11.28);0.24996546310243142
(11.29);0.3372050827133148
(11.30);0.4054603950935262
(11.31);0.38402812347194204
(12.13);0.27909387729510315
(12.14);0.3072553424544392
(12.15);0.2377781532387376
(12.16);0.3238500092751463
(12.17);0.43500609452884137
(12.18);0.45394585978660557
(12.19);0.4065863715865379
(12.20);0.39950832877123565
(12.21);0.33837205446223595
(12.22);0.2947101409417776
(12.23);0.24102293742685776
(12.24);0.26000389791372247
(12.25);0.34776225332093813
(12.26);0.40178020991514346
(12.27);0.4149754098051463
(12.28);0.3037082493902344
(12.29);0.29327826530910883
(12.30);0.35399754437300296
(12.31);0.48044553024184766
(13.14);0.4802898166120916
(13.15);0.39600381988603767
(13.16);0.3429912213016519
(13.17);0.3517785038899094
(13.18);0.217384548673069
(13.19);0.18546058725317563
(13.20);0.15605126204943237
(13.21);0.1078146180435826
(13.22);0.06607095910393367
(13.23);0.00836429503838349
(13.24);0.04696549394957465
(13.25);0.14472662090426824
(13.26);0.20347970751247738
(13.27);0.29746452241682797
(13.28);0.2869465106452065
(13.29);0.1341120947988419
(13.30);0.16583490015932967
(13.31);0.3027881539125933
(14.15);0.46362662076140293
(14.16);0.4268299599503809
(14.17);0.4087453116531036
(14.18);0.2639690651374461
(14.19);0.23573546087811909
(14.20);0.19852901512278703
(14.21);0.15480936978456047
(14.22);0.1135449376864338
(14.23);0.05342987732809365
(14.24);0.10052788568319937
(14.25);0.20033328892787985
(14.26);0.2617559582111182
(14.27);0.3664845352438511
(14.28);0.3681333345829495
(14.29);0.19989245036082537
(14.30);0.22666335569782187
(14.31);0.35540909509256063
(15.16);0.42307805217157896
(15.17);0.3451055335325858
(15.18);0.21488647788416476
(15.19);0.19374202767159643
(15.20);0.14922766513040253
(15.21);0.11317849317748765
(15.22);0.07425634898035043
(15.23);0.012789033123701317
(15.24);0.07075451579636136
(15.25);0.16883666499940148
(15.26);0.22757740369943533
(15.27);0.33184793174588645
(15.28);0.3859110214235757
(15.29);0.18820263386446073
(15.30);0.20071056802541656
(15.31);0.30014760020253606
(16.17);0.44569618041343373
(16.18);0.3252533942027077
(16.19);0.3078858772516083
(16.20);0.2580157311332434
(16.21);0.2256478343465078
(16.22);0.18702320279309353
(16.23);0.12462030079325355
(16.24);0.18543515793842796
(16.25);0.28595247158074916
(16.26);0.3505565199516532
(16.27);0.4777809089040266
(16.28);0.5408933436260359
(16.29);0.306849607716106
(16.30);0.3230052166431211
(16.31);0.4117686705634591
(17.18);0.4024820422116252
(17.19);0.36904299994380013
(17.20);0.3298172047690248
(17.21);0.2833135908067036
(17.22);0.24024556270949382
(17.23);0.17936026839241068
(17.24);0.2232984404956556
(17.25);0.32630188036428165
(17.26);0.3974328459927837
(17.27);0.5229792958621542
(17.28);0.4107520057900202
(17.29);0.30977063066998306
(17.30);0.35249091458511916
(18.20);0.504150152887445
(18.21);0.43497787828215717
(18.22);0.3826902127190701
(18.23);0.3174600271067769
(18.24);0.35508486316043214
(18.25);0.4664570023056772
(18.26);0.5533795690223717
(18.27);0.4537299352643188
(18.28);0.33430701130453183
(18.29);0.39469763790740825
(18.30);0.4771057016078426
(18.31);0.478789888028272
(19.20);0.531139601368394
(19.22);0.4198841214757803
(19.23);0.34822882337031563
(19.24);0.3969142149706561
(19.25);0.5399350539663575
(19.26);0.6238617341532848
(19.27);0.4327411505518511
(19.28);0.3279233812639197
(19.29);0.4339249925735843
(19.30);0.5403751753166119
(19.31);0.43557177970654404
(20.21);0.527705019004697
(20.22);0.4545465281123739
(20.23);0.38577309306464797
(20.24);0.4045053490701227
(20.25);0.47654007533320175
(20.26);0.4785832564136303
(20.27);0.3707334321287732
(20.28);0.27037977292827287
(20.29);0.37986161069426705
(20.31);0.39003421016400075
(21.22);0.5705005949734622
(21.23);0.44797157743858973
(21.24);0.4829738252570136
(21.25);0.5017580794509272
(21.26);0.4538809894173687
(21.27);0.3345460813930877
(21.28);0.2485606583931882
(21.29);0.40301219965050517
(21.30);0.46628492981514374
(21.31);0.3404825109464524
(22.23);0.5166944770143407
(22.24);0.5363897795704866
(22.25);0.45369112067014444
(22.26);0.4033611039171347
(22.27);0.291602582672559
(22.28);0.2131993987731366
(22.29);0.3831535061288651
(22.30);0.425641232229152
(22.31);0.29527752008587654
(23.24);0.4755609096575512
(23.25);0.3754712243703003
(23.26);0.3295729165603766
(23.27);0.22579650348062802
(23.28);0.1500124152564817
(23.29);0.3211746372001901
(23.30);0.35052986948405224
(23.31);0.23275745178568166
(24.25);0.45596975239989707
(24.26);0.39728273706110373
(24.27);0.2854243149566088
(24.28);0.22187673578574943
(24.29);0.42074211194474626
(24.30);0.43906305609229224
(24.31);0.27631094203553763
(25.26);0.5797408785673114
(25.27);0.40055777684953603
(25.28);0.32053521104470367
(25.29);0.5066374802751822
(25.31);0.3839891816931244
(26.27);0.49765796564459647
(26.28);0.383669282654372
(26.29);0.5032081049053632
(26.30);0.6796279274681234
(26.31);0.46796595334907787
(27.28);0.49606045936442755
(27.29);0.4038262368413421
(27.30);0.4466115898786468
(27.31);0.5744545389684648
(28.29);0.3676249900912215
(28.30);0.36776255570354904
(28.31);0.40102787966935477
(29.30);0.6081487034284613
(29.31);0.355395989790199
(30.31);0.4107354296866894
