
****Importance edges******

(0.5);4.9965710020222875
(0.6);3.8851814528691277
(0.7);3.390585843060117
(0.8);4.077605622698066
(0.9);3.023464169574809
(0.10);2.91235266025573
(0.11);3.7931911457861145
(0.12);6.126355610191208
(0.13);2.426204266330641
(0.14);3.134399844809833
(0.15);2.5373691364901547
(0.16);4.674309411861296
(0.17);9.717641817094517
(0.18);7.670046831763831
(0.19);5.8180350551278215
(0.20);4.298745327252755
(0.21);3.3505383151785746
(0.22);2.762816371138203
(0.23);2.191942219018888
(0.24);2.6347500306380875
(0.25);4.441245794829956
(0.31);35.66003391704673
(1.3);4.351432799115234
(1.4);5.402587297780492
(1.5);4.594303875166897
(1.6);6.12754171063555
(1.7);7.724599222690934
(1.8);5.365355801345201
(1.10);3.758331693423478
(1.11);3.139392529032367
(1.12);5.341927712891893
(1.13);1.7546185725101728
(1.14);1.801566593730558
(1.15);1.4114730870886296
(1.16);1.7626601321338438
(1.17);2.740277237850413
(1.18);3.0279384489067804
(1.19);2.532319291372767
(1.20);2.860471875262289
(1.21);2.1997189647845197
(1.22);1.9342199363265133
(1.23);1.7060142121595439
(1.24);1.6999904679993163
(1.25);2.1328333123249026
(1.26);3.1091633419070654
(1.27);3.0864149178263873
(1.28);2.178718634049647
(1.29);2.155615902226881
(1.30);2.656662959745847
(1.31);3.3062729933210897
(2.3);6.596644186560304
(2.4);7.957050761043646
(2.5);5.407600996619903
(2.6);9.270828908962875
(2.7);3.827136286214776
(2.8);3.3299682634942918
(2.9);2.803983656767033
(2.10);2.4741413200988513
(2.11);2.297660010566576
(2.12);4.367066111845726
(2.13);2.12922836175466
(2.14);2.084675593493921
(2.15);1.5467898679122423
(2.16);1.850397173578949
(2.17);2.9216684635187598
(2.18);2.497464115592016
(2.19);2.111504658655039
(2.20);2.2334707142922468
(2.21);1.7913057603866425
(2.22);1.596643553941319
(2.23);1.418580633787243
(2.24);1.45249083413377
(2.25);1.8302666934586966
(2.26);2.739991361230773
(2.27);3.0253625201038123
(2.28);2.207508143332944
(2.29);1.9591490258111897
(2.30);2.352761559582312
(2.31);3.1860056369932113
(3.5);4.363425639077627
(3.6);4.629630984039922
(3.7);2.1991767030997313
(3.8);2.1594745434889777
(3.9);1.8152537221569351
(3.10);1.692454113065672
(3.11);1.7294120976120613
(3.12);3.056059597821522
(3.13);4.033485990428269
(3.14);3.4771722027678456
(3.15);2.1710351649098096
(3.16);2.3570293551909733
(3.17);3.55493967987973
(3.18);2.1050758351157124
(3.19);1.8230461997638947
(3.20);1.7904011937057553
(3.21);1.5017561546989449
(3.22);1.353098275297889
(3.23);1.2007521616886607
(3.24);1.2832397278334935
(3.25);1.6402547052758691
(3.26);2.5242238099204606
(3.27);3.258414865487954
(3.28);2.5754755233247666
(3.29);1.8896502087456277
(3.30);2.1879787529413037
(3.31);3.1835118229106634
(4.5);8.371518299159083
(4.6);7.7069936294653445
(4.7);2.7916671312145853
(4.8);2.7989336803223046
(4.9);2.22571125441934
(4.10);2.0475225201151273
(4.11);2.1387506828008536
(4.12);4.511313615609731
(4.13);3.3325229829594742
(4.14);3.473343439075048
(4.15);2.2155340963720396
(4.16);2.7382250660784386
(4.17);5.095043491684321
(4.18);2.7129683325912928
(4.19);2.2705736819153546
(4.20);2.196125474410838
(4.21);1.7880961200346106
(4.22);1.5817757179736924
(4.23);1.3764195276477698
(4.24);1.4857369973294308
(4.26);3.1082974485891643
(4.27);4.138089810053588
(4.28);2.955926288982456
(4.29);2.2046843739084396
(4.30);2.619105608369156
(4.31);4.455231700978507
(5.6);6.321002619582852
(5.7);1.863702483166583
(5.8);1.9500633265643745
(5.9);1.3872968390347826
(5.10);1.272698430066863
(5.11);1.3809269388291627
(5.12);4.493214904807031
(5.13);1.2256752216061468
(5.14);1.3776620540583977
(5.15);0.9839985196744937
(5.16);1.3558183200857454
(5.17);2.9055540225774967
(5.18);1.9058414303697353
(5.19);1.501027751139038
(5.20);1.499496480328328
(5.21);1.1542863449717575
(5.22);1.0037954049928812
(5.23);0.8609841795675076
(5.24);0.9386698137221483
(5.25);1.2922405970921385
(5.26);2.4009836014917347
(5.27);2.9822900633598195
(5.28);1.8809713125208376
(5.29);1.5580183353162944
(5.30);1.9484251176099645
(5.31);3.385872047729556
(6.7);2.0346402387351965
(6.8);1.9472534996557844
(6.9);1.4554965713808967
(6.10);1.312515114306509
(6.11);1.331965001324441
(6.12);3.519326085471516
(6.13);1.1894491060748313
(6.14);1.2544003185529695
(6.15);0.9107162821950955
(6.16);1.1749279475542411
(6.17);2.1484049686829514
(6.18);1.6635619214523891
(6.19);1.349845966215902
(6.20);1.4109836904253783
(6.21);1.0981558300121372
(6.22);0.9669729738715779
(6.23);0.8441187359516134
(6.24);0.8969333725774886
(6.25);1.1853537375701029
(6.26);2.111373478028809
(6.27);2.441417111329699
(6.28);1.6552190857609177
(6.29);1.4235941886585994
(6.30);1.7579179720439821
(6.31);2.524781843425598
(7.8);6.735386766340105
(7.9);5.107114960123355
(7.10);3.381304572153603
(7.11);2.562801959100326
(7.12);3.0933023780930045
(7.13);0.7950042812333287
(7.14);0.858923046827966
(7.15);0.7026796883150533
(7.16);0.9284302846625636
(7.17);1.4412652821299374
(7.18);2.160462121647377
(7.19);1.7667763315596803
(7.20);2.24737730909985
(7.21);1.577671347700419
(7.22);1.3495589753478512
(7.23);1.1612083591049285
(7.24);1.155522052653238
(7.25);1.4803324225816759
(7.26);2.4276256720665663
(7.27);2.1212323121015166
(7.28);1.4346781080259503
(7.29);1.578357925042126
(7.30);2.042025508819701
(7.31);2.06505761956937
(8.9);4.676735665907718
(8.10);3.5525811836117156
(8.11);3.6057883527789176
(8.12);3.8065988709206997
(8.13);0.8120033536498809
(8.14);0.9015979691639289
(8.15);0.7425599805806025
(8.16);1.0200542685452962
(8.17);1.6185577082983613
(8.18);2.988796430178541
(8.19);2.2948710737466502
(8.20);2.9688071576805912
(8.21);1.8898921502360924
(8.22);1.5493521140804403
(8.23);1.2770404184702258
(8.24);1.3112633592562528
(8.25);1.789008667584912
(8.26);2.990850798947306
(8.27);2.4642800442175745
(8.28);1.5852404085491767
(8.29);1.812082477139472
(8.30);2.4317382086626056
(8.31);2.480319554063231
(9.10);9.07599270599064
(9.11);3.437430611234434
(9.12);2.170016734323381
(9.13);0.7024208825141269
(9.14);0.7627914298479337
(9.15);0.6439955635700362
(9.16);0.8493683393325586
(9.17);1.2369062480179032
(9.18);2.127336436886323
(9.19);1.855871480882259
(9.20);2.68893284133982
(9.21);1.8602227382167111
(9.22);1.5876927639120233
(9.23);1.3668413287787267
(9.24);1.2969722676148296
(9.25);1.5870304249440559
(9.26);2.4491023777400804
(9.27);1.9473208576263001
(9.28);1.350990390655102
(9.29);1.6263690151091275
(9.30);2.117541331687454
(9.31);1.7913477616847138
(10.11);4.1400320612977755
(10.12);1.9254761237579763
(10.13);0.6881820489471834
(10.14);0.7499830876279828
(10.15);0.6428441596837932
(10.16);0.8476657587612408
(10.17);1.1952325099551533
(10.18);2.1630051147971843
(10.19);1.978378173553513
(10.20);3.0961831252095084
(10.21);2.167977262719682
(10.22);1.8519575482353692
(10.23);1.5919605873508305
(10.24);1.4587465530790045
(10.25);1.723973982216005
(10.26);2.5303887177146374
(10.27);1.917417696717837
(10.28);1.349528199176386
(10.29);1.7115436414978662
(10.30);2.231787461911031
(10.31);1.7246731184510766
(11.12);2.212548359579643
(11.13);0.7370373006432824
(11.14);0.8322765921708613
(11.15);0.7206192804707742
(11.16);1.0042833750536841
(11.17);1.4260473659208726
(11.18);3.7602657334244345
(11.19);3.53956131298053
(11.21);3.52230673427325
(11.22);2.5394583119834206
(11.23);1.8764477354896592
(11.24);1.9207358788151043
(11.25);2.663167283759386
(11.26);3.829433399806549
(11.27);2.446855008591518
(11.28);1.6188756538742775
(11.29);2.27392080604087
(11.30);3.232646818108375
(11.31);2.2096768909096562
(12.13);1.0849496412800057
(12.14);1.2398559654663304
(12.15);0.9597135462381569
(12.16);1.3785726941820946
(12.17);2.693439585852113
(12.18);3.1187982963320877
(12.19);2.2280482407687416
(12.20);2.2641778180730774
(12.21);1.5993970258376529
(12.22);1.338225639065491
(12.23);1.110149507560422
(12.24);1.2089779227133446
(12.25);1.7442983401794758
(12.26);3.2055359865655957
(12.27);3.3684614440386116
(12.28);1.9739447572164213
(12.29);1.8945150058928948
(12.30);2.495466009645798
(12.31);4.204144096199118
(13.14);3.7434998181580084
(13.15);2.0375225016584024
(13.16);1.5335019063618511
(13.17);1.6285787864223429
(13.18);0.9535273502144831
(13.19);0.8633954658793508
(13.20);0.8414566256489103
(13.21);0.7391469334568618
(13.22);0.6832144620892742
(13.23);0.6165583417305559
(13.24);0.6793609114638463
(13.25);0.8494146197271379
(13.26);1.442255058906229
(13.27);1.9424028549886214
(13.28);1.865222275118259
(13.29);1.1647900081116132
(13.30);1.292714100369499
(13.31);1.5013486232931614
(14.15);3.3367153752036582
(14.16);2.564527112282874
(14.17);2.2999800646455637
(14.18);1.1370436101567598
(14.19);1.0270613184809034
(14.20);0.9642610081811457
(14.21);0.845294443478153
(14.22);0.7734349317002633
(14.23);0.6854340073800272
(14.24);0.7761532343083912
(14.25);1.007456849643472
(14.26);1.7573894803597077
(14.27);2.649535009402181
(14.28);2.6709448880897546
(14.29);1.4066430374522083
(14.30);1.5580371063334
(14.31);1.936098473998521
(15.16);2.5282404202126583
(15.17);1.6167199627754238
(15.18);0.9732155974002344
(15.19);0.9107205887735327
(15.20);0.8488613294895733
(15.21);0.7697803974356303
(15.22);0.7149453409879528
(15.23);0.6388503454515932
(15.24);0.7343843605680626
(15.25);0.9309104528073783
(15.26);1.5820281819670245
(15.27);2.278344331264239
(15.28);2.9443687012390396
(15.29);1.3725844474903746
(15.30);1.4528371853690427
(15.31);1.5202328176625517
(16.17);3.0407427982377007
(16.18);1.5085458491894082
(16.19);1.3937136513416815
(16.20);1.2087700023217463
(16.21);1.0738702549446646
(16.22);0.9685620115431323
(16.23);0.8308656939228374
(16.24);0.9967234182039281
(16.25);1.3918786189480106
(16.26);2.5571348283031337
(16.27);5.0502542083355495
(16.28);7.511196784753365
(16.29);2.0710563959339803
(16.30);2.251079217890977
(16.31);2.7143931312740133
(17.18);2.315656281964912
(17.19);1.9013941934574723
(17.20);1.649190793385302
(17.21);1.3407753728086707
(17.22);1.1634973462445521
(17.23);0.9760653139226221
(17.24);1.1353979787595447
(17.25);1.6734569173840461
(17.26);3.2525347121205805
(17.27);6.756316010099703
(17.28);3.4166724897871066
(17.29);2.1155084252559653
(17.30);2.583520297140966
(17.31);7.069174745844362
(18.19);8.474287766225782
(18.20);5.063244572996886
(18.21);3.0029779116458952
(18.22);2.2068143650692984
(18.23);1.614534048364003
(18.24);1.9572098012375656
(18.25);3.827741600250479
(18.26);8.285556403878122
(18.27);4.393074448341792
(18.28);2.3625880184227595
(18.29);3.1510927685077315
(18.30);5.080445572545249
(18.31);4.319545822467851
(19.20);6.14483886475739
(19.21);4.070014007638762
(19.22);2.7519354905580773
(19.23);1.859669512067568
(19.24);2.449304337644276
(19.25);6.439358391619882
(19.27);3.869076892953397
(19.28);2.29510951509698
(19.29);3.8954194673839027
(19.30);7.3993859921762795
(19.31);3.1966967137010034
(20.21);6.215898562741342
(20.22);3.6709964360614773
(20.23);2.384858667050457
(20.24);2.695172584576153
(20.25);4.312201173068345
(20.26);5.412699153382804
(20.27);2.89573016837568
(20.28);1.9049088104669394
(20.29);3.0287499561836606
(20.30);4.622368197531251
(21.22);8.317205032362997
(21.23);3.4826869982598185
(21.24);4.500545305790231
(21.25);5.089039391533661
(21.26);4.608783367092099
(21.27);2.4380405584639497
(21.28);1.758295824007418
(21.29);3.3861892808088525
(21.30);4.876799827800866
(21.31);1.9572115009424982
(22.23);5.783318669899527
(22.24);6.6976885977197504
(22.25);3.6770812032275115
(22.26);3.5057111101990004
(22.27);2.0730406362131375
(22.28);1.5893066521612842
(22.29);3.0921449248964183
(22.30);3.9072516693821693
(22.31);1.631482813629399
(23.24);4.347236630428859
(23.25);2.304522262143015
(23.26);2.48797458653155
(23.27);1.669515961997978
(23.28);1.3458398616127967
(23.29);2.3518210091883023
(23.30);2.7068530311014274
(23.31);1.3162888127004777
(24.25);3.7956159198917536
(24.26);3.4488599562409257
(24.27);2.0675714288501386
(24.28);1.6679682840840953
(24.29);3.8250093487559846
(24.30);4.265667994296031
(24.31);1.5563807556652143
(25.26);9.787947084108485
(25.27);3.4111154887234245
(25.28);2.3563799912645575
(25.29);6.270619423523044
(25.31);2.5124572443203177
(26.27);6.931485701135519
(26.28);3.902051305072512
(26.29);7.140048171952537
(26.30);16.251604110520738
(26.31);5.193745517793919
(27.28);6.756113246794353
(27.29);4.212426291658795
(27.30);5.229745667629949
(27.31);9.475826411567793
(28.29);3.571625099283432
(28.30);3.608286578394729
(28.31);3.510721993357429
(29.30);11.84509087422531
(29.31);2.8160113899291552
(30.31);3.727263048886094

****Importance nodes******

0; 0.05
1; 0.03928571428571429
2; 0.03793103448275863
3; 0.03793103448275863
4; 0.03928571428571429
5; 0.012590179564595586
6; 0.012996314389259961
7; 0.013415550337300606
8; 0.013848310025600623
9; 0.013462006884450189
10; 0.014729287990440975
11; 0.01571124052313704
12; 0.01571124052313704
13; 0.016218054733560815
14; 0.01674121778948213
15; 0.017281257073013815
16; 0.0178387169785949
17; 0.01841415946177538
18; 0.01900816460570362
19; 0.01901100776332524
20; 0.02108831153871393
21; 0.020914857634985642
22; 0.02158953046192066
23; 0.02228596692843423
24; 0.023004869087415978
25; 0.02272203662168408
26; 0.03793103448275863
27; 0.03666666666666667
28; 0.03666666666666667
29; 0.03666666666666667
30; 0.03793103448275863
31; 0.024592984529342714
