
****Mix criterion 0.5*C(weight)+0.5*C(distance) ******

(0.5);0.46488535713795925
(0.6);0.41826510137288647
(0.7);0.3903902969904762
(0.8);0.4256360733278773
(0.9);0.3665634906247939
(0.10);0.3540693327298744
(0.11);0.4072422917180123
(0.12);0.49586669933883776
(0.13);0.30462623328020216
(0.14);0.36500598751457214
(0.15);0.3127115159035587
(0.16);0.4436170731487144
(0.17);0.5772363578991621
(0.18);0.5330105426364057
(0.19);0.48348626430182073
(0.20);0.4206388129878044
(0.21);0.369128386445713
(0.22);0.3209565402307175
(0.23);0.253535082355015
(0.24);0.304048926957143
(0.25);0.42556667674271886
(0.31);0.9824127216643568
(1.3);0.4039380042836827
(1.4);0.445395018114154
(1.5);0.46789249240915903
(1.6);0.5120615874022145
(1.7);0.5482881601160198
(1.8);0.4901336233076533
(1.9);0.46811920436538906
(1.10);0.4306230313977099
(1.11);0.39531106980606695
(1.12);0.48657259131633324
(1.13);0.2580912155828253
(1.14);0.2632263676508178
(1.15);0.1824162985267257
(1.16);0.2516959470077224
(1.17);0.36052382018733165
(1.18);0.3800962179910674
(1.19);0.34195270348524653
(1.20);0.3612544356956595
(1.21);0.3001112381592202
(1.22);0.2619511754352149
(1.23);0.22000083768582812
(1.24);0.2152921865098294
(1.25);0.285350032246382
(1.26);0.3235858705335606
(1.27);0.325971241266782
(1.28);0.2231196023887074
(1.29);0.2195094725100459
(1.30);0.28017329020129356
(1.31);0.38291074511543166
(2.3);0.4916411238121172
(2.4);0.524654896425367
(2.5);0.4973775552132993
(2.6);0.583965445293704
(2.7);0.4409323647940925
(2.8);0.4160176680328801
(2.9);0.3859065476954101
(2.10);0.35580640207584147
(2.11);0.3356849611756878
(2.12);0.45802481685037466
(2.13);0.31608447160008746
(2.14);0.3087779433307995
(2.15);0.22162558333246646
(2.16);0.2725859276416546
(2.17);0.3788587391665642
(2.18);0.34375406211510606
(2.19);0.30358310233301977
(2.20);0.30875483518161406
(2.21);0.2489754722175483
(2.22);0.20901098295786127
(2.23);0.16304653076188147
(2.24);0.1676909909889544
(2.25);0.24751721472690924
(2.26);0.29411224434558086
(2.27);0.3254566082340298
(2.28);0.23348121116425108
(2.29);0.19225458377598315
(2.30);0.24861596621556067
(2.31);0.3796515191999078
(3.5);0.4639228419627679
(3.6);0.47251436618317627
(3.7);0.33458787206667895
(3.8);0.3287346997378819
(3.9);0.28787921321188187
(3.10);0.2621888563545733
(3.11);0.26329313763657275
(3.12);0.39532729787614934
(3.13);0.4437420193187942
(3.14);0.4166097493587257
(3.15);0.3166659418057562
(3.16);0.33415499445355346
(3.17);0.416623342360348
(3.18);0.30246310194338144
(3.19);0.263572967511075
(3.20);0.24764978760772258
(3.21);0.19166399791603908
(3.22);0.14918651661234228
(3.23);0.09525350704114521
(3.24);0.11879987435787598
(3.25);0.21253416143043805
(3.26);0.2702803370391999
(3.27);0.344271423513408
(3.28);0.2811856915107274
(3.29);0.17894217666478376
(3.30);0.22494667924872458
(3.31);0.3794873482242562
(4.5);0.5623672872760898
(4.6);0.5483599872885803
(4.7);0.37947574177867843
(4.8);0.3786923754343266
(4.9);0.33169399267125516
(4.10);0.3062515338009107
(4.11);0.31283490325558394
(4.12);0.4592670885458507
(4.13);0.40560764069602395
(4.14);0.41195307128379016
(4.15);0.31569963908436083
(4.16);0.3621239490566226
(4.17);0.4745918876056277
(4.18);0.3569431568339532
(4.19);0.3159750161889595
(4.20);0.2985929934565494
(4.21);0.2415008842215659
(4.22);0.19816303676764202
(4.23);0.14282541780775757
(4.24);0.16793092331644674
(4.25);0.26318453785869556
(4.26);0.32351315563180266
(4.27);0.39560209072186037
(4.28);0.31459844955850036
(4.29);0.22709480757514344
(4.30);0.2759915019094517
(4.31);0.4405515652608171
(5.6);0.5554361375416066
(5.7);0.4141793911690277
(5.8);0.418550446230547
(5.9);0.36954177277670597
(5.10);0.34583944285592966
(5.11);0.3547776774048038
(5.12);0.5120401462889048
(5.13);0.3288575265994694
(5.14);0.34869106772679465
(5.15);0.2706279573269439
(5.16);0.3391603094834445
(5.17);0.4549630439335956
(5.18);0.3942847763181918
(5.19);0.35317388630110075
(5.20);0.3405353040478092
(5.21);0.2836771530684239
(5.22);0.2413499400592971
(5.23);0.18766637874420825
(5.24);0.20945710026357606
(5.25);0.2997242632796384
(5.26);0.3559673575718365
(5.27);0.40301543333015477
(5.28);0.3062579887610266
(5.29);0.2560915114217336
(5.30);0.3086864942948462
(5.31);0.4591075584300604
(6.7);0.42434283502660036
(6.8);0.41668488956744915
(6.9);0.37532092760885466
(6.10);0.3491293198049088
(6.11);0.3456402207622017
(6.12);0.48362002717081676
(6.13);0.31988868443723434
(6.14);0.3276348053235395
(6.15);0.24648101538752426
(6.16);0.3062129206323923
(6.17);0.4128129605804427
(6.18);0.36955518988589636
(6.19);0.3296874612683384
(6.20);0.32575386458248723
(6.21);0.26805523334875236
(6.22);0.22709293506618233
(6.23);0.17709940076113076
(6.24);0.191122948441466
(6.25);0.27571561842481523
(6.26);0.32612612775509237
(6.27);0.3632605286381795
(6.28);0.2709989361683477
(6.29);0.22670809614397097
(6.30);0.2805171293849847
(6.31);0.41587075768729775
(7.8);0.5611951040974862
(7.9);0.5310386978679745
(7.10);0.48039236291573045
(7.11);0.4440346028182891
(7.12);0.4676167455583433
(7.13);0.2126151840088283
(7.14);0.23083614531544366
(7.15);0.16000617547875573
(7.16);0.24338327896001508
(7.17);0.34321962067581924
(7.18);0.4104661367770527
(7.19);0.3786090698286945
(7.20);0.4076077380195028
(7.21);0.3477510692034131
(7.22);0.31111261010725844
(7.23);0.2700046116986131
(7.24);0.26373330287377467
(7.25);0.3257391942652133
(7.26);0.3554233422402098
(7.27);0.33128964310734144
(7.28);0.22667117983319085
(7.29);0.25540223621752456
(7.30);0.3165681281415312
(7.31);0.3813228297115309
(8.9);0.5202217079431236
(8.10);0.4850119176736174
(8.11);0.4836627835633276
(8.12);0.49075018174525054
(8.13);0.21483211513329253
(8.14);0.24089176494397108
(8.15);0.1746789864479529
(8.16);0.26546968729203363
(8.17);0.36291194430269846
(8.18);0.4543395497611143
(8.19);0.41853599897290256
(8.20);0.4461233799688716
(8.21);0.37904772898576317
(8.22);0.33843666826273994
(8.23);0.29123081338084505
(8.24);0.2932306312990359
(8.25);0.3619354980447526
(8.26);0.3954073159779403
(8.27);0.3622557094093348
(8.28);0.25436010904958584
(8.29);0.2910786349968196
(8.30);0.35428848438993044
(8.31);0.41036644970099384
(9.10);0.6051111398598759
(9.11);0.4803999030976861
(9.12);0.4233936167395432
(9.13);0.17173670532411844
(9.14);0.19387791789246636
(9.15);0.1269831614531048
(9.16);0.21707215912041752
(9.17);0.31131334948746947
(9.18);0.4087083236777594
(9.19);0.38741198099571716
(9.20);0.43455546057439476
(9.21);0.37857535358524896
(9.22);0.3458654511217765
(9.23);0.31007039802885084
(9.24);0.2933489999319415
(9.25);0.3406795282888595
(9.26);0.3576693096094472
(9.27);0.31137150760407967
(9.28);0.2073405400892572
(9.29);0.2640859384253605
(9.30);0.32543339029001855
(9.31);0.35534167333726335
(10.11);0.49781097136644903
(10.12);0.4002160681821688
(10.13);0.14952958932139815
(10.14);0.17447333908567625
(10.15);0.11026390359359757
(10.16);0.20418149749988937
(10.17);0.2946147860418278
(10.18);0.40578115803692744
(10.19);0.39204832745716284
(10.20);0.4495080926073066
(10.21);0.3985788145976049
(10.22);0.36878079463281965
(10.23);0.33601355368111674
(10.24);0.31321213636779155
(10.25);0.35073987411130786
(10.26);0.35971774184229255
(10.27);0.30157820247950196
(10.28);0.19878089154693726
(10.29);0.2715826598382147
(10.30);0.33221830654437395
(10.31);0.34142876797811905
(11.12);0.4165840222882963
(11.13);0.16324574882666631
(11.14);0.19921043947162764
(11.15);0.14331100759437165
(11.16);0.24629340101970248
(11.17);0.32795342541556594
(11.18);0.4785875226646749
(11.19);0.4718455835096202
(11.20);0.5782473110342181
(11.21);0.46515596755488886
(11.22);0.4172883258568127
(11.23);0.363661229233775
(11.24);0.3650182936719486
(11.25);0.4220509630995012
(11.26);0.4342228972244517
(11.27);0.35406046193990875
(11.28);0.2505102860048078
(11.29);0.33797035713717577
(11.30);0.4043814426695994
(11.31);0.3842940870485545
(12.13);0.2794657338987797
(12.14);0.30768029178925116
(12.15);0.23810708631196803
(12.16);0.3243225025047629
(12.17);0.43602006227105133
(12.18);0.4550377521975906
(12.19);0.4073813289244761
(12.20);0.4006848732748775
(12.21);0.338932705250878
(12.22);0.2954656738941238
(12.23);0.24141941918392054
(12.24);0.26043590343946726
(12.25);0.34852253260079924
(12.26);0.4032416562001812
(12.27);0.41654820736998555
(12.28);0.3046299210670088
(12.29);0.29416284975138973
(12.30);0.35348231598271895
(12.31);0.48166386300284697
(13.14);0.48157286706464686
(13.15);0.3967021621579309
(13.16);0.3435168151070551
(13.17);0.35239079233931525
(13.18);0.2177182779799862
(13.19);0.18576846820264872
(13.20);0.1564864896609867
(13.21);0.10807363908847344
(13.22);0.06645465535089286
(13.23);0.008584377451485187
(13.24);0.04720812271806266
(13.25);0.1450958218187546
(13.26);0.2041357229768064
(13.27);0.2983691550482662
(13.28);0.28781519807048694
(13.29);0.13465457086007954
(13.30);0.16557464392071816
(13.31);0.30322422185960995
(14.15);0.46477024955268464
(14.16);0.4277089282505915
(14.17);0.40960888625289266
(14.18);0.2643669034243158
(14.19);0.2361014957707334
(14.20);0.19902543412170826
(14.21);0.15510549802968931
(14.22);0.11397699174734578
(14.23);0.05367441453756337
(14.24);0.10080493598838837
(14.25);0.20076995586131838
(14.26);0.2625534284627556
(14.27);0.3677153075664045
(14.28);0.3693740523057427
(14.29);0.20054586966348228
(14.30);0.22635779466099237
(14.31);0.3559727178613079
(15.16);0.4239445835387205
(15.17);0.34571176359014977
(15.18);0.21522689114631097
(15.19);0.19406641485733614
(15.20);0.14966261840508832
(15.21);0.11344808437395497
(15.22);0.0746535854775856
(15.23);0.013016828763998135
(15.24);0.07101651666045322
(15.25);0.1692390142881189
(15.26);0.2282935800541508
(15.27);0.3329034996121887
(15.28);0.38727516157786457
(15.29);0.18883855882833708
(15.30);0.20043329613779676
(15.31);0.3005911714375568
(16.17);0.44683487666575106
(16.18);0.32578089563324936
(16.19);0.30838201696776546
(16.20);0.2586321634318894
(16.21);0.22602380787516616
(16.22);0.18755843811537623
(16.23);0.12491640392997885
(16.24);0.18579056081308415
(16.25);0.28655234462876034
(16.26);0.3517113117968175
(16.27);0.4801144885514763
(16.28);0.5443640552420888
(16.29);0.3078065843067685
(16.30);0.3225876078151514
(16.31);0.4125624894710752
(17.18);0.40336272268904005
(17.19);0.36977793618219607
(17.20);0.330702256822595
(17.21);0.2838220922134228
(17.22);0.24091847395370494
(17.23);0.17973552346885782
(17.24);0.22373461392494667
(17.25);0.3270678508919699
(17.26);0.3989644815053501
(17.27);0.5262339127552705
(17.28);0.4123978672309126
(17.29);0.3107897022243739
(17.30);0.35207832886292273
(17.31);0.5495289177318421
(18.20);0.5067398092750278
(18.21);0.4360478246144291
(18.22);0.38391026480946705
(18.23);0.31804477993644625
(18.24);0.3557938977918167
(18.25);0.4681206577902364
(18.26);0.5571399505932607
(18.27);0.4557690010860785
(18.28);0.3354036174594954
(18.29);0.39616023218870555
(18.30);0.4762411225166865
(18.31);0.4800842713367539
(19.20);0.5343180049213125
(19.22);0.42142126510481137
(19.23);0.34891282628783626
(19.24);0.397815069293319
(19.25);0.5427696314912197
(19.26);0.6293797003866345
(19.27);0.4345531321880352
(19.28);0.32899823617361695
(19.29);0.4357493110700683
(19.30);0.5391463643074058
(19.31);0.43654674621150946
(20.21);0.5308410600758703
(20.22);0.4570764216760148
(20.23);0.386978488877874
(20.24);0.4058615187420435
(20.25);0.4790110598281679
(20.26);0.4815921676126846
(20.27);0.37237840424660623
(20.28);0.2714618909772727
(20.29);0.38158214711862765
(20.30);0.4552222358669451
(20.31);0.39115092595537293
(21.22);0.575026311794556
(21.23);0.4492323767770548
(21.24);0.4846034974903449
(21.25);0.5039530106030171
(21.26);0.45595844069181524
(21.27);0.33566918150767733
(21.28);0.24937062943102412
(21.29);0.4045720709808224
(21.30);0.46553854965818786
(21.31);0.3410738308226251
(22.23);0.5198394931185488
(22.24);0.5400129789848875
(22.25);0.4559350621896456
(22.26);0.4054075936718692
(22.27);0.2928390031200374
(22.28);0.21414730650235278
(22.29);0.3849977493843627
(22.30);0.4255896438550808
(22.31);0.2960536271584746
(23.24);0.4771576309189576
(23.25);0.37647235562228165
(23.26);0.33069908389878244
(23.27);0.22656840781146573
(23.28);0.15063466723935565
(23.29);0.32226200675140726
(23.30);0.3501579108223802
(23.31);0.2331640433189484
(24.25);0.45761463945684366
(24.26);0.39884037090932467
(24.27);0.28637789329794827
(24.28);0.22264601437392775
(24.29);0.4225062328933623
(24.30);0.43850229440302896
(24.31);0.27679306902199996
(25.26);0.5846528703773577
(25.27);0.40230605849280554
(25.28);0.3217429144768842
(25.29);0.5098513289022122
(25.30);0.6842540653234086
(25.31);0.384927037539485
(26.27);0.5012021153750088
(26.28);0.38566444713673714
(26.29);0.5068588950670756
(26.30);0.6801873047679453
(26.31);0.4700730852871995
(27.28);0.4995744991028196
(27.29);0.4060172352517018
(27.30);0.4467946477514607
(27.31);0.5783782817211001
(28.29);0.3694826902319756
(28.30);0.36788885730739807
(28.31);0.4024815966729859
(29.30);0.6085633196022734
(29.31);0.3565620415731954
(30.31);0.4101294503496684
