
****Importance edges******

(0.5);4.9558989467129635
(0.6);3.8535561012281923
(0.7);3.3629864964513856
(0.8);4.044413939572006
(0.9);3.0382171074924975
(0.10);2.889845320614481
(0.11);3.7348849890126745
(0.12);6.07762309285565
(0.13);2.4069158153995898
(0.14);3.109495589529083
(0.15);2.517220398892722
(0.16);4.637213799024823
(0.17);9.640568722110073
(0.18);7.609251155086092
(0.19);5.822994191456891
(0.20);4.214679500565048
(0.21);3.323692860010737
(0.22);2.740687859021983
(0.23);2.174392455470013
(0.24);2.61366270195899
(0.25);4.467806308967137
(0.31);35.336906243088634
(1.2);10.600040088775394
(1.3);4.098949564473202
(1.4);5.087600097776606
(1.5);4.326842678802226
(1.6);5.773205400617062
(1.7);7.280963336802037
(1.8);5.059368975051598
(1.9);4.424545282864458
(1.10);3.5488449873720063
(1.11);2.9384272056131
(1.12);5.047307102215641
(1.13);1.6586126367021947
(1.14);1.703788417294453
(1.15);1.335498949743574
(1.16);1.668582153700228
(1.17);2.59527852173332
(1.18);2.8691238512760306
(1.19);2.425821621718861
(1.20);2.6756594236158446
(1.21);2.0872236229966803
(1.22);1.8362335002394834
(1.23);1.6204173834059656
(1.24);1.6155290569979204
(1.25);2.0614402735604163
(1.26);2.9792561896879954
(1.27);3.006690601645552
(1.28);2.1609838786040307
(1.29);2.138069202867351
(1.30);2.54566219151513
(1.31);3.1413479582420467
(2.3);6.324849294450787
(2.4);7.624589037178171
(2.5);5.229351588922704
(2.6);8.967072098149185
(2.7);3.7025104229004504
(2.8);3.2222117890491493
(2.9);2.7578168053557586
(2.10);2.3963337833325102
(2.11);2.204888013184242
(2.12);4.230414721488335
(2.13);2.06307876636505
(2.14);2.0203829731158147
(2.15);1.4994411383640307
(2.16);1.7941847008748038
(2.17);2.8335989760329254
(2.18);2.4227751486897446
(2.19);2.0708256684424406
(2.20);2.137121218054482
(2.21);1.7388253808809875
(2.22);1.5502569914795086
(2.23);1.3777174593898556
(2.24);1.4110124013735807
(2.25);1.8085120270158874
(2.26);2.6723930519623202
(2.27);3.0007360889576096
(2.28);2.2293006463391776
(2.29);1.9784897295651467
(2.30);2.2947165942623737
(2.31);3.0926662111599175
(3.4);13.937496273542187
(3.5);4.219595124181554
(3.6);4.477942072857812
(3.7);2.1275632891244407
(3.8);2.089594789374978
(3.9);1.785366048360288
(3.10);1.6392293095518449
(3.11);1.6595840926614591
(3.12);2.9604313699995126
(3.13);3.9081760560553236
(3.14);3.369934168648985
(3.15);2.104577684811548
(3.16);2.285426106881165
(3.17);3.4477811437352845
(3.18);2.042121601501646
(3.19);1.787924478287539
(3.20);1.7131652344549053
(3.21);1.4577587899461275
(3.22);1.3137873235772393
(3.23);1.166163683725213
(3.24);1.24659455836646
(3.25);1.620758533421759
(3.26);2.4619487005240757
(3.27);3.2318913897730663
(3.28);2.6009005974084327
(3.29);1.9083048207248363
(3.30);2.133999143185274
(3.31);3.0902454575804326
(4.5);8.086541047879198
(4.6);7.446188340068141
(4.7);2.6977676257013643
(4.8);2.70537096928099
(4.9);2.1857616273432128
(4.10);1.9809327800060923
(4.11);2.0506096923294965
(4.12);4.365373309214392
(4.13);3.225476674240389
(4.14);3.362576690617624
(4.15);2.1453983117386377
(4.16);2.652191894958359
(4.17);4.936182986551963
(4.18);2.6290379086715276
(4.19);2.223928281203243
(4.20);2.0998532626007433
(4.21);1.733900442982751
(4.22);1.534229667784125
(4.23);1.3353941941831575
(4.24);1.4418322957192664
(4.25);1.945954249104424
(4.26);3.028908279813173
(4.27);4.099525398658297
(4.29);2.2231405590619224
(4.30);2.5522109109909037
(4.31);4.320459531734448
(5.6);6.269549699560301
(5.7);1.8485319571308685
(5.8);1.9341898238276762
(5.9);1.4200022073792777
(5.10);1.2635803222136164
(5.11);1.3465006753663917
(5.12);4.458574608479037
(5.13);1.216233356989011
(5.14);1.3670577026592605
(5.15);0.9764302574139977
(5.16);1.3453983861567156
(5.17);2.8832411365629573
(5.18);1.8912170112938995
(5.19);1.5182860156033866
(5.20);1.4511578096552502
(5.21);1.1452024750933063
(5.22);0.9958990754873303
(5.23);0.8542140130924303
(5.24);0.9312917462847038
(5.25);1.3192996099030334
(5.26);2.3814396106633993
(5.27);3.033943138785847
(5.28);1.964859686555655
(5.29);1.6275035124671122
(5.30);1.932564949883451
(5.31);3.352052935998056
(6.7);2.0180782804860447
(6.8);1.9314028688917622
(6.9);1.4891011716775062
(6.10);1.3030929870481467
(6.11);1.2990757332533547
(6.12);3.4921725183477994
(6.13);1.1802790863062642
(6.14);1.2447371730681904
(6.15);0.903706177320055
(6.16);1.1658911831013656
(6.17);2.1318937315246713
(6.18);1.650786778659289
(6.19);1.3650296461319587
(6.20);1.3659034968247228
(6.21);1.089510134508242
(6.22);0.9593632012108403
(6.23);0.8374784986604988
(6.24);0.8898805272482604
(6.25);1.209782645236639
(6.26);2.0941869117131757
(6.27);2.483193982061151
(6.28);1.728325392521457
(6.29);1.4864702842485396
(6.30);1.7436085312376193
(6.31);2.4996139806632285
(7.8);6.680560762070497
(7.9);5.22254071487449
(7.10);3.356982847207612
(7.11);2.500131081374131
(7.12);3.069416924632239
(7.13);0.7888703790060733
(7.14);0.8523012071217829
(7.15);0.6972666666847491
(7.16);0.9212838288542182
(7.17);1.4301800280121617
(7.18);2.143858221087666
(7.19);1.7862069572866461
(7.20);2.1762249301072596
(7.21);1.5652453183453285
(7.22);1.338934002419121
(7.23);1.1520700151560208
(7.24);1.1464321695622255
(7.25);1.5103468142185816
(7.26);2.407864814957829
(7.27);2.157081878701687
(7.28);1.4974155595779577
(7.29);1.6473783926300143
(7.30);2.0254034345203165
(7.31);2.0445140856475827
(8.9);4.780156291139339
(8.10);3.526976519727125
(8.11);3.51847345148252
(8.12);3.7771822657491074
(8.13);0.8057333334763127
(8.14);0.8946416370765544
(8.15);0.7368352382049144
(8.16);1.012196384061742
(8.17);1.6060990979678988
(8.18);2.9658085955684763
(8.19);2.319531158728923
(8.20);2.8756791224272775
(8.21);1.8750008058621228
(8.22);1.537149132211627
(8.23);1.266986378503841
(8.24);1.3009441297307955
(8.25);1.8246800383681385
(8.26);2.9665052929858207
(8.27);2.5053986009650013
(8.28);1.6538574217075297
(8.29);1.8905183323620225
(8.30);2.411943875532847
(8.31);2.4556954148187047
(9.10);9.276697836086763
(9.11);3.4508154176468224
(9.12);2.2147181539042546
(9.13);0.7165550391230465
(9.14);0.7777771967807205
(9.15);0.6563419169579412
(9.16);0.865250582758976
(9.17);1.2594530462478706
(9.18);2.1651183332918005
(9.19);1.9234518600926072
(9.20);2.668189355405492
(9.21);1.890280752203005
(9.22);1.612617839267189
(9.23);1.3876760072304448
(9.24);1.31615514611081
(9.25);1.6553892023898051
(9.26);2.4685407331301734
(9.27);2.012282637093016
(9.28);1.4322708918666311
(9.29);1.7242172970934804
(9.30);2.13434811009438
(9.31);1.8124244609182794
(10.11);4.045331323618226
(10.12);1.9122593732919817
(10.13);0.6834526277749571
(10.14);0.7448228130250147
(10.15);0.638415808262989
(10.16);0.84181955244114
(10.17);1.18697949063162
(10.18);2.148052175153253
(10.19);2.0002245459659846
(10.20);3.0031323976609214
(10.21);2.1525019043143514
(10.22);1.8387184189904726
(10.23);1.5805633832150237
(10.24);1.4482878355344346
(10.25);1.758436804886027
(10.26);2.5110720756959606
(10.27);1.9495898012952357
(10.28);1.4074526920241908
(10.29);1.785006572825388
(10.30);2.21475030111368
(10.31);1.7087889714130267
(11.12);2.1619376496378973
(11.13);0.7203594674444355
(11.14);0.8136484589176359
(11.15);0.704667417936195
(11.16);0.9822987297601701
(11.17);1.3951792507478442
(11.18);3.6797900758656232
(11.19);3.52557089959692
(11.20);8.068579947139602
(11.21);3.4488088064094695
(11.22);2.4870733525855613
(11.23);1.8381840258066644
(11.24);1.8820214644098665
(11.25);2.6797174660260135
(11.26);3.7643398069435463
(11.27);2.4633242454297783
(11.28);1.6713010329901923
(11.29);2.3475590499980044
(11.30);3.1776975413149833
(11.31);2.161870741098248
(12.13);1.0769595654832147
(12.14);1.2307250871617004
(12.15);0.9526457675266922
(12.16);1.3684202411107194
(12.17);2.673603838987728
(12.18);3.0958300092941777
(12.19);2.2505145145986707
(12.20);2.1965653824624694
(12.21);1.587305509324093
(12.22);1.3281050342956644
(12.23);1.101750839749191
(12.24);1.1998284043277219
(12.25);1.77725714301679
(12.26);3.180171060599228
(12.27);3.4224763175290485
(12.28);2.056235585852405
(12.29);1.9734945260280365
(12.30);2.475719761014825
(12.31);4.164024535713875
(13.14);3.7159309373968075
(13.15);2.0225172344953006
(13.16);1.5222084822247652
(13.17);1.6165851717424864
(13.18);0.9465051295393013
(13.19);0.8718846966973823
(13.20);0.8165863872720772
(13.21);0.7335609210607382
(13.22);0.6780493287188849
(13.23);0.6118954933199156
(13.24);0.6742213094728872
(13.25);0.8651741393173866
(13.26);1.43085011331503
(13.27);1.97311461937224
(13.28);1.9421037964125116
(13.29);1.2128008157277124
(13.30);1.2824916824354127
(13.31);1.4870620781103654
(14.15);3.3121422450363065
(14.16);2.5456407370720475
(14.17);2.2830419374289437
(14.18);1.1286698900468648
(14.19);1.036901322321028
(14.20);0.9360570737852578
(14.21);0.8389084997890214
(14.22);0.7675897919580651
(14.23);0.6802520941431619
(14.24);0.7702834169203885
(14.25);1.0258024338847502
(14.26);1.7435016764099054
(14.27);2.6908259000820616
(14.28);2.7797659243838093
(14.29);1.463953225211583
(14.30);1.545724688328686
(14.31);1.9177276513655346
(15.16);2.5096212771470157
(15.17);1.6048136820106127
(15.18);0.966048383278966
(15.19);0.919216325022112
(15.20);0.8242942195258782
(15.21);0.7639670099031812
(15.22);0.7095441453175187
(15.23);0.6340223122319049
(15.24);0.728832380365737
(15.25);0.9475407466066783
(15.26);1.5695344998705412
(15.27);2.313327118673668
(15.28);3.0629117961780894
(15.29);1.4278460077705952
(15.30);1.441363757690035
(15.31);1.5058496143008777
(16.17);3.018349348337297
(16.18);1.4974362131110575
(16.19);1.4063630740992508
(16.20);1.1741601865138844
(16.21);1.065763275455698
(16.22);0.9612474237190388
(16.23);0.8245887550696844
(16.24);0.9891908030802279
(16.25);1.4162612759551347
(16.26);2.536954097395803
(16.27);5.126624744526707
(16.28);7.809946077014572
(16.29);2.1534303038808797
(16.30);2.233313856657566
(16.31);2.688786528177748
(17.18);2.2986027077636373
(17.19);1.9181707064132036
(17.20);1.6024816766570695
(17.21);1.3306570700044926
(17.22);1.1547137440560762
(17.23);0.9686940611007571
(17.24);1.126820390662221
(17.25);1.7021897260876897
(17.26);3.2268834545360323
(17.27);6.856898600929832
(17.28);3.5508841517074434
(17.29);2.1986085474973485
(17.30);2.563145251066926
(17.31);7.002682424047357
(18.19);8.546915419105117
(18.20);4.921413138734405
(18.21);2.9803237600758696
(18.22);2.1901604076419594
(18.23);1.6023454302753126
(18.24);1.9424289376369792
(18.25);3.8921261396157916
(18.26);8.220257126940936
(18.27);4.457432055135429
(18.28);2.4542179745912898
(18.29);3.2733038734527624
(18.30);5.0404060862108535
(18.31);4.279036516652881
(19.20);6.065556329094261
(19.21);4.1010680449269765
(19.22);2.7722312885707012
(19.23);1.872911761103307
(19.24);2.4661238279783433
(19.25);6.641139672318547
(19.26);12.08316855992277
(19.27);3.9678531204433347
(19.28);2.409090080254555
(19.29);4.088875208601322
(19.30);7.419795873066745
(19.31);3.2111325916605384
(20.21);6.046544943536606
(20.22);3.57211313781445
(20.23);2.3213555832189994
(20.24);2.6242380037876583
(20.25);4.298294346899669
(20.26);5.294213242071407
(20.27);2.8943470222076906
(20.28);1.9483160780715383
(20.29);3.0977662571913998
(20.30);4.521182912190014
(20.31);2.4767220912079386
(21.22);8.253104611605073
(21.23);3.4558460461505525
(21.24);4.465859753778622
(21.25);5.16842634421477
(21.26);4.57197721695366
(21.27);2.471676808703802
(21.28);1.823583487181033
(21.29);3.5119226086078617
(21.30);4.837853274587105
(21.31);1.9387135434419462
(22.23);5.738746826512811
(22.24);6.646069735908741
(22.25);3.7331373394100056
(22.26);3.477725283956787
(22.27);2.101124934463524
(22.28);1.6474942513792223
(22.29);3.205354348244
(22.30);3.8760603752718805
(22.31);1.616104948159592
(23.24);4.313732623246103
(23.25);2.338835656736291
(23.26);2.468121214421669
(23.27);1.6917143567148965
(23.28);1.3944090400675098
(23.29);2.4366944161565924
(23.30);2.685253067514928
(23.31);1.303915480496812
(24.25);3.8507826778931955
(24.26);3.4213500742028757
(24.27);2.09453931206368
(24.28);1.7272824827821758
(24.29);3.961029539726648
(24.30);4.231642830959312
(24.31);1.5417903216675082
(25.26);9.8739846092229
(25.27);3.514359694762455
(25.28);2.4810129611258613
(25.29);6.60228321481345
(25.30);15.67384043409792
(25.31);2.5428836531825616
(26.28);4.006170437249229
(26.29);7.330567353080997
(26.30);16.119316159247596
(26.31);5.14575953561594
(27.28);7.05598071722713
(27.29);4.399393201525736
(27.30);5.27509380210114
(27.31);9.582046723982304
(28.30);3.7045671338807544
(28.31);3.627079047726983
(29.31);2.909343414231631
(30.31);3.6928261713718387

****Importance nodes******

0; 0.05
1; 0.03666666666666667
2; 0.03666666666666667
3; 0.03666666666666667
4; 0.03793103448275863
5; 0.012590179564595586
6; 0.01299631438925996
7; 0.013415550337300604
8; 0.013848310025600621
9; 0.014295029703845805
10; 0.014756159694292444
11; 0.015232164845721232
12; 0.01572352500203482
13; 0.016230735485971426
14; 0.016754307598422117
15; 0.017294769133855088
16; 0.017852664912366544
17; 0.018428557328894493
18; 0.019023026920149153
19; 0.019636672949831385
20; 0.02027011401272917
21; 0.020923988658301078
22; 0.021598956034375307
23; 0.022295696551613217
24; 0.023014912569407193
25; 0.0237573291039042
26; 0.03793103448275863
27; 0.03793103448275863
28; 0.03928571428571429
29; 0.03928571428571429
30; 0.03793103448275863
31; 0.02452369455886885
