
****Importance edges******

(0.5);5.1494038606776344
(0.6);4.003403663628754
(0.7);3.517262949453027
(0.8);4.201280433693986
(0.10);2.999168095076518
(0.11);3.904922594042448
(0.12);6.306812264905381
(0.13);2.5171664197738512
(0.14);3.1907667254239764
(0.15);2.6104886920958683
(0.16);4.70863068938666
(0.17);9.97789288032008
(0.18);7.9517142780984384
(0.19);6.088722141325771
(0.20);4.336841075134451
(0.21);3.442525055550345
(0.22);2.815165391106331
(0.23);2.249986588348529
(0.24);2.70392079632528
(0.25);4.61015356715006
(0.31);36.63625747128803
(1.3);4.306410680017308
(1.4);5.254505103849793
(1.5);4.4462572859931635
(1.6);5.931907397117316
(1.7);7.546244273509145
(1.8);5.198783801761894
(1.9);4.436740652598121
(1.10);3.6430674309030944
(1.11);3.0451741751642074
(1.12);5.1816076411146605
(1.13);1.7197337917719602
(1.14);1.724847163139961
(1.15);1.3703698221473848
(1.16);1.667374700393685
(1.17);2.656980889327256
(1.18);2.973298088196514
(1.19);2.5160145272677608
(1.20);2.7204125256738116
(1.21);2.139822608718982
(1.22);1.8633755360253175
(1.23);1.659688580057036
(1.24);1.6544273685624407
(1.25);2.1046150113745212
(1.26);2.9726284784651837
(1.27);3.0000018592966984
(1.28);2.192070056655299
(1.29);2.095263238023896
(1.30);2.629175784440957
(1.31);3.2263535468276134
(2.3);6.761548834054243
(2.4);8.012876136259328
(2.5);5.517173734753822
(2.6);9.457626377302086
(2.7);3.937337747618055
(2.8);3.3972214041866673
(2.9);2.8385642397203625
(2.10);2.5229452899774962
(2.11);2.342411679571946
(2.12);4.45212373406273
(2.13);2.1918218367021165
(2.14);2.096474870692546
(2.15);1.576151779671822
(2.17);2.9704848340634236
(2.18);2.5695471475329668
(2.19);2.197533712174279
(2.20);2.2236014946588325
(2.21);1.82345521080959
(2.22);1.609135304611378
(2.23);1.4426898636943915
(2.24);1.47694296682755
(2.25);1.8868453003468675
(2.26);2.714870173515503
(2.27);3.0484321535414027
(2.28);2.30104272495914
(2.29);1.9740883428598865
(2.30);2.4115765122533483
(2.31);3.244669995381836
(3.5);4.4518405378869765
(3.6);4.722913187352654
(3.7);2.2625014630353992
(3.8);2.2030880057813995
(3.9);1.8376406329254396
(3.10);1.7258388186538496
(3.11);1.7630959661610608
(3.12);3.115582663441952
(3.13);4.152059417697823
(3.14);3.4968530196852865
(3.15);2.2122468021602315
(3.16);2.3404335238979406
(3.18);2.165833564411375
(3.19);1.8973225876679756
(3.20);1.7824898015842745
(3.21);1.5287089151436102
(3.22);1.363684586967381
(3.23);1.2211593273006502
(3.24);1.3048425822994412
(3.25);1.6909595159452384
(3.26);2.5010808536828604
(3.27);3.283261618905069
(3.28);2.684601293161783
(3.29);1.9040595687318589
(3.30);2.242674421644052
(3.31);3.2421302623588466
(4.5);8.318105741031731
(4.6);7.65856186028089
(4.7);2.7982267377226817
(4.8);2.782660373645719
(4.9);2.195293991047752
(4.10);2.035546993821623
(4.11);2.1266996787348673
(4.12);4.485894169031948
(4.13);3.346762092602028
(4.14);3.408544988104049
(4.15);2.203525100448478
(4.16);2.654466693015757
(4.17);5.058553148703564
(4.18);2.726405555544353
(4.19);2.308171134760406
(4.20);2.13736208626324
(4.21);1.7792286888945021
(4.23);1.3690140098726256
(4.24);1.4778934346214079
(4.25);1.9886287331092751
(4.26);3.025767933147068
(4.27);4.095275045154994
(4.28);3.0262166734042544
(4.29);2.1818735970820975
(4.30);2.637480827744724
(4.31);4.4410443813340335
(5.6);6.3589017575929425
(5.7);1.9071164680074097
(5.8);1.9628257842012415
(5.9);1.3745747477826649
(5.10);1.280433300012417
(5.11);1.389322920968433
(5.12);4.520533476867511
(5.13);1.2562705753029428
(5.14);1.3512055734453086
(5.15);0.9897745445542377
(5.16);1.2994361115558828
(5.17);2.9119936029089386
(5.18);1.9523249622066121
(5.19);1.5697716551524044
(5.20);1.4490279684963556
(5.21);1.1606051604580376
(5.22);0.9918411510027785
(5.23);0.864704118396563
(5.24);0.9427074570821178
(5.25);1.3289169866631974
(5.26);2.3264535716748886
(5.27);2.9638911773709067
(5.28);1.9683456695344075
(5.29);1.5484063253806057
(5.30);1.98790552219582
(5.31);3.4112357798199624
(6.7);2.0814949110077365
(6.8);1.9599813976060207
(6.9);1.4424879003000406
(6.10);1.3204903990992973
(6.11);1.3400617098937069
(6.12);3.5407192584497427
(6.13);1.2188265632870359
(6.14);1.2307426574064098
(6.15);0.9160636805227198
(6.16);1.1268044610614447
(6.17);2.1532714674513227
(6.18);1.703747936076539
(6.19);1.4109843347989444
(6.20);1.3641609146333569
(6.21);1.1041742339536955
(6.22);0.9556605487921952
(6.23);0.8477820836994919
(6.24);0.9008086322615892
(6.25);1.2186947398712464
(6.26);2.0464569919174354
(6.27);2.4265979595484874
(6.28);1.7315592477051847
(6.29);1.4149531177581451
(6.30);1.793338173403577
(6.31);2.543654316497723
(7.8);6.890492486534575
(7.9);5.148140051748271
(7.10);3.4558931278842926
(7.11);2.617960314165244
(7.12);3.1598785215551026
(7.13);0.8264981601897313
(7.14);0.8558338334998179
(7.15);0.7171046356496151
(7.16);0.9043513677149777
(7.17);1.4649709777980056
(7.18);2.2421198011030556
(7.19);1.8704122024466858
(7.20);2.203170736215128
(7.21);1.6070014777132375
(7.22);1.3514005441532244
(7.23);1.1809025143152336
(7.24);1.1748098901735013
(7.26);2.374983248619295
(7.27);2.1276249796052067
(7.28);1.513251911671969
(7.29);1.5831145551193913
(7.30);2.1008251382202188
(7.31);2.1049018818797114
(8.9);4.639600626989333
(8.10);3.575963344532586
(8.11);3.6294686886987173
(8.12);3.831597992099252
(8.13);0.8320200910133763
(8.14);0.8856459556060677
(8.15);0.7472687104989
(8.16);0.9800291810180343
(8.17);1.6231115061331904
(8.18);3.0609081842571144
(8.19);2.397487529784889
(8.20);2.874358620882643
(8.21);1.9010624357189512
(8.22);1.5325201242175488
(8.23);1.2831453109868318
(8.24);1.317495882510677
(8.25);1.8391164336220915
(8.26);2.9015402030713067
(8.27);2.450531533723208
(8.28);1.6577356712249993
(8.29);1.8019726541864884
(8.30);2.480850398008999
(8.31);2.4997146988716312
(9.10);9.003925912732074
(9.11);3.411766104795967
(9.12);2.1538149793650105
(9.13);0.7102125263012992
(9.14);0.7387190485267483
(9.15);0.6395014673234233
(9.16);0.8044510496490086
(9.17);1.2244437497875347
(9.18);2.1522851778889533
(9.19);1.9163021902993045
(9.20);2.57037179798441
(9.21);1.8490500686776878
(9.22);1.551594945821461
(9.23);1.3576954060349915
(9.24);1.2885512157118193
(9.25);1.6138879470802892
(9.26);2.355788634880991
(9.27);1.9203704046726362
(9.28);1.4021472212337185
(9.29);1.6038604585683098
(9.30);2.143656253399213
(9.31);1.786106526795763
(10.11);4.165482682086131
(10.12);1.937312882975593
(10.13);0.7045079791735159
(10.14);0.7369183588483379
(10.15);0.6466679002082696
(10.16);0.8151225349134817
(10.17);1.1982536337185408
(10.18);2.2133814576175
(10.19);2.064122446128601
(10.20);2.9995003506519913
(10.21);2.1800490002875663
(10.22);1.8319694181003456
(10.23);1.5990889707918714
(10.24);1.4652477694797623
(10.25);1.7708023520697924
(10.26);2.4557560583965823
(10.27);1.9066425899352237
(10.28);1.4100024631145218
(10.29);1.7019254630843617
(10.30);2.275810851836992
(10.31);1.737550438197677
(11.12);2.226149879674612
(11.13);0.7541238491753857
(11.14);0.8183718119849093
(11.15);0.7249099141275148
(11.16);0.9670365224182126
(11.17);1.4298004436048555
(11.18);3.8460191365464964
(11.19);3.689245311348482
(11.21);3.541974353305994
(11.22);2.513182503092594
(11.23);1.8849309464122148
(11.24);1.9293784142563786
(11.25);2.734077038860211
(11.26);3.7189845133067077
(11.27);2.433644460871506
(11.28);1.6902463138549058
(11.29);2.2616439284922403
(11.30);3.295609284160772
(11.31);2.2261044913423413
(12.13);1.1101017532347726
(12.14);1.2191417884436617
(12.15);0.9654277692043106
(12.16);1.327444202699558
(12.17);2.7005281919141497
(12.18);3.1899229419081867
(12.19);2.3222698517949163
(12.20);2.1957336213165974
(12.21);1.6083276311935686
(12.22);1.3243790005997365
(12.23);1.1151683696635803
(12.24);1.214417834915752
(12.25);1.7907422000448245
(12.26);3.113081609275936
(12.27);3.3502751516374505
(12.28);2.06096919281818
(12.29);1.8842865367748851
(12.30);2.544070358576553
(12.31);4.235399344266342
(13.15);2.082743118196689
(13.16);1.5021058251326722
(13.17);1.6585267380487132
(13.18);0.9897674927159714
(13.19);0.9127891011253156
(13.20);0.8287043310557459
(13.21);0.7541068881953709
(13.22);0.6861254774282145
(13.23);0.6280687143077858
(13.24);0.6918532854369415
(13.25);0.8836696595096182
(13.26);1.4156171081478706
(13.27);1.952108600004733
(13.28);1.9659593589961575
(13.29);1.1706101987003015
(13.30);1.3307163499680443
(13.31);1.5324960534500507
(14.15);3.2838625586297088
(14.16);2.4177117968032693
(14.17);2.2577468975277646
(14.18);1.1388384961786433
(14.19);1.048118800389622
(14.20);0.9171620636980691
(14.21);0.833378313278395
(14.22);0.7508094202753143
(14.23);0.6755360769888082
(14.24);0.7651953746173198
(14.25);1.014808675537978
(14.26);1.6840204688855285
(14.27);2.599025831323699
(14.29);1.37982762138131
(14.30);1.5668556063248351
(14.31);1.9156897081616435
(15.16);2.43890044883615
(15.17);1.6209359209200203
(15.18);0.9945374694514041
(15.19);0.9476499373729094
(15.20);0.824323337274875
(15.21);0.773967919447053
(15.22);0.7079067725142699
(15.23);0.6416767505950182
(15.24);0.7376196673772869
(15.25);0.9548003168993542
(15.26);1.5377904448740036
(15.27);2.2665397538300054
(15.28);3.0705766875989107
(15.29);1.3654728010315473
(15.30);1.4804156419666539
(15.31);1.5312298719956594
(16.17);2.927706838060661
(16.18);1.4821107999810628
(16.19);1.3948821727826122
(16.20);1.12959035867446
(16.21);1.0397047073918473
(16.22);0.92376936844894
(16.23);0.8046569837642019
(16.24);0.9658955063649748
(16.25);1.3776670243769278
(16.26);2.420284901896868
(16.27);4.890862030024762
(16.29);2.0056913317739324
(16.30);2.235229380957426
(16.31);2.6416050746689015
(17.18);2.3582553032639164
(17.19);1.9707437145479603
(17.20);1.5984332868931368
(17.21);1.3442238300014977
(17.22);1.1492659398177454
(17.23);0.9777062623736309
(17.24);1.1373401591021564
(17.25);1.7108821784928832
(17.26);3.1572586458722083
(17.27);6.708950817923946
(17.28);3.5534989395188146
(17.29);2.100677641295906
(17.30);2.626686756891502
(18.20);4.998362857574641
(18.21);3.063388213874142
(18.22);2.218374243824782
(18.23);1.6446552210649725
(18.24);1.993212217133007
(18.25);3.9765156773228503
(18.26);8.147528414800501
(18.27);4.417994931963087
(18.28);2.485980831212952
(18.29);3.168967893696293
(18.30);5.227079879798642
(18.31);4.4085350774289855
(19.20);6.16978282427976
(19.22);2.812209168548493
(19.23);1.9248292387261896
(19.24);2.5337969003039107
(19.25);6.794017933505138
(19.26);11.992379605044647
(19.27);3.9380399769678904
(19.28);2.4428616284346303
(19.29);3.9648520859214544
(19.30);7.700859242979295
(19.31);3.312150937978396
(20.21);6.052954085005797
(20.22);3.5254962437797785
(20.23);2.3225183070898625
(20.24);2.6260175295093853
(20.25);4.284418716241263
(20.26);5.15107238247045
(20.27);2.8160918968852013
(20.28);1.938009287831279
(20.29);2.9454533790641735
(20.31);2.4904442946366294
(21.22);8.243901973208228
(21.23);3.4974497211847027
(21.24);4.519558916984183
(21.25);5.209705159952258
(21.26);4.488499171489085
(21.27);2.4265473736214043
(21.28);1.829154190448883
(21.29);3.370226421134073
(21.30);4.964326166270676
(21.31);1.970586185507621
(22.23);5.729626563072732
(22.24);6.63687425234574
(22.25);3.7139427154165836
(22.26);3.3804752921896437
(22.27);2.0423697522986357
(22.28);1.6365045086295225
(22.29);3.0463962712609756
(22.30);3.9378210557293043
(22.31);1.6216095870340692
(23.24);4.361905044076462
(23.25);2.3558241650298015
(23.26);2.42316740922942
(23.27);1.6609018515638836
(23.28);1.398067871211707
(23.29);2.3396864466231575
(23.30);2.7528568609136657
(23.31);1.3241016582994687
(24.25);3.8789845995088204
(24.26);3.360220629258003
(24.27);2.057116066039521
(24.28);1.7319851057244433
(24.29);3.805666916404089
(24.30);4.337478898277633
(24.31);1.5655584603878723
(25.26);9.672241267681791
(25.27);3.4425549779983116
(25.28);2.4809396335879463
(25.29);6.328414321633202
(25.31);2.5724502035321213
(26.27);6.743501780955333
(26.28);3.9318060510457666
(26.29);6.946407976544051
(26.30);16.1026037876324
(26.31);5.074070581081884
(27.28);6.925004343825416
(27.29);4.1688424040177265
(27.30);5.269624629150205
(27.31);9.4485529399871
(28.29);3.6609095235029154
(28.30);3.7611737043230637
(28.31);3.6491591086045783
(29.30);11.935414563597234
(29.31);2.807906301963384
(30.31);3.7958936541711785

****Importance nodes******

0; 0.05238095238095238
1; 0.03793103448275863
2; 0.03928571428571429
3; 0.03928571428571429
4; 0.03928571428571429
5; 0.012798082525557499
6; 0.013210923897349678
7; 0.01409165215717299
8; 0.01409165215717299
9; 0.01328506388828611
10; 0.014974772029607154
11; 0.015973090164914296
12; 0.015973090164914296
13; 0.01703796284257525
14; 0.016270798999708385
15; 0.017562827326436808
16; 0.0166703119267086
17; 0.018599830071964557
18; 0.019909353881488363
19; 0.02059588332567762
20; 0.020087139627627183
21; 0.021242570331792214
22; 0.02132766164418407
23; 0.022594942750174846
24; 0.023323811871148226
25; 0.02389602115289159
26; 0.03666666666666667
27; 0.03666666666666667
28; 0.03928571428571429
29; 0.03666666666666667
30; 0.03928571428571429
31; 0.02505527236525568
