
****Mix criterion 0.5*C(weight)+0.5*C(distance) ******

(0.5);0.4648718280882607
(0.6);0.41825354132732245
(0.7);0.39071050854956135
(0.8);0.4256344580664549
(0.10);0.3540424739144242
(0.11);0.4076113741089668
(0.12);0.4949167704933754
(0.13);0.3048718668526043
(0.14);0.36449869200812424
(0.15);0.3126763173853853
(0.16);0.44221075000670473
(0.17);0.5769026023940655
(0.18);0.5328098246770242
(0.19);0.48332764163867925
(0.20);0.4201369966628138
(0.21);0.3690259293285237
(0.22);0.3205737000424551
(0.23);0.25354755786961003
(0.24);0.3039645104837912
(0.25);0.42526741832580106
(0.31);0.9824127216643568
(1.3);0.40225934426471943
(1.4);0.443346786235527
(1.5);0.4657170397123864
(1.6);0.5091805631566524
(1.7);0.5455904380917845
(1.8);0.48766778459687354
(1.9);0.4645026997315689
(1.10);0.4288841528257105
(1.11);0.39428354474412897
(1.12);0.48321347365063916
(1.13);0.2575319797349869
(1.14);0.2620946196311279
(1.15);0.18178431662859423
(1.16);0.25031343894825475
(1.17);0.35925369506463994
(1.18);0.37873531000847416
(1.19);0.3408113217877919
(1.20);0.3597054749310951
(1.21);0.2991406359464397
(1.22);0.2608608866139016
(1.23);0.21933632473164905
(1.24);0.2145625981690721
(1.25);0.2843424132292509
(1.26);0.32310360119175974
(1.27);0.32474391247508155
(1.28);0.22277603068967117
(1.29);0.21865228074189777
(1.30);0.2797612092148384
(1.31);0.3816481286429431
(2.3);0.49063570196499157
(2.4);0.5234634059956697
(2.5);0.49669913736667026
(2.6);0.58280836561117
(2.7);0.4409189721158763
(2.8);0.4156193256244613
(2.9);0.3846467631457242
(2.10);0.3554885294211396
(2.11);0.33569460096020376
(2.12);0.4566931247558309
(2.13);0.31610552081861876
(2.14);0.3081308454970729
(2.15);0.2214266167964158
(2.17);0.3784170323523068
(2.18);0.3434042800819651
(2.19);0.30328458593652435
(2.20);0.30820735006726224
(2.21);0.2487216808044805
(2.22);0.2085793994469875
(2.23);0.16291090102509026
(2.24);0.16748819628917597
(2.25);0.2471832007752644
(2.26);0.2943379218544795
(2.27);0.32497086181734075
(2.28);0.23366611275129584
(2.29);0.19194002655755932
(2.30);0.248809749807477
(2.31);0.37933718209006156
(3.5);0.46337542253817665
(3.6);0.47193654816907366
(3.7);0.3345801762691629
(3.8);0.3284763758673505
(3.9);0.28706364904573056
(3.10);0.2619714132855332
(3.11);0.2633003933488555
(3.12);0.3943953837940991
(3.13);0.4437818937303794
(3.14);0.4155304108722352
(3.15);0.31638667740445175
(3.16);0.33303167748270784
(3.18);0.3021682758031675
(3.19);0.26331523226054293
(3.20);0.2472109110216097
(3.21);0.19145122976388285
(3.22);0.14882076503130293
(3.23);0.09513870376823816
(3.24);0.11862071025629665
(3.25);0.21223482365754887
(3.26);0.27048824300174623
(3.27);0.34374825865812886
(3.28);0.2814014141630293
(3.29);0.17863877804343034
(3.30);0.22512689061780902
(3.31);0.3791732571586423
(4.5);0.5613444535470528
(4.6);0.547423011564182
(4.7);0.37946622373560557
(4.8);0.3783660935989174
(4.9);0.3307196981975769
(4.10);0.30599506976688395
(4.11);0.31284365531518643
(4.12);0.4579252952447898
(4.13);0.4056397814136133
(4.14);0.41090098995012114
(4.15);0.31542147567269485
(4.16);0.36084990839092457
(4.17);0.4738396880419595
(4.18);0.3565720223018234
(4.19);0.3156614706329455
(4.20);0.2980667418197251
(4.21);0.2412532483265637
(4.23);0.14269671446375054
(4.24);0.1677279981107278
(4.25);0.2628325059558267
(4.26);0.32376467696653144
(4.27);0.39494953718668363
(4.28);0.31484162290751483
(4.29);0.226747141224682
(4.30);0.27620343817015663
(4.31);0.4401213258042578
(5.6);0.5551565007810617
(5.7);0.4145409101341971
(5.8);0.4184789166797248
(5.9);0.3685904056921845
(5.10);0.3457676334002942
(5.11);0.35504356814339855
(5.12);0.5102725729153652
(5.13);0.32910257262722364
(5.14);0.3481393526674241
(5.15);0.27056609992359903
(5.16);0.3382088141813694
(5.17);0.45465433038263137
(5.18);0.39411888901274195
(5.19);0.3530396537946016
(5.20);0.3401237690978906
(5.21);0.2835699061901244
(5.22);0.2410308677213631
(5.23);0.1876532188909584
(5.24);0.20937051072729132
(5.25);0.29951038112495704
(5.26);0.3565125831541323
(5.27);0.4026065670941974
(5.28);0.306696091914846
(5.29);0.2558779101023516
(5.30);0.30912895096912274
(5.31);0.4590215540150421
(6.7);0.4247300592651457
(6.8);0.41661324040292613
(6.9);0.37433712415888054
(6.10);0.34905549801884217
(6.11);0.34589222221746346
(6.12);0.48225295295544324
(6.13);0.320122450433831
(6.14);0.32713855602172387
(6.15);0.2464239922606985
(6.16);0.3053985474895252
(6.17);0.412586416270357
(6.18);0.3694112945290874
(6.19);0.329567522478366
(6.20);0.32537049226691817
(6.21);0.26795384180108217
(6.22);0.2267886743469606
(6.23);0.177086217348033
(6.24);0.1910406947331605
(6.25);0.2755210619237137
(6.26);0.3266010189569813
(6.27);0.3629276690130214
(6.28);0.2713807070764663
(6.29);0.22651400516876843
(6.30);0.2809125211938017
(6.31);0.4158061119010573
(7.8);0.5624769547963231
(7.9);0.5288141470158542
(7.10);0.48094705604185317
(7.11);0.44505594966954604
(7.12);0.4670884055972806
(7.13);0.21293491979359974
(7.14);0.23067699173775313
(7.15);0.1601041650176096
(7.16);0.2429318688362288
(7.17);0.34334931899051724
(7.18);0.4106932296451881
(7.19);0.37879064392499767
(7.20);0.4074068322378472
(7.21);0.34789102714574943
(7.22);0.3109311770587637
(7.23);0.27018758220475053
(7.24);0.2638245184473505
(7.26);0.35625692647792084
(7.27);0.3312644632974764
(7.28);0.2271762483073212
(7.29);0.25538350052684855
(7.30);0.3172693071975703
(7.31);0.38160611570271613
(8.9);0.5171869789467899
(8.10);0.48483821877121736
(8.11);0.484345098063488
(8.12);0.4893350176701
(8.13);0.2149915575289752
(8.14);0.2405498002133088
(8.15);0.1746376325517759
(8.16);0.26478689133438216
(8.17);0.3627539130598929
(8.18);0.45410247745336946
(8.19);0.41834870257538254
(8.20);0.44535018848297214
(8.21);0.37888632897235264
(8.22);0.33796797015617364
(8.23);0.2912170694500721
(8.24);0.2931189306320713
(8.25);0.36165663464254755
(8.26);0.3960783166847818
(8.27);0.36193330943571506
(8.28);0.25472466127582993
(8.29);0.29084156155859675
(8.30);0.35483404756460973
(8.31);0.410314812071369
(9.10);0.5992217374640624
(9.11);0.47906814350098254
(9.12);0.42131940437925713
(9.13);0.17147655686663366
(9.14);0.19315818587165795
(9.15);0.1265929157327827
(9.16);0.21603811230353115
(9.17);0.3105354929220026
(9.18);0.40743060356711885
(9.19);0.3862930830977545
(9.20);0.43253236845485754
(9.21);0.37750041304887105
(9.22);0.3446145390394511
(9.23);0.30940950038008985
(9.24);0.2926364258184484
(9.25);0.33968844799445164
(9.26);0.35741772872897415
(9.27);0.3104584267147298
(9.28);0.20719826100569602
(9.29);0.26332334891120257
(9.30);0.3252158685900251
(9.31);0.3545086602167212
(10.11);0.4984939581235263
(10.12);0.39948479833836914
(10.13);0.14964815959486794
(10.14);0.1741832195107422
(10.15);0.1102176079157049
(10.16);0.20361456306094755
(10.17);0.29448057334041067
(10.18);0.4055774168065733
(10.19);0.391857557768791
(10.20);0.44867214453005005
(10.21);0.39836347145160966
(10.22);0.3682049940830579
(10.23);0.3359722419228405
(10.24);0.3130686737076068
(10.25);0.3504511542311991
(10.26);0.3602484709467564
(10.27);0.3013103209971272
(10.28);0.19907090771010597
(10.29);0.27134354091873336
(10.30);0.3326864063871852
(10.31);0.34136859331258734
(11.12);0.4162622243365127
(11.13);0.16353020156150405
(11.14);0.19907751249853206
(11.15);0.14341334666701822
(11.16);0.24585063769437476
(11.17);0.3280900346588114
(11.18);0.4790004760574012
(11.19);0.47222655717605844
(11.21);0.46548777542887604
(11.22);0.4169954906488355
(11.23);0.36395902320968193
(11.24);0.36518100324476527
(11.25);0.42210076026374815
(11.26);0.4355104456394651
(11.27);0.35405159735884567
(11.28);0.2510677304421619
(11.29);0.337962119070251
(11.30);0.4054683369571888
(11.31);0.3846021359972035
(12.13);0.27932098350123524
(12.14);0.30684872058808926
(12.15);0.23776100841610612
(12.16);0.32303333811037716
(12.17);0.43496924639427664
(12.18);0.4538906558542715
(12.19);0.40655706495391475
(12.20);0.39949970475762053
(12.21);0.3383592334480533
(12.22);0.2947164258044845
(12.23);0.24111111017393913
(12.24);0.2600204942763235
(12.25);0.34780253993200216
(12.26);0.40332849103304047
(12.28);0.3046846840828125
(12.29);0.29355618738803896
(12.30);0.35354991571479544
(12.31);0.4805202111853668
(13.15);0.39700601463236623
(13.16);0.342864763783475
(13.17);0.35255910983763195
(13.18);0.2178298861855634
(13.19);0.18586766487840056
(13.20);0.1564330447671848
(13.21);0.1081484935178057
(13.22);0.06638253379244875
(13.23);0.008685905934173139
(13.24);0.04727030294522802
(13.25);0.14511826555187257
(13.26);0.2046243690382584
(13.27);0.2983735807913998
(13.28);0.2884622570379616
(13.29);0.1346572248210574
(13.30);0.16601262446363826
(13.31);0.30344233779449975
(14.15);0.4635433202104373
(14.16);0.4253366963632719
(14.17);0.4086977600747448
(14.18);0.2639412502741759
(14.19);0.23571487239791053
(14.20);0.1985188158027505
(14.21);0.1547969433614249
(14.22);0.11354322679136551
(14.23);0.05347831478367583
(14.24);0.10053318765089689
(14.25);0.20034931324668157
(14.26);0.2625804337068657
(14.27);0.36685282468997665
(14.29);0.2000879759090145
(14.30);0.2263817365206993
(14.31);0.3554304532356699
(15.16);0.42235230550725306
(15.17);0.3455279660253435
(15.18);0.21513264613845873
(15.19);0.19397633073342405
(15.20);0.14944123332577447
(15.21);0.11336995236718114
(15.22);0.07443970545408113
(15.23);0.012995888665100864
(15.24);0.07094273584385653
(15.25);0.16908522951391572
(15.26);0.2286004228078195
(15.27);0.3325860447825675
(15.28);0.38785962170221255
(15.29);0.18864730873679494
(15.30);0.20071508161271584
(15.31);0.30052915047850093
(16.17);0.44486087164193017
(16.18);0.3248396224917489
(16.19);0.3075096010912227
(16.20);0.2577166310059959
(16.21);0.2253766730143788
(16.22);0.1867943332972829
(16.23);0.12448624083428268
(16.24);0.18521649040605617
(16.25);0.28565720581194204
(16.26);0.35130928174763965
(16.27);0.4776133629551248
(16.29);0.3067808988759622
(16.30);0.32223369550726083
(16.31);0.4112072586267819
(17.18);0.403057622042708
(17.19);0.3695235933073058
(17.20);0.33022534682158794
(17.21);0.2836416387801373
(17.22);0.2405390692764553
(17.23);0.17967045337962537
(17.24);0.22358483843767443
(17.25);0.3267413928432597
(17.26);0.39950088319887084
(17.27);0.525138143578223
(17.28);0.4129742725551245
(17.29);0.31044659972254973
(17.30);0.3525043980013911
(18.20);0.5053659929256595
(18.21);0.43569057696846386
(18.22);0.38323073556482495
(18.23);0.31795995691857387
(18.24);0.35556469834995735
(18.25);0.46743445389001287
(18.26);0.5585712688180202
(18.27);0.455107025704529
(18.28);0.3358210198814021
(18.29);0.3956854062183608
(18.30);0.4771187623495985
(18.31);0.47982858334724504
(19.20);0.5326392462902703
(19.22);0.4205688132511953
(19.23);0.34881172535548366
(19.24);0.39752385336722174
(19.25);0.541603648274187
(19.26);0.631445199613207
(19.27);0.4339648898849093
(19.28);0.3294005786111692
(19.29);0.43515706372463336
(19.30);0.5404147056833573
(19.31);0.4363519907740496
(20.21);0.5291773858847589
(20.22);0.45544265765482456
(20.23);0.3865022169156623
(20.24);0.4051639297029449
(20.25);0.4776356472211568
(20.26);0.4818988032523819
(20.27);0.3716322437921542
(20.28);0.2715721687283367
(20.29);0.38080171064412166
(20.31);0.3906451176090234
(21.22);0.5725091752677496
(21.23);0.4490282465604007
(21.24);0.4840621793360085
(21.25);0.5030382627923836
(21.26);0.4567004023758923
(21.27);0.3352986128652694
(21.28);0.2496599105721409
(21.29);0.40405738899148086
(21.30);0.4663236589429892
(21.31);0.3409472343243699
(22.23);0.5184839812175519
(22.24);0.5380553649407186
(22.25);0.4546409329502413
(22.26);0.4055090162226217
(22.27);0.29225172347242534
(22.28);0.21419428412320463
(22.29);0.384121763766842
(22.30);0.4257026832408955
(22.31);0.2956758032676842
(23.25);0.3762028396577748
(23.27);0.22639361552829326
(23.28);0.15090983784969766
(23.29);0.32201577959745
(23.30);0.35069973380408226
(23.31);0.23315383408036305
(24.25);0.45694941168371966
(24.26);0.3993669033124875
(24.27);0.28606873241093844
(24.28);0.22290605629854168
(24.29);0.42193428492262647
(24.30);0.4391535276942117
(24.31);0.2766912435998922
(25.26);0.5857408534670849
(25.27);0.40164646935601966
(25.28);0.32201041510848755
(25.29);0.5086388128011458
(25.31);0.3846256837964746
(26.27);0.501744155220856
(26.28);0.38692292918749305
(26.30);0.6853413834722545
(26.31);0.4710401668061433
(27.28);0.5001119339469953
(27.29);0.40530540741385573
(27.30);0.44720361210019166
(27.31);0.5773599191607552
(28.29);0.3697668056262221
(28.30);0.369052594925863
(28.31);0.40314878927851366
(29.30);0.6094896017167212
(29.31);0.35625940616764307
(30.31);0.4108234711095363
