
****Mix criterion 0.5*C(weight)+0.5*C(distance) ******

(0.5);0.4650076154430301
(0.6);0.4187283198136675
(0.7);0.3904803588595341
(0.8);0.4257426909225515
(0.9);0.36664228820300127
(0.10);0.3541430285830718
(0.11);0.4073358890305566
(0.12);0.49601627811747473
(0.13);0.30468437233515017
(0.14);0.3650796550747311
(0.15);0.3127699655806881
(0.16);0.44372252973771364
(0.17);0.5774509141242032
(0.18);0.5321966555826565
(0.19);0.4820507861268638
(0.20);0.4206730218515824
(0.21);0.36913883674760223
(0.22);0.3209739989840176
(0.23);0.2535471396776529
(0.24);0.30406123726643447
(0.25);0.4251626732185882
(0.31);0.9824127216643568
(1.2);0.5905694755087771
(1.3);0.4021083041864357
(1.4);0.44316249334727315
(1.5);0.46639996759149555
(1.6);0.5107872248723526
(1.7);0.545840438535362
(1.8);0.4884458144723141
(1.9);0.4666547548885239
(1.10);0.4294578437499868
(1.11);0.3943542056677477
(1.12);0.4849427543271303
(1.13);0.25756020848017225
(1.14);0.26268565936495125
(1.15);0.1819962462943662
(1.16);0.25117590378571014
(1.17);0.3597224613813241
(1.18);0.3787609425504867
(1.19);0.34041449912466876
(1.20);0.36041021484271274
(1.21);0.2994475679996245
(1.22);0.26138142192690755
(1.23);0.21950247243444698
(1.24);0.21479976960718147
(1.25);0.2844901484568886
(1.26);0.32371502808969577
(1.27);0.3253756167980767
(1.28);0.22269914753626063
(1.29);0.21909347608355093
(1.30);0.2802836504679064
(1.31);0.38195920932422156
(2.3);0.48881782062501966
(2.4);0.5213090981048136
(2.5);0.4955737140279027
(2.6);0.5819860768334669
(2.7);0.43968765111466274
(2.8);0.41494273604952225
(2.9);0.38499375708763073
(2.10);0.35501961692909756
(2.11);0.33496696541768645
(2.12);0.456658764368701
(2.13);0.3154239741131934
(2.14);0.3081367617127661
(2.15);0.22115396664000675
(2.16);0.2720267381581408
(2.17);0.37798379280796623
(2.18);0.34262651505830827
(2.19);0.30226999957036177
(2.20);0.30808053325752294
(2.21);0.2484225815232673
(2.22);0.20852996332742854
(2.23);0.16262280875358148
(2.24);0.16726091122451284
(2.25);0.2467628343089653
(2.26);0.2942280986842641
(2.27);0.32486216335242735
(2.28);0.23304746416428665
(2.29);0.1918696361530286
(2.30);0.2487154474177358
(2.31);0.3787147294429935
(3.4);0.6484272615006519
(3.5);0.46246731170413685
(3.6);0.471525916752998
(3.7);0.3338726256993909
(3.8);0.32803760953450334
(3.9);0.2872882873181726
(3.10);0.2616506503325937
(3.11);0.2627527136642656
(3.12);0.3943713384995733
(3.13);0.44249081141270336
(3.14);0.41554027893075624
(3.15);0.31600399253589806
(3.16);0.33344270087324773
(3.17);0.41555875150523086
(3.18);0.3015127090839196
(3.19);0.2624392513283753
(3.20);0.24710925176720971
(3.21);0.19120047738181545
(3.22);0.14877886968907234
(3.23);0.0948948491648827
(3.24);0.11841990952305632
(3.25);0.21185809819084417
(3.26);0.2703870681348977
(3.27);0.3436311868389416
(3.28);0.28067964364626186
(3.29);0.1785708846668353
(3.30);0.22503919298254932
(3.31);0.3785512917301651
(4.5);0.5596476807453691
(4.6);0.5467571415858365
(4.7);0.3785911361588795
(4.8);0.37781189981069846
(4.9);0.33098805700550454
(4.10);0.30561674471269695
(4.11);0.31218302751521304
(4.12);0.4578906742258158
(4.13);0.40459910619090106
(4.14);0.41091060880491
(4.15);0.31504029952517076
(4.16);0.361316081810976
(4.17);0.47310190771868177
(4.18);0.3557467784904997
(4.19);0.3145958037213872
(4.20);0.2979448434302481
(4.21);0.24096140347136377
(4.22);0.19769710099283946
(4.23);0.14242333460176027
(4.24);0.16750056677966252
(4.25);0.2623894633634296
(4.26);0.3236422772179188
(4.27);0.3948035112663464
(4.28);0.31402800712859946
(4.29);0.22666934178592385
(4.30);0.27610030200852576
(4.31);0.43926936248137977
(5.6);0.5566077225576701
(5.7);0.4141017069172276
(5.8);0.41846938514357623
(5.9);0.36948242449130037
(5.10);0.3457867772654297
(5.11);0.3547217099776699
(5.12);0.5118553344526509
(5.13);0.32880725108286296
(5.14);0.34863471254283257
(5.15);0.2705878154433655
(5.16);0.33910515007496883
(5.17);0.4548451571516241
(5.18);0.3936761370561152
(5.19);0.3522336191961573
(5.20);0.340437229391115
(5.21);0.28358939665549376
(5.22);0.24128192139664836
(5.23);0.18760785032275915
(5.24);0.2093930889596143
(5.25);0.2993808691618764
(5.26);0.35686192132808014
(5.27);0.40307344572659515
(5.28);0.3062945779764137
(5.29);0.2561218184594159
(5.30);0.30941244281481345
(5.31);0.45885546488401097
(6.8);0.4170389014548185
(6.9);0.3755885485017002
(6.10);0.34935886260476323
(6.11);0.3458644308169485
(6.12);0.4842103461937697
(6.13);0.3200840205754065
(6.14);0.32783641752830595
(6.15);0.24662421447883026
(6.16);0.3063935862469784
(6.17);0.4131358963198766
(6.18);0.36934146763030273
(6.19);0.3291047944317908
(6.20);0.32591020388232556
(6.21);0.26816637620305683
(6.22);0.2271953561603203
(6.23);0.17718573425402848
(6.24);0.19121144346526156
(6.25);0.27560264185862626
(6.26);0.327154410678461
(6.27);0.36360157575197216
(6.28);0.27123015749028967
(6.29);0.2269069612567782
(6.30);0.28137327210447327
(6.31);0.4160864274207286
(7.8);0.560961393595808
(7.9);0.5308559942516197
(7.10);0.48027492335140515
(7.11);0.4439471390693466
(7.12);0.46750936610400345
(7.13);0.2125875864315286
(7.14);0.2308063286952838
(7.15);0.1599817825350676
(7.16);0.24335104907490543
(7.17);0.34316958773640877
(7.18);0.4098039399642945
(7.19);0.3775388392705048
(7.20);0.40747422859695537
(7.21);0.3476410383106837
(7.22);0.3110292161157684
(7.23);0.26993247517764846
(7.24);0.2636611430705179
(7.25);0.325361068755361
(7.26);0.3563205259401305
(7.27);0.33133670542845217
(7.28);0.22670301004878077
(7.29);0.25543725415830937
(7.30);0.3173228046233364
(7.31);0.38118072726707686
(8.9);0.5200544805553802
(8.10);0.48488853110755054
(8.11);0.4835396944657542
(8.12);0.49061804206511017
(8.13);0.21480392762803777
(8.14);0.24086046710038128
(8.15);0.17465320925060251
(8.16);0.2654342769525216
(8.17);0.36285575706942574
(8.18);0.45343416268596076
(8.19);0.4171631326257335
(8.20);0.4459479213524997
(8.21);0.3789167474733649
(8.22);0.33834144099134206
(8.23);0.2911519005658175
(8.24);0.29314917306971516
(8.25);0.36148319952367425
(8.26);0.3965025466936708
(8.27);0.36230918176882654
(8.28);0.25439450714699596
(8.29);0.29111795533538
(8.30);0.3551789715983462
(8.31);0.4101967244612778
(9.10);0.6047866069677422
(9.11);0.4802791809261229
(9.12);0.42331613778092586
(9.13);0.17171163760246486
(9.14);0.19385070839534066
(9.15);0.12696020020716334
(9.16);0.21704188948363462
(9.17);0.3112692892036457
(9.18);0.40805521365937547
(9.19);0.3862876449810942
(9.20);0.4343935595223325
(9.21);0.37844414079705274
(9.22);0.3457660897433692
(9.23);0.30998443070337556
(9.24);0.29326702469577903
(9.25);0.3402733305982945
(9.26);0.3585721580622501
(9.27);0.311413485956783
(9.28);0.2073696633592595
(9.29);0.2641209980262859
(9.30);0.32621401054192667
(9.31);0.35521711960962327
(10.11);0.49766945084941916
(10.12);0.4001491703402978
(10.13);0.1495056796434236
(10.14);0.17444728245368185
(10.15);0.11024156946864275
(10.16);0.2041520475664286
(10.17);0.29457326114861637
(10.18);0.40514101571746264
(10.19);0.3908938529647816
(10.20);0.44932688368581086
(10.21);0.398430357700902
(10.22);0.36866812318235304
(10.23);0.3359161673366325
(10.24);0.3131224141047485
(10.25);0.3503128203963293
(10.26);0.3606273388568037
(10.27);0.3016179201009997
(10.28);0.19880884583686956
(10.29);0.27161811295969485
(10.30);0.3330205655799783
(10.31);0.341312013116786
(11.12);0.4165083897851743
(11.13);0.16322054801216568
(11.14);0.1991819750662737
(11.15);0.14328635574527882
(11.16);0.2462590366097216
(11.17);0.32790461693163225
(11.18);0.477504355786698
(11.19);0.46983681594358134
(11.20);0.5777631962351746
(11.21);0.46491964817635834
(11.22);0.4171367702044244
(11.23);0.3635485905294072
(11.24);0.3649023330008321
(11.25);0.4214069680585862
(11.26);0.4355730830010721
(11.27);0.3541094245937436
(11.28);0.25054268042456873
(11.29);0.3380158593009261
(11.30);0.40552121278673153
(11.31);0.38414723793626515
(12.13);0.2794280579058054
(12.14);0.3076372365147327
(12.15);0.2380737592712929
(12.16);0.324274630149066
(12.17);0.43592652980921875
(12.18);0.45413783227666427
(12.19);0.40611577563697887
(12.20);0.4005538294907653
(12.21);0.33882465362528275
(12.22);0.295385196492712
(12.23);0.24135228141047535
(12.24);0.2603623813573309
(12.25);0.34809996048231245
(12.26);0.40437084870366935
(12.27);0.4166145153014664
(12.28);0.30466877803357445
(12.29);0.2942001431487723
(12.30);0.3543613769330908
(12.31);0.4813826885742296
(13.14);0.48144287018047643
(13.15);0.39663140709194744
(13.16);0.3434635626750049
(13.17);0.3523342382647473
(13.18);0.2174466226323064
(13.19);0.1852846750283754
(13.20);0.1564380533357425
(13.21);0.10802403522063049
(13.22);0.06641380134550448
(13.23);0.0085472992400739
(13.24);0.047167037460040424
(13.25);0.14489233775641608
(13.26);0.20463855247633048
(13.27);0.2984063782666901
(13.28);0.287850942239611
(13.29);0.13467689230219362
(13.30);0.16602533728462945
(13.31);0.3031244107126514
(14.15);0.4646543786769773
(14.16);0.4276198724070863
(14.17);0.4095290170779009
(14.18);0.26404712791954416
(14.19);0.23553389384692922
(14.20);0.19897023340177436
(14.21);0.15504915095066038
(14.22);0.11393100750613874
(14.23);0.05363342781057687
(14.24);0.10075826015617359
(14.25);0.20053134721869542
(14.26);0.26315967986559424
(14.27);0.3677646832659595
(14.28);0.36942382699143445
(14.29);0.2005720833137084
(14.30);0.22689527493610814
(14.31);0.35584478226848737
(15.16);0.4238567877879454
(15.17);0.34565562132543864
(15.18);0.21495675981814075
(15.19);0.19357012698662124
(15.20);0.14961429299512768
(15.21);0.11339711859274398
(15.22);0.0746113243352748
(15.23);0.012978846191481184
(15.24);0.0709726028613629
(15.25);0.16902107512151165
(15.26);0.22883346112103653
(15.27);0.33294474092326853
(15.28);0.3873284588884928
(15.29);0.1888634045820739
(15.30);0.20092908963793094
(15.31);0.30049133056896704
(16.17);0.4467292837424077
(16.18);0.3253677172705981
(16.19);0.3076332843122419
(16.20);0.25856373288704004
(16.21);0.2259531951651077
(16.22);0.18750151936558526
(16.23);0.1248672906183465
(16.24);0.18573130105094923
(16.25);0.2862303006017128
(16.26);0.3525743462617232
(16.27);0.48020317677380275
(16.28);0.5444959604220863
(16.29);0.3078429544185522
(16.30);0.3233473483367577
(16.31);0.41238532612265044
(17.18);0.4027369995538562
(17.19);0.36877115742129263
(17.20);0.330609419086399
(17.21);0.28373453778430807
(17.22);0.2408505019382705
(17.23);0.17967816377818166
(17.24);0.22366749940190714
(17.25);0.3266852604924859
(17.26);0.4000498493899501
(17.27);0.5263488706866751
(17.28);0.41245600151609485
(17.29);0.310825697354275
(17.30);0.35294044724379037
(17.31);0.5490704148312171
(18.19);0.5815761415492815
(18.20);0.5053435884796807
(18.21);0.4351902220179726
(18.22);0.38330307517404316
(18.23);0.31760590307803943
(18.24);0.35526834214447434
(18.25);0.4664477773912459
(18.26);0.5585906271761603
(18.27);0.4551459640275159
(18.28);0.3350685491817089
(18.29);0.39571333614976184
(18.30);0.4771306322929204
(18.31);0.47893282952815425
(19.20);0.5311365414702781
(19.21);0.4778505331247311
(19.22);0.4200063707221823
(19.23);0.34797034464487187
(19.24);0.39659170422995516
(19.25);0.5384581821055514
(19.27);0.43333007308250177
(19.28);0.3282727260149152
(19.29);0.43451792477786694
(19.30);0.5391807742024014
(19.31);0.43498322379592547
(20.21);0.530321177129604
(20.22);0.4567941294317524
(20.23);0.3867950317238242
(20.24);0.40565411556094605
(20.25);0.4779923726900443
(20.26);0.48322989250302306
(20.27);0.37237802251408797
(20.28);0.2714616398607684
(20.29);0.38158174785064314
(20.30);0.4566208296618126
(20.31);0.3909427599903328
(21.22);0.5743167084787134
(21.23);0.4489356180271507
(21.24);0.48422049204814066
(21.25);0.5027058496617635
(21.26);0.45733005114893927
(21.27);0.33565427156093
(21.28);0.2493598764937889
(21.29);0.4045513625878967
(21.30);0.4669899239381929
(21.31);0.3408984107397959
(22.23);0.5193847514807933
(22.24);0.5394863405518447
(22.25);0.45506683339071674
(22.26);0.4064527126057772
(22.27);0.2928346995668703
(22.28);0.21414400716245713
(22.29);0.38499133020962384
(22.30);0.42675446964102043
(22.31);0.295917705266975
(23.24);0.47681580823584646
(23.25);0.3759338300417357
(23.26);0.3314299555108725
(23.27);0.2265634321015081
(23.28);0.15063065619127153
(23.29);0.3222549975466555
(23.30);0.3509530805356247
(23.31);0.2330544723863323
(24.25);0.4567369244737916
(24.26);0.39983836176019355
(24.27);0.2863698468669281
(24.28);0.2226395230906984
(24.29);0.4224913469873923
(24.30);0.4397366436329674
(24.31);0.27666362070431255
(25.26);0.5863758119027191
(25.27);0.4018931674023455
(25.28);0.32145769156158044
(25.29);0.5090923153477906
(25.31);0.38434743404864924
(26.27);0.5031551109938506
(26.28);0.386763877970455
(26.29);0.5088706546521611
(26.30);0.6885171668765764
(26.31);0.4715094823598241
(27.28);0.4998650078867194
(27.29);0.4061983670348077
(27.30);0.4482681659576463
(27.31);0.5782895980503526
(28.29);0.3696362679513294
(28.30);0.3689055178305491
(28.31);0.40244874004393616
(29.30);0.6119007585842733
(29.31);0.35653568669752767
(30.31);0.4111602728483795
