
****Importance edges******

(0.5);5.0509424917066115
(0.6);3.9269226563736224
(0.7);3.4265363265105555
(0.8);4.120256420531076
(0.9);3.094744178597055
(0.10);2.943179343346641
(0.11);3.803246016962151
(0.12);6.187922829932667
(0.13);2.450218710287633
(0.14);3.164940978861432
(0.15);2.5616956617926485
(0.16);4.718380275069976
(0.17);9.807694400466751
(0.18);7.739868313357807
(0.19);5.92194456410268
(0.20);4.285562408901489
(0.21);3.379001761281474
(0.22);2.7858027920153163
(0.23);2.209789974838278
(0.24);2.6557299682923996
(0.25);4.538883913356161
(0.31);35.892417213845754
(1.2);10.860956432488226
(1.3);4.199843799256156
(1.4);5.124476581150102
(1.5);4.4034545173540804
(1.6);5.874476895351957
(1.7);7.40746713845509
(1.8);5.146415785098477
(1.9);4.499909003970641
(1.10);3.608673948326551
(1.11);2.9874459083647555
(1.12);5.130602096672134
(1.13);1.685683644882171
(1.14);1.7312839120346952
(1.15);1.3568028987342213
(1.16);1.6948858783594851
(1.17);2.635697680124803
(1.18);2.913256999878375
(1.19);2.462665354773177
(1.20);2.7157737691201307
(1.21);2.1181034659068483
(1.22);1.8630339747574716
(1.23);1.6437422595395372
(1.24);1.6384563429692163
(1.25);2.090275259669634
(1.26);3.000850750823496
(1.27);3.0284840157995623
(1.28);2.137824866006938
(1.29);2.1151557641818908
(1.30);2.5641139305818403
(1.31);3.184643182426377
(2.3);6.480533286079296
(2.4);7.679854393231238
(2.5);5.321943409194831
(2.6);9.124369254886078
(2.7);3.7668400483209634
(2.8);3.2776501765072052
(2.9);2.8047909740654116
(2.10);2.436732888074255
(2.11);2.2416698500500685
(2.12);4.30022865664999
(2.13);2.096751259221037
(2.14);2.0529876256928024
(2.15);1.5233603017091752
(2.16);1.822468438810635
(2.17);2.8777297638736568
(2.18);2.460042517130336
(2.19);2.1022776711152744
(2.20);2.16916162580179
(2.21);1.7645507770571416
(2.22);1.5728835381529358
(2.23);1.397548824701293
(2.24);1.4310372252510624
(2.25);1.8338091068518643
(2.26);2.6917633751115795
(2.27);3.0224863429803372
(2.28);2.2054094908972277
(2.29);1.957286485513267
(2.30);2.3113494027985992
(2.31);3.135290485426689
(3.4);14.03851951430831
(3.5);4.294308018641927
(3.6);4.556492523705467
(3.7);2.164528843252602
(3.8);2.125546419232893
(3.9);1.8157763663340174
(3.10);1.6668646068684931
(3.11);1.6872691954859051
(3.12);3.0092869497292845
(3.13);3.971963262085912
(3.14);3.424317686149467
(3.15);2.13815001794793
(3.16);2.321453831923752
(3.17);3.501477273449614
(3.18);2.073533719198499
(3.19);1.8150797363698
(3.20);1.7388495579208514
(3.21);1.4793258908252478
(3.22);1.3329625121809738
(3.23);1.1829498671819636
(3.24);1.2642859949928245
(3.25);1.643429357503843
(3.26);2.479793658574327
(3.27);3.255317128197751
(3.28);2.5730270485608218
(3.29);1.8878537401685074
(3.30);2.149467022423093
(3.31);3.1328363681223594
(4.5);8.023761830557032
(4.6);7.388698134903923
(4.7);2.6770557202802623
(4.8);2.684719710525628
(4.9);2.169174361231773
(4.10);1.9659896410635498
(4.11);2.035235134586722
(4.12);4.332846930731435
(4.13);3.2015958206416184
(4.14);3.3378414308792657
(4.15);2.129720440084686
(4.16);2.632940356260302
(4.17);4.900596963576431
(4.18);2.6102161978304044
(4.19);2.208119316139428
(4.20);2.085033594869579
(4.21);1.7217529374671283
(4.22);1.5235609186348076
(4.23);1.3261782512269622
(4.24);1.4319581509908927
(4.25);1.9327315706553543
(4.26);3.0000150222600803
(4.27);4.060419347155086
(4.28);2.9004446117599536
(4.29);2.1633032382331012
(4.30);2.527864948561952
(4.31);4.291334469752651
(5.6);6.254417840121056
(5.7);1.8440704364340605
(5.8);1.929521563753906
(5.9);1.4165749638234946
(5.10);1.2605306103934402
(5.11);1.3432508312897238
(5.12);4.447813624435859
(5.13);1.2132979193443316
(5.14);1.363758243209497
(5.15);0.9740735960722031
(5.16);1.342151202508018
(5.17);2.8762822955458787
(5.18);1.8866524681679375
(5.19);1.5146215593541137
(5.20);1.4476553705564097
(5.21);1.1424384738949742
(5.22);0.9934954252176775
(5.23);0.8521523265285527
(5.24);0.929044028908335
(5.25);1.3161154169048181
(5.26);2.362951493930638
(5.27);3.010389362885225
(5.28);1.8986939267489358
(5.29);1.572698068990759
(5.30);1.9175616358262306
(5.31);3.343962595177568
(6.7);2.0132075515914565
(6.8);1.9267413352676375
(6.9);1.4855071544513223
(6.10);1.2999479095128874
(6.11);1.2959403515531505
(6.12);3.4837439921828444
(6.13);1.1774304260214086
(6.14);1.2417329400938524
(6.15);0.901525039039814
(6.16);1.163077248712205
(6.17);2.1267483035703956
(6.18);1.6468025254519834
(6.19);1.3617350814940679
(6.20);1.362606823106198
(6.21);1.0868805494498182
(6.22);0.95704773202923
(6.23);0.8354572040648107
(6.24);0.8877327578387626
(6.25);1.2068627766947178
(6.26);2.0780182050261913
(6.27);2.4640218466045374
(6.28);1.670544524860141
(6.29);1.4367750456387898
(6.30);1.730146554772757
(6.31);2.4935810422194336
(7.8);6.664436907683623
(7.9);5.209935861926477
(7.10);3.3488806078095474
(7.11);2.4940968948829236
(7.12);3.0620087394052797
(7.13);0.7869664024426942
(7.14);0.8502441372070217
(7.15);0.6955837800824332
(7.16);0.9190602660674283
(7.17);1.4267282197972575
(7.18);2.13868391626296
(7.19);1.7818958609715538
(7.20);2.1709725066751795
(7.21);1.5614675235625874
(7.22);1.3357024208711745
(7.23);1.1492894388197759
(7.24);1.1436652004372083
(7.25);1.5067015196133142
(7.26);2.3893786162804167
(7.27);2.140521046911875
(7.28);1.447723885900474
(7.29);1.5927102085135216
(7.30);2.0098535539539895
(7.31);2.0395795526670497
(8.9);4.7686191542537015
(8.10);3.518463992432578
(8.11);3.5099814467517363
(8.12);3.76806585486465
(8.13);0.8037886573620884
(8.14);0.8924823764997244
(8.15);0.7350568509540435
(8.16);1.009753399454792
(8.17);1.602222700625096
(8.18);2.958650474021886
(8.19);2.3139328588284855
(8.20);2.868738532694654
(8.21);1.8704754013271268
(8.22);1.533439148924085
(8.23);1.2639284460031543
(8.24);1.2978042385659205
(8.25);1.8202760854233018
(8.26);2.9438606837620873
(8.27);2.486273817199172
(8.28);1.5993887265330426
(8.29);1.8282553673593374
(8.30);2.3935324718316093
(8.31);2.4497684759437743
(9.10);9.254308080132542
(9.11);3.4424867088315345
(9.12);2.2093728252270184
(9.13);0.714825599107083
(9.14);0.7758999941456478
(9.15);0.6547578042054434
(9.16);0.8631622589039227
(9.17);1.256413295806545
(9.18);2.1598927161647845
(9.19);1.9188095166102492
(9.20);2.6617495521950456
(9.21);1.8857184687833437
(9.22);1.6087257086290474
(9.23);1.3843267845119305
(9.24);1.3129785424270422
(9.25);1.651393841011689
(9.26);2.449807518338984
(9.27);1.9970118650310764
(9.28);1.385464459601118
(9.29);1.667870093093368
(9.30);2.1181510099011547
(9.31);1.808050087398474
(10.11);4.035567722098573
(10.12);1.9076440434142936
(10.13);0.681803082019287
(10.14);0.7430251473785286
(10.15);0.6368749610351403
(10.16);0.8397877805035732
(10.17);1.184114658598984
(10.18);2.1428677480188987
(10.19);1.995396907917497
(10.20);2.9958841933246463
(10.21);2.1473067375448665
(10.22);1.8342805837394869
(10.23);1.5767486175467167
(10.24);1.4447923232560311
(10.25);1.7541927331680542
(10.26);2.4921298383315262
(10.27);1.934883097677746
(10.28);1.3618208003898127
(10.29);1.7271337740028037
(10.30);2.1980433629446434
(10.31);1.7046647271266202
(11.12);2.156719709243705
(11.13);0.7186208452579229
(11.14);0.811684679267853
(11.15);0.7029666692651425
(11.16);0.9799279045783996
(11.17);1.3918119185905846
(11.18);3.67090872571095
(11.19);3.5170617648340947
(11.20);8.04910604175801
(11.21);3.4404849406468183
(11.22);2.481070681550183
(11.23);1.8337474803393043
(11.24);1.877479115178137
(11.25);2.673249839166681
(11.26);3.7361164644216776
(11.27);2.444855337869162
(11.28);1.6175526419929767
(11.29);2.2720624642736507
(11.30);3.153872581099117
(11.31);2.156652962191031
(12.13);1.0743602718261624
(12.14);1.2277546730299507
(12.15);0.9503465111940379
(12.16);1.3651174931089356
(12.17);2.667150967661001
(12.18);3.088358074818291
(12.19);2.245082789684954
(12.20);2.1912638663713118
(12.21);1.5834744712104765
(12.22);1.324899588982594
(12.23);1.0990917111605265
(12.24);1.1969325608245156
(12.25);1.7729676475084593
(12.26);3.1564756191717422
(12.27);3.396975460633732
(12.28);1.9906541940023856
(12.29);1.9105520700585956
(12.30);2.457273183308738
(12.31);4.153974462423858
(13.14);3.706962359536333
(13.15);2.0176357919719283
(13.16);1.5185345589138346
(13.17);1.6126834657567939
(13.18);0.9442206939314752
(13.19);0.8697803610895827
(13.20);0.8146155167910494
(13.21);0.7317904365316195
(13.22);0.6764128240851043
(13.23);0.6104186541464303
(13.24);0.6725940439474856
(13.25);0.8630859999622529
(13.26);1.420256354460486
(13.27);1.9585060309006095
(13.28);1.8806855979475308
(13.29);1.1744465108051585
(13.30);1.2729963429234339
(13.31);1.4834729823344797
(14.15);3.304148230586084
(14.16);2.5394967108401656
(14.17);2.2775317060173492
(14.18);1.1259457910369002
(14.19);1.0343987111585664
(14.20);0.9337978550620023
(14.21);0.8368837538169007
(14.22);0.7657371771140161
(14.23);0.6786102730291915
(14.24);0.7684243008830696
(14.25);1.023326610422809
(14.26);1.7306764025832615
(14.27);2.671032068246213
(14.28);2.6926156564414385
(14.29);1.418055865756553
(14.30);1.5343542705902642
(14.31);1.9130991235359764
(15.16);2.503564185612326
(15.17);1.6009403870809844
(15.18);0.9637167790892248
(15.19);0.9169977522551607
(15.20);0.8223047458213597
(15.21);0.7621231388176892
(15.22);0.7078316264306143
(15.23);0.6324920689178261
(15.24);0.7270733083967825
(15.25);0.9452538114873004
(15.26);1.5580648532735522
(15.27);2.296422078028428
(15.28);2.9677310837511985
(15.29);1.383475353537235
(15.30);1.4308307411046868
(15.31);1.5022151739036933
(16.17);3.0110644171594196
(16.18);1.493822078861891
(16.19);1.4029687492469722
(16.20);1.1713262944876786
(16.21);1.0631910045825865
(16.22);0.9589274068758717
(16.23);0.822598570489479
(16.24);0.9868033435483492
(16.25);1.412843061317088
(16.26);2.518539038487716
(16.27);5.089411971632224
(16.28);7.569435767117196
(16.29);2.0871145848449846
(16.30);2.2171028395671057
(16.31);2.6822970127011625
(17.18);2.2930549196851757
(17.19);1.9135411092489996
(17.20);1.59861401013441
(17.21);1.3274454652306193
(17.22);1.1519267869531051
(17.23);0.9663560714404734
(17.24);1.124100755507886
(17.25);1.6980814093969565
(17.26);3.2036201458083515
(17.27);6.807465718919915
(17.28);3.4425389239096957
(17.29);2.131524200686954
(17.30);2.5446669762455527
(17.31);6.985781113551999
(18.19);8.52628702807887
(18.20);4.909535071659987
(18.21);2.9731306054823157
(18.22);2.184874350265277
(18.23);1.598478092589842
(18.24);1.9377407920661571
(18.25);3.8827323061689327
(18.26);8.161406966518127
(18.27);4.425520572627326
(18.28);2.3800374892620693
(18.29);3.1743659337601073
(18.30);5.004320997607305
(18.31);4.268708856420772
(19.20);6.0509168174561125
(19.21);4.091169920152408
(19.22);2.7655403751555525
(19.23);1.8683913985782103
(19.24);2.4601717196271875
(19.25);6.625110962625894
(19.26);11.997274427796954
(19.27);3.939647331664256
(19.28);2.3369714087349283
(19.29);3.966470384277482
(19.30);7.367051683998523
(19.31);3.203382368862051
(20.21);6.031951316790958
(20.22);3.563491671123424
(20.23);2.3157528799823957
(20.24);2.617904279276116
(20.25);4.287920206968959
(20.26);5.256849449780391
(20.27);2.8739202324258764
(20.28);1.8905615002098493
(20.29);3.0059381475166287
(20.30);4.4892747642713875
(20.31);2.470744403439253
(21.22);8.233185347079754
(21.23);3.4475051956716607
(21.24);4.4550811866872255
(21.25);5.155952098900432
(21.26);4.539946474539922
(21.27);2.454360527490495
(21.28);1.7700656583063947
(21.29);3.4088560506412784
(21.30);4.803959835333046
(21.31);1.9340343651535314
(22.23);5.724896085311686
(22.24);6.630029127270733
(22.25);3.7241272330715365
(22.26);3.4535418260013944
(22.27);2.086514100552625
(22.28);1.5996361489055073
(22.29);3.112241928134244
(22.30);3.849106968816699
(22.31);1.6122044012165904
(23.24);4.303321222293651
(23.25);2.333190764502371
(23.26);2.451087993504456
(23.27);1.6800393448887458
(23.28);1.3543230318823758
(23.29);2.366645133984703
(23.30);2.6667213566531007
(23.31);1.3007684178340955
(24.25);3.841488628877675
(24.26);3.3979195366157984
(24.27);2.080195213677211
(24.28);1.6781522479476165
(24.29);3.8483633641512793
(24.30);4.202663140411574
(24.31);1.538069136646215
(25.26);9.806891293149867
(25.27);3.4904797663316596
(25.28);2.411204401752987
(25.29);6.416513979819736
(25.30);15.567337338139989
(25.31);2.536746281305119
(26.27);6.924896017924721
(26.28);3.898341670070525
(26.29);7.133260210815246
(26.30);15.96555133365915
(26.31);5.111070965032785
(27.28);6.866064258630894
(27.29);4.280980579625252
(27.30);5.224773808968092
(27.31);9.51745227454965
(28.29);3.629750796592211
(28.30);3.604856222117503
(28.31);3.5261440606596
(29.30);11.833829883460883
(29.31);2.8283816993017967
(30.31);3.667932108520606

****Importance nodes******

0; 0.05
1; 0.03666666666666667
2; 0.03666666666666667
3; 0.03666666666666667
4; 0.03666666666666667
5; 0.012258064516129034
6; 0.012653485952133196
7; 0.013061662918331041
8; 0.013483006883438495
9; 0.013917942589355865
10; 0.014366908479335087
11; 0.014830357139958799
12; 0.015308755757376825
13; 0.015802586588259948
14; 0.016312347445945754
15; 0.01683855220226658
16; 0.017381731305565504
17; 0.017942432315422457
18; 0.01852122045462963
19; 0.01911867917897252
20; 0.01973541076539099
21; 0.020372036919113278
22; 0.021029199400374992
23; 0.021707560671354834
24; 0.022407804563979183
25; 0.023130636969268835
26; 0.03666666666666667
27; 0.03666666666666667
28; 0.03666666666666667
29; 0.03666666666666667
30; 0.03666666666666667
31; 0.02387678654892267
