
****Importance edges******

(0.5);5.019933028108072
(0.6);3.903076526392775
(0.7);3.4059622868735735
(0.8);4.095803112854494
(0.9);3.076595998605084
(0.10);2.9261318311055944
(0.11);3.8106252290456357
(0.12);6.154513272086039
(0.13);2.4371900562358784
(0.14);3.148375139507525
(0.15);2.5485038396501554
(0.16);4.694487448772324
(0.17);9.758885624995091
(0.18);7.772154992865399
(0.19);5.952099653256221
(0.20);4.319637889238563
(0.21);3.3678318739454456
(0.22);2.7767341025333425
(0.23);2.202363772395814
(0.24);2.6471231901910266
(0.25);4.524724333757597
(0.31);35.78484840663528
(1.3);4.306707091829203
(1.4);5.254866773345382
(1.5);4.492342197557048
(1.6);5.992317628939244
(1.7);7.555110587863826
(1.8);5.2483234733716415
(1.9);4.588421028519331
(1.10);3.67917261966709
(1.11);3.074208650685306
(1.12);5.231012125574985
(1.13);1.7184506337161602
(1.14);1.764705144571378
(1.15);1.3828108656820093
(1.16);1.7271416282196448
(1.17);2.685492106103635
(1.18);3.000655301141314
(1.19);2.538673629380704
(1.20);2.8084290537786907
(1.21);2.1603322919692247
(1.22);1.8997997297787739
(1.23);1.6755287357800324
(1.24);1.6699402678338444
(1.25);2.1301836144664055
(1.26);3.0259193906628474
(1.27);3.0537834996310984
(1.28);2.155683922006584
(1.29);2.1328254460352296
(1.30);2.5855341390394524
(1.31);3.2450504293616222
(2.3);6.645427781608465
(2.4);7.875265119479586
(2.5);5.429371611745916
(2.6);9.307402124990274
(2.7);3.841919592746869
(2.8);3.3425531626637315
(2.9);2.859960473566704
(2.10);2.484336643215584
(2.11);2.3067734300088105
(2.12);4.384387606334115
(2.13);2.1375087437627767
(2.14);2.092619124811034
(2.15);1.5525609353556586
(2.16);1.8571522407355239
(2.17);2.9320967357744334
(2.18);2.533844291927675
(2.19);2.1671628566796444
(2.20);2.243167896204131
(2.21);1.7997307902349562
(2.22);1.603923364384928
(2.23);1.4245744439877037
(2.24);1.4585354669171429
(2.25);1.8688209093057486
(2.26);2.7142499471494967
(2.27);3.04773572318718
(2.28);2.2238331383280165
(2.29);1.9736373519981456
(2.30);2.3306580557550176
(2.31);3.194761595914677
(3.5);4.38099247884238
(3.6);4.647894776390005
(3.7);2.207671593505716
(3.8);2.1676358132784572
(3.9);1.8514922090699644
(3.10);1.6994282969583923
(3.11);1.7362716232866744
(3.12);3.068181127041394
(3.13);4.049171863031248
(3.14);3.4904217588972903
(3.15);2.179135289314965
(3.16);2.3656339357705782
(3.17);3.567628278636633
(3.18);2.1357401516131254
(3.19);1.871100778274318
(3.20);1.7981746764559512
(3.21);1.5088193488827766
(3.22);1.3592676541372848
(3.23);1.2058255994499956
(3.24);1.2885800113970831
(3.25);1.6748063551405368
(3.26);2.50050946861108
(3.27);3.282511540524744
(3.28);2.594521715817959
(3.29);1.9036245763117807
(3.30);2.1674233351843664
(3.31);3.19226092819276
(4.5);8.185728662009145
(4.6);7.536913818441807
(4.7);2.73041400502373
(4.8);2.7378816762092515
(4.9);2.211841449420071
(4.10);2.004397006081527
(4.11);2.094343345064928
(4.12);4.417644246397089
(4.13);3.2638297130000176
(4.14);3.402276139627229
(4.15);2.170544128525671
(4.16);2.683048429383464
(4.17);4.993180576103396
(4.18);2.6885232135275805
(4.19);2.276271222780746
(4.20);2.1561696311079332
(4.21);1.756079686131201
(4.22);1.5536273952817776
(4.23);1.3518237155499981
(4.24);1.459474088799396
(4.25);1.9696320395729383
(4.26);3.025076680553164
(4.27);4.094339458037852
(4.28);2.9246744743501694
(4.29);2.1813751365864884
(4.30);2.548982338668951
(4.31);4.372733761964276
(5.6);6.2822872475950495
(5.7);1.8522875322081942
(5.8);1.9381194259474352
(5.9);1.4228871588020588
(5.10);1.2661474786795883
(5.11);1.3738589402931796
(5.12);4.470217282357895
(5.13);1.2194192410360944
(5.14);1.3706497879152253
(5.15);0.979003836771794
(5.16);1.3489552975897834
(5.17);2.890886843898721
(5.18);1.9342980470510538
(5.19);1.5553354637769714
(5.20);1.4949829223082072
(5.21);1.1515008968976086
(5.22);1.0012626762145
(5.23);0.858436698908919
(5.24);0.9359263857534867
(5.25);1.3259086102874476
(5.26);2.350117273055892
(5.27);2.994038624369647
(5.28);1.8883812913469709
(5.29);1.5641560593733133
(5.30);1.9071465216614474
(5.31);3.3689541968554932
(6.7);2.0221783148214256
(6.8);1.9353268088867968
(6.9);1.4921265082027393
(6.10);1.3057404195292122
(6.11);1.3251286369933926
(6.12);3.501263001759765
(6.13);1.1833611485558828
(6.14);1.247997721942057
(6.15);0.9060807586043422
(6.16);1.1689641250339649
(6.17);2.1375299484740666
(6.18);1.6879564938848213
(6.19);1.3979592672365801
(6.20);1.4066841920134177
(6.21);1.095457015602344
(6.22);0.964492256190862
(6.23);0.8415903930740575
(6.24);0.8942795254187271
(6.25);1.2158032144284423
(6.26);2.0668963090014745
(6.27);2.4508339954517986
(6.28);1.6616034951496146
(6.29);1.4290851887213423
(6.30);1.7208865251718795
(6.31);2.512135738143552
(7.8);6.694133341870271
(7.9);5.233151104201782
(7.10);3.3638030707192192
(7.11);2.54961166921392
(7.12);3.077381696072112
(7.13);0.7909238895519781
(7.14);0.8545268208823343
(7.15);0.6990931342266798
(7.16);0.9237045972327205
(7.17);1.4339495566293643
(7.18);2.1915625380005923
(7.19);1.828796424903346
(7.20);2.240445140578039
(7.21);1.5737234270310791
(7.22);1.346039222911826
(7.23);1.1576875797667163
(7.24);1.1520609803807558
(7.25);1.5178129994750038
(7.26);2.376782628273749
(7.27);2.129236951017146
(7.28);1.4400919800235572
(7.29);1.5843139842618101
(7.30);1.9992582924545064
(7.31);2.054688755093143
(8.9);4.789867908925264
(8.10);3.534142111354958
(8.11);3.587178364581207
(8.12);3.786952470985258
(8.13);0.8078241155369461
(8.14);0.8969704810608562
(8.15);0.7387593357325314
(8.16);1.0148477998397807
(8.17);1.6103192891699278
(8.18);3.0310131377345937
(8.19);2.3741830868540066
(8.20);2.9595378895306954
(8.21);1.885077710661727
(8.22);1.5452447467363473
(8.23);1.2731211330315657
(8.24);1.3072876137270162
(8.25);1.8336389449768435
(8.26);2.9285822538012964
(8.27);2.4733702309021193
(8.28);1.591088011498123
(8.29);1.8187668505505385
(8.30);2.3811102065962104
(8.31);2.467834796798908
(9.10);9.29554486497295
(9.11);3.5172857911713584
(9.12);2.2204285379010837
(9.13);0.7184085080061113
(9.14);0.7797954359954032
(9.15);0.6580504423178242
(9.16);0.8675100112183307
(9.17);1.2627521428768476
(9.18);2.212140120719577
(9.19);1.968226317483254
(9.20);2.7450619026385783
(9.21);1.9003596309312174
(9.22);1.6210459946087792
(9.23);1.3943475299437893
(9.24);1.3225279760628779
(9.25);1.6634609824708215
(9.26);2.4372963694555945
(9.27);1.9868131402013645
(9.28);1.378388902849432
(9.29);1.6593522928594162
(9.30);2.107333628354239
(9.31);1.8213231944711608
(10.11);4.122181567158036
(10.12);1.9171740865383478
(10.13);0.6852148280537406
(10.14);0.7467494004216063
(10.15);0.6400724212684137
(10.16);0.8440108951188365
(10.17);1.190079049644053
(10.18);2.1941260483118983
(10.19);2.0462163321406606
(10.20);3.0885961406912212
(10.21);2.16388712194862
(10.22);1.8482537534200125
(10.23);1.5881076421801683
(10.24);1.4552507614190673
(10.25);1.7669511648929839
(10.26);2.4796122117173507
(10.27);1.9251644450673246
(10.28);1.3549805611564865
(10.29);1.7184586177717085
(10.30);2.187002892389734
(10.31);1.71712113206878
(11.12);2.203008558693612
(11.13);0.7338594315299263
(11.14);0.8286880816928697
(11.15);0.7175122006094181
(11.16);0.9999532263409194
(11.17);1.4198987057724823
(11.18);3.8123790803779296
(11.19);3.6570681140471373
(11.21);3.515432485961751
(11.22);2.534225015732232
(11.23);1.8718145395913228
(11.24);1.9160396576933234
(11.25);2.727568120376279
(11.26);3.7536938022854978
(11.27);2.4563576688888515
(11.28);1.6251627552139054
(11.29);2.2827518552395243
(11.30);3.168710631375475
(11.31);2.2000047865048673
(12.13);1.0802716854268064
(12.14);1.2345101030870087
(12.15);0.9555755683724535
(12.16);1.372628729634393
(12.17);2.681826335802083
(12.18);3.1620215760726675
(12.19);2.3020152661271345
(12.20);2.2585171546375786
(12.21);1.5962755906153028
(12.22);1.3354678339118806
(12.23);1.107408402627048
(12.24);1.2060219579088989
(12.25);1.7864790447495777
(12.26);3.1421360053897938
(12.27);3.3815432754977586
(12.28);1.9816108127888472
(12.29);1.901872586324097
(12.30);2.446109989716692
(12.31);4.185741894140302
(13.14);3.7273590442275775
(13.15);2.0287373562931177
(13.16);1.5268899366023196
(13.17);1.6215568755644774
(13.18);0.9664929620118302
(13.19);0.8915926667429773
(13.20);0.8393321938894523
(13.21);0.7376805812670298
(13.22);0.6817858840784876
(13.23);0.6150210249506984
(13.24);0.677683480150971
(13.25);0.8696401966048981
(13.26);1.413938520409846
(13.27);1.9497938599945988
(13.28);1.8723196015751542
(13.29);1.1692221313237239
(13.30);1.2673335767499871
(13.31);1.4947782042819617
(14.15);3.322328525689169
(14.16);2.5534696915887314
(14.17);2.290063286210615
(14.18);1.1522065849468903
(14.19);1.0600479754092942
(14.20);0.9618027015844387
(14.21);0.8435901734606047
(14.22);0.7717942631546065
(14.23);0.6837082500469314
(14.24);0.7742179861573503
(14.25);1.0310699967134593
(14.26);1.7231434061517303
(14.27);2.6594060502288808
(14.28);2.6808956930206724
(14.29);1.4118835912859984
(14.30);1.5276757920325112
(14.31);1.9276270244092097
(15.16);2.5173394561291307
(15.17);1.6097491833723108
(15.18);0.9859382730870805
(15.19);0.9394769900733084
(15.20);0.8466761706674684
(15.21);0.7682033944326093
(15.22);0.7134069879658766
(15.23);0.6372262325285192
(15.24);0.7325353580646622
(15.25);0.9523807374340441
(15.26);1.5514341779708938
(15.27);2.2866491670194478
(15.28);2.955101274946631
(15.29);1.3775876808647771
(15.30);1.4247415375407955
(15.31);1.5135822509099353
(16.17);3.027632087814028
(16.18);1.5278700374248633
(16.19);1.4369641261619446
(16.20);1.2056282821227566
(16.21);1.071635323313309
(16.22);0.9664483708176158
(16.23);0.8287330060162847
(16.24);0.994189504908333
(16.25);1.4234568727233263
(16.26);2.508067845567129
(16.27);5.068252000000692
(16.28);7.537964735298261
(16.29);2.0784371019347314
(16.30);2.207884911552844
(16.31);2.7025207155250777
(17.18);2.344709744020662
(17.19);1.9593659795769283
(17.20);1.644863230078746
(17.21);1.3379412033261504
(17.22);1.16092266914668
(17.23);0.9735358445003602
(17.24);1.1324836093781445
(17.25);1.710791442631233
(17.26);3.1906183746143646
(17.27);6.779837876772614
(17.28);3.428567509891204
(17.29);2.122873490337277
(17.30);2.534339541567216
(17.31);7.038260943261734
(18.20);5.129496303944262
(18.21);3.043985737438719
(18.22);2.2361562886458284
(18.23);1.6349761802688094
(18.24);1.981527435508872
(18.25);3.9695548092430273
(18.26);8.220904651828654
(18.27);4.457783175318951
(18.28);2.397388262498143
(18.29);3.1975074614601886
(18.30);5.040803128339174
(18.31);4.363160231579895
(19.20);6.328144329544942
(19.22);2.8340402347024916
(19.23);1.9134542455451424
(19.24);2.5188811957921042
(19.25);6.781530248624462
(19.26);12.09802008745756
(19.27);3.972730043212394
(19.28);2.356595843234441
(19.29);3.999778339162838
(19.30);7.4289156086861645
(19.31);3.2782034986289954
(20.21);6.21175502693442
(20.23);2.382090873909833
(20.24);2.6920442290529683
(20.25);4.4079602722904
(20.26);5.3193863256751355
(20.27);2.9081091500700977
(20.28);1.9130521214535192
(20.29);3.0416975853080945
(20.30);4.542680368040842
(20.31);2.5391107695519355
(21.22);8.31468740259883
(21.23);3.4802832572366
(21.24);4.497403683804251
(21.25);5.2048918892246885
(21.26);4.530702792001155
(21.27);2.4493632594215797
(21.28);1.7664616675743638
(21.29);3.4019153557830473
(21.30);4.794178601149816
(21.31);1.9523767336132989
(22.23);5.77867815459884
(22.24);6.69227468613502
(22.25);3.759068655528106
(22.26);3.4466742897410216
(22.27);2.0823649655586776
(22.28);1.596455194450778
(22.29);3.1060530833570947
(22.30);3.841452831988418
(22.31);1.6273211902411795
(23.24);4.342149647683498
(23.25);2.3542429051258575
(23.26);2.4458608456364868
(23.27);1.6764565220349716
(23.28);1.351434826005065
(23.29);2.3615980674986643
(23.30);2.661034352803856
(23.31);1.3125051176648417
(24.25);3.8761499862124693
(24.26);3.391122507091495
(24.27);2.076034094459609
(24.28);1.6747953555160389
(24.29);3.840665289160241
(24.30);4.194256341740136
(24.31);1.5519469764893818
(25.26);9.78858083807542
(25.27);3.483962688591201
(25.28);2.406702439963684
(25.29);6.4045337011106085
(25.30);15.538271549355535
(25.31);2.559635082449303
(26.27);6.864393901823133
(26.28);3.864282253190364
(26.29);7.070937637835021
(26.30);15.826061926465947
(26.31);5.102214039510937
(27.28);6.806076149659816
(27.29);4.2435780852936835
(27.30);5.1791254886501426
(27.31);9.50095957340538
(28.29);3.598038031007455
(28.30);3.573360957912013
(28.31);3.520033639665989
(29.30);11.730438908682007
(29.31);2.823480423966459
(30.31);3.6615759843879885

****Importance nodes******

0; 0.05
1; 0.03793103448275863
2; 0.03793103448275863
3; 0.03793103448275863
4; 0.03793103448275863
5; 0.012421208750463483
6; 0.01282189290370424
7; 0.013235502352210828
8; 0.013662454040991822
9; 0.014103178364894785
10; 0.014558119602472037
11; 0.015528660909303505
12; 0.015528660909303505
13; 0.01602958545476491
14; 0.01654666885653152
15; 0.017080432368032535
16; 0.017631414057323904
17; 0.018200169349495643
18; 0.019413513972795348
19; 0.020082945489098638
20; 0.020909421301256927
21; 0.020757611815263758
22; 0.021421983015367272
23; 0.022096480476698138
24; 0.02280927016949485
25; 0.023545053078188233
26; 0.03666666666666667
27; 0.03666666666666667
28; 0.03666666666666667
29; 0.03666666666666667
30; 0.03666666666666667
31; 0.02430457091942011
