
****Importance edges******

(0.5);5.163374045533546
(0.6);4.014061007772539
(0.7);3.5262516537491053
(0.8);4.212017210564548
(0.10);3.0064957040036937
(0.11);3.9140151636187426
(0.12);6.3214976083257
(0.13);2.5029073809495723
(0.14);3.232732675073826
(0.15);2.616347200293766
(0.16);4.8186332061472195
(0.17);10.004405443745378
(0.18);7.973135676697918
(0.19);6.104824125022801
(0.20);4.347975348328677
(0.21);3.4514589606961947
(0.22);2.8220918297152715
(0.23);2.25560720868214
(0.24);2.7105431601667793
(0.25);4.620757495413318
(0.31);36.72187356024074
(1.3);4.326602788934674
(1.4);5.279142684249664
(1.5);4.455817419972318
(1.6);5.944301609307554
(1.7);7.561058004915444
(1.8);5.2089893270652645
(1.9);4.444440843848752
(1.10);3.64973378494917
(1.11);3.050338042835585
(1.12);5.190394375352044
(1.13);1.7053114136221983
(1.14);1.7514246809723304
(1.15);1.372572921087287
(1.16);1.71456740568404
(1.17);2.6626609848479035
(1.18);2.9798261341267476
(1.19);2.5213983876928694
(1.20);2.725959438633842
(1.21);2.144281767105443
(1.22);1.8669476401590508
(1.23);1.6629665370054212
(1.24);1.657605249565286
(1.25);2.108280921941259
(1.26);2.986566684193346
(1.27);3.0140684146710637
(1.28);2.1276488074937796
(1.29);2.105087610722266
(1.30);2.641503592387533
(1.31);3.2321524602345773
(2.3);6.676127667962477
(2.4);7.911646486055389
(2.5);5.385228360447805
(2.6);9.232822566491025
(2.7);3.8449439691383347
(2.8);3.317502024751953
(2.9);2.770217698312366
(2.10);2.464458267454592
(2.11);2.2888618012930357
(2.12);4.350343724117905
(2.13);2.1211654183939626
(2.14);2.0768709120293036
(2.15);1.541066208758857
(2.16);1.8436314934059739
(2.17);2.9071690675992596
(2.18);2.5162555119283883
(2.19);2.1524156825282463
(2.20);2.1772971942697774
(2.21);1.7863594103300398
(2.22);1.5761876861005244
(2.23);1.4138937633449609
(2.24);1.4477619907777237
(2.25);1.849605565856897
(2.26);2.678950566146608
(2.27);3.0080992908085475
(2.28);2.194911729185454
(2.29);1.947969790717402
(2.30);2.3811101675072033
(2.31);3.1820635077556947
(3.5);4.461706634031901
(3.6);4.73309811619446
(3.7);2.2670994061551433
(3.8);2.207565206571706
(3.9);1.8409698018321294
(3.10);1.7291200727081035
(3.11);1.7662151133923727
(3.12);3.1210945364341853
(3.13);4.118544327716357
(3.14);3.5498206670023635
(3.15);2.215965790030355
(3.16);2.4053381752696996
(3.18);2.170712356135515
(3.19);1.9014919581573626
(3.20);1.7862320628066135
(3.21);1.5319837046813423
(3.22);1.3663832593513718
(3.23);1.2236437191769587
(3.24);1.3074271176917376
(3.25);1.694011749490367
(3.26);2.5128080438561167
(3.27);3.298656336487572
(3.28);2.6072826835117118
(3.29);1.9129874163185716
(3.30);2.253189983106445
(3.31);3.2481549112831494
(4.5);8.336540190847765
(4.6);7.675077494696192
(4.7);2.803913402498992
(4.8);2.7883154038539306
(4.9);2.199271104072514
(4.10);2.039417081082327
(4.11);2.1304620884630237
(4.12);4.493830302201012
(4.13);3.3197472979191733
(4.14);3.4601750130944997
(4.15);2.2072294263456063
(4.16);2.7280800785398167
(4.17);5.069669330187033
(4.18);2.732547100804159
(4.19);2.3132433458204944
(4.20);2.141849386693465
(4.21);1.7830401401380356
(4.23);1.3717992052264527
(4.24);1.4808207363048722
(4.25);1.992218268678144
(4.26);3.0399553017480896
(4.27);4.114477170986155
(4.28);2.9390592745445123
(4.29);2.192104072666008
(4.30);2.649847576784338
(4.31);4.449296897762944
(5.6);6.324728709495666
(5.7);1.8968675311197618
(5.8);1.952277462732052
(5.9);1.3662617745150636
(5.10);1.273526058392418
(5.11);1.3818274382357805
(5.12);4.496144920321839
(5.13);1.2264755637498026
(5.14);1.3785628520173125
(5.15);0.9846427781779378
(5.16);1.3567072030229894
(5.17);2.900328281705572
(5.18);1.9451836722659523
(5.19);1.5640652864666524
(5.20);1.4433732714069891
(5.21);1.1564006376293878
(5.22);0.9879746950516579
(5.23);0.8615991461225092
(5.24);0.9393416044487758
(5.25);1.3238852195029576
(5.26);2.331304835858222
(5.27);2.970071665684596
(5.28);1.8732650012554017
(5.29);1.5516351575563354
(5.30);1.9923110858816928
(5.31);3.3992122218212613
(6.7);2.070308855864933
(6.8);1.949448362009083
(6.9);1.4337793509173276
(6.10);1.3133674659185828
(6.11);1.3328323927632426
(6.12);3.521617912444336
(6.13);1.190224743209646
(6.14);1.2552194176277127
(6.15);0.9113117630430544
(6.16);1.175697214281793
(6.17);2.144607322840523
(6.18);1.6974794535492015
(6.19);1.405825220999514
(6.20);1.358812512939578
(6.21);1.1001509715311746
(6.22);0.9519182762779195
(6.23);0.8447204437272716
(6.24);0.8975740162028766
(6.25);1.2140587874209912
(6.26);2.0505980388939973
(6.27);2.4315082294361066
(6.28);1.6485011143201866
(6.29);1.4178163039152016
(6.30);1.7972054944744618
(6.31);2.5346379653616453
(7.8);6.853462643940278
(7.9);5.1171696644910885
(7.10);3.437253601768066
(7.11);2.6038386239202564
(7.12);3.1428336391511382
(7.13);0.8075260572239255
(7.14);0.8722273501384733
(7.15);0.7133810572506953
(7.16);0.9423291280330915
(7.17);1.4590230622374727
(7.18);2.2337720930147134
(7.19);1.8634916674895534
(7.20);2.1944503560542032
(7.21);1.6010767608191854
(7.22);1.34605959381578
(7.23);1.1765878871117288
(7.24);1.1705420784600966
(7.26);2.379484226451056
(7.27);2.1316571734630245
(7.28);1.4417288776607686
(7.29);1.5861148135514758
(7.30);2.1050945164495283
(7.31);2.097354118817881
(8.9);4.6116895315855215
(8.10);3.5566762139169783
(8.11);3.609890762976024
(8.12);3.810929749080069
(8.13);0.8129212332098679
(8.14);0.9026105241249506
(8.15);0.7433885046122349
(8.16);1.021184991326037
(8.17);1.616521525628375
(8.18);3.0495120188984095
(8.19);2.388616813352725
(8.20);2.862981608887654
(8.21);1.8940535705214034
(8.22);1.5264633604327533
(8.23);1.2784571224211194
(8.24);1.3127097256977553
(8.25);1.8320534336615397
(8.26);2.907039091595922
(8.27);2.455175687788602
(8.28);1.5793836903815692
(8.29);1.8053876841554988
(8.30);2.4858920782929688
(8.31);2.4907512149051443
(9.10);8.949759734355164
(9.11);3.3913117722391615
(9.12);2.140902356840321
(9.13);0.6931660894270263
(9.14);0.7529245835470274
(9.15);0.6358196371260794
(9.16);0.838787748321765
(9.17);1.2188383674965195
(9.18);2.143219049758481
(9.19);1.908294468026163
(9.20);2.558932686847898
(9.21);1.8413649141586328
(9.22);1.5447265849636511
(9.23);1.3521224920730783
(9.24);1.2833012134168076
(9.25);1.6069809627641645
(9.26);2.359701124174242
(9.27);1.9235597521956311
(9.28);1.334505677834172
(9.29);1.6065241469735871
(9.30);2.147539816712725
(9.31);1.7789505800480259
(10.11);4.142939516105883
(10.12);1.9268283439173923
(10.13);0.6886653442882433
(10.14);0.7505097844993686
(10.15);0.6432956152076303
(10.16);0.8482610560559206
(10.17);1.1933269737207384
(10.18);2.205012277624023
(10.19);2.0563665040870878
(10.20);2.987472553218384
(10.21);2.1718877567602193
(10.22);1.8246372133074835
(10.23);1.5931576382576957
(10.24);1.4598443477901626
(10.25);1.7639141876428397
(10.26);2.4600778843962736
(10.27);1.9099980443538849
(10.28);1.3443060558163975
(10.29);1.704920640757138
(10.30);2.2801377411754347
(10.31);1.7312267747388905
(11.12);2.214102184349834
(11.13);0.7375549059689855
(11.14);0.8328610819873057
(11.15);0.7211253557766651
(11.16);1.0049886615066077
(11.17);1.4238680836182942
(11.18);3.8313021764032165
(11.19);3.675216346206123
(11.21);3.5285560869878405
(11.22);2.5030290275157765
(11.23);1.8778562942636603
(11.24);1.9221788988355282
(11.25);2.723337675012384
(11.26);3.725023632987994
(11.27);2.4375963649755206
(11.28);1.6127499975990969
(11.29);2.2653165273728617
(11.30);3.3014396477776535
(11.31);2.2179067687695113
(12.13);1.0857115779037778
(12.14);1.240726689444981
(12.15);0.9603875322660672
(12.16);1.3795408359135308
(12.17);2.6893234776759156
(12.18);3.177716562498866
(12.19);2.3134390368036315
(12.20);2.1868436521172434
(12.21);1.6022347105991388
(12.22);1.3190283944179364
(12.23);1.1109828432295974
(12.24);1.2098862096704257
(12.25);1.7837082241287852
(12.26);3.1181368259214377
(12.27);3.3557155379938832
(12.28);1.9664755565647438
(12.29);1.887346359118513
(12.30);2.548571151594925
(12.31);4.219802309650726
(13.14);3.746128796964042
(13.15);2.038953409561134
(13.16);1.5345788515219076
(13.17);1.6261431548311027
(13.18);0.9712912237455162
(13.19);0.8960181078957282
(13.20);0.8131147105346966
(13.21);0.7404475297678483
(13.22);0.6735513615396296
(13.23);0.6170207697520537
(13.24);0.6798708749200393
(13.25);0.8683638925105519
(13.26);1.4033094044288348
(13.27);1.935136514729729
(13.28);1.8582446599059121
(13.29);1.1604326419208872
(13.30);1.3199749145206403
(13.31);1.5068840054206039
(14.15);3.3390586781098386
(14.16);2.5663281241042153
(14.17);2.2966155398946815
(14.18);1.157928019915253
(14.19);1.065310628070961
(14.20);0.9322413218581458
(14.21);0.8467693990869127
(14.22);0.7626525084651199
(14.23);0.6859476545663655
(14.24);0.7767353608976008
(14.25);1.0296432568423903
(14.26);1.7104000683669485
(14.27);2.639738674034903
(14.28);2.661069392284493
(14.29);1.4014421448850107
(14.30);1.5905891332089788
(14.31);1.9431636135201527
(15.16);2.5300159486764393
(15.17);1.614407902701747
(15.18);0.9908350906233936
(15.19);0.9441420227832432
(15.20);0.8210787798101566
(15.21);0.7711122409604042
(15.22);0.7051237680185648
(15.23);0.6393286733431864
(15.24);0.7349346899308242
(15.25);0.9511432096536235
(15.26);1.5401522284728955
(15.27);2.27002077195876
(15.28);2.9336119305588326
(15.29);1.3675699341467642
(15.30);1.4829043551653076
(15.31);1.5257226189271016
(16.17);3.036493957182597
(16.18);1.5354600126193196
(16.19);1.444100934633221
(16.20);1.1697866416034803
(16.21);1.0757123446426708
(16.22);0.9554541155679019
(16.23);0.8314872536731756
(16.24);0.9974696972261211
(16.25);1.421727892302986
(16.26);2.4901425371964847
(16.27);5.032028904935414
(16.28);7.484090458090777
(16.29);2.0635823897517986
(16.30);2.2972165223248644
(16.31);2.724091500249255
(17.18);2.351649955455863
(17.19);1.9652322686172274
(17.20);1.5936175654027454
(17.21);1.3404605445238829
(17.22);1.1457757652679266
(17.23);0.9749694618166851
(17.24);1.1341608304799808
(17.25);1.7057626795978222
(17.26);3.163823971587114
(17.27);6.722901669680277
(17.28);3.3997748406089485
(17.29);2.1050458716134184
(17.30);2.6324589067200184
(18.20);4.984564290128136
(18.21);3.0555419504953245
(18.22);2.212181575294647
(18.23);1.6404309171069973
(18.24);1.9880922321967083
(18.25);3.9655297832104495
(18.26);8.164962795770682
(18.27);4.4274487200134915
(18.28);2.3810744436697115
(18.29);3.1757489677506783
(18.30);5.238854484494968
(18.31);4.397210451801264
(19.20);6.152771861121127
(19.22);2.8043696992530647
(19.23);1.9198857311356812
(19.24);2.5272888676019236
(19.25);6.775269956543532
(19.26);12.017366376932852
(19.27);3.946245096371361
(19.28);2.3408851568915563
(19.29);3.973113069804897
(19.30);7.717781897818959
(19.31);3.303643404782993
(20.21);6.036244194673212
(20.22);3.5149569425603246
(20.23);2.3161047329878057
(20.24);2.618773819298662
(20.25);4.271783236668475
(20.26);5.161271316683206
(20.27);2.821667655457562
(20.28);1.8561879956189928
(20.29);2.9512852686221707
(20.31);2.483592466888602
(21.22);8.220896817642851
(21.23);3.488446072176857
(21.24);4.507923532443291
(21.25);5.195312660704462
(21.26);4.497597431062361
(21.27);2.4314660239382615
(21.28);1.7535543210159368
(21.29);3.3770579239657907
(21.30);4.974960711035967
(21.31);1.9655132672117255
(22.23);5.713638173485694
(22.24);6.618376932500217
(22.25);3.7029041731502303
(22.26);3.3867514034411688
(22.27);2.046161568145298
(22.28);1.5686996843392986
(22.29);3.052052139226891
(22.30);3.9456138320338505
(22.31);1.6171031584759057
(23.24);4.350648142689925
(23.25);2.3493141745439856
(23.26);2.4278129685476033
(23.27);1.664086038526671
(23.28);1.3414626603044324
(23.29);2.3441719609678695
(23.30);2.7584574202092424
(23.31);1.320684980598339
(24.25);3.8682765031491333
(24.26);3.3664790245064853
(24.27);2.060947435117248
(24.28);1.6626245212006154
(24.29);3.812754953284628
(24.30);4.346070254720171
(24.31);1.5615187253896219
(25.26);9.688493719675273
(25.27);3.448339568970187
(25.28);2.382094183052161
(25.29);6.339048077255167
(25.31);2.5653661023927397
(26.27);6.775121041765116
(26.28);3.8140264645879474
(26.29);6.978978633842876
(26.30);16.178106463455173
(26.31);5.082889957250949
(27.28);6.717561724010173
(27.29);4.188389476077497
(27.30);5.294333102719431
(27.31);9.4649757195483
(28.29);3.5512448034888187
(28.30);3.6528489701394764
(28.31);3.5067018940582826
(29.30);11.991377918871356
(29.31);2.8127867981111585
(30.31);3.8029473271484426

****Importance nodes******

0; 0.05238095238095238
1; 0.03793103448275863
2; 0.03793103448275863
3; 0.03928571428571429
4; 0.03928571428571429
5; 0.012669897770009007
6; 0.013078604149686717
7; 0.013950511092999166
8; 0.013950511092999166
9; 0.01313451341983403
10; 0.014824221561155076
11; 0.015812502998565413
12; 0.015812502998565413
13; 0.01632258374045462
14; 0.016849118699824122
15; 0.01739263865788297
16; 0.017953691517814674
17; 0.018456290147736393
18; 0.019765813957260195
19; 0.020447393748889858
20; 0.019934117556540558
21; 0.02108914500772022
22; 0.021164172490083413
23; 0.022431453596074197
24; 0.023155048873366915
25; 0.02371466684720785
26; 0.03666666666666667
27; 0.03666666666666667
28; 0.03666666666666667
29; 0.03666666666666667
30; 0.03928571428571429
31; 0.024873998021573755
