
****Importance edges******

(0.5);4.9942106552899705
(0.6);3.8832766532782794
(0.7);3.34507726396972
(0.8);4.103097813339146
(0.9);3.0608854837640465
(0.10);2.9113366110460253
(0.11);3.7447420669084606
(0.12);6.121590158016238
(0.13);2.424257695854612
(0.14);3.1318071932029294
(0.15);2.5352062675154197
(0.16);4.627449352987622
(0.17);9.706013164375499
(0.18);7.730680425636987
(0.19);5.920598145703344
(0.20);4.29861275974725
(0.21);3.3501953257957804
(0.22);2.762275793796117
(0.23);2.1910140005411725
(0.24);2.6335964946951838
(0.25);4.5018022946261995
(0.31);35.605156969095006
(1.3);4.276057815398489
(1.4);5.217469787456001
(1.5);4.471468792895272
(1.6);5.964831536714382
(1.7);7.40088137866507
(1.8);5.268594574576249
(1.9);4.567129774725013
(1.10);3.662312864997784
(1.11);3.0139975063211177
(1.12);5.2051161911724675
(1.13);1.7100279152259763
(1.14);1.7561435214750356
(1.15);1.3761717023669067
(1.16);1.6997902734040498
(1.17);2.6719233275889587
(1.18);2.9857672336275316
(1.19);2.5262010785419053
(1.20);2.7960551880518
(1.21);2.1498542874330666
(1.22);1.890645303419108
(1.23);1.6675553352438306
(1.24);1.6620727813243914
(1.25);2.120249795668087
(1.26);3.004385016979196
(1.27);3.0320508271637
(1.28);2.215487903077711
(1.29);2.1535392192007317
(1.30);2.5671338278832065
(1.31);3.2300740993736574
(2.3);6.598134676055667
(2.4);7.819219706484116
(2.5);5.404144354843545
(2.6);9.264710110143483
(2.7);3.763491062323187
(2.8);3.355463425109619
(2.9);2.846689645997492
(2.10);2.4729522069168675
(2.11);2.261593195421034
(2.12);4.362682855681035
(2.13);2.1270320771272693
(2.14);2.0824665980357002
(2.15);1.5451067665591245
(2.16);1.8277420122672916
(2.17);2.9172819570972206
(2.18);2.5212723564330237
(2.19);2.156515545188688
(2.20);2.2332845565081696
(2.21);1.7910017685682216
(2.22);1.5961946558817857
(2.23);1.4177952689171767
(2.24);1.4516639587976257
(2.25);1.8601059195961869
(2.26);2.6949336121495926
(2.27);3.0260460905569633
(2.28);2.2855277464995694
(2.29);1.9928051073792752
(2.30);2.314071605482644
(2.31);3.180017355436815
(3.5);4.3606364541208436
(3.6);4.626575401752994
(3.7);2.162604424722788
(3.8);2.1760080801878123
(3.9);1.8429008896865657
(3.10);1.691640691665932
(3.11);1.702265180249097
(3.12);3.052992208473904
(3.13);4.029325476960247
(3.14);3.47348766900761
(3.15);2.1686728063894134
(3.16);2.328171291084184
(3.17);3.5496023988265626
(3.18);2.125143451766589
(3.19);1.8619080252904558
(3.20);1.7902519653694726
(3.21);1.501501300617421
(3.22);1.3527178502564703
(3.23);1.2000873925927167
(3.24);1.2825092039249286
(3.25);1.6669961256648935
(3.26);2.4827142472767854
(3.27);3.2591510933321723
(3.28);2.6665001380705937
(3.29);1.922112375085608
(3.30);2.151998567368492
(3.31);3.1775282286218296
(4.5);8.147694153661465
(4.6);7.502342835871711
(4.7);2.674675629273616
(4.8);2.7484564581993984
(4.9);2.2015780325802283
(4.10);1.9952118861440225
(4.11);2.053323744957508
(4.12);4.395774859962473
(4.13);3.247832559323831
(4.14);3.385769696005882
(4.15);2.16012289355453
(4.16);2.6405591462925706
(4.17);4.967951918321478
(4.18);2.6751838222618973
(4.19);2.265087859854353
(4.20);2.1466696035164117
(4.21);1.7475623802586093
(4.22);1.5461410442956542
(4.23);1.3453907420603497
(4.24);1.45259815860854
(4.25);1.9604469309993848
(4.26);3.0035483041325146
(4.27);4.065201525233307
(4.28);3.0058121472333235
(4.29);2.202560419166511
(4.30);2.530842153453409
(4.31);4.352553026658545
(5.6);6.30048625631209
(5.7);1.798965424716147
(5.8);1.9756576834799449
(5.9);1.4263458491621317
(5.10);1.2692164082043453
(5.11);1.3374290395084858
(5.12);4.476818502478456
(5.13);1.2211955818234226
(5.14);1.3726191239380507
(5.15);0.9803910456039727
(5.16);1.3231916598765112
(5.17);2.892993485988982
(5.18);1.9355985151713355
(5.19);1.5563355550039568
(5.20);1.4970764253399158
(5.21);1.1522392145276041
(5.22);1.001852137693578
(5.23);0.8589407782580727
(5.24);0.9364513822415476
(5.25);1.3266178575610412
(5.26);2.3393471181539134
(5.27);2.980317496434172
(5.28);1.9797633632938691
(5.29);1.5969894337331185
(5.30);1.8984064201803175
(5.31);3.3706694822363983
(6.7);1.964950748672327
(6.8);1.972328696211963
(6.9);1.495763852693436
(6.10);1.3089143548436513
(6.11);1.2905417547497522
(6.12);3.5065036317351113
(6.13);1.1851086312687624
(6.14);1.2498156933020095
(6.15);0.907382606452889
(6.16);1.1469764364616966
(6.17);2.139147465335922
(6.18);1.68913801538625
(6.19);1.3988965321972455
(6.20);1.4086790519823174
(6.21);1.0961888843032441
(6.22);0.9650861188075974
(6.23);0.8421068849958306
(6.24);0.8948046518977177
(6.25);1.2164852044091332
(6.26);2.057549273509087
(6.27);2.439750695219624
(6.28);1.7413993426706802
(6.29);1.4588739144027283
(6.30);1.7131042347110081
(6.31);2.513479515089679
(7.8);6.61814025160092
(7.9);5.090337930915069
(7.10);3.2736184193904156
(7.11);2.4120729811958785
(7.12);2.9950794804636773
(7.13);0.7701379147009544
(7.14);0.8324642876475995
(7.15);0.6813656391473442
(7.16);0.8822721993171916
(7.17);1.3979939297937691
(7.18);2.1385911601732426
(7.19);1.7854538514103855
(7.20);2.1903229168202607
(7.21);1.5371836182396952
(7.22);1.3153326484038992
(7.23);1.131793256189132
(7.24);1.126785881843333
(7.25);1.4851582067919156
(7.26);2.3274624795219583
(7.27);2.085053573916209
(7.28);1.4852523032969953
(7.30);1.9577720769276272
(7.31);2.0113482259721147
(8.9);4.875727764021327
(8.10);3.5965865259638323
(8.11);3.5493419100451593
(8.12);3.848510099487482
(8.13);0.8207385586536445
(8.14);0.9110698639404486
(8.15);0.7501745670772964
(8.17);1.6333424100656821
(8.18);3.0726750695430645
(8.19);2.4061339993284556
(8.20);3.0006205734287796
(8.21);1.909969602316773
(8.22);1.565203423758963
(8.23);1.2892671187034255
(8.24);1.3235247172858682
(8.25);1.8559374129798385
(8.26);2.94070134438151
(8.27);2.483605558193268
(8.28);1.679880724398754
(8.29);1.8716591724477223
(8.30);2.3909637424625
(8.31);2.4972101134215663
(9.10);9.314323952997004
(9.11);3.428424555636405
(9.12);2.22296001172165
(9.13);0.7192180072433897
(9.14);0.7806637645986757
(9.15);0.658774499182465
(9.16);0.8516148467770135
(9.17);1.2633315899079371
(9.18);2.213058329828993
(9.19);1.9689983408244578
(9.20);2.748133972963295
(9.21);1.90111094988784
(9.22);1.6216133231244299
(9.23);1.3948397116695783
(9.24);1.3229676306576716
(9.25);1.6639800484298852
(9.26);2.426137108182935
(9.27);1.9777164348481238
(9.28);1.4426783572377548
(9.29);1.692785155392844
(9.30);2.0976851150088063
(9.31);1.8218546679491507
(10.11);4.019738826617035
(10.12);1.9193853398537786
(10.13);0.6859960301366148
(10.14);0.7475908340395865
(10.15);0.6407851635670958
(10.16);0.8287889616760739
(10.17);1.1906509540611305
(10.18);2.1950839446997885
(10.19);2.047062695222469
(10.20);3.092088368264446
(10.21);2.164787922049345
(10.22);1.848939632695143
(10.23);1.588701080879836
(10.24);1.4557644409830421
(10.25);1.7675385613129324
(10.26);2.4684045243638284
(10.27);1.9164628258776497
(10.28);1.4176412624329862
(10.29);1.7528056928046587
(10.30);2.177117780297075
(10.31);1.7176569421278307
(11.12);2.1482603069460677
(11.13);0.7159153167054119
(11.14);0.8087564519018682
(11.15);0.7005410604151874
(11.16);0.9581256260780348
(11.17);1.386608728561253
(11.18);3.7260009677251755
(11.19);3.57571489358597
(11.21);3.438720178092688
(11.22);2.479825965726751
(11.23);1.8323720844205542
(11.24);1.876390618922502
(11.25);2.6721522576250507
(11.26);3.679040516512384
(11.27);2.4075057431124636
(11.29);2.2922559308446173
(11.30);3.1056914633889052
(11.31);2.156129834723181
(12.13);1.0806397734611548
(12.14);1.2349307457858394
(12.15);0.9559011678835568
(12.16);1.3475992060144677
(12.17);2.6811602557725736
(12.18);3.1611810421912367
(12.19);2.301382345118773
(12.20);2.2595078248609592
(12.21);1.5958612828456071
(12.22);1.3350786784178956
(12.23);1.1071016399839357
(12.24);1.2056781439827935
(12.25);1.7859554206727848
(12.26);3.1267458529768
(12.27);3.364980508541849
(12.28);2.070630179393286
(12.29);1.9382998966905798
(12.30);2.434128966140338
(12.31);4.184481672545677
(13.14);3.72862909164473
(13.15);2.0294286212367068
(13.16);1.49946957867913
(13.17);1.621168112161874
(13.18);0.9662443325988833
(13.19);0.8913551447330713
(13.20);0.839699242114906
(13.21);0.7374951486017982
(13.22);0.6815929760817852
(13.23);0.6148556500070969
(13.24);0.6774957553919105
(13.25);0.8693922787221988
(13.26);1.4070834752775703
(13.27);1.9403408854020237
(13.28);1.9556358358493264
(13.29);1.191407607538928
(13.30);1.2611893005025647
(13.31);1.4943400788757177
(14.15);3.323460564409593
(14.16);2.5083206222799337
(14.17);2.289534032968478
(14.18);1.15192008827976
(14.19);1.0597746619266444
(14.20);0.9622220250926042
(14.21);0.8433850416799861
(14.22);0.7715824431365533
(14.23);0.6835299828916644
(14.24);0.7740098042406324
(14.25);1.0307843805336694
(14.26);1.71487616031021
(14.27);2.646646831506181
(14.28);2.7990423510874236
(14.29);1.4384178149101503
(14.30);1.52034635485753
(14.31);1.9270774946009148
(15.16);2.473526844855514
(15.17);1.6093910832885543
(15.18);0.9857016183129256
(15.19);0.9392428402428482
(15.20);0.8470441687276745
(15.21);0.7680229216527732
(15.22);0.713217276653784
(15.23);0.6370653067873415
(15.24);0.7323443599387722
(15.25);0.9521246487730864
(15.26);1.5440699241578681
(15.27);2.275795039215393
(15.28);3.0840488049803194
(15.29);1.4032249151561857
(15.30);1.4179786606818279
(15.31);1.5131629742539559
(16.17);2.974938174237948
(16.18);1.5021118600078116
(16.19);1.4131493709661096
(16.20);1.1868821854627212
(16.21);1.0541976914612745
(16.22);0.9509564738902125
(16.23);0.8156813834774194
(16.24);0.9787956352846977
(16.25);1.4017920515268218
(16.26);2.4678403491826164
(16.27);4.986961101364844
(16.29);2.093153949829995
(16.30);2.172472120605465
(16.31);2.6620988643844647
(17.18);2.3429488644992977
(17.19);1.9578944936341187
(17.20);1.6447380483671399
(17.21);1.3369666244012208
(17.22);1.1600516742792144
(17.23);0.9728259969276039
(17.24);1.1316582204081331
(17.25);1.7095450985088105
(17.26);3.1746491415313756
(17.27);6.745904388461859
(17.28);3.5739039790168268
(17.29);2.1608203695297115
(17.30);2.5216550227376606
(17.31);7.033135621859865
(18.20);5.129001755219983
(18.21);3.0417663704859255
(18.22);2.2344785388730193
(18.23);1.6337830030361455
(18.24);1.9800819747903668
(18.25);3.9666603923776202
(18.26);8.180515194111766
(18.27);4.435882003526313
(18.28);2.496775495962596
(18.29);3.253375103178361
(18.30);5.01603756865519
(18.31);4.359980181184622
(19.20);6.327466569011488
(19.22);2.831913870014138
(19.23);1.912057195482731
(19.24);2.5170429062073034
(19.25);6.776583195226631
(19.26);12.03917625520887
(19.27);3.9534069921228623
(19.28);2.4531186442958304
(19.29);4.0688036412845054
(19.30);7.3927819388205975
(19.31);3.275813113668738
(20.21);6.211156134695869
(20.23);2.381812718329572
(20.24);2.6917037927734344
(20.25);4.407360184021263
(20.26);5.296265889194389
(20.27);2.895469204639036
(20.28);1.9911396334741127
(20.29);3.094797161639021
(20.30);4.522935843678197
(20.31);2.5387405761517905
(21.22);8.308622282094163
(21.23);3.477812543946098
(21.24);4.494210809118222
(21.25);5.201196638250141
(21.26);4.50895415434775
(21.27);2.4376056323036037
(21.28);1.8379748480667206
(21.29);3.4599555279872263
(21.30);4.771165206091946
(21.31);1.9509905905677443
(22.23);5.77445921101543
(22.24);6.687390780100125
(22.25);3.7563264990471645
(22.26);3.4302384507091133
(22.27);2.0724349830588866
(22.28);1.6603095768664253
(22.29);3.158367299929156
(22.30);3.8231344487912713
(22.31);1.626134591488726
(23.24);4.339061768931813
(23.25);2.352568707497289
(23.26);2.4343457240582738
(23.27);1.6685637587544029
(23.28);1.4048764662994566
(23.29);2.4009309834928625
(23.30);2.648506193587029
(23.31);1.31157174203453
(24.25);3.873393498723109
(24.26);3.375319526457168
(24.27);2.066359561462838
(24.28);1.740216092299238
(24.29);3.9038330362898064
(24.30);4.174710674603276
(24.31);1.550843324040416
(25.26);9.743437399952374
(25.27);3.467895185379332
(25.28);2.4995431638074215
(25.29);6.508526755832347
(25.30);15.466611416816312
(25.31);2.5578148221118053
(26.27);6.815542493603281
(26.28);3.9738094669432447
(26.29);7.14166144174483
(26.30);15.713433568778441
(26.31);5.078931330420563
(27.28);6.998984045206713
(27.29);4.286022524737525
(27.30);5.1422675260846935
(27.31);9.457604262139723
(28.29);3.7616126133180785
(28.30);3.6746424492239638
(28.31);3.654099423710087
(29.30);11.84776723254029
(29.31);2.8687303244743934
(30.31);3.6448672756202596

****Importance nodes******

0; 0.05
1; 0.03793103448275863
2; 0.03793103448275863
3; 0.03793103448275863
4; 0.03793103448275863
5; 0.012546480216113147
6; 0.012951205384374862
7; 0.012550251260574564
8; 0.014232960785352336
9; 0.014232960785352338
10; 0.014692088552621769
11; 0.014857279979247665
12; 0.015645293989133686
13; 0.016149980892008965
14; 0.01667094801755764
15; 0.01720872053425305
16; 0.017143461449139
17; 0.01831685543694311
18; 0.019537979132739317
19; 0.02021170255110964
20; 0.021070061230578647
21; 0.020891580478183246
22; 0.02155935453814039
23; 0.022239033932675182
24; 0.0229564221240518
25; 0.023696951869988957
26; 0.03666666666666667
27; 0.03666666666666667
28; 0.03928571428571429
29; 0.03793103448275863
30; 0.03666666666666667
31; 0.024461369672246665
