
****Mix criterion 0.5*C(weight)+0.5*C(distance) ******

(0.5);0.46502796837725296
(0.6);0.4183723044908262
(0.7);0.39048057458670427
(0.8);0.42574062812505326
(0.9);0.366638962465933
(0.10);0.3541381458122143
(0.11);0.4073273174826114
(0.12);0.4959985880239107
(0.13);0.3046758598734535
(0.14);0.3650666795916605
(0.15);0.31275783462610285
(0.16);0.4436971383739281
(0.17);0.5773917028125413
(0.18);0.5321447753521364
(0.19);0.4827482300335486
(0.20);0.42121859654183996
(0.21);0.3691372623740465
(0.22);0.32098324085864716
(0.23);0.2535441194371236
(0.24);0.30405621066311717
(0.25);0.42557293730037415
(0.31);0.9824127216643568
(1.2);0.5908110902335496
(1.3);0.4022017346416587
(1.4);0.44327649334409236
(1.5);0.4663958503465457
(1.6);0.5100753351793008
(1.7);0.5457968464539826
(1.8);0.4884121138720706
(1.9);0.4666222581108861
(1.10);0.42942931854467414
(1.11);0.39432852219777564
(1.12);0.48489504471018186
(1.13);0.2575433345489834
(1.14);0.26266708219128865
(1.15);0.18198069832275168
(1.16);0.2511552314644633
(1.17);0.3596883478258561
(1.18);0.37872103946050223
(1.19);0.3407607615322391
(1.20);0.36082339544502806
(1.21);0.29943533574852166
(1.22);0.2613794529448252
(1.23);0.21949136038450828
(1.24);0.21478774172625492
(1.25);0.28471084574917443
(1.26);0.3230624382607367
(1.27);0.3254429889799378
(1.28);0.2227467059598509
(1.29);0.2191405302063614
(1.30);0.2797260370408038
(1.31);0.3819436070590573
(2.3);0.48896198769502197
(2.4);0.5214799454806452
(2.5);0.49556873799271517
(2.6);0.5808803537973799
(2.7);0.43966548369969344
(2.8);0.4149212728054027
(2.9);0.38497350186279744
(2.10);0.35500035547546677
(2.11);0.3349476934837178
(2.12);0.4566187764183331
(2.13);0.31540298533717037
(2.14);0.30811473256585115
(2.15);0.22113651004203533
(2.16);0.2720045097275955
(2.17);0.3779465466569141
(2.18);0.3425928196795859
(2.19);0.30256558976347137
(2.20);0.30841055172859705
(2.21);0.24841239107292523
(2.22);0.2085283009962278
(2.23);0.1626133610240231
(2.24);0.1672504060039004
(2.25);0.24695645316494094
(2.26);0.2936427255529678
(2.27);0.32492940210901633
(2.28);0.23309652608719056
(2.29);0.19191317828842316
(2.30);0.24821280225585193
(2.31);0.3786993689675121
(3.4);0.6487395648461027
(3.5);0.4624632965115345
(3.6);0.4709737450240293
(3.7);0.333859887699246
(3.8);0.3280236906843434
(3.9);0.2872751744128305
(3.10);0.26163747439710605
(3.11);0.2627382079864906
(3.12);0.3943433550533901
(3.13);0.4424510514998797
(3.14);0.41550353501839765
(3.15);0.3159794908961848
(3.16);0.33341438637727716
(3.17);0.415513432256332
(3.18);0.301484307743912
(3.19);0.26269446013221437
(3.20);0.2473738021196164
(3.21);0.19119193413260654
(3.22);0.148777460922867
(3.23);0.09488685217026702
(3.24);0.11841062842046844
(3.25);0.2120316162036448
(3.26);0.2698477916916895
(3.27);0.3437036051896518
(3.28);0.28073688365325705
(3.29);0.17861288218930735
(3.30);0.22457175210228184
(3.31);0.3785359432779425
(4.5);0.5596401785007687
(4.6);0.5458617532574782
(4.7);0.3785753819977561
(4.8);0.3777943192906806
(4.9);0.3309723919827647
(4.10);0.3056012043067315
(4.11);0.31216553032796057
(4.12);0.4578503829571759
(4.13);0.40456705776488955
(4.14);0.4108747928076095
(4.15);0.31501589448227163
(4.16);0.3612839681509571
(4.17);0.47303847981205815
(4.18);0.3557110261721065
(4.19);0.31490627575086005
(4.20);0.2982620625765451
(4.21);0.24095146018265898
(4.22);0.19769549078916585
(4.23);0.1424143693525737
(4.24);0.16749005479854942
(4.25);0.2625935267385214
(4.26);0.32298986913340666
(4.27);0.3948938400609716
(4.28);0.314092530923621
(4.29);0.2267174670058116
(4.30);0.27555057158492474
(4.31);0.4392483382929636
(5.6);0.5546860913676803
(5.7);0.41395824541083653
(5.8);0.4183190529492862
(5.9);0.3693718933956259
(5.10);0.34568827672254826
(5.11);0.3546165912458061
(5.12);0.5115067528258163
(5.13);0.32871202473414796
(5.14);0.34852752226523015
(5.15);0.27051114386923564
(5.16);0.3389993551948112
(5.17);0.45461811262487056
(5.18);0.39352700080475717
(5.19);0.3525312917012465
(5.20);0.340749621971414
(5.21);0.2835191442649081
(5.22);0.24123004563505254
(5.23);0.1875558727936057
(5.24);0.20933651971473366
(5.25);0.29955329966005373
(5.26);0.3560106840011254
(5.27);0.40307063100230256
(5.28);0.30629280269113474
(5.29);0.2561203479813726
(5.30);0.30872165417808334
(5.31);0.4586728120060347
(6.7);0.42410140590242124
(6.8);0.4164538296984726
(6.9);0.3751427816988726
(6.10);0.34897342664574393
(6.11);0.34548480819988714
(6.12);0.48320224746388485
(6.13);0.3197474838956849
(6.14);0.32748589345603024
(6.15);0.24637290214285215
(6.16);0.306073441361471
(6.17);0.41255791535181013
(6.18);0.36889963507153045
(6.19);0.32911488818881396
(6.20);0.3259511337464748
(6.21);0.2679051479331991
(6.22);0.22697744763001756
(6.23);0.17699115360855677
(6.24);0.1910078284690948
(6.25);0.27555897980332567
(6.26);0.326161926288037
(6.27);0.3633029769512109
(6.28);0.2710277150515471
(6.29);0.22673284782260444
(6.30);0.2805469350470767
(6.31);0.4155468410799624
(7.8);0.5603958873627302
(7.9);0.5304139087094101
(7.10);0.4799907563791939
(7.11);0.44373550418413515
(7.12);0.46724954144786846
(7.13);0.21252080893599992
(7.14);0.23073418181087502
(7.15);0.15992275924942273
(7.16);0.24327306284497563
(7.17);0.3430485236896814
(7.18);0.4096224634041615
(7.19);0.37786662334898985
(7.20);0.4079148852020675
(7.21);0.3475357952064571
(7.22);0.3109514421780789
(7.23);0.26985583255971113
(7.24);0.26358512233162007
(7.25);0.32554380726864485
(7.26);0.3554618148249274
(7.27);0.33132410871139256
(7.28);0.22669449036232525
(7.29);0.25542788124423155
(7.30);0.316600489802675
(7.31);0.3810581128475118
(8.9);0.5196498426403906
(8.10);0.4845899742532893
(8.11);0.4832418573921018
(8.12);0.4902983054156242
(8.13);0.21473572269158
(8.14);0.24078473611908252
(8.15);0.17459083650454174
(8.16);0.2653485950188229
(8.17);0.3627198015586252
(8.18);0.453183108424703
(8.19);0.417580747470654
(8.20);0.446519734764119
(8.21);0.3787902708828115
(8.22);0.3382516549463848
(8.23);0.29106733808943736
(8.24);0.29306262645138376
(8.25);0.36169965149009137
(8.26);0.3954513522015233
(8.27);0.3622929007446132
(8.28);0.25438403376855984
(8.29);0.29110598325503295
(8.30);0.35432428843856084
(8.31);0.4100487670687194
(9.10);0.6040013389886721
(9.11);0.4799870710722675
(9.12);0.4231286629617978
(9.13);0.17165098156543454
(9.14);0.19378486993231486
(9.15);0.12690464118176278
(9.16);0.2169686464408496
(9.17);0.31116267711324075
(9.18);0.4078719374410408
(9.19);0.38662724587169356
(9.20);0.43491433878695684
(9.21);0.3783162212275989
(9.22);0.3456713689052466
(9.23);0.3098915096753084
(9.24);0.293179180548167
(9.25);0.34046575015312197
(9.26);0.35770311433275703
(9.27);0.31139906423170793
(9.28);0.20735965801683387
(9.29);0.26410895324860345
(9.30);0.3254626185082692
(9.31);0.35510741086071784
(10.11);0.4973270155120506
(10.12);0.3999872985104661
(10.13);0.14944782570948223
(10.14);0.17438423356328098
(10.15);0.11018752787966149
(10.16);0.2040807879490122
(10.17);0.29447278390959497
(10.18);0.4049591841411491
(10.19);0.3912400035004817
(10.20);0.44990197373758656
(10.21);0.398284220744686
(10.22);0.3685595174692808
(10.23);0.33580998232037174
(10.24);0.3130254344107033
(10.25);0.3505129885078176
(10.26);0.35974919880155676
(10.27);0.3016026255805172
(10.28);0.19879808115752018
(10.29);0.2716044606191921
(10.30);0.3322460513911574
(10.31);0.3412080937583342
(11.12);0.4163253828101705
(11.13);0.1631595699321205
(11.14);0.19911310011828065
(11.15);0.14322670598962475
(11.16);0.24617588549797995
(11.17);0.3277865156837493
(11.18);0.4771928633389181
(11.19);0.47043453356183446
(11.20);0.5792784290754392
(11.21);0.46468474189451503
(11.22);0.416989046439717
(11.23);0.36342469083556417
(11.24);0.36477589550270717
(11.25);0.421705514851525
(11.26);0.434265599829438
(11.27);0.3540884058471011
(11.28);0.2505287741092803
(11.29);0.337996326077609
(11.30);0.40441749041497627
(11.31);0.3840151476255401
(12.13);0.2793368938001645
(12.14);0.3075330562321512
(12.15);0.23799311826844324
(12.16);0.32415879403838926
(12.17);0.43570021053908914
(12.18);0.45387577176570465
(12.19);0.4064893738150613
(12.20);0.4009581623234041
(12.21);0.3387161866566478
(12.22);0.2953058699923242
(12.23);0.2412777741843917
(12.24);0.2602815089474561
(12.25);0.34829362773128253
(12.26);0.40327391748977665
(12.27);0.416582926728633
(12.28);0.30465026688278096
(12.29);0.29418237686994086
(12.30);0.35350743095629905
(12.31);0.48112706947941436
(13.14);0.48112831842627113
(13.15);0.39646020198756343
(13.16);0.34333470846419833
(13.17);0.35219739511288023
(13.18);0.21736650143148842
(13.19);0.18542632236874418
(13.20);0.15658531723539662
(13.21);0.10797374466855003
(13.22);0.06637307552428337
(13.23);0.008505781935377371
(13.24);0.047121442432813805
(13.25);0.1449844907973691
(13.26);0.20414849929578271
(13.27);0.29838677334491337
(13.28);0.287832116311351
(13.29);0.13466513592686874
(13.30);0.16558609552048167
(13.31);0.30303269315916803
(14.15);0.4643740074400233
(14.16);0.42740438515156065
(14.17);0.409335758683587
(14.18);0.2639515865599726
(14.19);0.2356986634912587
(14.20);0.199135535063308
(14.21);0.15499145051203206
(14.22);0.1138846459669101
(14.23);0.05358711926925795
(14.24);0.10070599618026252
(14.25);0.20063807505848877
(14.26);0.2625668504443594
(14.27);0.3677360223246515
(14.28);0.3693949344520256
(14.29);0.20055686716695262
(14.30);0.2263696940979772
(14.31);0.3557259437513765
(15.16);0.423644349562258
(15.17);0.34551977462447636
(15.18);0.21487498429035862
(15.19);0.19371291949947897
(15.20);0.14975675985252826
(15.21);0.11334440121601858
(15.22);0.07456822958139765
(15.23);0.012935541316944866
(15.24);0.07092298718992092
(15.25);0.16911730648862414
(15.26);0.22830370696378027
(15.27);0.33291842560118495
(15.28);0.38729445085483316
(15.29);0.1888475509635813
(15.30);0.20044259606750112
(15.31);0.30039757406489065
(16.17);0.44647378193187376
(16.18);0.32524096002037467
(16.19);0.3078467282615387
(16.20);0.2587622444904138
(16.21);0.22587941251322205
(16.22);0.187442812138959
(16.23);0.12481078239200194
(16.24);0.18566373752393536
(16.25);0.2863705989066383
(16.26);0.35172448160132386
(16.27);0.48014110182198527
(16.28);0.5444036369153338
(16.29);0.3078174981304753
(16.30);0.32259920136622255
(16.31);0.4122171256512842
(17.18);0.4025424239478697
(17.19);0.3690554175546689
(17.20);0.33087429522979905
(17.21);0.28364211630171143
(17.22);0.24077958728115004
(17.23);0.1796115593340987
(17.24);0.22359027954983696
(17.25);0.3268496146334589
(17.26);0.39897711704438465
(17.27);0.5262607623800398
(17.28);0.4124114451000017
(17.29);0.3107981092626666
(17.30);0.35208836539579647
(17.31);0.5486302787620719
(18.19);0.5828121359799407
(18.20);0.5061384451205254
(18.21);0.4349825481957569
(18.22);0.383167825679625
(18.23);0.31749536432065495
(18.24);0.35513478666523984
(18.25);0.46681377951315667
(18.26);0.5558791777119051
(18.27);0.45508534735495837
(18.28);0.335035949637589
(18.29);0.3956698566319906
(18.30);0.4754680557857582
(18.31);0.47866260814197914
(19.20);0.5334403770790254
(19.21);0.4784599907367895
(19.22);0.4204300973633438
(19.23);0.34823658749834735
(19.24);0.39693405031902657
(19.25);0.5404223624220846
(19.26);0.6273420335475767
(19.27);0.4338840061483144
(19.28);0.3286013152586154
(19.29);0.435075629291862
(19.30);0.5378951136997405
(19.31);0.4354239723974434
(20.21);0.5313168327350992
(20.23);0.38716131584650626
(20.24);0.40605888567509896
(20.25);0.4793191052574193
(20.26);0.4823912518227772
(20.27);0.3728152636812802
(20.28);0.27174927182343517
(20.29);0.3820390743586299
(20.30);0.45590464243254425
(20.31);0.3913196736005978
(21.22);0.5739146532715478
(21.23);0.44874264335948155
(21.24);0.48397113416994136
(21.25);0.5032217428751349
(21.26);0.45590464243254425
(21.27);0.33564009739297623
(21.28);0.24934965419447755
(21.29);0.40453167611655283
(21.30);0.4654816228467821
(21.31);0.3407997437039005
(22.23);0.5191051848022176
(22.24);0.5391618332287079
(22.25);0.45545655334809615
(22.26);0.40539682060695026
(22.27);0.2928324943956634
(22.28);0.21414231655726246
(22.29);0.38498804097889827
(22.30);0.42557763685434236
(22.31);0.29584629741087876
(23.24);0.47657587452278327
(23.25);0.3761569367677206
(23.26);0.3306752547226391
(23.27);0.22655207467549376
(23.28);0.15062150067733615
(23.29);0.32223899851836296
(23.30);0.3501319852851896
(23.31);0.23298819533830123
(24.25);0.45709531717871515
(24.26);0.3988022833000251
(24.27);0.2863545761882546
(24.28);0.22262720380278966
(24.29);0.4224630962155578
(24.30);0.43845518634470537
(24.31);0.27658514088654806
(25.26);0.5845282467911146
(25.27);0.402261702325985
(25.28);0.3217122734785567
(25.29);0.5097697894051951
(25.30);0.6840562393916896
(25.31);0.3845841004686999
(26.27);0.5016491658192507
(26.28);0.3859161123416588
(26.29);0.5073193968764723
(26.30);0.6812179927086459
(26.31);0.47000042004362413
(27.28);0.5000177515457545
(27.29);0.4062936024729509
(27.30);0.44713194342295054
(27.31);0.5782429699650165
(28.29);0.36971701601851503
(28.30);0.36812157597513756
(28.31);0.4024314646910975
(29.30);0.6093272760418779
(29.31);0.3565218298354774
(30.31);0.41007730253526575
