
****Mix criterion 0.5*C(weight)+0.5*C(distance) ******

(0.5);0.46493461515778883
(0.6);0.4183034002545363
(0.7);0.3904237179458807
(0.8);0.4256762633363538
(0.9);0.3665936796782849
(0.10);0.35409804535591016
(0.11);0.40727939758707377
(0.12);0.49592707551884335
(0.13);0.30465014213090597
(0.14);0.36503687290653464
(0.15);0.31273651643453476
(0.16);0.44366312524219964
(0.17);0.5773320902307424
(0.18);0.5321066133007933
(0.19);0.48272592704608935
(0.20);0.42064453409846514
(0.21);0.369118383927125
(0.22);0.32095881507968255
(0.23);0.25353644396560426
(0.24);0.3040500243878252
(0.25);0.425567620016388
(0.31);0.9824127216643568
(1.3);0.40398026378438556
(1.4);0.4454465814179419
(1.5);0.46793657345163703
(1.6);0.5121203869317976
(1.7);0.5483622945287834
(1.8);0.49018512240540535
(1.9);0.4681642281799985
(1.10);0.4306591332255314
(1.11);0.3953409527777474
(1.12);0.48662390503184005
(1.13);0.258108072642272
(1.14);0.26324367832145745
(1.15);0.18242986295429944
(1.16);0.25171288896368
(1.17);0.36055016264856604
(1.18);0.3796675850059538
(1.19);0.3415557588819932
(1.20);0.3612532657907173
(1.21);0.30009914318969083
(1.22);0.2619492576843036
(1.23);0.21999877625283193
(1.24);0.21528976047168427
(1.25);0.28534645995821695
(1.26);0.3236155623235732
(1.27);0.32600120647295866
(1.28);0.22314075500584032
(1.29);0.21953040082871583
(1.30);0.2801986607174295
(1.31);0.382904570191609
(2.3);0.4917063319755747
(2.4);0.524732172349816
(2.5);0.49743083084327605
(2.6);0.5840567740416908
(2.7);0.4409700635742203
(2.8);0.4160504667871754
(2.9);0.3859346110159624
(2.10);0.3558307795930214
(2.11);0.33570738426172875
(2.12);0.4580678255861417
(2.13);0.3161054393900574
(2.14);0.308798470635633
(2.15);0.22164081289197027
(2.16);0.2726041449036064
(2.17);0.37888750061569376
(2.18);0.34339211142978454
(2.19);0.3032442468021732
(2.20);0.3087539007470395
(2.21);0.24896539613381347
(2.22);0.2090093638790471
(2.23);0.16304477808244267
(2.24);0.16768887207323813
(2.25);0.24751408074034975
(2.26);0.29413887788371185
(2.27);0.325486514096488
(2.28);0.23350303249457802
(2.29);0.19227395006379552
(2.30);0.24863883576383622
(2.31);0.3796454399694257
(3.5);0.4639658303877504
(3.6);0.4725599735830717
(3.7);0.3346095348120824
(3.8);0.3287559696327741
(3.9);0.2878973809522557
(3.10);0.2622055319700211
(3.11);0.26331001513632757
(3.12);0.39535739525877756
(3.13);0.4437817394768632
(3.14);0.41664398824653515
(3.15);0.3166873176305626
(3.16);0.3341781995371996
(3.17);0.41665833784941125
(3.18);0.3021580190249054
(3.19);0.26328040396628405
(3.20);0.24764903854360143
(3.21);0.19165555054703112
(3.22);0.14918514450098674
(3.23);0.09525202349232552
(3.24);0.1187980023482473
(3.25);0.21253135280357574
(3.26);0.2703048732519938
(3.27);0.3443036331101593
(3.28);0.2812111502173298
(3.29);0.17896085595325295
(3.30);0.2249679470586786
(3.31);0.379481273752231
(4.5);0.5624476096195344
(4.6);0.5484339431458086
(4.7);0.3795025339263922
(4.8);0.3787192408584553
(4.9);0.3317156963333091
(4.10);0.3062712019173814
(4.11);0.3128552614062436
(4.12);0.4593104235132773
(4.13);0.4056396570777672
(4.14);0.41198644551736086
(4.15);0.3157209306357636
(4.16);0.36215026773690917
(4.17);0.4746408665862262
(4.18);0.35655911081236485
(4.19);0.3156191005773714
(4.20);0.29859209526276936
(4.21);0.2414910525255931
(4.22);0.19816146846004284
(4.23);0.1428237546348422
(4.24);0.1679288030371293
(4.25);0.2631812348132789
(4.26);0.3235428391527346
(4.27);0.3956422663682453
(4.28);0.3146271478842441
(4.29);0.22711621228694578
(4.30);0.2760165137615781
(4.31);0.4405432444970988
(5.6);0.5554977823938555
(5.7);0.4141975667134982
(5.8);0.41856946399922657
(5.9);0.36955573483625753
(5.10);0.34585186690964964
(5.11);0.3547909167663471
(5.12);0.5120839848716024
(5.13);0.32886948511789327
(5.14);0.3487045092136852
(5.15);0.27063755800033096
(5.16);0.33917353800681616
(5.17);0.4549913931743511
(5.18);0.39377184835365286
(5.19);0.3527278575142775
(5.20);0.34052297724670844
(5.21);0.2836570620762347
(5.22);0.24134076183645678
(5.23);0.18765831686423265
(5.24);0.20944810623553275
(5.25);0.29971123472300837
(5.26);0.3559904180633988
(5.27);0.40304481229061184
(5.28);0.3062765184749838
(5.29);0.2561068596803175
(5.30);0.3087052081423529
(5.31);0.45907373279845043
(6.7);0.42436267762190444
(6.8);0.41670387993361446
(6.9);0.37533556907851523
(6.10);0.34914213236378505
(6.11);0.3456529938217473
(6.12);0.48365436368129
(6.13);0.3199002894381315
(6.14);0.3276470441034838
(6.15);0.2464899010071376
(6.16);0.3062243841653675
(6.17);0.4128339222571799
(6.18);0.3691133551756171
(6.19);0.32929161257370976
(6.20);0.3257425675842439
(6.21);0.26803647652009366
(6.22);0.22708430809248087
(6.23);0.17709168254502444
(6.24);0.19111454994894145
(6.25);0.2757039348475893
(6.26);0.326146409145064
(6.27);0.36328457741111553
(6.28);0.27101524062847787
(6.29);0.22672211902160103
(6.30);0.2805340155589848
(6.31);0.41584607310310184
(7.8);0.5612607901835454
(7.9);0.5310900480870747
(7.10);0.48042537018443954
(7.11);0.4440591851596852
(7.12);0.46764692535783076
(7.13);0.21262294051452454
(7.14);0.23084452549974752
(7.15);0.16001303129818545
(7.16);0.24339233741049887
(7.17);0.3432336828079884
(7.18);0.4099000192993753
(7.19);0.3780978757080266
(7.20);0.4075902293940704
(7.21);0.3477246390707568
(7.22);0.3111008716695843
(7.23);0.26999425182895115
(7.24);0.26372273733537566
(7.25);0.32572493995124613
(7.26);0.35544666438518235
(7.27);0.3313105362139561
(7.28);0.22668531071480047
(7.29);0.25541778227545325
(7.30);0.31658774583444915
(7.31);0.38130308464550344
(8.9);0.5202687084523172
(8.10);0.48504659639168535
(8.11);0.4836973786756486
(8.12);0.49078732059155483
(8.13);0.21484003744265676
(8.14);0.24090056143720842
(8.15);0.17468623132223696
(8.16);0.26547963963303617
(8.17);0.3629277361452288
(8.18);0.4535670786199699
(8.19);0.41788104696849604
(8.20);0.44610089604491565
(8.21);0.3790166919161761
(8.22);0.3384235411160269
(8.23);0.2912197057081658
(8.24);0.2932189326943989
(8.25);0.36191868176244385
(8.26);0.3954360526487132
(8.27);0.36227997931875344
(8.28);0.2543757215775583
(8.29);0.2910964816200889
(8.30);0.3543118489992023
(8.31);0.4103432733992855
(9.10);0.6052023522586711
(9.11);0.48043383296773307
(9.12);0.4234153927808719
(9.13);0.17174375079494678
(9.14);0.1938855653253245
(9.15);0.12698961488316507
(9.16);0.21708066662843462
(9.17);0.31132573296007454
(9.18);0.40815224578947984
(9.19);0.38687626672469466
(9.20);0.43453520761346276
(9.21);0.37854469621521214
(9.22);0.34585204820851173
(9.23);0.3100585473722325
(9.24);0.2933374611965564
(9.25);0.3406646423738101
(9.26);0.357693225544625
(9.27);0.31139100317912216
(9.28);0.20735406551031946
(9.29);0.264102220795601
(9.30);0.3254540684705982
(9.31);0.3553249700025651
(10.11);0.49785074676718627
(10.12);0.4002348703214256
(10.13);0.14953630931538134
(10.14);0.17448066249715885
(10.15);0.11027018076660994
(10.16);0.20418977462415142
(10.17);0.2946264569239212
(10.18);0.4052372830091508
(10.19);0.3914989637754772
(10.20);0.4494859861038452
(10.21);0.3985446291206881
(10.22);0.3687659356894547
(10.23);0.3360004171813095
(10.24);0.31319976809037375
(10.25);0.35072445789153844
(10.26);0.3597420730010571
(10.27);0.30159709312762006
(10.28);0.1987941872739871
(10.29);0.27159952218840877
(10.30);0.3322397664784483
(10.31);0.3414134018712065
(11.12);0.4166052793694855
(11.13);0.16325283170423563
(11.14);0.19921843960583763
(11.15);0.14331793618110356
(11.16);0.24630305939438044
(11.17);0.327967143405357
(11.18);0.4776692695763546
(11.19);0.4708909737207741
(11.20);0.5781897770433888
(11.21);0.46510236200571375
(11.22);0.4172688032597925
(11.23);0.36364637460891686
(11.24);0.3650026516705793
(11.25);0.42202807849865875
(11.26);0.4342593767991362
(11.27);0.3540843335948049
(11.28);0.2505260798466143
(11.29);0.3379925416362787
(11.30);0.4044122371941982
(11.31);0.38427513392247953
(12.13);0.27947632301864855
(12.14);0.30769239279646743
(12.15);0.23811645312623683
(12.16);0.32433595738870513
(12.17);0.4360463502696357
(12.18);0.4542765752615736
(12.19);0.4067807380315225
(12.20);0.4006697190517512
(12.21);0.33890857348125325
(12.22);0.2954555579334945
(12.23);0.24141077085127738
(12.24);0.2604262074565895
(12.25);0.3485077613247058
(12.26);0.4032724788188804
(12.27);0.4165813784417713
(12.28);0.30464935957456796
(12.29);0.2941815060709896
(12.30);0.35350631097064433
(12.31);0.48162830252283145
(13.14);0.48160940366210286
(13.15);0.39672204839889974
(13.16);0.34353178210173185
(13.17);0.35240668728533775
(13.18);0.2174890412878883
(13.19);0.185539201445884
(13.20);0.1564810458422424
(13.21);0.10806273748452706
(13.22);0.06644964939219286
(13.23);0.008579716742761213
(13.24);0.04720283033257126
(13.25);0.14508883022428087
(13.26);0.20414959283631376
(13.27);0.2983882813161457
(13.28);0.2878335643639657
(13.29);0.1346660402036615
(13.30);0.16558707567669959
(13.31);0.30321186247503235
(14.15);0.4648028159297144
(14.16);0.4277339580620828
(14.17);0.4096313340824267
(14.18);0.26409771048675623
(14.19);0.2358329065451763
(14.20);0.19901941224241332
(14.21);0.15509331869542342
(14.22);0.11397150511423068
(14.23);0.0536693923161045
(14.24);0.10079906886454064
(14.25);0.2007619036952983
(14.26);0.26257033131136187
(14.27);0.36774139450594145
(14.28);0.3694003500438571
(14.29);0.20055971926793661
(14.30);0.22637278010709053
(14.31);0.3559572204331717
(15.16);0.42396925919171696
(15.17);0.3457275427939292
(15.18);0.21500005432586908
(15.19);0.1938319263943739
(15.20);0.14965750842498537
(15.21);0.11343725611521525
(15.22);0.07464868116825046
(15.23);0.013012296854050327
(15.24);0.07101113577643668
(15.25);0.16923179702394187
(15.26);0.22830879844523108
(15.27);0.3329259299039673
(15.28);0.38730414887717934
(15.29);0.188852071917305
(15.30);0.20044727177028862
(15.31);0.30057935108044415
(16.17);0.44686455434732797
(16.18);0.3254348265011743
(16.19);0.30802880390356935
(16.20);0.2586251600258456
(16.21);0.22600907013909677
(16.22);0.1875520216642053
(16.23);0.12491070444199656
(16.24);0.1857834902044411
(16.25);0.2865418885378012
(16.26);0.35173591386039893
(16.27);0.4801642038963666
(16.28);0.5444379964187679
(16.29);0.3078269720493976
(16.30);0.32260926533333634
(16.31);0.41254200942020774
(17.18);0.40284001393120844
(17.19);0.3693037546799296
(17.20);0.33069307536225184
(17.21);0.28380415218401317
(17.22);0.24091104033539848
(17.23);0.17972905731041697
(17.24);0.22372682543736994
(17.25);0.3270556838587222
(17.26);0.39899577859497476
(17.27);0.5263004168522063
(17.28);0.41243149838702176
(17.29);0.3108105256993522
(17.30);0.3521031884488898
(17.31);0.549477217748494
(18.19);0.5839186675299901
(18.20);0.50559995682801
(18.21);0.43534580743915746
(18.22);0.38341765518528176
(18.23);0.3176899095467366
(18.24);0.3553703940447824
(18.25);0.46728541973419657
(18.26);0.5559373287198914
(18.27);0.4551168797222595
(18.28);0.3350529076914654
(18.29);0.395692474371741
(18.30);0.4755037121758257
(18.31);0.47918063367482416
(19.20);0.5327989802088895
(19.21);0.4789603231207867
(19.22);0.42074695832069153
(19.23);0.3484642036528458
(19.24);0.39723346928861597
(19.25);0.5412279010366784
(19.26);0.627443275386254
(19.27);0.43391725179439833
(19.28);0.3286210363447488
(19.29);0.4351091012906214
(19.30);0.5379572823083363
(19.31);0.43581309115438804
(20.21);0.5306774462070544
(20.22);0.4570046022660804
(20.23);0.386931808547579
(20.24);0.40580873855000016
(20.25);0.47892459505055274
(20.26);0.481588756829318
(20.27);0.37237653957092565
(20.28);0.27146066433082217
(20.29);0.3815801967862218
(20.30);0.45521932310639524
(20.31);0.3911010954281057
(21.22);0.574802990478357
(21.23);0.44913924027657903
(21.24);0.4844836254159332
(21.25);0.5038148404481
(21.26);0.455931537449817
(21.27);0.3356546372271242
(21.28);0.24936014020939448
(21.29);0.4045518704608863
(21.30);0.4655100819009743
(21.31);0.34102221189862314
(22.23);0.5197228847547035
(22.24);0.5398779342893583
(22.25);0.4558592067720225
(22.26);0.4054033025585041
(22.27);0.2928364105733145
(22.28);0.21414531891384114
(22.29);0.38499388234478243
(22.30);0.4255848612419868
(22.31);0.29602078874278837
(23.24);0.477069978105814
(23.25);0.3764248316928455
(23.26);0.3306954935741421
(23.27);0.22656594690974668
(23.28);0.1506326834430312
(23.29);0.32225854011766664
(23.30);0.35015400464054536
(23.31);0.2331375484315854
(24.25);0.4575363935468624
(24.26);0.39883463227692983
(24.27);0.28637438012598754
(24.28);0.2226431801988539
(24.29);0.4224997335214876
(24.30);0.4384951966661395
(24.31);0.27676174064104203
(25.26);0.5846340934322478
(25.27);0.4022993753814076
(25.28);0.32173829781994906
(25.29);0.5098390434054942
(25.30);0.6842242590341405
(25.31);0.38487536746042234
(26.27);0.5012694721403362
(26.28);0.3857023653501454
(26.29);0.5069282785398088
(26.30);0.6803425977704283
(26.31);0.47006213686779397
(27.28);0.4996412836260522
(27.29);0.40605887529994616
(27.30);0.4468454678449941
(27.31);0.5783578943972131
(28.29);0.36951799592782586
(28.30);0.36792392085982745
(28.31);0.40247404332373204
(29.30);0.6086784243634601
(29.31);0.3565559828999164
(30.31);0.4101215932763956
