
****Importance edges******

(0.5);4.996392573657279
(0.6);3.9117592153188117
(0.7);3.3912119025221443
(0.8);4.078381236019107
(0.9);3.0240892447379353
(0.10);2.9129409398386037
(0.11);3.7940030884893043
(0.12);6.127666972984082
(0.13);2.4267383618628475
(0.14);3.135109219607013
(0.15);2.5379593303006858
(0.16);4.675426477993558
(0.17);9.720027069674568
(0.18);7.671979894496812
(0.19);5.8196128909152485
(0.20);4.299926689313797
(0.21);3.351453009744759
(0.22);2.763589833933983
(0.23);2.192571301694217
(0.24);2.6355249829567517
(0.25);4.442709914149432
(0.31);35.67111117959418
(1.3);4.3512774087406205
(1.4);5.402394370507375
(1.5);4.594139811826565
(1.6);6.178094078979996
(1.7);7.72637159631395
(1.8);5.366620788680378
(1.10);3.7592680636264566
(1.11);3.140217280302626
(1.12);5.343331093203879
(1.13);1.7550914845139345
(1.14);1.802064597620662
(1.15);1.411873128404112
(1.16);1.7631721865495684
(1.17);2.741092924159908
(1.18);3.0288617068404906
(1.19);2.5331488881356274
(1.20);2.861415610847751
(1.21);2.2004403456936186
(1.22);1.9348688916890842
(1.23);1.7065996365506761
(1.24);1.7005869285949946
(1.25);2.133671082695455
(1.26);3.1090523131772794
(1.27);3.0863047014465335
(1.28);2.1786408316520567
(1.29);2.15553892483161
(1.30);2.6565680898784736
(1.31);3.307492106282112
(2.3);6.5964086193210365
(2.4);7.956766613463835
(2.5);5.407407890306782
(2.6);9.349356787513836
(2.7);3.828041178129984
(2.8);3.3307770199335307
(2.9);2.804723005210685
(2.10);2.47477587064342
(2.11);2.2982809457560145
(2.12);4.368246297343571
(2.13);2.1298184993969884
(2.14);2.085267980061446
(2.15);1.5472403724669592
(2.16);1.8509493779714625
(2.17);2.9225615614867793
(2.18);2.4982458644353343
(2.19);2.1122146456670254
(2.20);2.234226332000518
(2.21);1.7919082013739487
(2.22);1.5971927381497775
(2.23);1.4190795151787303
(2.24);1.4530129393645381
(2.25);1.8310031334507777
(2.26);2.7398935156925988
(2.27);3.0252544839150337
(2.28);2.2074293128572844
(2.29);1.959079064280103
(2.30);2.35267754208348
(2.31);3.1872083223165513
(3.5);4.363269820436743
(3.6);4.668845934851815
(3.7);2.1996966786297163
(3.8);2.1599990196413685
(3.9);1.815732364395477
(3.10);1.6928881819162989
(3.11);1.7298794656401895
(3.12);3.0568854880474827
(3.13);4.034603912749571
(3.14);3.4781602846124837
(3.15);2.171667481716722
(3.16);2.3577327511871435
(3.17);3.5560263567029824
(3.18);2.105734759738063
(3.19);1.8236591934974289
(3.20);1.7910069141381821
(3.21);1.5022612161354327
(3.22);1.3535636892617329
(3.23);1.2011744379378828
(3.24);1.283700994891768
(3.25);1.6409146906028607
(3.26);2.5241336694767167
(3.27);3.2582985069619306
(3.28);2.575383552673982
(3.29);1.8895827290286284
(3.30);2.1879006198633584
(3.31);3.1847135668440822
(4.5);8.37121935087592
(4.6);7.770576514606507
(4.7);2.792307666347213
(4.8);2.7995935835586794
(4.9);2.2262810118298986
(4.10);2.048032650469273
(4.11);2.139312554986665
(4.12);4.512498784906211
(4.13);3.3334211782402865
(4.14);3.474303569303009
(4.15);2.2161620255777152
(4.16);2.7390205230192137
(4.17);5.096560110939134
(4.18);2.713795552027631
(4.19);2.271317529890122
(4.20);2.196850026810135
(4.21);1.7886825123989432
(4.22);1.5823064238232625
(4.23);1.3768918505382666
(4.24);1.4862582847078778
(4.26);3.1081864507805697
(4.27);4.137942038191892
(4.28);2.9558207323728105
(4.29);2.204605644270046
(4.30);2.619012079680922
(4.31);4.456874466328491
(5.6);6.427795340341238
(5.7);1.8646373800850704
(5.8);1.951057641667847
(5.9);1.3880666381003108
(5.10);1.2733697719616686
(5.11);1.3816784365681263
(5.12);4.495660103569323
(5.13);1.2263522521379477
(5.14);1.3784342561910712
(5.15);0.9845580435897897
(5.16);1.3566002052693331
(5.17);2.9072529312473714
(5.18);1.906970994083694
(5.19);1.5019801798950059
(5.20);1.5004257861193755
(5.21);1.1549993323085708
(5.22);1.0044232294246092
(5.23);0.8615293115718415
(5.24);0.9392712959311688
(5.25);1.2931668004744397
(5.26);2.400897861975924
(5.27);2.9821835652954936
(5.28);1.880904142728637
(5.29);1.5579626982275567
(5.30);1.9483555390313883
(5.31);3.388103648280549
(6.8);1.9796533781161358
(6.9);1.4801214743926616
(6.10);1.3337038499188716
(6.11);1.3527781857927494
(6.12);3.5743188089651614
(6.13);1.2077337301715867
(6.14);1.2733664189279563
(6.15);0.9242567863583688
(6.16);1.1921023592071807
(6.17);2.1792734830385774
(6.18);1.6870516823896176
(6.19);1.3689601367861381
(6.20);1.42977987147852
(6.21);1.1128538389730795
(6.22);0.9796818009039797
(6.23);0.8550107602497677
(6.24);0.9082938849233764
(6.25);1.2005692537058494
(6.26);2.1292577127273993
(6.27);2.462625663433365
(6.28);1.6695979479637073
(6.29);1.4359609290179305
(6.30);1.7728082877176714
(6.31);2.5555236087748257
(7.8);6.7421620219188005
(7.9);5.112511492228288
(7.10);3.3847111779847845
(7.11);2.565384060744432
(7.12);3.096418975194012
(7.13);0.795805291159147
(7.14);0.859788478528182
(7.15);0.7033877091213191
(7.16);0.9293657936312293
(7.17);1.442717569544676
(7.18);2.162639155822433
(7.19);1.7686286236420248
(7.20);2.2496450590974937
(7.21);1.5792632545354328
(7.22);1.3509207633142235
(7.23);1.1623801339494229
(7.24);1.1566881331142502
(7.25);1.4819404279613868
(7.26);2.428199662298301
(7.27);2.121748432702337
(7.28);1.4350271819689002
(7.29);1.5787419579629594
(7.30);2.0425083273647924
(7.31);2.0671467537584176
(8.9);4.681673668412771
(8.10);3.556160263557567
(8.11);3.609421210166327
(8.12);3.8104340463320554
(8.13);0.8128214719547439
(8.14);0.9025063780108317
(8.15);0.7433081674512184
(8.16);1.0210820763183974
(8.17);1.6201886064685633
(8.18);2.9918080835463012
(8.19);2.297275737500294
(8.20);2.97180276167172
(8.21);1.8917990220507213
(8.22);1.5509154461545402
(8.23);1.2783290307548398
(8.24);1.312586554535409
(8.25);1.7909502707886864
(8.26);2.99157719321027
(8.27);2.464895732041236
(8.28);1.5856364727949637
(8.29);1.8125352167212672
(8.30);2.432328810067538
(8.31);2.4828286314700216
(9.10);9.085575730972087
(9.11);3.441054641456281
(9.12);2.1723045495890627
(9.13);0.7031608897612516
(9.14);0.7635944487303707
(9.15);0.6446730257973535
(9.16);0.8502611956079873
(9.17);1.238205539886288
(9.18);2.1295694531732146
(9.19);1.8578950241464212
(9.20);2.691752296686129
(9.21);1.8621735498522525
(9.22);1.5893566223245126
(9.23);1.3682727567985744
(9.24);1.2983295985269292
(9.25);1.5888139936120425
(9.26);2.4497481518432767
(9.27);1.947849027847872
(9.28);1.351356818658571
(9.29);1.626810133828574
(9.30);2.1180996804795997
(9.31);1.7932241911288147
(10.11);4.144208967116126
(10.12);1.9274187493959762
(10.13);0.6888763603828854
(10.14);0.7507397505416985
(10.15);0.6434927294221721
(10.16);0.8485209743700486
(10.17);1.196438387965564
(10.18);2.1651873850103978
(10.19);1.9804516169713695
(10.20);3.0993108218841594
(10.21);2.170167230129509
(10.22);1.853828320449899
(10.23);1.5935687468058013
(10.24);1.4602201662961658
(10.25);1.7258438100579787
(10.26);2.531037694200238
(10.27);1.917923244796653
(10.28);1.3498840169982247
(10.29);1.71199490863765
(10.30);2.232359855224951
(10.31);1.7264194987527417
(11.12);2.2147806143012683
(11.13);0.7377809024666059
(11.14);0.8331162815473793
(11.15);0.7213463180446016
(11.16);1.0052966032148256
(11.17);1.4274861145710689
(11.18);3.764059490474607
(11.19);3.5432670392366807
(11.21);3.5258646515695635
(11.22);2.5420234857700024
(11.23);1.8783432153423611
(11.24);1.9226761270866135
(11.25);2.6660506131360227
(11.26);3.830468291802151
(11.27);2.4475343347309506
(11.28);1.6193251061484444
(11.29);2.2745521200489005
(11.30);3.2335204304597056
(11.31);2.211914181272701
(12.13);1.086044254172414
(12.14);1.2411068643771108
(12.15);0.9606818076032573
(12.16);1.3799635453209491
(12.17);2.69615701492294
(12.18);3.121944872628439
(12.19);2.230380884883567
(12.20);2.2664649643064263
(12.21);1.6010125927860193
(12.22);1.3395774160620508
(12.23);1.1112709169049348
(12.24);1.2101991824142277
(12.25);1.746186838388555
(12.26);3.206402272302353
(12.27);3.3693966379510303
(12.28);1.9744927881649923
(12.29);1.8950409845718652
(12.30);2.4961404012669735
(12.31);4.208400777847903
(13.14);3.7472766599650162
(13.15);2.039578171630565
(13.16);1.535049066610926
(13.17);1.6302218703666052
(13.18);0.954489370285366
(13.19);0.8642989210269327
(13.20);0.8423066040841233
(13.21);0.7398935410343207
(13.22);0.6839045838575194
(13.23);0.6171811435653576
(13.24);0.680047162882438
(13.25);0.8503334393627017
(13.26);1.4426547947989998
(13.27);1.9429557413928427
(13.28);1.86575319280823
(13.29);1.1651215544525815
(13.30);1.2930723894403662
(13.31);1.5028686667523088
(14.15);3.340081809486899
(14.16);2.567114480703702
(14.17);2.302300529794594
(14.18);1.1381907810000438
(14.19);1.0281354697669494
(14.20);0.965235018414242
(14.21);0.8461482560354125
(14.22);0.7742161733648648
(14.23);0.6861263711331921
(14.24);0.7769372471514544
(14.25);1.0085456526795922
(14.26);1.7578888644966566
(14.27);2.6503079716916504
(14.28);2.6717240963917464
(14.29);1.4070534045614698
(14.30);1.5584798420071797
(14.31);1.9380585939460064
(15.16);2.530791178749071
(15.17);1.6183510822738185
(15.18);0.974197481074347
(15.19);0.9116725645593632
(15.20);0.8497187589039672
(15.21);0.7705579222456669
(15.22);0.7156674909022217
(15.23);0.6394956440886933
(15.24);0.7351261695630551
(15.25);0.9319156259839727
(15.26);1.5824889497264027
(15.27);2.2790253608143187
(15.28);2.945248814953353
(15.29);1.3729947325188026
(15.30);1.4532603260831427
(15.31);1.5217718436130234
(16.17);3.043810623824077
(16.18);1.5100678311068023
(16.19);1.3951697322322232
(16.20);1.2099909526437147
(16.21);1.074954911097928
(16.22);0.969540317819237
(16.23);0.8317049323306382
(16.24);0.9977302021368352
(16.25);1.3933801780209614
(16.26);2.5578979407335893
(16.27);5.051800473758309
(16.28);7.513496531140911
(16.29);2.0716905032009634
(16.30);2.2517509957394113
(16.31);2.7171409565366744
(17.18);2.3179925629536178
(17.19);1.9033796251995367
(17.20);1.6508565743446342
(17.21);1.34212959254994
(17.22);1.16467252969907
(17.23);0.9770511989884396
(17.24);1.1365448182534417
(17.25);1.6752606070336051
(17.26);3.2535289495498367
(17.27);6.7584342324379225
(17.28);3.417743675915675
(17.29);2.1161716738660616
(17.30);2.5843100297052604
(17.31);7.076330666345563
(18.19);8.483131926763116
(18.20);5.068358665200271
(18.21);3.0060109512715223
(18.22);2.2090433078430856
(18.23);1.6161647987103767
(18.24);1.9591867016418607
(18.25);3.831863471639871
(18.26);8.288149924279296
(18.27);4.3944843466954095
(18.28);2.3633462593760193
(18.29);3.1521040694903713
(18.30);5.082035838617576
(18.31);4.3239181753986005
(19.20);6.151247809605017
(19.21);4.0742594040978375
(19.22);2.7548045438068636
(19.23);1.8616073367118615
(19.24);2.4518552776441855
(19.25);6.446496325549565
(19.27);3.8704105390699572
(19.28);2.2959006247018223
(19.29);3.896762193617778
(19.30);7.401874013185176
(19.31);3.2000293188674918
(20.21);6.222183086457388
(20.22);3.674707959737894
(20.23);2.3872698532029655
(20.24);2.697897509217531
(20.25);4.316835304093968
(20.26);5.414530353274375
(20.27);2.896733549357231
(20.28);1.9055688682626848
(20.29);3.0297994290030195
(20.30);4.623932016229141
(21.22);8.325613842988862
(21.23);3.486208043529663
(21.24);4.505095420046434
(21.25);5.0945095147526915
(21.26);4.610333364900039
(21.27);2.438880421343477
(21.28);1.758901526561744
(21.29);3.3873557645534036
(21.30);4.878439963264126
(21.31);1.959194263109494
(22.23);5.789165685969829
(22.24);6.7044600545769635
(22.25);3.681030060451279
(22.26);3.506916940502442
(22.27);2.073770765111116
(22.28);1.589866409019988
(22.29);3.0932339842843373
(22.30);3.9085956142532714
(22.31);1.6331355462058417
(23.24);4.351631747469844
(23.25);2.3069948706380603
(23.26);2.4888495485845707
(23.27);1.670116962357312
(23.28);1.3463243434978736
(23.29);2.352667628989361
(23.30);2.7078049675472973
(23.31);1.317622206610781
(24.25);3.7996846835935805
(24.26);3.450099666524133
(24.27);2.0683319398648083
(24.28);1.6685818098053666
(24.29);3.8264162949443263
(24.30);4.267201310390154
(24.31);1.5579573149330839
(25.26);9.791885436753416
(25.27);3.4125198249516075
(25.28);2.357350099078274
(25.29);6.273201000739856
(25.31);2.5151502993722046
(26.27);6.93123817665118
(26.28);3.9019119621843075
(26.29);7.139793199668366
(26.30);16.251023763088664
(26.31);5.195706104879794
(27.28);6.755871984888948
(27.29);4.2122758652292225
(27.30);5.22955891255962
(27.31);9.479484253566909
(28.29);3.571497555968901
(28.30);3.608157725892802
(28.31);3.5120771961436303
(29.30);11.84466788409924
(29.31);2.8170984217388026
(30.31);3.7286700534792674

****Importance nodes******

0; 0.05
1; 0.03928571428571429
2; 0.03793103448275863
3; 0.03793103448275863
4; 0.03928571428571429
5; 0.012590179564595586
6; 0.013429524868901959
7; 0.013429524868901959
8; 0.013862735348543957
9; 0.013477393895589744
10; 0.014744675001580528
11; 0.01572765333501923
12; 0.01572765333501923
13; 0.016234996990987592
14; 0.01675870657134203
15; 0.017299310009127256
16; 0.0178573522674862
17; 0.018433395889018014
18; 0.0190280215628573
19; 0.019032188517622502
20; 0.021110387075656444
21; 0.020936750503377823
22; 0.02161212955187388
23; 0.022309295021289168
24; 0.02302894969939527
25; 0.022748608331454333
26; 0.03793103448275863
27; 0.03666666666666667
28; 0.03666666666666667
29; 0.03666666666666667
30; 0.03793103448275863
31; 0.02461882038788155
