
****Importance edges******

(0.5);5.03220939859829
(0.6);3.9124243007420216
(0.7);3.413944051960928
(0.8);4.134325744304621
(0.9);3.0841813263026916
(0.10);2.933203715644596
(0.11);3.7455974134471046
(0.12);6.164914563178584
(0.13);2.4411467828111078
(0.14);3.153273492763979
(0.15);2.5522937288162133
(0.16);4.7091605061544115
(0.17);9.772558407040815
(0.18);7.7122821413379405
(0.19);5.900947900021017
(0.20);4.310819101197762
(0.21);3.368167137931152
(0.22);2.7778020981192695
(0.23);2.2028427779779243
(0.24);2.6474528229303855
(0.25);4.524862088382631
(0.31);35.78253256619303
(1.2);10.81359085598561
(1.3);4.18152791483021
(1.4);5.102128292668411
(1.5);4.3879055955271475
(1.6);5.853850618993343
(1.7);7.38160802078804
(1.8);5.174628534539738
(1.9);4.485674446707432
(1.10);3.597358814031653
(1.11);2.9338118500181274
(1.12);5.112371288895955
(1.13);1.6797245204951696
(1.14);1.7251955091502018
(1.15);1.352056758892886
(1.16);1.6925804878838884
(1.17);2.626756361910274
(1.18);2.9034345746375307
(1.19);2.4544138223823055
(1.20);2.7383624486677385
(1.21);2.1118835466655117
(1.22);1.8583245631020426
(1.23);1.6390316381738896
(1.24);1.6338099236633636
(1.25);2.0844106109978995
(1.26);2.9877637794601
(1.27);3.0152765333619924
(1.28);2.1651999295485975
(1.29);2.105931385759414
(1.30);2.552931606511642
(1.31);3.1758048561764003
(2.3);6.452271116255895
(2.4);7.646361879652654
(2.5);5.303151235525088
(2.6);9.092332059880984
(2.7);3.753690187751645
(2.8);3.2956183172574445
(2.9);2.795918581824494
(2.10);2.429092419507639
(2.11);2.201424819606229
(2.12);4.284948453555725
(2.13);2.0893389540709957
(2.14);2.0457678879622025
(2.15);1.5180315387566525
(2.16);1.8199895100316799
(2.17);2.8679673780931307
(2.18);2.4517481635203313
(2.19);2.095233672114683
(2.20);2.1872038123083923
(2.21);1.7593690833829687
(2.22);1.5689075741245964
(2.23);1.3935437422043462
(2.24);1.4269790158154965
(2.25);1.828664020771473
(2.26);2.6800243607012644
(2.27);3.009305016916059
(2.28);2.233649982393361
(2.29);1.948750588758374
(2.30);2.3012694068384785
(2.31);3.1265891275001363
(3.4);13.977296308583131
(3.5);4.279144501130962
(3.6);4.540493912136449
(3.7);2.1569725753670768
(3.8);2.1371987052229255
(3.9);1.810032522927194
(3.10);1.661638089552659
(3.11);1.6569774020098207
(3.12);2.998593910025529
(3.13);3.957921823639718
(3.14);3.4122753945687228
(3.15);2.1306707009473533
(3.16);2.3182961812394267
(3.17);3.4895988919649166
(3.18);2.0665425303188196
(3.19);1.80899803744646
(3.20);1.753312587165772
(3.21);1.474981774628539
(3.22);1.3295930249487657
(3.23);1.1795597803928106
(3.24);1.2607006673272683
(3.25);1.6388184165504986
(3.26);2.468979062550854
(3.27);3.241120406810056
(3.28);2.605974920048688
(3.29);1.87962064566053
(3.30);2.1400930096164603
(3.31);3.1241418210967935
(4.5);7.995429337290762
(4.6);7.362755173109064
(4.7);2.667710245291572
(4.8);2.6994373951581814
(4.9);2.1623126143316482
(4.10);1.9598252058362198
(4.11);1.9986962571289262
(4.12);4.317450823602212
(4.13);3.1902777374472824
(4.14);3.326103250183147
(4.15);2.1222706100165003
(4.16);2.629359020373539
(4.17);4.883972220449436
(4.18);2.6014155141053843
(4.19);2.200720678714039
(4.20);2.1023760393161814
(4.21);1.71669692183949
(4.22);1.5197096332341165
(4.23);1.3223777018594252
(4.24);1.4278973299464457
(4.25);1.9273089395515186
(4.26);2.986931695581704
(4.27);4.042711504902347
(4.28);2.937585098246248
(4.29);2.1538688844848086
(4.30);2.516840709457997
(4.31);4.279424748029119
(5.6);6.247861246947665
(5.7);1.8421372717584905
(5.8);1.96115253373613
(5.9);1.4158737110475352
(5.10);1.2599169627214655
(5.11);1.3046975608627227
(5.12);4.441742075253401
(5.13);1.2116362747295355
(5.14);1.3618844762538274
(5.15);0.9727309343394982
(5.16);1.3454812176505584
(5.17);2.872644218940257
(5.18);1.8842608801593659
(5.19);1.5126973846281537
(5.20);1.4755368045415596
(5.21);1.1417228031295257
(5.22);0.9935315853092072
(5.23);0.8516447301960023
(5.24);0.928495427828012
(5.25);1.3153449824521937
(5.26);2.354607738382542
(5.27);2.9997594565951378
(5.28);1.9408436877589161
(5.29);1.5671447564186107
(5.30);1.9107905846307924
(5.31);3.342022028898195
(6.7);2.0110970781266504
(6.8);1.9578183119487709
(6.9);1.4847595468131538
(6.10);1.2993043910945696
(6.11);1.259260560768045
(6.12);3.4790040640526834
(6.13);1.1758231584189094
(6.14);1.2400323529420696
(6.15);0.9002863680097595
(6.16);1.165908919777325
(6.17);2.124064229719623
(6.18);1.6447195610116698
(6.19);1.360008897500619
(6.20);1.3885124127698925
(6.21);1.0861941924537015
(6.22);0.9570703784213466
(6.23);0.8349552004960434
(6.24);0.8872039675296409
(6.25);1.2061501234700103
(6.26);2.070721933623879
(6.27);2.4553702514979263
(6.28);1.707318151297191
(6.29);1.4317302868143993
(6.30);1.7240717192401018
(6.31);2.4921213368465907
(7.8);6.770169224205724
(7.9);5.207270908523255
(7.10);3.3471952246633205
(7.11);2.424499741204909
(7.12);3.0578563746202905
(7.13);0.7858956681416664
(7.14);0.8490834997496006
(7.15);0.6946311591112063
(7.16);0.9212549256020021
(7.17);1.424931624721185
(7.18);2.13598477900959
(7.19);1.7796420232117858
(7.20);2.2117045700149602
(7.21);1.5604735224460566
(7.22);1.3357168835396547
(7.23);1.1485928250091963
(7.24);1.1429780030448096
(7.25);1.5058040319907438
(7.26);2.3810374084647563
(7.27);2.1330485891086486
(7.28);1.4793185311889867
(7.29);1.5871501324549118
(7.30);2.002837250192691
(7.31);2.0383751796651444
(8.9);4.844274030543339
(8.10);3.573384641138974
(8.11);3.4690965499415993
(8.12);3.8217300651279116
(8.13);0.8150211179049581
(8.14);0.9047161834579255
(8.15);0.7449372222806059
(8.17);1.6230999481910013
(8.18);2.9964294257277295
(8.19);2.3428780433720275
(8.20);2.960613664441051
(8.21);1.8940800711428305
(8.22);1.5533841287423695
(8.23);1.2792808953707688
(8.24);1.3132519932032203
(8.25);1.8415028503047903
(8.26);2.9599989841499887
(8.27);2.4999036176614884
(8.28);1.6483043563517483
(8.29);1.838277898135669
(8.30);2.4066538624706704
(8.31);2.477748746349385
(9.10);9.254236458919284
(9.11);3.3509129577043164
(9.12);2.2074914423389727
(9.13);0.7142077804197007
(9.14);0.7752195189695963
(9.15);0.6541752640885216
(9.16);0.8655416874358226
(9.17);1.2554094141504415
(9.18);2.1581432954242015
(9.19);1.9172344439009146
(9.20);2.7114934370968102
(9.21);1.8852951161349236
(9.22);1.6093680609572818
(9.23);1.3840357590426013
(9.24);1.312699230481594
(9.25);1.651038435134571
(9.26);2.4420580448778844
(9.27);1.990694719568133
(9.28);1.4155606326755583
(9.29);1.6625941214399895
(9.30);2.1114506651128586
(9.31);1.8076565104715063
(10.11);3.9298676390147453
(10.12);1.9060439495513266
(10.13);0.6812224952405952
(10.14);0.7423829560218971
(10.15);0.6363164127628077
(10.16);0.8420699451463661
(10.17);1.1831815637090402
(10.18);2.141155584011345
(10.19);1.9937807217475636
(10.20);3.0511351194647345
(10.21);2.146830672729063
(10.22);1.8350035284238755
(10.23);1.5764211130010086
(10.24);1.4444885861842194
(10.25);1.7538195610489677
(10.26);2.4843156705222897
(10.27);1.9288161981992535
(10.28);1.3911430226893855
(10.29);1.7217182804231859
(10.30);2.191151314454294
(10.31);1.7042978565185978
(11.12);2.1002306429824054
(11.13);0.7000833189873936
(11.14);0.7910677023467699
(11.15);0.6853889317382785
(11.16);0.9592951587566104
(11.17);1.3582628025342933
(11.18);3.5838684114446306
(11.19);3.435049443590058
(11.20);8.017531716361113
(11.21);3.3650127045022877
(11.22);2.4291401568357185
(11.23);1.7950022653887967
(11.24);1.8385438483230334
(11.25);2.6188501448498185
(11.26);3.6690414128260906
(11.27);2.400962488303857
(11.29);2.2312717907304633
(11.30);3.0972506400762274
(11.31);2.1135976984923235
(12.13);1.072621212932251
(12.14);1.2257673157721802
(12.15);0.9488081924420049
(12.16);1.3676902361677
(12.17);2.6631300037026957
(12.18);3.083707113049187
(12.19);2.241705401906701
(12.20);2.2290471336077666
(12.21);1.5820378943560833
(12.22);1.3245087939017215
(12.23);1.0981367553268402
(12.24);1.19590434623388
(12.25);1.7714618977571568
(12.26);3.145259567102406
(12.27);3.384904829258248
(12.28);2.0317947014283937
(12.29);1.9037632162595037
(12.30);2.4485416398730226
(12.31);4.150486844701053
(13.14);3.700961927437528
(13.15);2.0143698600860267
(13.16);1.521317268460141
(13.17);1.6102495819134561
(13.18);0.9427971984394621
(13.19);0.8684705015755809
(13.20);0.82844816696224
(13.21);0.7311194262615377
(13.22);0.676201302852552
(13.23);0.6098822604435852
(13.24);0.6720096544925852
(13.25);0.8623445733796864
(13.26);1.4152355521863729
(13.27);1.9515824417169196
(13.28);1.9191589348681346
(13.29);1.1702946802614995
(13.30);1.2684961251188
(13.31);1.48221309523087
(14.15);3.298799830689059
(14.16);2.5440177344836274
(14.17);2.274090713592992
(14.18);1.124246498319223
(14.19);1.0328392643981406
(14.20);0.9494086863575266
(14.21);0.8361082181504488
(14.22);0.765484071399879
(14.23);0.6780072246123948
(14.24);0.7677490627439545
(14.25);1.0224374837862722
(14.26);1.7245901361261158
(14.27);2.661638854784319
(14.28);2.7471267688358045
(14.29);1.4130689913545964
(14.30);1.5289584098062765
(14.31);1.9114556922378945
(15.16);2.5078903879021803
(15.17);1.5985190055900922
(15.18);0.962260754513448
(15.19);0.9156138067624577
(15.20);0.8358347498509006
(15.21);0.7614094254834426
(15.22);0.7075849905527781
(15.23);0.6319237001191668
(15.24);0.7264271932037918
(15.25);0.9444231878020181
(15.26);1.5526146926920819
(15.27);2.288389120310531
(15.28);3.0271737001874577
(15.29);1.3786359125977632
(15.30);1.4258256495081847
(15.31);1.5009099605814518
(16.17);3.01626758864241
(16.18);1.4963277930742014
(16.19);1.4052511029422237
(16.20);1.193903368147655
(16.21);1.0654100818766448
(16.22);0.9614351754873306
(16.23);0.8242612195193477
(16.24);0.9887568789068524
(16.25);1.4155815344111402
(16.26);2.5151133117258833
(16.27);5.082489333338048
(16.28);7.735441278229907
(16.29);2.0842756833314278
(16.30);2.214087127515328
(16.31);2.687385513310878
(17.18);2.2898153114392965
(17.19);1.910837674846651
(17.20);1.6242275252842195
(17.21);1.326304242628979
(17.22);1.1515931629814193
(17.23);0.9655583532734595
(17.24);1.1231822902989328
(17.25);1.696708218733584
(17.26);3.1927522122899696
(17.27);6.7843721305746545
(17.28);3.510218197282147
(17.29);2.12429323626185
(17.30);2.5360344698104678
(17.31);6.980190318136957
(18.19);8.51424116318232
(18.20);4.98690221912301
(18.21);2.970550094717692
(18.22);2.1842056493510653
(18.23);1.597145056714646
(18.24);1.9361412046278634
(18.25);3.8795598551929684
(18.26);8.133889720428243
(18.27);4.410599353875164
(18.28);2.42630231841816
(18.29);3.1636631457559097
(18.30);4.9874482778705165
(18.31);4.265256871660879
(19.20);6.144672779938371
(19.21);4.08758529020471
(19.22);2.764648408211052
(19.23);1.8668174438634026
(19.24);2.4581200824001224
(19.25);6.619641993651041
(19.26);11.95707574698502
(19.27);3.9264469479812556
(19.28);2.3818772002434048
(19.29);3.953180125903619
(19.30);7.342367264136964
(19.31);3.2007649920456434
(20.21);6.125413418223321
(20.23);2.3504896894651157
(20.24);2.6565061462103756
(20.25);4.350056257331017
(20.26);5.300573742650919
(20.27);2.8978243086467343
(20.28);1.9484823792456067
(20.29);3.030940293986355
(20.30);4.526614689343329
(20.31);2.505920918303514
(21.22);8.23447225164569
(21.23);3.446278538758306
(21.24);4.453497172937399
(21.25);5.154120216507334
(21.26);4.5266146893433294
(21.27);2.447153172176727
(21.28);1.8039334171993238
(21.29);3.398845770368567
(21.30);4.789852761389138
(21.31);1.9333477099796013
(22.23);5.725790926688517
(22.24);6.6310123949279385
(22.25);3.724649770609753
(22.26);3.444811899253816
(22.27);2.081239771711876
(22.28);1.6304946791419805
(22.29);3.104374745565672
(22.30);3.83937712520271
(22.31);1.612417743749976
(23.24);4.3018578502594975
(23.25);2.3323973479901596
(23.26);2.4440636882009477
(23.27);1.675224703671589
(23.28);1.3796481168368246
(23.29);2.359862824247057
(23.30);2.659079091251712
(23.31);1.3003260831750632
(24.25);3.8401823059845808
(24.26);3.3882835405134832
(24.27);2.0742960884168724
(24.28);1.709154022747736
(24.29);3.8374499761273277
(24.30);4.1907450107431234
(24.31);1.5375461063528908
(25.26);9.779376270078073
(25.27);3.4806865884089744
(25.28);2.455200041660051
(25.29);6.398511278972164
(25.30);15.523660332530216
(25.31);2.5358836444314004
(26.27);6.894695943543747
(26.28);3.948260329275107
(26.29);7.102151442049932
(26.30);15.895924174412034
(26.31);5.096886232210905
(27.28);6.9539849056164496
(27.29);4.262310850636752
(27.30);5.201988115544512
(27.31);9.491038531014665
(28.29);3.676230122507573
(28.30);3.6510167704898944
(28.31);3.589675554605046
(29.30);11.782221521145079
(29.31);2.8205321039826607
(30.31);3.6577525126347115

****Importance nodes******

0; 0.05
1; 0.03666666666666667
2; 0.03666666666666667
3; 0.03666666666666667
4; 0.03666666666666667
5; 0.012298850574712646
6; 0.012695587690025956
7; 0.013105122776800987
8; 0.01397879762858772
9; 0.01397879762858772
10; 0.014429726584348613
11; 0.014127340540546566
12; 0.015350922298054908
13; 0.015846113339927647
14; 0.016357278286376925
15; 0.01688493242464715
16; 0.01754463466533737
17; 0.01799556362109826
18; 0.01857606567339175
19; 0.019175293598339874
20; 0.02045364650489586
21; 0.020453646504895864
22; 0.021135434721725726
23; 0.02179522977027075
24; 0.022498301698344
25; 0.023224053366032515
26; 0.03666666666666667
27; 0.03666666666666667
28; 0.03793103448275863
29; 0.03666666666666667
30; 0.03666666666666667
31; 0.023973216377840015
