
****Importance edges******

(0.5);5.003852047015367
(0.6);3.8905733118134456
(0.7);3.395051540688117
(0.8);4.08268251302807
(0.9);3.0667403527615167
(0.10);2.9167581860017067
(0.11);3.7693817068089457
(0.12);6.133284954553094
(0.13);2.4287689994415302
(0.14);3.1374775585603207
(0.15);2.5396668102744377
(0.16);4.678179574667543
(0.17);9.724922459341231
(0.18);7.6751804768423355
(0.19);5.872941678368637
(0.20);4.250460806558933
(0.21);3.3516137197636264
(0.22);2.7634636693739427
(0.23);2.192263371266832
(0.24);2.6349019653738175
(0.25);4.503694359638781
(0.31);35.617405962922874
(1.2);10.7315770671694
(1.3);4.149813847606541
(1.4);5.0634320928693874
(1.5);4.365507912416098
(1.6);5.824317997311432
(1.7);7.344813325651712
(1.8);5.103305651861904
(1.9);4.462586496971476
(1.10);3.5790460206900705
(1.11);2.9631724131818147
(1.12);5.08935727644443
(1.13);1.6722796501802824
(1.14);1.717670407768548
(1.15);1.3462554766852277
(1.16);1.681863794408036
(1.17);2.6156886185910078
(1.18);2.8914106075512502
(1.19);2.4444283747291533
(1.20);2.695919103898187
(1.21);2.1028203978094915
(1.22);1.8497707366816818
(1.23);1.632199835851526
(1.24);1.6271114651172562
(1.25);2.0760081724503427
(1.26);3.0162260835536014
(1.27);3.044000931926746
(1.28);2.1487783493231376
(1.29);2.12599309877488
(1.30);2.5335693431869872
(1.31);3.1632230183595147
(2.3);6.403334994318137
(2.4);7.588369385137011
(2.5);5.276081760515339
(2.6);9.04646132958603
(2.7);3.734979374917154
(2.8);3.2501941873853704
(2.9);2.7815278745964265
(2.10);2.4167268285878403
(2.11);2.2234559094546658
(2.12);4.265659193935936
(2.13);2.08007859181093
(2.14);2.0368444872933527
(2.15);1.5115181070545216
(2.16);1.8084661172903036
(2.17);2.8558833008452202
(2.18);2.4415947612430653
(2.19);2.0867094998812834
(2.20);2.1533031701445884
(2.21);1.7518187504488651
(2.22);1.561685927634465
(2.23);1.387735181129275
(2.24);1.4211285434654617
(2.25);1.8212925187374736
(2.26);2.705555049859714
(2.27);3.0379725290836515
(2.28);2.21670925471233
(2.29);1.9673149519255497
(2.30);2.283815831457717
(2.31);3.114202271536446
(3.4);13.87128794901595
(3.5);4.257301979582547
(3.6);4.517587162770301
(3.7);2.146220832914139
(3.8);2.1077412917111378
(3.9);1.8007162115438602
(3.10);1.6531793184053967
(3.11);1.6735598524734423
(3.12);2.9850953447448187
(3.13);3.940379533618987
(3.14);3.3973914477058527
(3.15);2.1215286128312405
(3.16);2.3036177244461293
(3.17);3.474895592723499
(3.18);2.0579843766121684
(3.19);1.8016383758267076
(3.20);1.7261370572566193
(3.21);1.4686518899128393
(3.22);1.3234729379785168
(3.23);1.1746431460464273
(3.24);1.2555319197044073
(3.25);1.6322121984843385
(3.26);2.4924992730045425
(3.27);3.2719962595988434
(3.28);2.586210358988483
(3.29);1.8975264569448744
(3.30);2.1238618484346428
(3.31);3.1117646608208576
(4.5);7.954617362480738
(4.6);7.325610142048918
(4.7);2.654412656891981
(4.8);2.6622305395653765
(4.9);2.151183102917872
(4.10);1.9498484768426831
(4.11);2.018698510409789
(4.12);4.298015250284398
(4.13);3.1761377973952287
(4.14);3.3115951761528555
(4.15);2.11316456424679
(4.16);2.6127110471391672
(4.17);4.863393779411588
(4.18);2.590642295796083
(4.19);2.191767346991363
(4.20);2.069790188193605
(4.21);1.7093297164990873
(4.22);1.5127144437660638
(4.23);1.3168657746676655
(4.24);1.4220430925996081
(4.25);1.9195397913609966
(4.26);3.0153860730029094
(4.27);4.081223546920481
(4.28);2.9153054977799644
(4.29);2.174387264013064
(4.30);2.4977521712306356
(4.31);4.26247061181242
(5.6);6.262162408900618
(5.7);1.8463538672335995
(5.8);1.9319108049021836
(5.9);1.418329045901024
(5.10);1.2620914696549228
(5.11);1.3449141193393954
(5.12);4.4533211551787115
(5.13);1.2148002924550927
(5.14);1.365446924679654
(5.15);0.975279748291958
(5.16);1.3438131289360409
(5.17);2.8798438686029892
(5.18);1.8889886264126154
(5.19);1.5164970481911688
(5.20);1.4494479381259213
(5.21);1.1438531048908027
(5.22);0.9947256266288178
(5.23);0.8532075090366876
(5.24);0.9301944230081612
(5.25);1.3177451043719195
(5.26);2.40292745304376
(5.27);3.061318551399836
(5.28);1.9308156655908064
(5.29);1.5993046725815416
(5.30);1.9010371200052634
(5.31);3.3481032760493363
(6.7);2.01570041739438
(6.8);1.9291271337820386
(6.9);1.4873465922094422
(6.10);1.301557577471189
(6.11);1.2975450571298117
(6.12);3.4880577581715464
(6.13);1.178888386002748
(6.14);1.243270523032222
(6.15);0.9026413575925264
(6.16);1.16451743578938
(6.17);2.1293817618609756
(6.18);1.6488416881287884
(6.19);1.3634212577726217
(6.20);1.3642940788238052
(6.21);1.0882263855269005
(6.22);0.958232801875136
(6.23);0.8364917137417553
(6.24);0.8888319980201349
(6.25);1.2083571814531666
(6.26);2.112912490093507
(6.27);2.5053979425980892
(6.28);1.6985964720120568
(6.29);1.460901512817403
(6.30);1.7153737935240614
(6.31);2.496668733253601
(7.8);6.672689184926361
(7.9);5.216387094903105
(7.10);3.3530273784386777
(7.11);2.497185224674612
(7.12);3.065800289297234
(7.13);0.7879408681062811
(7.14);0.8512969568887799
(7.15);0.6964450906895115
(7.16);0.920198297715628
(7.17);1.4284948742022576
(7.18);2.141332153894446
(7.19);1.7841023037462578
(7.20);2.173660725839021
(7.21);1.5634010196836345
(7.22);1.3373563620583313
(7.23);1.1507125530622346
(7.24);1.145081350434217
(7.25);1.5085672014157134
(7.26);2.429196248477787
(7.27);2.1761916096163096
(7.28);1.4718493789551783
(7.29);1.619251815962203
(7.30);1.992853817609847
(7.31);2.042105073751633
(8.9);4.7745239242846935
(8.10);3.522820750660819
(8.11);3.5143277014191145
(8.12);3.7727316840313105
(8.13);0.8047839532793583
(8.14);0.8935874979236578
(8.15);0.7359670393176325
(8.16);1.011003732395823
(8.17);1.6042066620780016
(8.18);2.96231403994864
(8.19);2.3167980994687145
(8.20);2.872290764644127
(8.21);1.8727915282259613
(8.22);1.535337938749404
(8.23);1.265493512654078
(8.24);1.2994112521113705
(8.25);1.8225300527311654
(8.26);2.9925368998657267
(8.27);2.5273839153387847
(8.28);1.6258343364478967
(8.29);1.8584852467300197
(8.30);2.3734824976213056
(8.31);2.4528019158163463
(9.10);9.265767280215735
(9.11);3.446749387752385
(9.12);2.2121085938056546
(9.13);0.7157107360069818
(9.14);0.7768607567656594
(9.15);0.6555685618136249
(9.16);0.8642310745239986
(9.17);1.2579690567796147
(9.18);2.1625672157144478
(9.19);1.9211854935046835
(9.20);2.665045478851673
(9.21);1.888053470497924
(9.22);1.6107177224689297
(9.23);1.3860409350963812
(9.24);1.3146043456413217
(9.25);1.6534386889113315
(9.26);2.48999244742096
(9.27);2.0297694509113535
(9.28);1.4081906495723275
(9.29);1.695228667555719
(9.30);2.1005829422307714
(9.31);1.8102889157941282
(10.11);4.0405647869873125
(10.12);1.9100061945974733
(10.13);0.6826473285979123
(10.14);0.7439452025308888
(10.15);0.637663575110151
(10.16);0.8408276525416429
(10.17);1.1855808953696678
(10.18);2.145521166304064
(10.19);1.9978677195886907
(10.20);2.99959386411798
(10.21);2.149965652434284
(10.22);1.8365518921977508
(10.23);1.5787010355700755
(10.24);1.4465813456407945
(10.25);1.756364872385789
(10.26);2.532676508409857
(10.27);1.9663634264290768
(10.28);1.3839774704998182
(10.29);1.7552340447986934
(10.30);2.179996991720285
(10.31);1.7067755380066731
(11.12);2.159390279799341
(11.13);0.7195106816431458
(11.14);0.8126897524795565
(11.15);0.7038371217771158
(11.16);0.9811413059292553
(11.17);1.393535337685259
(11.18);3.67545424950493
(11.19);3.521416786745966
(11.20);8.05907289350151
(11.21);3.444745140866728
(11.22);2.484142881558465
(11.23);1.8360181286792245
(11.24);1.8798039144658365
(11.25);2.6765600061196424
(11.26);3.7963972434083577
(11.27);2.4843021232357176
(11.28);1.643651221691935
(11.29);2.308721304156473
(11.30);3.1282468415031075
(11.31);2.159323450096747
(12.13);1.0756906045976335
(12.14);1.2292749472989182
(12.15);0.9515232832147921
(12.16);1.3668078576780802
(12.17);2.670453582651324
(12.18);3.0921822519260176
(12.19);2.2478627763319907
(12.20);2.193977211427732
(12.21);1.5854352175607287
(12.22);1.3265401535011763
(12.23);1.1004526677786672
(12.24);1.1984146694361821
(12.25);1.7751630348716099
(12.26);3.2069713325702853
(12.27);3.451318569840783
(12.28);2.022499681116374
(12.29);1.9411161235797776
(12.30);2.437519207306259
(12.31);4.159118145138246
(13.14);3.7115525269492795
(13.15);2.0201341410689126
(13.16);1.5204148930450483
(13.17);1.6146803803121494
(13.18);0.9453898806238529
(13.19);0.8708573716126663
(13.20);0.8156242191291336
(13.21);0.7326965802388065
(13.22);0.6772503961459123
(13.23);0.6111745085476247
(13.24);0.6734268873818753
(13.25);0.8641547211542567
(13.26);1.4427796135264774
(13.27);1.989565169328501
(13.28);1.910510614263224
(13.29);1.1930715730616568
(13.30);1.2628739001460634
(13.31);1.485309901267304
(14.15);3.308239611092434
(14.16);2.5426412572144756
(14.17);2.2803518727212326
(14.18);1.1273399998735414
(14.19);1.035679561298234
(14.20);0.9349541356143413
(14.21);0.8379200299272616
(14.22);0.7666853555675222
(14.23);0.6794505660937638
(14.24);0.7693758066830019
(14.25);1.0245937504702065
(14.26);1.7578790204814314
(14.27);2.713015112931983
(14.28);2.734937950048422
(14.29);1.440344741838099
(14.30);1.5222892717398366
(14.31);1.915468029503419
(15.16);2.506664238331085
(15.17);1.6029227607017862
(15.18);0.9649101069209209
(15.19);0.9181332299837971
(15.20);0.8233229693914131
(15.21);0.763066842167537
(15.22);0.7087081030037137
(15.23);0.6332752558515226
(15.24);0.727973611092989
(15.25);0.9464242774434198
(15.26);1.5823325062385698
(15.27);2.332190020507658
(15.28);3.013955005613407
(15.29);1.4050236861979435
(15.30);1.419707846451982
(15.31);1.504075300462774
(16.17);3.0147928849520245
(16.18);1.4956718126228756
(16.19);1.4047059833512274
(16.20);1.1727766959931194
(16.21);1.064507506944802
(16.22);0.9601148042399424
(16.23);0.8236171578896138
(16.24);0.9880252584509621
(16.25);1.4145925223449245
(16.26);2.5574036757684473
(16.27);5.167948832576999
(16.28);7.686242920396602
(16.29);2.1193217295680737
(16.30);2.200068477741055
(16.31);2.6856183823686672
(17.18);2.2958943080974588
(17.19);1.9159105625077881
(17.20);1.6005935031056087
(17.21);1.329089182195074
(17.22);1.1533531669070232
(17.23);0.9675526673910683
(17.24);1.1254926797186962
(17.25);1.7001840684460547
(17.26);3.2525896984205707
(17.27);6.911522546978852
(17.28);3.4951605155096175
(17.29);2.164106024292455
(17.30);2.525348979915904
(17.31);6.9944312971015865
(18.19);8.536844751916837
(18.20);4.91561433163431
(18.21);2.9768121015149394
(18.22);2.187579783466715
(18.23);1.6004574172603607
(18.24);1.940140210721056
(18.25);3.887540121726899
(18.26);8.284957354653423
(18.27);4.4925157349433285
(18.28);2.416067374400898
(18.29);3.2224206557962076
(18.30);4.966793803868763
(18.31);4.273994609656893
(19.20);6.058409399926631
(19.21);4.096235834781942
(19.22);2.7689648213942823
(19.23);1.870704944948683
(19.24);2.4632180413759466
(19.25);6.633314544291505
(19.26);12.177107562214307
(19.27);3.998700671855477
(19.28);2.3720014395978386
(19.29);4.02592578859211
(19.30);7.312495845023499
(19.31);3.2073489754619082
(20.21);6.039420415121453
(20.22);3.567904185133181
(20.23);2.318620374274262
(20.24);2.6211459142719593
(20.25);4.293229748770135
(20.26);5.334856550519886
(20.27);2.916566723870953
(20.28);1.9186157982851426
(20.29);3.05054367067838
(20.30);4.4564542662802
(20.31);2.47380381687441
(21.22);8.243380136079349
(21.23);3.451774088762637
(21.24);4.460597716530739
(21.25);5.162336486172724
(21.26);4.606626175130929
(21.27);2.4904085351120027
(21.28);1.7960632000801124
(21.29);3.458923050789697
(21.30);4.769297106867642
(21.31);1.9364291943040373
(22.23);5.731984970739858
(22.24);6.638238798881937
(22.25);3.7287386549876342
(22.26);3.503736104950337
(22.27);2.1168397998117245
(22.28);1.6228854932367265
(22.29);3.1574757047519824
(22.30);3.8217045581262314
(22.31);1.61420072256753
(23.24);4.308649834490428
(23.25);2.3360798513548056
(23.26);2.486333744498545
(23.27);1.7041976976558204
(23.28);1.3737977029157233
(23.29);2.400676627470392
(23.30);2.6479955329555454
(23.31);1.3023791017915338
(24.25);3.846245374215571
(24.26);3.446251077725717
(24.27);2.1097836248809174
(24.28);1.7020220551888916
(24.29);3.9031019564387313
(24.30);4.173563372092755
(24.31);1.5399736595803983
(25.26);9.944843775433245
(25.27);3.539579968804762
(25.28);2.4451225540574564
(25.29);6.5067743900417225
(25.30);15.461083121836213
(25.31);2.5398874219442753
(26.28);3.984727565350495
(26.29);7.291330775616487
(26.30);16.04735335727103
(26.31);5.182159775167485
(27.28);7.018213854082054
(27.29);4.375845620031113
(27.30);5.251543762698841
(27.31);9.649828514742822
(28.30);3.6233262722671276
(28.31);3.5751884561201166
(29.30);11.894462379722068
(29.31);2.8677210649622844
(30.31);3.643261304587475

****Importance nodes******

0; 0.05
1; 0.03666666666666667
2; 0.03666666666666667
3; 0.03666666666666667
4; 0.03666666666666667
5; 0.01242120875046348
6; 0.012821892903704238
7; 0.013235502352210826
8; 0.01366245404099182
9; 0.014103178364894782
10; 0.014558119602472034
11; 0.015027736363842099
12; 0.015512502052998296
13; 0.016012905345030498
14; 0.016529450678741158
15; 0.017062658765152165
16; 0.01761306711241514
17; 0.018181230567654333
18; 0.018767721876288345
19; 0.01937313225939442
20; 0.019998072009697464
21; 0.02064317110678448
22; 0.021309079852164618
23; 0.021996469524815092
24; 0.022706033057873644
25; 0.02343848573715989
26; 0.03793103448275863
27; 0.03793103448275863
28; 0.03793103448275863
29; 0.03793103448275863
30; 0.03666666666666667
31; 0.024194565922229565
