
****Importance edges******

(0.1);3.844011662624468
(0.2);3.195523150761486
(0.3);2.2958365428340954
(0.4);4.97594318109265
(0.5);6.0172330179530515
(0.6);13.533069614038324
(0.7);3.5948811178270383
(0.8);3.6587197131221263
(0.9);5.678627468706904
(0.12);15.305397446387147
(1.3);2.113402323676202
(1.4);3.2924735810920582
(1.5);3.3628178626728285
(1.6);2.872710862924399
(1.8);2.820139574052542
(1.9);2.710891700261725
(1.10);3.3552251800957005
(1.11);3.8500366460792925
(1.12);2.2756281122208417
(1.13);2.1752580339761103
(1.14);1.3902183823175402
(1.15);1.2994820334482668
(1.16);1.9423909028798578
(1.17);1.8607466155110834
(1.18);1.3831691891204978
(1.19);2.0951383257177123
(2.3);3.2232732384808576
(2.4);3.6789930048780612
(2.5);3.2878116140533806
(2.6);2.3027101899322107
(2.7);2.5549284942769637
(2.8);1.8626696627125077
(2.9);1.8654252925770878
(2.10);2.3957413562823726
(2.11);2.8296413484980683
(2.12);1.7722923102897798
(2.13);1.7319438509389067
(2.14);1.1737981803021058
(2.15);1.12031757589501
(2.16);1.5995018297578893
(2.18);1.340310256320681
(2.19);2.455348031190216
(3.4);2.2316325494473683
(3.5);2.0039379611274377
(3.6);1.5329061134000206
(3.7);1.6175263227252148
(3.8);1.308870074237586
(3.9);1.3046652505645977
(3.10);1.6302415971956923
(3.11);1.8626748649037985
(3.12);1.2935142563859572
(3.13);1.3207194690534625
(3.14);1.0377831179000947
(3.15);1.0161850591626218
(3.16);1.3623422877266882
(3.17);1.648782829322158
(3.18);1.422801845613505
(3.19);3.657041847667791
(4.6);4.314669073880552
(4.7);2.152507805092319
(4.8);1.8038474503679205
(4.9);2.1211380912337106
(4.10);3.1203723093872044
(4.12);2.4710487216772132
(4.13);2.226471497689038
(4.14);1.0785537405600005
(4.15);1.0214314291135655
(4.16);1.3664134325710053
(4.17);1.3723633620584075
(4.18);1.1176386496304358
(4.19);1.7726136492998303
(5.6);5.918971571906623
(5.7);2.278215574754841
(5.8);1.942801939118535
(5.9);2.3781478007587276
(5.10);3.663403143892983
(5.11);5.175515823187152
(5.12);2.891109507700926
(5.13);2.5096570206145827
(5.14);1.1083563335176292
(5.15);1.0445021942130324
(5.16);1.3960890246424977
(5.17);1.3689279297146175
(5.18);1.1082617040353195
(5.19);1.6879040139640218
(6.7);2.433370877862759
(6.8);2.283012734450832
(6.9);3.3069879504950968
(6.10);6.440227442014735
(6.11);12.857949406288588
(6.12);5.255641170174121
(6.13);3.7774169100545274
(6.14);1.1650915228293395
(6.15);1.0834190080497361
(6.16);1.4303758788038399
(6.17);1.3185257680640214
(6.18);1.0570979353968362
(6.19);1.4567561398925541
(7.8);6.953042405445605
(7.9);4.016222255894391
(7.10);3.7715291513161375
(7.11);3.6466201574736634
(7.12);2.4706464955553913
(7.13);2.5301763358641005
(7.14);1.97896221103088
(7.15);1.780332610584876
(7.16);2.939132788264922
(7.17);2.268932723634539
(7.18);1.5758323748250935
(7.19);1.9128852208595422
(8.9);5.8603778958649455
(8.10);4.178590445602121
(8.11);3.6141085252183447
(8.12);2.738709404852473
(8.14);2.1220033646777585
(8.15);1.8455027755921307
(8.16);2.8285061303896573
(8.17);1.9698066456921726
(8.18);1.4082530241222713
(8.19);1.5670645758175827
(9.10);9.451311335447999
(9.11);6.08337542511623
(9.12);5.089205780364593
(9.13);5.381447550864119
(9.14);1.6772991044560046
(9.15);1.4959761300894838
(9.16);2.0394101032568335
(9.17);1.6032709472743436
(9.18);1.2206139205549271
(9.19);1.440863593766467
(10.12);11.408385492640905
(10.13);7.43172364735879
(10.14);1.6411669463201592
(10.15);1.4938306310617773
(10.16);1.9926222630206916
(10.17);1.682812634990726
(10.18);1.3184699301098506
(10.19);1.6563504834104374
(11.12);9.783062738902267
(11.13);5.997006701573288
(11.14);1.5896894816234592
(11.15);1.4627895751889155
(11.16);1.950783977844959
(11.17);1.7158575128600957
(11.18);1.360217016640802
(11.19);1.791664498236291
(12.14);1.3136150426637558
(12.15);1.2029276273562486
(12.16);1.5404616351893907
(12.17);1.3303292378224099
(12.18);1.0652082275154253
(12.19);1.3296118652248774
(13.14);1.518097329811049
(13.15);1.3809527368127017
(13.16);1.716743270133654
(13.17);1.442148080095683
(13.18);1.1625155954426245
(13.19);1.3827193538916527
(14.15);12.76111398904877
(14.16);5.4954214251474
(14.17);2.8458324735380987
(14.18);2.0377936568154555
(14.19);1.4811410539684524
(15.16);4.913152123356011
(15.17);3.044678775021993
(15.18);2.236594499635499
(15.19);1.4918464818748574
(16.17);4.715238984520234
(16.18);2.659541709075413
(16.19);2.0082686877832194
(17.18);6.219210764244859
(17.19);2.9860280604818152
(18.19);2.7980580135228705

****Importance nodes******

0; 0.11000000000000001
1; 0.04014513648596694
2; 0.03633890811226452
3; 0.039944808676824706
4; 0.04294977491391142
5; 0.04438312075202745
6; 0.04664363522118068
7; 0.04959597599653593
8; 0.050762148912230534
9; 0.05438056996486212
10; 0.06470588235294118
11; 0.06875
12; 0.05660341107206901
13; 0.06875
14; 0.061111111111111116
15; 0.061111111111111116
16; 0.061111111111111116
17; 0.06470588235294118
18; 0.061111111111111116
19; 0.061111111111111116
