
****Importance edges******

(0.1);3.742807006766339
(0.2);3.2326421472601092
(0.3);2.2964151832639623
(0.4);4.945978863598504
(0.5);6.009416099520518
(0.6);13.51631907770057
(0.7);3.577768642147619
(0.8);3.672061498216915
(0.9);5.665228756794561
(0.12);15.321273332609985
(1.2);4.929392920318495
(1.3);1.9517171894416767
(1.4);3.0117013080114017
(1.5);3.1095727793838224
(1.6);2.6622300392453697
(1.7);4.192520035661757
(1.8);2.6470727144206605
(1.9);2.5229617902314523
(1.10);3.0979669059103268
(1.11);3.4228205936432436
(1.12);2.1346844591152494
(1.13);1.9338823703830281
(1.14);1.3291957813222184
(1.15);1.2424422369412524
(1.16);1.8571311001388038
(1.17);1.718075874410779
(1.18);1.3224560072130493
(1.19);2.0031737885583434
(2.3);3.203228545813353
(2.4);3.61249167788341
(2.5);3.2587817753819706
(2.6);2.2831173342553486
(2.7);2.5171138181496437
(2.8);1.864253240898767
(2.9);1.8469182406732283
(2.10);2.3391588048809737
(2.11);2.6564901995940646
(2.12);1.7658210099358405
(2.13);1.6259629047011535
(2.14);1.1883522901362125
(2.15);1.134208571231584
(2.16);1.6193343066698567
(2.17);1.6730814449537883
(2.18);1.3569289757987177
(2.19);2.4857922809143904
(3.4);2.1483032050602375
(3.5);1.94750386248624
(3.6);1.4909821309311444
(3.7);1.5645251382404908
(3.8);1.2859554754592541
(3.9);1.2692273550058815
(3.10);1.5671736346568552
(3.11);1.7239930014883311
(3.12);1.2666997846814585
(3.13);1.2223878490437186
(3.14);1.0331231399289362
(3.15);1.0116220633799384
(3.16);1.3562249353237794
(3.17);1.5849975757172683
(3.18);1.4164130104671997
(3.19);3.6406205606418274
(4.5);15.59025468948484
(4.6);4.1544478492257655
(4.7);2.061965826025607
(4.8);1.754823463339025
(4.9);2.0444056370613515
(4.10);2.9752347926719906
(4.11);3.8351935641709685
(4.12);2.397570716651936
(4.13);2.046051342533359
(4.14);1.0639126079918129
(4.15);1.0075657195058083
(4.16);1.3478646672597494
(4.17);1.3085307835545892
(4.18);1.1024669479180358
(4.19);1.7485508043477536
(5.6);5.749486008565078
(5.7);2.2013131685100924
(5.8);1.90550868948378
(5.9);2.3107151173854437
(5.10);3.5194416060458025
(5.11);4.794395936447825
(5.12);2.826987369215049
(5.13);2.3248483499182244
(5.14);1.1010846700733075
(5.15);1.037649462655964
(5.16);1.3869296151470945
(5.17);1.3151328757107466
(5.18);1.100990661432623
(5.19);1.6768300754257612
(6.7);2.3533291476392115
(6.8);2.2403623391472545
(6.9);3.2155344852973657
(6.10);6.192668191196116
(6.11);11.93039445273938
(6.12);5.14196763453282
(6.13);3.504919200207575
(6.14);1.1576801290027403
(6.15);1.076527150379722
(6.16);1.4212769550281874
(6.17);1.267842270584178
(6.18);1.0503735116421384
(6.19);1.447489405691415
(7.8);6.787767561408616
(7.9);3.886453028621374
(7.10);3.6116277984261234
(7.11);3.372685474703259
(7.12);2.405531210906925
(7.13);2.3401090894859387
(7.14);1.9565947638563035
(7.15);1.760210197231824
(7.16);2.9059129031078754
(7.17);2.17273688434241
(7.18);1.558021348821961
(7.19);1.8912646164386444
(8.9);5.748141300797529
(8.10);4.05192760614425
(8.11);3.3859673481960613
(8.12);2.7016458951063202
(8.13);2.816298108390413
(8.14);2.1237989712377323
(8.15);1.8470644116128192
(8.16);2.8308995687070486
(8.17);1.9100972039140367
(8.18);1.4094446661386355
(8.19);1.5683906017226676
(9.10);9.09621650214379
(9.11);5.6625207412678975
(9.12);4.977910963919296
(9.13);5.009153018734033
(9.14);1.6645271709572402
(9.15);1.4845848954560887
(9.16);2.023880845448071
(9.17);1.5430345198033106
(9.18);1.2113194543624768
(9.19);1.4298920181235264
(10.11);15.491152585196286
(10.12);11.040342942368671
(10.13);6.874591866594243
(10.14);1.610306506099968
(10.15);1.4657406972544098
(10.16);1.955153070524917
(10.17);1.6053032827615135
(10.18);1.2936774721874513
(10.19);1.6252045325420112
(11.12);9.162017811938515
(11.13);5.384271179783525
(11.14);1.5112220279176423
(11.15);1.3905859312701871
(11.16);1.8544928132866616
(11.17);1.5872253412349147
(11.18);1.2930763787886055
(11.19);1.7032275093168334
(12.13);9.915617278185909
(12.14);1.3100579843826599
(12.15);1.1996702927951508
(12.16);1.5362903128170087
(12.17);1.2874118797347376
(12.18);1.0623238149411813
(12.19);1.326011490120881
(13.14);1.44316368187232
(13.15);1.3127885788444986
(13.16);1.6320044109846235
(13.17);1.3340350008000834
(13.18);1.1051335471104387
(13.19);1.3144679952811475
(14.15);12.889423741520057
(14.16);5.550676488568288
(14.17);2.792319549016178
(14.18);2.0582831532589423
(14.19);1.496033550201371
(15.16);4.962552617179871
(15.17);2.9874267522848004
(15.18);2.259082887943381
(15.19);1.5068466184600169
(16.17);4.626573811771065
(16.18);2.686282723901499
(16.19);2.028461318179471
(17.18);6.102264963918395
(17.19);2.929878903528019
(18.19);2.8261917745270835

****Importance nodes******

0; 0.11000000000000001
1; 0.034736842105263156
2; 0.03656509695290859
3; 0.03848957573990378
4; 0.04051534288410924
5; 0.04264772935169394
6; 0.044892346685993616
7; 0.04725510177473012
8; 0.04974221239445276
9; 0.05236022357310817
10; 0.061111111111111116
11; 0.061111111111111116
12; 0.05511602481379807
13; 0.061111111111111116
14; 0.061111111111111116
15; 0.061111111111111116
16; 0.061111111111111116
17; 0.061111111111111116
18; 0.061111111111111116
19; 0.061111111111111116
