
****Mix criterion 0.5*C(weight)+0.5*C(distance) ******

(0.1);0.45507167167201923
(0.2);0.409693095000648
(0.3);0.2958113648430248
(0.4);0.5308191980037493
(0.5);0.5865178714370266
(0.6);0.8915967970571
(0.7);0.42709295135310865
(0.8);0.43425633144861514
(0.9);0.561492166978896
(0.12);0.9534888141711819
(1.2);0.6038966731894353
(1.3);0.4104702043901657
(1.4);0.4981794069363389
(1.5);0.5009183136390876
(1.6);0.46533903765547296
(1.7);0.5586372736511096
(1.8);0.4594773426992456
(1.9);0.4419130665764973
(1.10);0.47146751343472654
(1.11);0.4998289020432703
(1.12);0.39766655156696695
(1.13);0.3516486865693593
(1.14);0.23223862010064503
(1.15);0.2076754115055105
(1.16);0.3379508420868367
(1.17);0.31538082885760943
(1.18);0.23043247018667
(1.19);0.3589604702223924
(2.3);0.5098440121745828
(2.4);0.5332713101638215
(2.5);0.5082438324860973
(2.6);0.42906319577686786
(2.7);0.4465968498852192
(2.8);0.3735178565883062
(2.9);0.3634521052946948
(2.10);0.3990345394875839
(2.11);0.4348747616267874
(2.12);0.3450642841245502
(2.13);0.2958334504027447
(2.14);0.18412591163335507
(2.15);0.1654236509975393
(2.16);0.2926162217105506
(2.17);0.3027349630533343
(2.18);0.23370223004130286
(2.19);0.4116665810313485
(3.4);0.4207713127271284
(3.5);0.39339623804951124
(3.6);0.3195866333248796
(3.7);0.326623249750264
(3.8);0.2619797727296353
(3.9);0.24796278909420416
(3.10);0.27879532615936153
(3.11);0.31132213209781184
(3.12);0.23821544334254088
(3.13);0.18976111617846925
(3.14);0.11772723159972195
(3.15);0.10818173486242254
(3.16);0.2274062633899168
(3.17);0.28062908686264365
(3.18);0.24284113459419387
(3.19);0.5009489371718631
(4.6);0.5545591417654067
(4.7);0.3940505219805627
(4.8);0.34909527618227176
(4.9);0.381770794659523
(4.10);0.4540789636258379
(4.12);0.4161109221617677
(4.13);0.35544165646749076
(4.14);0.12284794021347059
(4.15);0.09793760327256826
(4.16);0.21904982988053356
(4.17);0.20797247481499442
(4.18);0.13853459081369915
(4.19);0.3068197464460996
(5.6);0.628309178592698
(5.7);0.405227628257246
(5.8);0.36587476384231066
(5.9);0.4078407302331415
(5.10);0.4919717196676353
(5.11);0.5750433286649093
(5.12);0.45156990544649583
(5.13);0.38613724006132466
(5.14);0.12939248927242078
(5.15);0.10245456081712145
(5.16);0.22256544379167403
(5.17);0.20258913951386803
(5.18);0.12935468784582002
(5.19);0.28787474477286673
(6.7);0.4171347769046083
(6.8);0.40288018976467616
(6.9);0.4825235477623322
(6.10);0.6356392152453656
(6.11);0.8800388797331344
(6.12);0.5903805116777138
(6.13);0.4880584856791427
(6.14);0.1427434152075344
(6.15);0.11029917151981494
(6.16);0.2246578097887034
(6.17);0.18068356600301205
(6.18);0.09886244830973845
(6.19);0.23134439552682629
(7.8);0.6728575202449786
(7.9);0.5237693577581882
(7.10);0.4926498984730242
(7.11);0.47947505412912084
(7.12);0.4047729021835425
(7.13);0.3792928152945242
(7.14);0.3250483657842004
(7.15);0.2919517812025685
(7.16);0.4342137599019593
(7.17);0.35590230007073276
(7.18);0.25085358580804223
(7.19);0.3146530202405098
(8.9);0.6231137921897745
(8.10);0.5222538732897901
(8.11);0.4799736870940167
(8.13);0.42766381388281555
(8.14);0.34606352655910905
(8.15);0.30302313604696907
(8.16);0.42607036152429956
(8.17);0.31368659922290754
(8.18);0.20791181588423147
(8.19);0.2476464269709306
(9.10);0.7539028188911605
(9.11);0.6116317016657015
(9.12);0.5763869858192903
(9.13);0.5717067993216018
(9.14);0.2604141104106431
(9.15);0.21885357679290324
(9.16);0.3244375326760055
(9.17);0.23326540499006418
(9.18);0.1354784765317762
(9.19);0.20444294771382424
(10.12);0.8269696867574603
(10.13);0.6555285261293206
(10.14);0.21057956677004094
(10.15);0.17191244561061975
(10.16);0.28260734174149854
(10.17);0.20934318145256348
(10.18);0.11603166787658045
(10.19);0.214222137894873
(11.12);0.7646294843238872
(11.13);0.5879125716866813
(11.14);0.18639608958818765
(11.15);0.15052198122956373
(11.16);0.26589744838921847
(11.17);0.20652171811674494
(11.18);0.11719973254514936
(11.19);0.2342265547819607
(12.14);0.1600085560244181
(12.15);0.12116641908536174
(12.16);0.22379304315564288
(12.17);0.1525326332172991
(12.18);0.06261643751989072
(12.19);0.16513701269660566
(13.14);0.16526160977703136
(13.15);0.12288721108607911
(13.16);0.2158656217511454
(13.17);0.1302996114041815
(13.18);0.03687052931691849
(13.19);0.12348100956533242
(14.15);0.8748695917678698
(14.16);0.5803434971086693
(14.17);0.3926079784589095
(14.18);0.29824663281998015
(14.19);0.1791305356042931
(15.16);0.5494848060331244
(15.17);0.41185521652532925
(15.18);0.3286165270099298
(15.19);0.18213143702141987
(16.17);0.5305099145305504
(16.18);0.38136008786806597
(16.19);0.2933333250765936
(17.18);0.6072186177722886
(17.19);0.4063571205396385
(18.19);0.39607746140763894
