
****Importance edges******

(0.1);3.769130190892144
(0.2);3.1808194603211954
(0.3);2.2833974791022653
(0.4);4.949455780006086
(0.5);5.9849261835291765
(0.6);13.460776220200136
(0.7);3.5453544617336283
(0.8);3.6378235285065954
(0.9);5.646154125560683
(0.12);15.218343457205595
(1.3);2.049834604498395
(1.4);3.196953268809119
(1.5);3.2663252648875725
(1.6);2.792166984876159
(1.7);4.350946118704096
(1.8);2.7421273207956096
(1.9);2.638145592266487
(1.10);3.270381706410227
(1.11);3.7554331961616425
(1.12);2.2157866209080677
(1.13);2.1218073961270427
(1.14);1.3541139182789106
(1.15);1.2657340245438917
(1.16);1.8919463228095814
(1.17);1.8136939743217533
(1.18);1.3960562087576598
(1.19);2.0407268409474355
(2.3);3.216618319907337
(2.4);3.671603850246922
(2.5);3.280725629954385
(2.6);2.2976633995913356
(2.7);2.5090287257152055
(2.8);1.8570400117978074
(2.9);1.8595629669845117
(2.10);2.386260145915906
(2.11);2.8182164629210997
(2.12);1.7667110868420806
(2.13);1.7249509999427142
(2.14);1.1692429087239755
(2.15);1.1159698516459904
(2.16);1.5932944890527025
(2.17);1.706770641067173
(2.19);2.4458193257546523
(3.4);2.2236016639802125
(3.5);1.9964991204432017
(3.6);1.527224558082305
(3.7);1.5871253219967263
(3.8);1.303064870122413
(3.9);1.298798502588867
(3.10);1.6218459049111087
(3.11);1.853020633236631
(3.12);1.2877298426638637
(3.13);1.3138741886656589
(3.14);1.032471335787271
(3.15);1.0109838244080032
(3.16);1.3553692841475466
(3.17);1.6402916502828635
(3.18);1.465825859935446
(3.19);3.638323669334349
(4.6);4.299129286590809
(4.7);2.1133248573688195
(4.8);1.7960697397644703
(4.9);2.1118562113923676
(4.10);3.1047003145269128
(4.12);2.4602886410984115
(4.13);2.2152072691638978
(4.14);1.0731745523084533
(4.15);1.0163371331720428
(4.16);1.3595985704024998
(4.17);1.3654707000860111
(4.18);1.1504401227046308
(4.19);1.7637729006581397
(5.6);5.89703187642612
(5.7);2.2370198619510058
(5.8);1.9342506090060998
(5.9);2.367537729221079
(5.10);3.644751041854159
(5.11);5.148989806451075
(5.12);2.8782774086596628
(5.13);2.49679430192046
(5.14);1.1027489053331732
(5.15);1.039217818723457
(5.16);1.389025890966034
(5.17);1.3619580761588062
(5.18);1.1401913455347235
(5.19);1.679364521515308
(6.7);2.3902034434583443
(6.8);2.273012080340768
(6.9);3.292305526575705
(6.10);6.407646196704996
(6.11);12.792459801411729
(6.12);5.23242294805973
(6.13);3.7581773304701147
(6.14);1.1592353360476428
(6.15);1.0779733379460075
(6.16);1.4231862733950162
(6.17);1.3118553186298527
(6.18);1.0868371482524781
(6.19);1.4494339374016485
(7.8);6.829120740885273
(7.9);3.946289668466127
(7.10);3.70800202181064
(7.11);3.5865435717016134
(7.12);2.428350099066307
(7.13);2.4884927085336193
(7.14);1.9449344389561205
(7.15);1.7497202259963465
(7.16);2.8885951175307083
(7.18);1.599596257945943
(7.19);1.8799936264987396
(8.9);5.830842178018393
(8.10);4.155259883007338
(8.11);3.5938741147417677
(8.12);2.7249986709072114
(8.14);2.110186434763612
(8.15);1.8352256114186203
(8.16);2.8127548553158666
(8.17);1.958808511789074
(8.18);1.4453883306413757
(8.19);1.5583379674758517
(9.10);9.398410841798498
(9.11);6.049237803494193
(9.12);5.0635566927694144
(9.13);5.351248885249669
(9.14);1.6679339885895506
(9.15);1.4876234220038966
(9.16);2.0280231586949022
(9.17);1.5942971846339558
(9.18);1.2515618873054148
(9.19);1.4328186037777826
(10.12);11.344986942356984
(10.13);7.386853882440867
(10.14);1.6312582389237773
(10.15);1.4848114812085993
(10.16);1.9805916094664875
(10.17);1.6726524876392053
(10.18);1.3479526674453377
(10.19);1.6463501039104909
(11.12);9.728544787463887
(11.13);5.960799181800074
(11.14);1.5800915745002186
(11.15);1.4539578387738454
(11.16);1.9390059270662998
(11.17);1.7054978537974168
(11.18);1.389430304271903
(11.19);1.7808471470184182
(12.14);1.3063343078298026
(12.15);1.1962603794984157
(12.16);1.5319235990650875
(12.17);1.3229363472917857
(12.18);1.0916372681514575
(12.19);1.3222424677161904
(13.14);1.5089316673694215
(13.15);1.372615098385367
(13.16);1.7063782632240252
(13.17);1.4334409687442369
(13.18);1.1874828632019823
(13.19);1.3743710493393662
(14.15);12.684067504013912
(14.16);5.462242275979372
(14.17);2.8286504791391507
(14.18);2.0850635199403595
(14.19);1.472198518689242
(15.16);4.883488482558586
(15.17);3.02629622645476
(15.18);2.288475864321314
(15.19);1.4828393115182006
(16.17);4.686770263829517
(16.18);2.7212340065965614
(16.19);1.9961435673954497
(17.18);6.358280570244141
(17.19);2.9679996213915434
(18.19);2.8629634169097185

****Importance nodes******

0; 0.11000000000000001
1; 0.03811456063907045
2; 0.03655036524413687
3; 0.04003826407297238
4; 0.04305972243879104
5; 0.044486960081080426
6; 0.046753261262069426
7; 0.04835329682713597
8; 0.05081491789269581
9; 0.054433338945327384
10; 0.06470588235294118
11; 0.06875
12; 0.056662043272585984
13; 0.06875
14; 0.061111111111111116
15; 0.061111111111111116
16; 0.061111111111111116
17; 0.06470588235294118
18; 0.06470588235294118
19; 0.061111111111111116
