
****Mix criterion 0.5*C(weight)+0.5*C(distance) ******

(0.1);0.4521678911368836
(0.2);0.40717339132646646
(0.3);0.2940128638628395
(0.4);0.5260433577390362
(0.5);0.5816104923497603
(0.6);0.880711277079021
(0.7);0.42419557140020264
(0.8);0.42915847594901013
(0.9);0.5566837736489201
(0.12);0.9413347268629113
(1.2);0.598639090572929
(1.3);0.4083885455462847
(1.4);0.49389128138727967
(1.5);0.497443963065317
(1.6);0.4624453490025052
(1.7);0.5540783454206664
(1.8);0.4537251855474616
(1.9);0.4390275789367817
(1.10);0.4688394600777932
(1.11);0.4922446807353365
(1.12);0.3954620519007875
(1.13);0.34770707343706114
(1.14);0.23114514178310666
(1.15);0.20665330199690396
(1.16);0.3364230516594492
(1.17);0.3139674338235949
(1.18);0.22934453642243002
(1.19);0.3573125360844501
(2.3);0.5064275187054281
(2.4);0.5281583763068484
(2.5);0.5046065850849761
(2.6);0.426582623991214
(2.7);0.4438608940938584
(2.8);0.3695104806184293
(2.9);0.36134273038020065
(2.10);0.39704063856835076
(2.11);0.4290457024197224
(2.12);0.34323951887791576
(2.13);0.29254900450032156
(2.14);0.1831428744138925
(2.15);0.16448540292968197
(2.16);0.2912766644871394
(2.17);0.3013509447405549
(2.18);0.23257974161893064
(2.19);0.40961026629011
(3.4);0.41774896679994344
(3.5);0.39122484589260464
(3.6);0.3179673892528185
(3.7);0.32492341730729785
(3.8);0.25924587566450374
(3.9);0.24651522857256497
(3.10);0.2774529805762019
(3.11);0.30757678883607137
(3.12);0.23690559575757553
(3.13);0.18731441089183215
(3.14);0.11686782622797617
(3.15);0.10734021520049236
(3.16);0.2262780851992773
(3.17);0.2793106037330632
(3.18);0.24166288884326642
(3.19);0.49792048030609304
(4.5);0.9780724338778912
(4.6);0.5487415482013787
(4.7);0.39117961228378795
(4.8);0.34488362974103315
(4.9);0.3788506709942888
(4.10);0.45073105968716276
(4.11);0.5121498756099151
(4.12);0.41295603952114407
(4.13);0.35084321369578064
(4.14);0.12167650665140603
(4.15);0.09682821111859924
(4.16);0.21756574754473967
(4.17);0.20653170151713507
(4.18);0.13732070653959907
(4.19);0.30489448389934376
(5.6);0.6218125691119765
(5.7);0.40274183931601887
(5.8);0.3618336051093647
(5.9);0.40511734545563816
(5.10);0.4887943978436722
(5.11);0.5646586796059166
(5.12);0.44852919447671336
(5.13);0.3814830257383919
(5.14);0.128424532918897
(5.15);0.10154236994079083
(5.16);0.22134620301086963
(5.17);0.20143301477853093
(5.18);0.12838681413467923
(5.19);0.28640065438781026
(6.7);0.4145397643246458
(6.8);0.39823944868663863
(6.9);0.4788182501475777
(6.10);0.6301616591378271
(6.11);0.8547347470112139
(6.12);0.5849693168515466
(6.13);0.4811874419462372
(6.14);0.14174627451006636
(6.15);0.1093719300420696
(6.16);0.22343362613146736
(6.17);0.17959153972191938
(6.18);0.0979577336569068
(6.19);0.2300976343884002
(7.8);0.6589573453956743
(7.9);0.5192955263672785
(7.10);0.48943815095970916
(7.11);0.4723965348512254
(7.12);0.40223862539470745
(7.13);0.37474902733964716
(7.14);0.3233528016140961
(7.15);0.290426401804948
(7.16);0.43169552674966244
(7.17);0.3540194294425327
(7.18);0.24950342111164212
(7.19);0.3130140704799068
(8.9);0.6113425922456486
(8.10);0.5152802579137663
(8.11);0.470142790194333
(8.12);0.4271224539218694
(8.13);0.4199193644198781
(8.14);0.34245544726062804
(8.15);0.299885195518343
(8.16);0.42126100326193155
(8.17);0.31044157355293456
(8.18);0.20551733872743844
(8.19);0.24498191976537817
(9.10);0.745339610791538
(9.11);0.5997603059694522
(9.12);0.5709075493131058
(9.13);0.5619566134884664
(9.14);0.2588831886501849
(9.15);0.21748815401017135
(9.16);0.32257610122512137
(9.17);0.23184622411712802
(9.18);0.13436438518865715
(9.19);0.20312782781440444
(10.12);0.8174705865688345
(10.13);0.6441348533918188
(10.14);0.20944569783000694
(10.15);0.17088037013650043
(10.16);0.2812306551720271
(10.17);0.20821283544404717
(10.18);0.11512074768928787
(10.19);0.21307777877213996
(11.12);0.7464145298151004
(11.13);0.5732149068497854
(11.14);0.18371138353176525
(11.15);0.14805158680525723
(11.16);0.2626029172115047
(11.17);0.20370199116213447
(11.18);0.11490256513928905
(11.19);0.23120074843103758
(12.13);0.7656170700708929
(12.14);0.15890909871542314
(12.15);0.1201596039004451
(12.16);0.2225037218940647
(12.17);0.1514521814985698
(12.18);0.061724889438217925
(12.19);0.1640241665157462
(13.14);0.1628988018580344
(13.15);0.12073785873677509
(13.16);0.21319363589496754
(13.17);0.12811547352453356
(13.18);0.035061158467678454
(13.19);0.12132890760522153
(14.15);0.8660530415534877
(14.16);0.5765467549915169
(14.17);0.3906979919449896
(14.18);0.29683873770069186
(14.19);0.17810722725612677
(15.16);0.5460903490567476
(15.17);0.40981177389348655
(15.18);0.3270712819998022
(15.19);0.18110073237989038
(16.17);0.5273452718630408
(16.18);0.3795226320593153
(16.19);0.29194582851908246
(17.18);0.603044581247867
(17.19);0.4043530414595316
(18.19);0.3941443058069485
