
****Mix criterion 0.5*C(weight)+0.5*C(distance) ******

(0.1);0.4553813313616504
(0.2);0.4099720346502554
(0.3);0.2960178924132555
(0.4);0.5313410423419376
(0.5);0.5871055000050964
(0.6);0.8929759229228215
(0.7);0.42682585845817
(0.8);0.4318031412964461
(0.9);0.5618594882342577
(0.12);0.9534888141711819
(1.2);0.6057088812387306
(1.3);0.41118772025019684
(1.4);0.49935790945074154
(1.5);0.5020632456162706
(1.6);0.46632097310821563
(1.7);0.5587306655190367
(1.8);0.4565584885108753
(1.9);0.44261097920350606
(1.10);0.47186514683730285
(1.11);0.5002671867645947
(1.12);0.39798884846225197
(1.13);0.35454083367503236
(1.14);0.23240958698271982
(1.15);0.20783521977333133
(1.16);0.3381897142817808
(1.17);0.3176897132716525
(1.18);0.2306025701699918
(1.19);0.35921812705646927
(2.3);0.5110216250466523
(2.4);0.53468287814704
(2.5);0.5094436602750608
(2.6);0.42990523769331085
(2.7);0.4466718816120977
(2.8);0.37152025916991516
(2.9);0.3639664635738375
(2.10);0.3993452540318959
(2.11);0.43522683227777265
(2.12);0.34533851860727494
(2.13);0.29823077393036085
(2.14);0.18428407888969917
(2.15);0.1655746118357711
(2.16);0.2928317517907429
(2.17);0.30495280844521927
(2.18);0.2338828345093022
(2.19);0.4119974348936055
(3.4);0.42160954486315494
(3.5);0.3941132503108135
(3.6);0.32013648539806605
(3.7);0.32668174870148053
(3.8);0.26064220358068424
(3.9);0.24831865967398825
(3.10);0.27901060654938986
(3.11);0.3115584482068461
(3.12);0.23841769327598733
(3.13);0.19153726701450374
(3.14);0.11786941995228162
(3.15);0.10832096402983321
(3.16);0.22759292012211163
(3.17);0.2827008297063315
(3.18);0.24303607498873026
(3.19);0.5014499944222583
(4.6);0.5561777875100833
(4.7);0.39418519129081786
(4.8);0.34736010463231437
(4.9);0.3823871198381399
(4.10);0.454553481446626
(4.12);0.4165489627685094
(4.13);0.3584062060761755
(4.14);0.1230178949986154
(4.15);0.09809855692053857
(4.16);0.21926514460488936
(4.17);0.20968128413205567
(4.18);0.13871070446425202
(4.19);0.3070990688021234
(5.6);0.6304320494682214
(5.7);0.40534462705527713
(5.8);0.3640144039351336
(5.9);0.4084984998590008
(5.10);0.4924891345889487
(5.11);0.575746830852383
(5.12);0.45204754664288904
(5.13);0.38941513719729337
(5.14);0.12955464248752746
(5.15);0.10260737213226961
(5.16);0.22276969247693434
(5.17);0.204259181917835
(5.18);0.1295168272165751
(5.19);0.2881216861710244
(6.7);0.41727922393089417
(6.8);0.40076556839373495
(6.9);0.4834467777792081
(6.10);0.6365816346036544
(6.11);0.8818511917007397
(6.12);0.5912749149424867
(6.13);0.49292459190857435
(6.14);0.14291987851641616
(6.15);0.11046326481147464
(6.16);0.22487445273526388
(6.17);0.182269961907003
(6.18);0.0990225550445632
(6.19);0.23156503399482836
(7.8);0.6646792854284995
(7.9);0.5237841357105643
(7.10);0.4922695590182208
(7.11);0.4791189671946714
(7.12);0.4045344358081666
(7.13);0.38187610606019495
(7.14);0.32484278684815576
(7.15);0.2917668363451834
(7.16);0.4339084363398734
(7.18);0.2506898848837924
(7.19);0.31445430552716774
(8.9);0.6177879997205666
(8.10);0.5183650466505962
(8.11);0.47672312052046606
(8.12);0.4296252438390209
(8.14);0.34402571436597296
(8.15);0.30125085419239284
(8.16);0.4233540772917609
(8.17);0.3138608790291896
(8.18);0.20655943575545965
(8.19);0.2461415361902708
(9.10);0.754772966767897
(9.11);0.6121719209942657
(9.12);0.5769482672445878
(9.13);0.5779706719329027
(9.14);0.2605737212059653
(9.15);0.218995933000733
(9.16);0.324631601740792
(9.17);0.23499730793263948
(9.18);0.13559462943385758
(9.19);0.2045800594451433
(10.12);0.8270008078837703
(10.13);0.662846410807521
(10.14);0.21056757630162531
(10.15);0.17190153159054383
(10.16);0.28259278351854467
(10.17);0.21086110596253732
(10.18);0.11602203505275996
(10.19);0.21421003649458517
(11.12);0.7646530047953664
(11.13);0.5936427469915284
(11.14);0.1863844752173506
(11.15);0.15051129399738458
(11.16);0.26588319583939435
(11.17);0.20802216880766036
(11.18);0.11718979471450207
(11.19);0.2342134647690125
(12.14);0.16001254197237427
(12.15);0.12117006917063175
(12.16);0.22379771743212948
(12.17);0.15382675840789276
(12.18);0.06261966971838075
(12.19);0.16514104718427866
(13.14);0.16679813969460372
(13.15);0.12428493121455747
(13.16);0.21760320954841775
(13.17);0.1329913075502483
(13.18);0.038047160061842056
(13.19);0.12488051776097976
(14.15);0.8747763582704629
(14.16);0.5803033472158283
(14.17);0.39524890242807303
(14.18);0.2982317445719963
(14.19);0.17911971429506154
(15.16);0.5494489102362413
(15.17);0.4146806692637199
(15.18);0.3286001863105472
(15.19);0.18212053749766208
(16.17);0.534885642114779
(16.18);0.3813406570899028
(16.19);0.2933186525398812
(17.18);0.6129900266409752
(17.19);0.4091281455914812
(18.19);0.39605701862068693
