
****Importance edges******

(0.1);3.739881925343882
(0.2);3.230800081455963
(0.3);2.295605386819784
(0.4);4.972425573279772
(0.5);6.014744012921999
(0.6);13.525133955771588
(0.7);3.5809966678441407
(0.8);3.7409353763998796
(0.9);5.678423316417815
(0.12);15.33272992112218
(1.2);5.009193834261049
(1.3);1.9833131319831727
(1.4);3.093450413056495
(1.5);3.164750428618641
(1.6);2.706990772834802
(1.7);4.263068291448834
(1.8);2.7797400724665
(1.9);2.5697715130572507
(1.10);3.2194895700583617
(1.11);3.7006185891006744
(1.12);2.1670250606071564
(1.13);2.0097419728047026
(1.14);1.3317903081335039
(1.15);1.2448674249688663
(1.16);1.8607561315292802
(1.17);1.721429476628465
(1.18);1.3250373783065135
(1.19);2.007083888315739
(2.3);3.255084944695483
(2.4);3.709609863219611
(2.5);3.3164900492459743
(2.6);2.321471952962525
(2.7);2.5594346767409664
(2.8);1.9563469418591395
(2.9);1.8810952115173556
(2.10);2.4299073493709327
(2.11);2.86886181823455
(2.12);1.7926098842009544
(2.13);1.6890427463469646
(2.14);1.1909885670234568
(2.15);1.1367247340449782
(2.16);1.622926687179265
(2.17);1.6767930597505283
(2.18);1.3599392283359688
(2.19);2.4913068381640042
(3.4);2.205498479464096
(3.5);1.981921115404917
(3.6);1.5160084795854747
(3.7);1.5908079596420364
(3.8);1.3485498659898345
(3.9);1.2926519643140872
(3.10);1.627288178140466
(3.11);1.8596928971424016
(3.12);1.2859431146680798
(3.13);1.2692769019732402
(3.14);1.0356939273420291
(3.15);1.0141393482677041
(3.16);1.359599717920647
(3.17);1.5889416281345987
(3.18);1.4199375629608169
(3.19);3.6496797532505507
(4.6);4.264222544697412
(4.7);2.1159433869790756
(4.8);1.8549888079858892
(4.9);2.1001824317553845
(4.10);3.112180743258809
(4.12);2.4547128105564315
(4.13);2.1402282615257007
(4.14);1.075480986765516
(4.15);1.0185214143580792
(4.16);1.3625205787410353
(4.17);1.322759000823095
(4.18);1.11445454459017
(4.19);1.7675635483060559
(5.6);5.8537356934918074
(5.7);2.2411790408299717
(5.8);1.9979568838325779
(5.9);2.3560598392143692
(5.10);3.6553988352529583
(5.11);5.1653245974366655
(5.12);2.8735350959596575
(5.13);2.414658034340531
(5.14);1.1057066251731662
(5.15);1.0420051397043686
(5.16);1.3927514439147655
(5.17);1.3206533277405423
(5.18);1.105612221918218
(5.19);1.6838688014468897
(6.7);2.3940333649411487
(6.8);2.345665783103056
(6.9);3.2760439226998423
(6.10);6.4248224780415235
(6.11);12.830007195740086
(6.12);5.222967761016095
(6.13);3.636313615708756
(6.14);1.1620619248566681
(6.15);1.0806017838523014
(6.16);1.426656459532761
(6.17);1.2726410279140339
(6.18);1.0543491541215113
(6.19);1.4529681237911432
(7.8);7.101900319057148
(7.9);3.959447462524653
(7.10);3.745432519874899
(7.11);3.6227301186060616
(7.12);2.4435106470183197
(7.13);2.42680618629499
(7.14);1.9645768407741797
(7.15);1.7673911083972218
(7.16);2.917767795463582
(7.17);2.1816007294540807
(7.18);1.5643774152265748
(7.19);1.8989801740591286
(8.9);6.014160940073188
(8.10);4.303006457992978
(8.11);3.7185471073235186
(8.13);2.9908108253615047
(8.14);2.1869527580162327
(8.15);1.901989154301234
(8.16);2.9150798655122974
(8.17);1.9668963045708636
(8.18);1.451356244930643
(8.19);1.6150286343180373
(9.10);9.436993678360363
(9.11);6.0752322146378415
(9.12);5.0637136929844075
(9.13);5.196814011692875
(9.14);1.6744779745863074
(9.15);1.493459976033396
(9.16);2.035979921517885
(9.17);1.5522590213718879
(9.18);1.2185609114157119
(9.19);1.4384401361304768
(10.12);11.41995557653409
(10.13);7.234282563305166
(10.14);1.647489438343718
(10.15);1.4995855192348622
(10.16);2.0002987144579825
(10.17);1.6423706876111375
(10.18);1.3235492522562735
(10.19);1.6627314690518198
(11.12);9.793880271695507
(11.13);5.843047738507413
(11.14);1.5958136599649957
(11.15);1.4684248796544446
(11.16);1.958299249930633
(11.17);1.6760713079834195
(11.18);1.365457166801822
(11.19);1.7985667725749201
(12.14);1.3148334188269568
(12.15);1.2040433410924851
(12.16);1.5418904112582417
(12.17);1.2921047644068457
(12.18);1.0661962066958546
(12.19);1.3308450784192196
(13.14);1.4764871871779415
(13.15);1.3431016457001783
(13.16);1.669688360720448
(13.17);1.3648386601392462
(13.18);1.1306517361302573
(13.19);1.3448198408583538
(14.15);12.810275374847084
(14.16);5.516592189160467
(14.17);2.775173124477296
(14.18);2.0456441281948377
(14.19);1.4868470563471123
(15.16);4.932079731653326
(15.17);2.9690822589435792
(15.18);2.245210838707881
(15.19);1.4975937262384955
(16.17);4.598164026521003
(16.18);2.669787425563704
(16.19);2.0160054160838605
(17.18);6.0647935986668955
(17.19);2.911887786592601
(18.19);2.8088373553269563

****Importance nodes******

0; 0.11000000000000001
1; 0.03551728586171311
2; 0.037386616696540115
3; 0.039354333364779066
4; 0.04225509807621067
5; 0.04372703707197675
6; 0.045950989602303614
7; 0.04836946273926696
8; 0.053743847488074405
9; 0.0537438474880744
10; 0.06470588235294118
11; 0.06875
12; 0.056260424701204265
13; 0.06470588235294118
14; 0.061111111111111116
15; 0.061111111111111116
16; 0.061111111111111116
17; 0.061111111111111116
18; 0.061111111111111116
19; 0.061111111111111116
