
****Importance edges******

(0.1);3.752153752926913
(0.2);3.240714881313399
(0.3);2.3021499191876833
(0.4);5.032478621453542
(0.5);6.0290985455939
(0.6);13.56098169560403
(0.7);3.589697142646042
(0.8);3.6844157432414586
(0.9);5.684463964063016
(0.12);15.373776247988777
(1.2);4.941702874924397
(1.3);1.9565911263328823
(1.4);3.1095296235779633
(1.5);3.122110425145894
(1.6);2.6730578272520074
(1.7);4.209718564223563
(1.8);2.6580234605210316
(1.9);2.533485934684719
(1.10);3.1057033214484657
(1.11);3.4313682519072506
(1.12);2.143661678653117
(1.13);1.938711769170543
(1.14);1.3325151230738144
(1.15);1.2455449329089772
(1.16);1.8617688313786258
(1.17);1.722366349194462
(1.18);1.3257585180252822
(1.19);2.0081762257353932
(2.3);3.2112278265825447
(2.4);3.7272660373908306
(2.5);3.271805594529302
(2.6);2.2923227519770117
(2.7);2.5273513913156465
(2.8);1.8719007684805824
(2.9);1.8545588062729472
(2.10);2.3450002825577463
(2.11);2.6631241349075263
(2.12);1.7731868588595665
(2.13);1.6300233498454737
(2.14);1.1913199096755474
(2.15);1.1370409800598469
(2.16);1.623378198509909
(2.17);1.677259557141694
(2.18);1.3603175744285136
(2.19);2.491999939876132
(3.4);2.2150261321021745
(3.5);1.9552178649750045
(3.6);1.496940885755368
(3.7);1.5708332272806202
(3.8);1.291185697141448
(3.9);1.2744339712488133
(3.10);1.571087267961004
(3.11);1.7282982528513822
(3.12);1.2719400289905305
(3.13);1.2254404640768013
(3.14);1.0357031125869103
(3.15);1.0141483423517783
(3.16);1.359611775784481
(3.17);1.5889557199599642
(3.18);1.41995015594209
(3.19);3.649712121116565
(4.6);4.280664106619537
(4.7);2.1232172137702823
(4.8);1.805770082403815
(4.9);2.1023908051459634
(4.10);3.048725643910283
(4.11);3.9299261346520433
(4.12);2.4639779808152382
(4.13);2.096590565592453
(4.14);1.0901921619272021
(4.15);1.032453456966859
(4.16);1.3811580806047774
(4.17);1.3408526162354222
(4.18);1.1296988271176656
(4.19);1.7917415089474105
(5.6);5.779854622942351
(5.7);2.212940439302387
(5.8);1.9155735298012053
(5.9);2.3229202460232172
(5.10);3.5322588837119238
(5.11);4.8118564062715645
(5.12);2.841919432557272
(5.13);2.3333150983880206
(5.14);1.1050946550453542
(5.15);1.0414284261313393
(5.16);1.3919806044716994
(5.17);1.3199223920950711
(5.18);1.1050003040393215
(5.19);1.6829368386801125
(6.7);2.365759362319444
(6.8);2.252195866499365
(6.9);3.2325188429695735
(6.10);6.215436026562175
(6.11);11.974257493413555
(6.12);5.16912735489755
(6.13);3.5178053134075546
(6.14);1.1619364317417058
(6.15);1.080485087761509
(6.16);1.426502392387751
(6.17);1.272503593166878
(6.18);1.0542352930984638
(6.19);1.4528112152031452
(7.8);6.8236203481182285
(7.9);3.906981158117779
(7.10);3.6250326521632017
(7.11);3.3852034743457655
(7.12);2.4182371553352975
(7.13);2.3487945969147597
(7.14);1.9638568263101523
(7.15);1.7667433622082065
(7.16);2.9166984379450547
(7.17);2.180801176060526
(7.18);1.5638040732514564
(7.19);1.8982842006750156
(8.9);5.778502812468302
(8.10);4.067109431638595
(8.11);3.3986539434185206
(8.12);2.7159159085040763
(8.13);2.8268502580282293
(8.14);2.1317564543175154
(8.15);1.8539850213323505
(8.16);2.841506427323909
(8.17);1.9172539858819784
(8.18);1.4147255953765627
(8.19);1.5742670720688348
(9.10);9.130620527653061
(9.11);5.6839377235905415
(9.12);5.004204141821194
(9.13);5.0280988109978555
(9.14);1.670822803348685
(9.15);1.490199943932773
(9.16);2.031535637769484
(9.17);1.5488706384762216
(9.18);1.215900948811069
(9.19);1.435300205302826
(10.11);15.529837954408963
(10.12);11.082492698870869
(10.13);6.891759480371401
(10.14);1.6143278532135186
(10.15);1.4694010265766786
(10.16);1.9600355876897686
(10.17);1.609312135547025
(10.18);1.2969081156388316
(10.19);1.6292630838371283
(11.12);9.196996509779503
(11.13);5.397717081719199
(11.14);1.5149959357525047
(11.15);1.394058579924139
(11.16);1.8591239560495836
(11.17);1.5911890487777651
(11.18);1.2963055211560646
(11.19);1.7074809039360352
(12.13);9.95347306364712
(12.14);1.3150595160682
(12.15);1.2042503869994876
(12.16);1.5421555529585462
(12.17);1.2923269532548372
(12.18);1.0663795485682972
(12.19);1.3310739290070157
(13.14);1.4467676306140622
(13.15);1.3160669476160591
(13.16);1.636079943314993
(13.17);1.3373664273201413
(13.18);1.1078933481687625
(13.19);1.3177505579849902
(14.15);12.9216119285279
(14.16);5.564537947111121
(14.17);2.7992926849477606
(14.18);2.06342321261154
(14.19);1.4997695285235648
(15.16);4.974945380028028
(15.17);2.9948871207933645
(15.18);2.2647243955795293
(15.19);1.510609599778638
(16.17);4.638127549629738
(16.18);2.6929910587663346
(16.19);2.0335269047842015
(17.18);6.117503879929614
(17.19);2.937195560342808
(18.19);2.8332494980671568

****Importance nodes******

0; 0.11000000000000001
1; 0.034736842105263156
2; 0.03656509695290859
3; 0.03848957573990378
4; 0.04276619526655975
5; 0.04276619526655975
6; 0.04501704764901027
7; 0.04738636594632659
8; 0.04988038520665958
9; 0.05250566863858903
10; 0.061111111111111116
11; 0.061111111111111116
12; 0.0552691248827253
13; 0.061111111111111116
14; 0.061111111111111116
15; 0.061111111111111116
16; 0.061111111111111116
17; 0.061111111111111116
18; 0.061111111111111116
19; 0.061111111111111116
