
****Mix criterion 0.5*C(weight)+0.5*C(distance) ******

(0.1);0.4586911966353908
(0.2);0.40872880665911127
(0.3);0.2959526011176884
(0.4);0.5312236816936089
(0.5);0.5869494520347007
(0.6);0.8926436784347218
(0.7);0.4277550712538022
(0.8);0.4317883463259158
(0.9);0.5618295198470673
(0.12);0.9534888141711819
(1.3);0.4148354843991324
(1.4);0.5048612858012519
(1.5);0.5075731225456014
(1.6);0.4709104589236159
(1.8);0.46095900071955
(1.9);0.4466728619734301
(1.10);0.47608924071136305
(1.11);0.5049256290242964
(1.12);0.40134061623600614
(1.13);0.3571728382201188
(1.14);0.23422491788330166
(1.15);0.20953206821101136
(1.16);0.34072606560029
(1.17);0.32003231859852793
(1.18);0.2324086963165598
(1.19);0.3619539341728507
(2.3);0.5089943407596662
(2.4);0.532487141601297
(2.5);0.5075000953723307
(2.6);0.42858547364881455
(2.7);0.44659868989878854
(2.8);0.37057151525028115
(2.9);0.36304974280547175
(2.10);0.39805990342129516
(2.11);0.43376056739496033
(2.12);0.34450493809555804
(2.13);0.29733331445233113
(2.14);0.18363368974435998
(2.15);0.1649538557271637
(2.16);0.2919454847599345
(2.18);0.23314018278541437
(2.19);0.41063695254296406
(3.4);0.4217535035548179
(3.5);0.3942309064624825
(3.6);0.32022693375621936
(3.7);0.3275887318231109
(3.8);0.2607620377418584
(3.9);0.24843051942369854
(3.10);0.278986574383011
(3.11);0.3115278470698956
(3.12);0.2385376660530099
(3.13);0.1915155694449992
(3.14);0.11785579546857965
(3.15);0.10830762309516397
(3.16);0.22757503467959916
(3.17);0.28267652421483563
(3.18);0.24301739580593923
(3.19);0.5014019831314678
(4.6);0.5564554672263764
(4.7);0.39536823840344193
(4.8);0.3475326048322816
(4.9);0.3825776829732781
(4.10);0.4545278056336267
(4.12);0.4167875376610901
(4.13);0.3583837053847263
(4.14);0.12301095234025297
(4.15);0.09809198195891514
(4.16);0.21925634899157181
(4.17);0.2096699917151395
(4.18);0.13870351021604238
(4.19);0.3070876584750225
(5.6);0.6307812111450839
(5.7);0.406568060971958
(5.8);0.36418930153082524
(5.9);0.40869950988083104
(5.10);0.49244607867028056
(5.11);0.5756770610289932
(5.12);0.452311370708922
(5.13);0.38938130514401037
(5.14);0.12954344145310948
(5.15);0.10259681640693721
(5.16);0.22275558361975306
(5.17);0.20424309292973042
(5.18);0.12950562713848138
(5.19);0.2881046282354283
(6.7);0.4185592799813244
(6.8);0.4009700266529428
(6.9);0.4837252146476125
(6.10);0.6365166181169414
(6.11);0.8816988586634433
(6.12);0.5917520536774927
(6.13);0.49287983940777813
(6.14);0.14291005956070396
(6.15);0.11045413416117861
(6.16);0.22486239806219263
(6.17);0.1822566508999226
(6.18);0.09901364621842572
(6.19);0.23155275699878058
(7.8);0.6684081779691577
(7.9);0.5258546676993315
(7.10);0.49372054447078906
(7.11);0.48046646910114515
(7.12);0.4058016799910095
(7.13);0.38281105878053906
(7.14);0.32563271747743394
(7.15);0.29247748117284345
(7.16);0.4350816325737504
(7.17);0.35888232609793713
(7.18);0.25131890056309336
(7.19);0.31521786059548984
(8.9);0.6184402100765263
(8.10);0.5184400103973976
(8.11);0.47677841511890245
(8.12);0.42994585711929656
(8.14);0.3440691032979528
(8.15);0.3012885894739346
(8.16);0.4234119121953896
(8.17);0.31389621728225786
(8.18);0.20658823052350345
(8.19);0.24617357820274818
(9.10);0.7549201154944767
(9.11);0.6122515175940212
(9.12);0.5775146526846641
(9.13);0.5780410843103869
(9.14);0.2606037850856085
(9.15);0.21902274685057332
(9.16);0.3246681560916079
(9.17);0.23502226947182492
(9.18);0.13561650769629804
(9.19);0.20460588545885203
(10.12);0.8272567550911234
(10.13);0.662399862930694
(10.14);0.2104689639675057
(10.15);0.17181177221192687
(10.16);0.2824730533882153
(10.17);0.21075999127570152
(10.18);0.11594281252298247
(10.19);0.21411051183156687
(11.12);0.7648464424920214
(11.13);0.5932824065460307
(11.14);0.18628895599509243
(11.15);0.15042339977391228
(11.16);0.2657659796342729
(11.17);0.20791906856259437
(11.18);0.11710806373934385
(11.19);0.23410580953105725
(12.14);0.16004532331318697
(12.15);0.12120008830047163
(12.16);0.22383615974302873
(12.17);0.15385660435353518
(12.18);0.06264625205248057
(12.19);0.1651742277267412
(13.14);0.16670692220972255
(13.15);0.12420195429804615
(13.16);0.21750005608110498
(13.17);0.13290465360645348
(13.18);0.03797730831606197
(13.19);0.12479743469424767
(14.15);0.8740095848235273
(14.16);0.579973145382968
(14.17);0.39507790569714435
(14.18);0.2981093002409042
(14.19);0.1790307173914743
(15.16);0.54915369505423
(15.17);0.4144977245113151
(15.18);0.3284657966894409
(15.19);0.18203089734005612
(16.17);0.5346023188835636
(16.18);0.3811808539594483
(16.19);0.2931979822672525
(17.18);0.6126163346828115
(17.19);0.40894872496797235
(18.19);0.39588889250022474
