
****Mix criterion 0.5*C(weight)+0.5*C(distance) ******

(0.1);0.4491597287918537
(0.2);0.40460766694606815
(0.3);0.2922138381404148
(0.4);0.5222207968365765
(0.5);0.5770309207090153
(0.6);0.8705602168245385
(0.7);0.4215489584149626
(0.8);0.4264844034313314
(0.9);0.5526247578664042
(0.12);0.930540573958101
(1.2);0.5986390905729289
(1.3);0.4083885455462847
(1.4);0.4938912813872796
(1.5);0.497443963065317
(1.6);0.4624453490025052
(1.7);0.5540783454206664
(1.8);0.4537251855474616
(1.9);0.4390275789367816
(1.10);0.4751796918731087
(1.11);0.4898010515615369
(1.12);0.3954620519007875
(1.13);0.3486275017309544
(1.14);0.2302489178534693
(1.15);0.20581557253704122
(1.16);0.33730695030613794
(1.17);0.31478514935277147
(1.18);0.22845285685482108
(1.19);0.35826594352060626
(2.3);0.5064275187054281
(2.4);0.5281583763068484
(2.5);0.5046065850849761
(2.6);0.426582623991214
(2.7);0.4438608940938584
(2.8);0.3695104806184293
(2.9);0.3613427303802006
(2.10);0.4017383044049274
(2.11);0.4271846721584512
(2.12);0.34323951887791576
(2.13);0.2933083940060224
(2.14);0.1823566132213642
(2.15);0.16373496537745566
(2.16);0.292032958173269
(2.17);0.30213234048322973
(2.18);0.2316819433788436
(2.19);0.41077123039699126
(3.4);0.41774896679994344
(3.5);0.39122484589260464
(3.6);0.3179673892528185
(3.7);0.32492341730729785
(3.8);0.25924587566450374
(3.9);0.24651522857256497
(3.10);0.280539478492928
(3.11);0.3063923649055817
(3.12);0.2369055957575755
(3.13);0.1878742837836197
(3.14);0.1161974784406235
(3.15);0.10668381850815756
(3.16);0.22689925758498788
(3.17);0.28003655759205104
(3.18);0.24074384125750664
(3.19);0.4995879418754978
(4.5);0.9780724338778912
(4.6);0.5487415482013787
(4.7);0.39117961228378795
(4.8);0.34488362974103315
(4.9);0.37885067099428876
(4.10);0.4564738859350077
(4.11);0.5095675290599967
(4.12);0.41295603952114407
(4.13);0.3517616573218003
(4.14);0.1209999415255558
(4.15);0.09618747820247511
(4.16);0.21817078500721562
(4.17);0.2071190825532914
(4.18);0.13661962387194293
(4.19);0.30567938372450476
(5.6);0.6218125691119765
(5.7);0.40274183931601887
(5.8);0.3618336051093647
(5.9);0.40511734545563816
(5.10);0.49544804641716167
(5.11);0.5614968184503409
(5.12);0.44852919447671336
(5.13);0.38250517017363805
(5.14);0.12773871941694934
(5.15);0.10089606722573186
(5.16);0.22195598144577297
(5.17);0.20201122700926175
(5.18);0.12770105918626234
(5.19);0.2871378906598063
(6.7);0.4145397643246458
(6.8);0.39823944868663863
(6.9);0.4788182501475777
(6.10);0.6416212465983696
(6.11);0.847033362996663
(6.12);0.5849693168515466
(6.13);0.4826957870842346
(6.14);0.1410404788696804
(6.15);0.10871561043317245
(6.16);0.22404527395054905
(6.17);0.18013715678620718
(6.18);0.09731735897419329
(6.19);0.2307205627592591
(7.8);0.6589573453956743
(7.9);0.5192955263672784
(7.10);0.4959757803256747
(7.11);0.4702668469956911
(7.12);0.40223862539470745
(7.13);0.37573413785882315
(7.14);0.32218594520666427
(7.15);0.2893766634610619
(7.16);0.4329188224419542
(7.17);0.3549340816567325
(7.18);0.24857426233672783
(7.19);0.3138102319394601
(8.9);0.6113425922456486
(8.10);0.5224503405990397
(8.11);0.4680526854272069
(8.12);0.4271224539218694
(8.13);0.42107833564762903
(8.14);0.3412172919852214
(8.15);0.2988083739470803
(8.16);0.42242598332530246
(8.17);0.3112276223362464
(8.18);0.2046956454445962
(8.19);0.24562734844917272
(9.10);0.7610644361281484
(9.11);0.59634556589847
(9.12);0.5709075493131057
(9.13);0.5639704345782028
(9.14);0.25793517377872194
(9.15);0.21664262346948798
(9.16);0.3233897585269514
(9.17);0.23246656760564785
(9.18);0.13367449025821415
(9.19);0.2037026848194457
(10.12);0.8361037345357969
(10.14);0.2111786874996031
(10.15);0.1724577800749354
(10.17);0.21138843356965326
(10.18);0.1165129855561769
(10.19);0.21629274539102628
(11.12);0.7410204470725827
(11.13);0.5722100839987587
(11.14);0.1820662254049025
(11.15);0.14653775647214431
(11.16);0.26225682826211233
(11.17);0.2034057801728757
(11.18);0.11349488640385558
(11.19);0.23088288889820338
(12.13);0.7695089099937518
(12.14);0.1581806593507718
(12.15);0.11949254406317647
(12.16);0.22310670966626084
(12.17);0.1519574854862234
(12.18);0.06113419918325613
(12.19);0.16454462069531353
(13.14);0.1626743635826553
(13.15);0.12053369616791734
(13.16);0.21441190687009287
(13.17);0.12911131404453285
(13.18);0.03488929004381727
(13.19);0.12231014159920077
(14.15);0.8524221662159892
(14.16);0.5756835235549653
(14.17);0.3902637353240943
(14.18);0.2946620538058976
(14.19);0.1778745667518928
(15.16);0.5453185816093897
(15.17);0.4093471745437895
(15.18);0.3246822475603929
(15.19);0.18086639024631532
(16.17);0.5307989516148958
(16.18);0.37910486609880345
(16.19);0.2934600496397297
(17.18);0.6020955677425995
(18.19);0.39370478143716764
