
****Mix criterion 0.5*C(weight)+0.5*C(distance) ******

(0.1);0.45503518151384825
(0.2);0.4096669441505012
(0.3);0.29579669848768864
(0.4);0.5308224369343018
(0.5);0.5865012976873045
(0.6);0.8915866660242391
(0.7);0.42643942808965984
(0.8);0.43423849958710414
(0.9);0.5614650997221833
(0.12);0.9534888141711819
(1.2);0.6045045180744739
(1.3);0.4107108712085388
(1.4);0.49858268247455917
(1.5);0.501302342970774
(1.6);0.46566874635143596
(1.7);0.5576786951913051
(1.8);0.4597656849807537
(1.9);0.44217962883113726
(1.10);0.471497692156875
(1.11);0.4998547689812648
(1.12);0.39790360253212725
(1.13);0.3516675254080223
(1.14);0.2322541491292473
(1.15);0.20768992699021577
(1.16);0.3379725389973878
(1.17);0.3174859296159337
(1.18);0.2304479204743175
(1.19);0.35898387335343973
(2.3);0.5102390032249323
(2.4);0.5337541256584551
(2.5);0.50864627479107
(2.6);0.4293459250812711
(2.7);0.4460406594798641
(2.8);0.3737214952718404
(2.9);0.3636479109282865
(2.10);0.39906229871922955
(2.11);0.4349005928287807
(2.12);0.34526080561313194
(2.13);0.2958527460062859
(2.14);0.1841422781079073
(2.15);0.16543927178261464
(2.16);0.2926385238459877
(2.17);0.3047504248864864
(2.18);0.233720918223028
(2.19);0.41170081638095435
(3.4);0.4210578958395283
(3.5);0.3936367359524491
(3.6);0.31977125070212553
(3.7);0.3262896357813615
(3.8);0.26212063683356335
(3.9);0.24809781432778
(3.10);0.27881729869057525
(3.11);0.31134267954300704
(3.12);0.23835672969808
(3.13);0.18977825464645676
(3.14);0.1177436467841767
(3.15);0.1081978084185429
(3.16);0.22742781230467346
(3.17);0.2825053232986096
(3.18);0.2428636398309196
(3.19);0.5010067826074389
(4.6);0.5551122798657188
(4.7);0.3936455784258073
(4.8);0.34930354048347273
(4.9);0.38200658747113514
(4.10);0.4541504960144311
(4.12);0.4163989269965813
(4.13);0.3554908488673902
(4.14);0.12287546764402499
(4.15);0.0979636727966667
(4.16);0.21908470422147663
(4.17);0.20950404808848364
(4.18);0.13856311579039307
(4.19);0.30686498804815976
(5.6);0.6290219147634821
(5.7);0.40479285078019234
(5.8);0.36608497626170444
(5.9);0.40808861998644175
(5.10);0.49203697391519563
(5.11);0.5751225481634401
(5.12);0.45188706242409743
(5.13);0.38618034526003153
(5.14);0.12941487940449245
(5.15);0.10247566101871758
(5.16);0.22259364647045185
(5.17);0.20409022006714406
(5.18);0.12937707606626225
(5.19);0.28790884246568815
(6.7);0.41668908384423664
(6.8);0.4031286986110381
(6.9);0.48287062444381246
(6.10);0.6357694147477259
(6.11);0.8802661511405501
(6.12);0.5909601130388837
(6.13);0.4881321758433159
(6.14);0.14276978755346514
(6.15);0.11032369517337212
(6.16);0.2246901869597219
(6.17);0.18210367386531237
(6.18);0.09888637617453595
(6.19);0.23137736982636006
(7.8);0.6715901127185481
(7.9);0.523062753428493
(7.10);0.4917707137381584
(7.11);0.47864751970935826
(7.12);0.404365548917205
(7.13);0.37872315853468497
(7.14);0.3245754285927245
(7.15);0.2915263129950152
(7.16);0.433511358815921
(7.18);0.25047698956308495
(7.19);0.31419587428849194
(8.9);0.6236676257717368
(8.10);0.522311226366542
(8.11);0.4800152191068639
(8.13);0.4277036772212725
(8.14);0.34609715323540313
(8.15);0.30305238111107574
(8.16);0.4261151839131918
(8.17);0.3157211261940552
(8.18);0.2079341319980372
(8.19);0.24767125971818257
(9.10);0.7540286008596575
(9.11);0.6116995552157859
(9.12);0.5768785552556264
(9.13);0.5717760656068811
(9.14);0.26043985725341623
(9.15);0.21887654029542433
(9.16);0.32446883798770515
(9.17);0.23487103759908845
(9.18);0.13549721317488042
(9.19);0.20446506522900548
(10.12);0.8271924176328845
(10.13);0.6551517059985512
(10.14);0.21049375215329558
(10.15);0.1718343350299902
(10.16);0.28250314995515846
(10.17);0.210785408477979
(10.18);0.11596272669299376
(10.19);0.21413552934950314
(11.12);0.764797818051618
(11.13);0.5876082183532789
(11.14);0.18631296666524824
(11.15);0.1504454937478633
(11.16);0.26579544427575086
(11.17);0.20794498487471186
(11.18);0.11712860845735604
(11.19);0.23413287083189263
(12.14);0.1600370830664292
(12.15);0.12119254239078028
(12.16);0.22382649649802727
(12.17);0.15384910197716145
(12.18);0.06263957005025157
(12.19);0.16516588713265107
(13.14);0.16518470234494212
(13.15);0.12281725145520478
(13.16);0.21577865083441314
(13.17);0.13149812719348106
(13.18);0.036811635801032846
(13.19);0.12341096043691382
(14.15);0.874202328691027
(14.16);0.5800561482289525
(14.17);0.3951208891512281
(14.18);0.2981400790765856
(14.19);0.17905308854616342
(15.16);0.5492279033045977
(15.17);0.4145437113399647
(15.18);0.3284995782130805
(15.19);0.18205343018952985
(16.17);0.5346735378538541
(16.18);0.3812210236777992
(16.19);0.2932283151577975
(17.18);0.6127102696430763
(17.19);0.4089938259362212
(18.19);0.3959311543688577
