
****Importance edges******

(0.1);3.66176197572485
(0.2);3.163616192944215
(0.3);2.2480889052461994
(0.4);4.8434589286879435
(0.5);5.886799552797234
(0.6);13.245008820454922
(0.7);3.5071639019152303
(0.8);3.600864633550793
(0.9);5.557382312263597
(0.12);15.03510503134326
(1.2);4.941500310627395
(1.3);1.95651092411999
(1.4);3.0190985359904543
(1.5);3.1172103956060453
(1.6);2.668768908980092
(1.7);4.202817546383698
(1.8);2.6535743553017164
(1.9);2.529158594507871
(1.10);3.1557042502774517
(1.11);3.4866122923037546
(1.12);2.1399275911500935
(1.13);1.9699244701779925
(1.14);1.305575839134353
(1.15);1.2203639139276763
(1.16);1.8917427732522403
(1.17);1.6875454940122037
(1.18);1.3471028482600478
(1.19);2.0405072844832155
(2.3);3.2110961958221225
(2.4);3.6213645446722404
(2.5);3.266785873153007
(2.6);2.288725041560016
(2.7);2.5232962588560133
(2.8);1.868832149901772
(2.9);1.8514545720977915
(2.10);2.3820456549440836
(2.11);2.705195100110602
(2.12);1.7701581533789663
(2.13);1.6557738038827698
(2.14);1.1676850434381445
(2.15);1.114482965833862
(2.16);1.6490236751160208
(2.17);1.6439840238810721
(2.18);1.3818073249770368
(2.19);2.5313675537933245
(3.4);2.153579786948915
(3.5);1.9522872485486538
(3.6);1.4946442254110492
(3.7);1.568367866301118
(3.8);1.2891139911452483
(3.9);1.2723447837088049
(3.10);1.5954258699819768
(3.11);1.7550722992124632
(3.12);1.2698110052607967
(3.13);1.2444244558408424
(3.14);1.0155517616024012
(3.15);0.9944163757788056
(3.16);1.3806742912721106
(3.17);1.5580399063231973
(3.18);1.4419474074250997
(3.19);3.7062518771304114
(4.5);15.628546889273322
(4.6);4.164651848469002
(4.7);2.0670303492768176
(4.8);1.759133595020005
(4.9);2.049427029633973
(4.10);3.0279473762503093
(4.11);3.9031421381081652
(4.12);2.403459540068719
(4.13);2.0823014740068353
(4.14);1.0462303477035388
(4.15);0.9908199462383287
(4.16);1.3717449435660725
(4.17);1.2867829616599833
(4.18);1.1219994840652998
(4.19);1.77953008391323
(5.6);5.7636076808088
(5.7);2.2067199514860274
(5.8);1.9101889285747817
(5.9);2.316390609331632
(5.10);3.580692150572674
(5.11);4.877835127846935
(5.12);2.8339309097342755
(5.13);2.3653088102168907
(5.14);1.0832162803330652
(5.15);1.0208104987538917
(5.16);1.4110670220591097
(5.17);1.293790914077732
(5.18);1.120151734432358
(5.19);1.7060127602648647
(6.7);2.359109306570819
(6.8);2.2458650332339056
(6.9);3.223432360693899
(6.10);6.29848215762322
(6.11);12.13424880422538
(6.12);5.154597142894877
(6.13);3.5648076668797803
(6.14);1.1393513285698968
(6.15);1.0594831925492936
(6.16);1.4455622787948916
(6.17);1.247769344241494
(6.18);1.0683212175526262
(6.19);1.4722226209467015
(7.8);6.804439421923797
(7.9);3.8959987890213563
(7.10);3.672187476159589
(7.11);3.4292385739825857
(7.12);2.411439586591615
(7.13);2.379347975725041
(7.14);1.926397461708327
(7.15);1.7330438160518002
(7.16);2.9546391724677523
(7.17);2.139203731031079
(7.18);1.5841462088719456
(7.19);1.922977290632298
(8.9);5.762259670220384
(8.10);4.118569143284366
(8.11);3.441655921814174
(8.12);2.708281576590275
(8.13);2.8626174045948507
(8.14);2.0918735472323977
(8.15);1.8192989237749866
(8.16);2.8774590132691515
(8.17);1.881384192959511
(8.18);1.432625623005433
(8.19);1.5941857221429874
(9.10);9.242884614487222
(9.11);5.75382367233067
(9.12);4.990137522430123
(9.13);5.089920997104378
(9.14);1.640177247659681
(9.15);1.4628672996343988
(9.16);2.056514059833408
(9.17);1.5204618800421408
(9.18);1.230850864787278
(9.19);1.452947709806293
(10.12);11.214780427225952
(10.13);7.065944753405699
(10.14);1.6091532576020335
(10.15);1.4646909820287266
(10.16);2.009574364394188
(10.17);1.6041536174073951
(10.18);1.3296867253489273
(10.19);1.6704417749843097
(11.12);9.306777748443645
(11.13);5.534141288965399
(11.14);1.5101397404604782
(11.15);1.3895900394133194
(11.16);1.9061122490698807
(11.17);1.5860886227072748
(11.18);1.329068900635795
(11.19);1.7506365056804134
(12.13);10.072284090787932
(12.14);1.2914241889202587
(12.15);1.1826066123132537
(12.16);1.5605637089947642
(12.17);1.2691001943522413
(12.18);1.0791085376032994
(12.19);1.3469624796359687
(13.14);1.4421301355616714
(13.15);1.3118484028898447
(13.17);1.333079608857595
(13.18);1.1358947179050813
(13.19);1.351055948486132
(14.15);12.512187253192957
(14.16);5.546701276831445
(14.17);2.710596359362259
(14.18);2.056809078636609
(14.19);1.4949621402318443
(15.16);4.958998600394866
(15.17);2.8999933340214135
(15.18);2.257465007162696
(15.19);1.5057674645270396
(16.17);4.623260411943892
(16.18);2.7610548651406193
(16.19);2.08492313242988
(17.18);6.097894722677378
(17.19);2.927780620727928

****Importance nodes******

0; 0.11000000000000001
1; 0.035872033023735816
2; 0.03776003476182717
3; 0.03974740501244965
4; 0.04183937369731543
5; 0.04404144599717413
6; 0.04635941683913067
7; 0.04879938614645333
8; 0.051367774891003505
9; 0.054071341990530014
10; 0.06470588235294118
11; 0.06470588235294118
12; 0.056917202095294744
13; 0.06470588235294118
14; 0.061111111111111116
15; 0.061111111111111116
16; 0.06470588235294118
17; 0.061111111111111116
18; 0.06470588235294118
19; 0.06470588235294118
