
****Mix criterion 0.5*C(weight)+0.5*C(distance) ******

(0.1);0.4502639909185102
(0.2);0.40554951513634097
(0.3);0.29287423998788714
(0.4);0.5236240153957072
(0.5);0.5787120292859976
(0.6);0.8742865553989688
(0.7);0.422520499890557
(0.8);0.427466024988454
(0.9);0.5541147763182138
(0.12);0.9345029845180945
(1.2);0.5986390905729289
(1.3);0.4083885455462847
(1.4);0.4938912813872796
(1.5);0.497443963065317
(1.6);0.4624453490025052
(1.7);0.5540783454206664
(1.8);0.45372518554746155
(1.9);0.4390275789367817
(1.10);0.4674396444032313
(1.11);0.4906980799924254
(1.12);0.3954620519007875
(1.13);0.34913431984214877
(1.14);0.23057791144789314
(1.15);0.20612309347800348
(1.16);0.33779365399134004
(1.17);0.31323425006853145
(1.18);0.23032053714051273
(1.19);0.3587909210329201
(2.3);0.5064275187054281
(2.4);0.5281583763068484
(2.5);0.5046065850849761
(2.6);0.426582623991214
(2.7);0.4438608940938584
(2.8);0.3695104806184293
(2.9);0.36134273038020065
(2.10);0.3960034736059037
(2.11);0.4278678351657532
(2.12);0.34323951887791576
(2.13);0.29372653886042727
(2.14);0.18264524074773533
(2.15);0.16401044245358937
(2.16);0.29244939836753026
(2.17);0.3006503261949076
(2.18);0.23356243961813236
(2.19);0.4114104954431854
(3.4);0.41774896679994344
(3.5);0.39122484589260464
(3.6);0.3179673892528185
(3.7);0.32492341730729785
(3.8);0.25924587566450374
(3.9);0.24651522857256497
(3.10);0.27677153417127265
(3.11);0.30682715343702727
(3.12);0.2369055957575755
(3.13);0.18818256822403437
(3.14);0.11644355547648715
(3.15);0.10692477425597666
(3.16);0.22724129554420824
(3.17);0.27865969573713534
(3.18);0.24266884561993568
(3.19);0.5005061010940941
(4.5);0.9780724338778912
(4.6);0.5487415482013787
(4.7);0.39117961228378795
(4.8);0.34488362974103315
(4.9);0.3788506709942888
(4.10);0.4494631410277916
(4.11);0.5105154790593338
(4.12);0.41295603952114407
(4.13);0.3522673826095454
(4.14);0.12124830087555145
(4.15);0.09642268395649536
(4.16);0.2185039385466802
(4.17);0.20600504130539155
(4.18);0.13808808667471037
(4.19);0.30611157540038453
(5.6);0.6218125691119765
(5.7);0.40274183931601887
(5.8);0.3618336051093647
(5.9);0.40511734545563816
(5.10);0.4873253850588276
(5.11);0.5626575016593498
(5.12);0.44852919447671336
(5.13);0.3830679965398812
(5.14);0.1279904737404491
(5.15);0.10113331758948768
(5.16);0.2222917455206881
(5.17);0.20091457554211617
(5.18);0.12913741709385484
(5.19);0.2875438372146396
(6.7);0.4145397643246458
(6.8);0.39823944868663863
(6.9);0.4788182501475777
(6.10);0.627631576536883
(6.11);0.8498604533311184
(6.12);0.5849693168515466
(6.13);0.4835263315589547
(6.14);0.1412995684085563
(6.15);0.10895653788453977
(6.16);0.22438206736991684
(6.17);0.17910232610942503
(6.18);0.09865866499241602
(6.19);0.23106356762169405
(7.8);0.6589573453956743
(7.9);0.5192955263672785
(7.10);0.4879947532486482
(7.11);0.4710486311451911
(7.12);0.40223862539470745
(7.13);0.37627657213204035
(7.14);0.3226142849005317
(7.15);0.28976201044805805
(7.16);0.4335924093104946
(7.17);0.35319932988338726
(7.18);0.25052044523608297
(7.19);0.31424862464187236
(8.9);0.6113425922456486
(8.10);0.5136972252337677
(8.11);0.4688199390758988
(8.12);0.4271224539218694
(8.13);0.4217165033489855
(8.14);0.34167180468125674
(8.15);0.2992036628783033
(8.16);0.4230674596893105
(8.17);0.3097367829771802
(8.18);0.2064167349491645
(8.19);0.2459827427244267
(9.10);0.7418678359895192
(9.11);0.5975990780764254
(9.12);0.5709075493131057
(9.13);0.5650793107478678
(9.14);0.2582831792378666
(9.15);0.21695300809834644
(9.16);0.32383778501593374
(9.17);0.2312900089639193
(9.18);0.13511951962480842
(9.19);0.2040192200057659
(10.12);0.8133567034439532
(10.13);0.6456776405376665
(10.14);0.20833618882225347
(10.15);0.16987046767353808
(10.16);0.28166942813250323
(10.17);0.20710677368148633
(10.18);0.11541107313895742
(10.19);0.21344250510220228
(11.12);0.7430005533957855
(11.13);0.5744232381263363
(11.14);0.18267014421096606
(11.15);0.14709346634126172
(11.16);0.263019100125331
(11.17);0.2026083851891326
(11.18);0.11519275569234406
(11.19);0.23158298457811669
(12.13);0.7716518851411489
(12.14);0.158448061142859
(12.15);0.11973741413002191
(12.16);0.2234387345787992
(12.17);0.1509991135771504
(12.18);0.062371437967476184
(12.19);0.16483119989545506
(13.14);0.1632510847206548
(13.15);0.12105831643979231
(13.17);0.12844111757643206
(13.18);0.036340381673126136
(13.19);0.12285044133006276
(14.15);0.8574259052639317
(14.16);0.5779017005374966
(14.17);0.38882903939936453
(14.18);0.29734117404275157
(14.19);0.1784724158956838
(15.16);0.5473017308728534
(15.17);0.40781223238846137
(15.18);0.32762273447650875
(15.19);0.18146856053891963
(16.17);0.5284746397143858
(16.18);0.382632079967935
(16.19);0.2942938296238837
(17.18);0.6045341720662614
(17.19);0.4050682383150448
