
****Importance edges******

(0.1);3.712509424462136
(0.2);3.2071535921165264
(0.3);2.2788036637362166
(0.4);4.909140539906286
(0.5);5.966017046492943
(0.6);13.421835022971585
(0.7);3.553604923550782
(0.8);3.648147399791478
(0.9);5.629728604760308
(0.12);15.229105476446838
(1.2);4.972531135977456
(1.3);1.9687971013871008
(1.4);3.03805737713096
(1.5);3.1367853435540223
(1.6);2.685527807433691
(1.7);4.229209712540103
(1.8);2.670237837482559
(1.9);2.545040790945255
(1.10);3.324885069140702
(1.11);3.5310515550386405
(1.12);2.1533655584006355
(1.13);1.9950325073668016
(1.14);1.3220428262312958
(1.15);1.2357561387390252
(1.16);1.8471371056167667
(1.17);1.7088301938683434
(1.18);1.31533932164856
(1.19);1.9923938776150376
(2.3);3.2312607124610278
(2.4);3.644105397379049
(2.5);3.287300100718235
(2.6);2.3030974027002595
(2.7);2.539141641956896
(2.8);1.8805677363445095
(2.9);1.8630810336699535
(2.10);2.5076723608039067
(2.11);2.739352365129688
(2.12);1.7812741029988328
(2.13);1.676680504707628
(2.14);1.1822716245499318
(2.15);1.1284049529914395
(2.16);1.6110483543702048
(2.17);1.664520474566624
(2.18);1.3499857221906315
(2.19);2.473072760194264
(3.4);2.1671034850254913
(3.5);1.9645469026687954
(3.6);1.5040300477329582
(3.7);1.5782166462838232
(3.8);1.2972091583214027
(3.9);1.280334646359105
(3.10);1.6781567510482982
(3.11);1.7770208564065544
(3.12);1.2777849567036594
(3.13);1.2599869607900713
(3.14);1.0281135990040478
(3.15);1.006716779652221
(3.16);1.3496486966797336
(3.17);1.5773120347449203
(3.18);1.4095449241101679
(3.19);3.62296744942434
(4.5);15.726688481605771
(4.6);4.190804347918555
(4.7);2.0800105483519324
(4.8);1.770180314421619
(4.9);2.062296686261838
(4.10);3.1822521577804945
(4.11);3.9514768453195095
(4.12);2.4185523921451244
(4.13);2.108087732490533
(4.14);1.0590421958289322
(4.15);1.0029532538781611
(4.16);1.3416943705455011
(4.17);1.30254055071417
(4.18);1.0974200405010355
(4.19);1.7405462341970295
(5.6);5.799801041546793
(5.7);2.2205773504755193
(5.8);1.922184220551339
(5.9);2.3309367001790005
(5.10);3.75992525899301
(5.11);4.937637079098272
(5.12);2.8517269655040134
(5.13);2.394307347161165
(5.14);1.096345710984196
(5.15);1.033183522400854
(5.16);1.3809604077970172
(5.17);1.3094726743982321
(5.18);1.0962521069473665
(5.19);1.669613165279964
(6.7);2.3739236553054464
(6.8);2.2599682491046424
(6.9);3.2436743439630904
(6.10);6.608001037332896
(6.11);12.281499443056708
(6.12);5.186966138875125
(6.13);3.6080670572819353
(6.14);1.1530176195270443
(6.15);1.0721914812136515
(6.16);1.4155528200928182
(6.17);1.2627360875788785
(6.18);1.0461431751887778
(6.19);1.4416597011807055
(7.8);6.847168827576708
(7.9);3.920464244932826
(7.10);3.849261943849007
(7.11);3.470421168823871
(7.12);2.4265825504588476
(7.13);2.4079221683793937
(7.14);1.9492598029488937
(7.15);1.753611450662518
(7.16);2.8950191002937333
(7.17);2.1645916411867305
(7.18);1.5521805759150586
(7.19);1.88417456780752
(8.9);5.798444565941985
(8.10);4.313346156895364
(8.11);3.482551304655828
(8.12);2.72528860023069
(8.13);2.8966323780115952
(8.14);2.1164328122171163
(8.15);1.8406580754381052
(8.16);2.8210809104079835
(8.17);1.9034722455543176
(8.18);1.4045561650694949
(8.19);1.5629508144663458
(9.10);9.671374392749488
(9.11);5.8214595411638665
(9.12);5.021473771787082
(9.13);5.1497527278866375
(9.14);1.6592232264482851
(9.15);1.4798543292978903
(9.16);2.017431835852859
(9.17);1.5381177064215663
(9.18);1.2074596368235044
(9.19);1.4253357284754797
(10.12);11.724167700465125
(10.14);1.6879987643223826
(10.15);1.5364581068325354
(10.16);2.049483098158885
(10.17);1.6827541510882262
(10.18);1.3560933686922303
(10.19);1.7036155739979002
(11.12);9.414986035363238
(11.13);5.624515874404264
(11.14);1.5348008840548777
(11.15);1.4122825615562502
(11.16);1.8834275551341426
(11.17);1.6119900397947429
(11.18);1.313251615349924
(11.19);1.7298021328130917
(12.13);10.18939278686847
(12.14);1.3062543502079467
(12.15);1.1961871592404065
(12.16);1.5318298336582445
(12.17);1.2836739964646329
(12.18);1.0592394543897468
(12.19);1.3221615363936323
(13.14);1.4656806570147738
(13.15);1.3332713751956298
(13.16);1.6574677754082907
(13.17);1.3548492946528836
(13.18);1.1223764038438437
(13.19);1.334976994743286
(14.15);12.716515924417065
(14.16);5.476215800927799
(14.17);2.7548614060024503
(14.18);2.0306718919530202
(14.19);1.475964701456419
(15.16);4.895981437777081
(15.17);2.947351303695992
(15.18);2.228777957432736
(15.19);1.4866327155942385
(16.17);4.5645096889288395
(16.18);2.650247033615743
(16.19);2.0012501079936764
(17.18);6.020404879600091
(17.19);2.890575442353626
(18.19);2.7882792456004584

****Importance nodes******

0; 0.11000000000000001
1; 0.035517285861713106
2; 0.037386616696540115
3; 0.039354333364779066
4; 0.04142561406818849
5; 0.04360590954546157
6; 0.04590095741627533
7; 0.04831679728028983
8; 0.050859786610831396
9; 0.053536617485085675
10; 0.06875
11; 0.06470588235294118
12; 0.05635433419482703
13; 0.06470588235294118
14; 0.061111111111111116
15; 0.061111111111111116
16; 0.061111111111111116
17; 0.061111111111111116
18; 0.061111111111111116
19; 0.061111111111111116
