
****Mix criterion 0.5*C(weight)+0.5*C(distance) ******

(0.1);0.4531509507267627
(0.2);0.4080118633462045
(0.3);0.29460078076559265
(0.4);0.5272925606483367
(0.5);0.5831070843892194
(0.6);0.8840286170314662
(0.7);0.4250604776045295
(0.8);0.43003235585674826
(0.9);0.5580102493948402
(0.12);0.9448622278121959
(1.2);0.5986390905729289
(1.3);0.4083885455462846
(1.4);0.4938912813872796
(1.5);0.497443963065317
(1.6);0.4624453490025052
(1.7);0.5540783454206664
(1.8);0.4537251855474616
(1.9);0.4390275789367816
(1.10);0.4658359049637333
(1.11);0.48892617198079386
(1.12);0.3954620519007875
(1.13);0.3481331976471969
(1.14);0.23143802542024305
(1.15);0.20692706979424472
(1.16);0.3368322639958792
(1.17);0.3143460058278433
(1.18);0.22963593497393617
(1.19);0.3577539284160039
(2.3);0.5064275187054281
(2.4);0.5281583763068484
(2.5);0.5046065850849761
(2.6);0.426582623991214
(2.7);0.4438608940938584
(2.8);0.3695104806184293
(2.9);0.3613427303802006
(2.10);0.3948152154760879
(2.11);0.4265183773735516
(2.12);0.34323951887791576
(2.13);0.29290057371592376
(2.14);0.1833998225160259
(2.15);0.1647306439598213
(2.16);0.29162680045294015
(2.17);0.30171270202883027
(2.18);0.23287313973660612
(2.19);0.41014774967292533
(3.4);0.41774896679994344
(3.5);0.39122484589260464
(3.6);0.3179673892528185
(3.7);0.32492341730729785
(3.8);0.25924587566450374
(3.9);0.24651522857256497
(3.10);0.27599081532710684
(3.11);0.3059683118934311
(3.12);0.2369055957575755
(3.13);0.18757361130469674
(3.14);0.1170868941323398
(3.15);0.10755472392347756
(3.16);0.22656566500747663
(3.17);0.2796466934825946
(3.18);0.2419632311915539
(3.19);0.49869245325489153
(4.5);0.9780724338778912
(4.6);0.5487415482013787
(4.7);0.39117961228378795
(4.8);0.34488362974103315
(4.9);0.37885067099428876
(4.10);0.44801051323038865
(4.11);0.5086429852334827
(4.12);0.41295603952114407
(4.13);0.35126841907819717
(4.14);0.12189760636573616
(4.15);0.09703760096046986
(4.16);0.21784585748107113
(4.17);0.20680363718202227
(4.18);0.1375498185224932
(4.19);0.3052578634480294
(5.6);0.6218125691119765
(5.7);0.40274183931601887
(5.8);0.3618336051093647
(5.9);0.40511734545563816
(5.10);0.48564236794236365
(5.11);0.560364794085999
(5.12);0.44852919447671336
(5.13);0.3819562407547096
(5.14);0.128648654978357
(5.15);0.1017535799783918
(5.16);0.2216285078418434
(5.17);0.2017007056260915
(5.18);0.1286109170589985
(5.19);0.28674196747669733
(6.7);0.41453976432464573
(6.8);0.39823944868663863
(6.9);0.4788182501475777
(6.10);0.6247329140014803
(6.11);0.8442760773618239
(6.12);0.5849693168515466
(6.13);0.48188574988049526
(6.14);0.1419769266801271
(6.15);0.10958641357438895
(6.16);0.22371679641807926
(6.17);0.1798441402146452
(6.18);0.0981670064290354
(6.19);0.23038602715268672
(7.8);0.6589573453956743
(7.9);0.5192955263672784
(7.10);0.48634108278461785
(7.11);0.46950436615852453
(7.12);0.40223862539470745
(7.13);0.3752050970244509
(7.14);0.32373412723743983
(7.15);0.290769453551316
(7.16);0.43226186734794564
(7.17);0.35444287954169923
(7.18);0.24980706777011086
(7.19);0.3133826637482185
(8.9);0.6113425922456486
(8.10);0.511883577916436
(8.11);0.46730437631305066
(8.12);0.4271224539218694
(8.13);0.4204559251734665
(8.14);0.3428600731676237
(8.15);0.30023709799261183
(8.16);0.4218003458838625
(8.17);0.31080548502669003
(8.18);0.20578586594405351
(8.19);0.24528072934120898
(9.10);0.7378902964632557
(9.11);0.5951230046384888
(9.12);0.5709075493131057
(9.13);0.5628889380670481
(9.14);0.2591929974317087
(9.15);0.2177644711803293
(9.16);0.322952794420413
(9.17);0.2321334201766279
(9.18);0.13458984104827904
(9.19);0.20339396531673837
(10.11);0.9611483436933947
(10.12);0.8086435138885335
(10.13);0.6400959388949893
(10.14);0.20849962126022098
(10.15);0.17001922790935223
(10.16);0.28008197664196977
(10.17);0.20726969833476516
(10.18);0.11436069490389565
(10.19);0.21212294941293192
(11.12);0.7390892322635333
(11.13);0.5700515756521091
(11.14);0.1828235204156806
(11.15);0.1472345990064344
(11.16);0.2615133779263805
(11.17);0.20276947508483828
(11.18);0.1141428655042932
(11.19);0.23020007953137436
(12.13);0.7674188478129571
(12.14);0.15914715079537456
(12.15);0.1203775973113172
(12.16);0.22278288289971104
(12.17);0.1516861185298909
(12.18);0.06191792546925119
(12.19);0.16426511752480513
(13.14);0.16339755358109914
(13.15);0.12119155333423676
(13.16);0.21375765023530335
(13.17);0.128576510802311
(13.18);0.03544308829848104
(13.19);0.12178318260243412
(14.15);0.8705075759775067
(14.16);0.5784650470727426
(14.17);0.39166300665809006
(14.18);0.2975500723068338
(14.19);0.1786242505988688
(15.16);0.5478053878286536
(15.17);0.41084421689281325
(15.18);0.32785201220875954
(15.19);0.1816214926767239
(16.17);0.5289441976740847
(16.18);0.3804510008604527
(16.19);0.2926468568156784
(17.18);0.6051535001484613
(17.19);0.40536559614744455
(18.19);0.39512102662868365
