
****Importance edges******

(0.1);3.815855398955302
(0.2);3.1723486176484332
(0.3);2.279028762321807
(0.4);4.941644901671555
(0.5);5.9745109632009346
(0.6);13.438636564454425
(0.7);3.5702929148738387
(0.8);3.6347977886099274
(0.9);5.641051890199278
(0.12);15.209273294080775
(1.3);2.114123531031921
(1.4);3.2952796538971776
(1.5);3.3639700670031427
(1.6);2.8737708374186774
(1.8);2.8224339140378896
(1.9);2.7119632951893964
(1.10);3.3346904017166064
(1.11);3.8259026226350814
(1.12);2.277480087655062
(1.13);2.161622390158889
(1.14);1.3819069739141345
(1.15);1.2917130915106179
(1.16);1.9307783359060402
(1.17);1.8493584024051963
(1.18);1.4235082193849216
(1.19);2.1562413700842673
(2.3);3.2260545128540317
(2.4);3.6840650472574716
(2.5);3.290559021332624
(2.6);2.3046669473490504
(2.7);2.557068080489335
(2.8);1.865074428297835
(2.9);1.8669851154257082
(2.10);2.3814391659384846
(2.11);2.812297693584059
(2.12);1.7745277192172362
(2.13);1.7213282877697196
(2.14);1.1669701876164793
(2.15);1.113800680280279
(2.16);1.5901975157987196
(2.18);1.3814555051247537
(2.19);2.530723046167151
(3.4);2.233593636741776
(3.5);2.004674345460868
(3.6);1.533508899789512
(3.7);1.6181675949820216
(3.8);1.309966497405419
(3.9);1.305210091457013
(3.10);1.620276589735276
(3.11);1.8510118519845318
(3.12);1.2945962841135719
(3.13);1.3124498732584424
(3.14);1.0315872461802191
(3.15);1.0101181342323284
(3.16);1.3542087019054079
(3.17);1.6387044868095728
(3.18);1.464407511398042
(3.19);3.763981307539326
(4.6);4.318403148089116
(4.7);2.1543449482753543
(4.8);1.8061471537002645
(4.9);2.1229442966895555
(4.10);3.103091625697148
(4.12);2.474132804384913
(4.13);2.213772471466074
(4.14);1.0727511427796528
(4.15);1.0159361482383866
(4.16);1.3590621553441908
(4.17);1.3647631865613332
(4.18);1.1498440264675645
(4.19);1.8236924935946441
(5.6);5.921291660700345
(5.7);2.279115660441113
(5.8);1.9443867840196927
(5.9);2.3791355797777682
(5.10);3.64197607272168
(5.11);5.144455612661793
(5.12);2.89346833081823
(5.13);2.494595628075214
(5.14);1.1020346509098178
(5.15);1.038544713612889
(5.16);1.3881262139117387
(5.17);1.3609211352051798
(5.18);1.139323248989131
(5.19);1.7352113477973232
(6.7);2.4343870875151787
(6.8);2.2849036402633316
(6.9);3.308431007913211
(6.10);6.403500635115276
(6.11);12.782636792805885
(6.12);5.2599911409902695
(6.13);3.7552915204826234
(6.14);1.1586187503538006
(6.15);1.077399974697103
(6.16);1.4224292948346144
(6.17);1.3110065862165403
(6.18);1.0861339960811873
(6.19);1.4967698966731333
(7.8);6.958732267159434
(7.9);4.017981021426166
(7.10);3.7506245416413435
(7.11);3.625838384877378
(7.12);2.4726682625643104
(7.13);2.5157570799586924
(7.14);1.9682870109232646
(7.15);1.7707288865874349
(7.16);2.9232780991340785
(7.17);2.2563566169512868
(7.18);1.6179832013252584
(7.19);1.9640516357316378
(8.9);5.865172328355697
(8.10);4.157128610019739
(8.11);3.594937307494543
(8.12);2.7419589006144722
(8.14);2.111443796919449
(8.15);1.836319137181655
(8.16);2.8144308453850178
(8.17);1.959689438248829
(8.18);1.4460383588689538
(8.19);1.6091110394520853
(9.10);9.401338839461786
(9.11);6.050246258992562
(9.12);5.093369309403005
(9.13);5.352140980508077
(9.14);1.6686825480284195
(9.15);1.488291059069657
(9.16);2.0289333241379426
(9.17);1.594793874820177
(9.18);1.2519518011262913
(9.19);1.4778561353561555
(10.12);11.353061275814651
(10.13);7.356567175174543
(10.14);1.6245699462427072
(10.15);1.4787236322552122
(10.16);1.9724710212912375
(10.17);1.6657944751405638
(10.18);1.3424259508624061
(10.19);1.686445645725425
(11.12);9.73395916270288
(11.13);5.936359415863771
(11.14);1.57361306934329
(11.15);1.4479964922870554
(11.16);1.9310558436024423
(11.17);1.698505172601422
(11.18);1.3837335259732997
(11.19);1.8226402134185138
(12.14);1.3074558989157063
(12.15);1.1972874634309307
(12.16);1.5332388763587315
(12.17);1.3238778934800337
(12.18);1.0924141966188636
(12.19);1.3635708399966424
(13.14);1.5027449236728747
(13.15);1.3669872638111713
(13.16);1.699381972277113
(13.17);1.4275637431086912
(13.18);1.1826140859885779
(13.19);1.4066249014566445
(14.15);12.632061786078493
(14.16);5.439846634280871
(14.17);2.8170527799855125
(14.18);2.0765145883566127
(14.19);1.5092848069739135
(15.16);4.863465778919991
(15.17);3.013888163513419
(15.18);2.279092925428546
(15.19);1.5201936529936768
(16.17);4.667554121035284
(16.18);2.710076723797606
(16.19);2.0464286035901145
(17.18);6.332211097988044
(17.19);3.0402828815824043

****Importance nodes******

0; 0.11000000000000001
1; 0.04056805074971165
2; 0.03676182237600923
3; 0.040367722940569416
4; 0.04344732110655226
5; 0.044853025489521574
6; 0.04713972660039274
7; 0.050123693403230175
8; 0.05134267918950473
9; 0.05496110024213632
10; 0.06470588235294118
11; 0.06875
12; 0.057248444713484795
13; 0.06875
14; 0.061111111111111116
15; 0.061111111111111116
16; 0.061111111111111116
17; 0.06470588235294118
18; 0.06470588235294118
19; 0.06470588235294118
