
****Mix criterion 0.5*C(weight)+0.5*C(distance) ******

(0.1);0.45007800992875757
(0.2);0.40539088807271606
(0.3);0.29276301441357605
(0.4);0.5233876838489063
(0.5);0.5784288952098743
(0.6);0.8736589615338016
(0.7);0.42235687185256215
(0.8);0.42730069925251757
(0.9);0.5538638258421196
(0.12);0.933835631160622
(1.2);0.5986390905729289
(1.3);0.4083885455462847
(1.4);0.4938912813872796
(1.5);0.497443963065317
(1.6);0.4624453490025052
(1.7);0.5540783454206664
(1.8);0.4537251855474616
(1.9);0.4390275789367817
(1.10);0.4759448655022619
(1.11);0.4905470015198547
(1.12);0.3954620519007875
(1.13);0.3490489610023687
(1.14);0.23052250200041124
(1.15);0.20607130047742037
(1.16);0.3377116828443586
(1.17);0.31316262959224733
(1.18);0.2287250537754596
(1.19);0.35637418244991753
(2.3);0.5064275187054281
(2.4);0.5281583763068484
(2.5);0.5046065850849761
(2.6);0.426582623991214
(2.7);0.4438608940938584
(2.8);0.3695104806184293
(2.9);0.36134273038020065
(2.10);0.40230524424762815
(2.11);0.4277527761329445
(2.12);0.34323951887791576
(2.13);0.29365611446389595
(2.14);0.18259662979592545
(2.15);0.16396404631445108
(2.16);0.2923792610716547
(2.17);0.300581886825396
(2.18);0.2319560081047649
(2.19);0.40846763319544255
(3.4);0.41774896679994344
(3.5);0.39122484589260464
(3.6);0.3179673892528185
(3.7);0.32492341730729785
(3.8);0.25924587566450374
(3.9);0.24651522857256497
(3.10);0.28091197383514244
(3.11);0.3067539258948891
(3.12);0.2369055957575755
(3.13);0.1881306466340698
(3.14);0.11640211092307853
(3.15);0.10688419223529133
(3.16);0.22718368915107642
(3.17);0.27859611230342785
(3.18);0.2410243926257912
(3.19);0.49627934707725785
(4.5);0.9780724338778912
(4.6);0.5487415482013788
(4.7);0.39117961228378795
(4.8);0.34488362974103315
(4.9);0.37885067099428876
(4.10);0.45716696141608176
(4.11);0.5103558243226034
(4.12);0.41295603952114407
(4.13);0.3521822078242409
(4.14);0.12120647193239428
(4.15);0.09638307035581825
(4.16);0.21844782847687566
(4.17);0.20595359491839174
(4.18);0.1368336385810169
(4.19);0.3041219772293169
(5.6);0.6218125691119765
(5.7);0.40274183931601887
(5.8);0.3618336051093647
(5.9);0.40511734545563816
(5.10);0.4962510448863735
(5.11);0.5624620181715168
(5.12);0.44852919447671336
(5.13);0.38297320473082974
(5.14);0.12794807301228073
(5.15);0.1010933596334867
(5.16);0.22223519578175502
(5.17);0.20086393221460114
(5.18);0.127910394907358
(5.19);0.28567505868852994
(6.7);0.4145397643246458
(6.8);0.39823944868663863
(6.9);0.4788182501475777
(6.10);0.6430042518904253
(6.11);0.8493843118011049
(6.12);0.5849693168515466
(6.13);0.48338645038426503
(6.14);0.14125593227569297
(6.15);0.10891596062957264
(6.16);0.2243253442677075
(6.17);0.17905453766390977
(6.18);0.09751284177207425
(6.19);0.22948454172866012
(7.8);0.6589573453956743
(7.9);0.5192955263672785
(7.10);0.4967647769664142
(7.11);0.4709169622358016
(7.12);0.40223862539470745
(7.13);0.37618521478076167
(7.14);0.3225421434784066
(7.15);0.2896971099028798
(7.16);0.4334789631010562
(7.17);0.3531192191053992
(7.18);0.24885790027854376
(7.19);0.3122304799907675
(8.9);0.6113425922456486
(8.10);0.5233156651434314
(8.11);0.4686907174087507
(8.12);0.4271224539218694
(8.13);0.4216090224729676
(8.14);0.341595255174556
(8.15);0.2991370879004131
(8.16);0.42295942156484595
(8.17);0.3096679360662013
(8.18);0.20494647813093753
(8.19);0.24434668206080143
(9.10);0.7629621935065938
(9.11);0.5973879602359277
(9.12);0.5709075493131057
(9.13);0.5648925526561347
(9.14);0.2582245677921159
(9.15);0.21690073279243344
(9.16);0.3237623279230525
(9.17);0.23123567552579533
(9.18);0.13388508976329677
(9.19);0.20256204749891646
(10.12);0.8383524840946006
(10.14);0.21175051609578321
(10.15);0.1729782725663338
(10.17);0.21051049263800606
(10.18);0.11697237746077921
(10.19);0.21540392045885354
(11.12);0.7426670618045093
(11.13);0.5740504963785338
(11.14);0.18256843156994482
(11.15);0.14699987310014723
(11.16);0.2628907174957363
(11.17);0.20250155715303303
(11.18);0.11392459885993526
(11.19);0.22991258085060423
(12.13);0.7712909630110609
(12.14);0.15840302505156012
(12.15);0.11969617285560584
(12.16);0.2233828145935296
(12.17);0.15095485599493175
(12.18);0.06131451515582341
(12.19);0.16351193003375095
(13.14);0.16315395273951805
(13.15);0.12096995934137127
(13.16);0.21496974673765024
(13.17);0.12835133048979655
(13.18);0.03525654572848903
(13.19);0.12156130513011133
(14.15);0.8565831702663835
(14.16);0.5775281128351755
(14.17);0.388646472245434
(14.18);0.29532651520536113
(14.19);0.17700809005296692
(15.16);0.5469677267863753
(15.17);0.4076169087551284
(15.18);0.3254115317576862
(15.19);0.1799936508056957
(16.17);0.5281632486463749
(16.18);0.37999756599337087
(16.19);0.2923044598371305
(17.18);0.5985612416566668
(17.19);0.40220045677773264
(18.19);0.3920679001526576
