
****Importance edges******

(0.1);3.8218488678186238
(0.2);3.1772154569604836
(0.3);2.282434916475591
(0.4);4.9483107738970435
(0.5);5.9831947322675
(0.6);13.680790557915895
(0.7);3.5479972754426723
(0.8);3.6408044996115696
(0.9);5.660544878753963
(0.12);15.234435534966682
(1.4);3.2869662909001303
(1.5);3.3563353275469083
(1.6);2.952820233275633
(1.7);4.473672468915982
(1.8);2.8177565724934217
(1.9);2.7162525745956194
(1.10);3.3379071557179407
(1.11);3.8298783571169435
(1.12);2.274168134117961
(1.13);2.163868667056392
(1.14);1.3831415812569712
(1.15);1.2928671188783938
(1.16);1.9325033095518043
(1.17);1.8511423554335718
(1.18);1.4248813830700062
(1.19);2.0844731832378947
(2.3);3.2174571653317487
(2.4);3.6738089660461726
(2.5);3.282285409047915
(2.6);2.370626337408321
(2.7);2.5149763406174825
(2.8);1.8616100481725446
(2.9);1.86982968414544
(2.10);2.383556411959077
(2.11);2.815023304135987
(2.12);1.7716286411491247
(2.13);1.7229965572972241
(2.14);1.1679181069157947
(2.15);1.1147054104710175
(2.16);1.591489218818167
(2.17);1.7048367975393957
(2.19);2.443048108720906
(3.4);2.227631862525447
(3.5);1.9998372993580893
(3.6);1.575581932491934
(3.7);1.592584948186543
(3.8);1.307622910321731
(3.9);1.307117763764131
(3.10);1.6216612094844574
(3.11);1.8527394070996712
(3.12);1.2925538415835414
(3.13);1.3136747868047716
(3.14);1.0323911545760818
(3.15);1.0109053119062763
(3.16);1.355264026842046
(3.17);1.640104854259108
(3.18);1.4656589320344797
(3.19);3.63804111892506
(4.6);4.432008163347666
(4.7);2.1209979042968214
(4.8);1.8026827148433695
(4.9);2.1255672153761456
(4.10);3.1051587165945524
(4.12);2.469912787658653
(4.13);2.2154317265050385
(4.14);1.0733804326535163
(4.15);1.016532109692151
(4.16);1.3598593990088244
(4.17);1.3656723087853408
(4.18);1.150609982619443
(4.19);1.7641112670241883
(5.6);6.075848019739297
(5.7);2.2447934421678566
(5.8);1.9410772589168288
(5.9);2.382464728163947
(5.10);3.644972236871022
(5.11);5.149082776734693
(5.12);2.8891135708683113
(5.13);2.496839384098346
(5.14);1.102860642095093
(5.15);1.039323118156022
(5.16);1.3891666349327962
(5.17);1.3620407315545142
(5.18);1.1402605422071455
(5.19);1.6795346842357688
(6.7);2.4638251483900064
(6.8);2.3415777520833223
(6.10);6.557888910258114
(6.11);13.081400214083585
(6.12);5.383584612293483
(6.13);3.843062436666831
(6.14);1.1873660340327976
(6.15);1.104132083683691
(6.16);1.4577221626907921
(6.17);1.3426149293838596
(6.18);1.1123206654959479
(6.19);1.484606768210529
(7.8);6.863489975502902
(7.9);3.9764824615873122
(7.10);3.7135565698101503
(7.11);3.591590296840617
(7.12);2.4409188202877736
(7.13);2.4919943357854044
(7.14);1.9480159767480132
(7.15);1.7524924680285978
(7.16);2.8931717833770514
(7.18);1.6019924363035425
(7.19);1.8829722726127356
(8.9);5.87517116843749
(8.10);4.161845881960509
(8.11);3.599239932422323
(8.12);2.739128037591676
(8.14);2.113715245861873
(8.15);1.8382946125261517
(8.16);2.8174585537126573
(8.17);1.9619131818148547
(8.18);1.4476792405484686
(8.19);1.5609439364195798
(9.10);9.435520612659586
(9.11);6.072114131056756
(9.12);5.102052393607712
(9.13);5.371485636778443
(9.14);1.6747835443708106
(9.15);1.4937325124596537
(9.16);2.0363514605618813
(9.17);1.600592291775167
(9.18);1.2565036988135707
(9.19);1.438702632173476
(10.12);11.366257479154378
(10.13);7.378484263683971
(10.14);1.6294099541504323
(10.15);1.4831291268231799
(10.16);1.9783475151675944
(10.17);1.6707573014263588
(10.18);1.34642537990068
(10.19);1.6444847194140058
(11.12);9.745841056925899
(11.13);5.954045343504088
(11.14);1.5783012637278633
(11.15);1.4523104428739395
(11.16);1.9368089511093929
(11.17);1.7035654523916004
(11.18);1.3878560208054767
(11.19);1.7788293716674963
(12.14);1.308903468547518
(12.15);1.198613058408206
(12.16);1.5349364250390125
(12.17);1.3254166997504226
(12.18);1.0936839616205287
(12.19);1.3248429149271306
(13.14);1.5072219837900414
(13.15);1.371059867260415
(13.16);1.7044448642769867
(13.17);1.4318168193282825
(13.18);1.1861373947517435
(13.19);1.3728138286475058
(14.15);12.669695917546271
(14.16);5.456053323803613
(14.17);2.8254454981711117
(14.18);2.0827010545357987
(14.19);1.4705304553253264
(15.16);4.877955282978198
(15.17);3.022867304472011
(15.18);2.2858829241029817
(15.19);1.4811591916846882
(16.17);4.681459954334611
(16.18);2.718150733047906
(16.19);1.993881852068598
(17.18);6.3510763686761615
(17.19);2.9646367519349393
(18.19);2.8597195579278276

****Importance nodes******

0; 0.11000000000000001
1; 0.0403565936178393
2; 0.03655036524413687
3; 0.04014513648596693
4; 0.04319789334418889
5; 0.04461745482506728
6; 0.049496085278914845
7; 0.048651096552580056
8; 0.05112926204733123
9; 0.055039438534465475
10; 0.06470588235294118
11; 0.06875
12; 0.05702752319076438
13; 0.06875
14; 0.061111111111111116
15; 0.061111111111111116
16; 0.061111111111111116
17; 0.06470588235294118
18; 0.06470588235294118
19; 0.061111111111111116
