
****Mix criterion 0.5*C(weight)+0.5*C(distance) ******

(0.1);0.458661119607565
(0.2);0.40983389275657967
(0.3);0.29597634244812676
(0.4);0.5312538502411109
(0.5);0.5869983871989893
(0.6);0.8927372388611281
(0.7);0.4277783815659791
(0.8);0.43179776150274884
(0.9);0.5618485910350915
(0.12);0.9534888141711819
(1.3);0.4146234177296253
(1.4);0.504518158441066
(1.5);0.5072416640278924
(1.6);0.4706289710477558
(1.8);0.460674421780574
(1.9);0.44641374681913226
(1.10);0.4759962252174126
(1.11);0.5048283272006691
(1.12);0.40111511730866267
(1.13);0.3571178630100045
(1.14);0.23418312196080976
(1.15);0.20949300021202613
(1.16);0.34066766900543966
(1.17);0.3178942296527674
(1.18);0.23236711232302543
(1.19);0.36189094533585553
(2.3);0.5108427590926415
(2.4);0.5344880196123603
(2.5);0.5092698400492868
(2.6);0.42978641002406903
(2.7);0.44788395865088315
(2.8);0.37148271052810955
(2.9);0.36392873360913686
(2.10);0.3992187254039745
(2.11);0.4350807595306639
(2.12);0.3453095447694085
(2.13);0.29814136691194876
(2.14);0.1842207451690213
(2.15);0.1655141637267069
(2.16);0.292745448707462
(2.17);0.30286847920860194
(2.18);0.23381051642530784
(2.19);0.41186495357868785
(3.4);0.42159374122424337
(3.5);0.39409768256502004
(3.6);0.32012462995587765
(3.7);0.32748347139674194
(3.8);0.26066899485785966
(3.9);0.24834324694046667
(3.10);0.2789837491308783
(3.11);0.31152738910263683
(3.12);0.23844573534667274
(3.13);0.1915152447258084
(3.14);0.11785252139491229
(3.15);0.10830441716062332
(3.16);0.2275707366630548
(3.17);0.28082130404756933
(3.18);0.2430129070471839
(3.19);0.5013904456298383
(4.6);0.5561471552608426
(4.7);0.39521821579930727
(4.8);0.3473964903633924
(4.9);0.38242659212024716
(4.10);0.45450448360316326
(4.12);0.4166017495619473
(4.13);0.35837074930916196
(4.14);0.12300118794447318
(4.15);0.09808273470459603
(4.16);0.2192439785356059
(4.17);0.20816095775242785
(4.18);0.1386933919755659
(4.19);0.3070716105948052
(5.6);0.6303862623604862
(5.7);0.4064196549462974
(5.8);0.36405161207408593
(5.9);0.4085404733175222
(5.10);0.492430079433481
(5.11);0.5756623401539506
(5.12);0.45210648125689396
(5.13);0.38937416685119813
(5.14);0.1295369918091665
(5.15);0.10259073833705427
(5.16);0.2227474596285335
(5.17);0.20276173299542588
(5.18);0.1294991780451975
(5.19);0.28809480614160277
(6.7);0.4184001267864046
(6.8);0.40080793611948323
(6.9);0.483503362165727
(6.10);0.636479081481737
(6.11);0.8816437738488484
(6.12);0.5913789630011923
(6.13);0.49286365655438813
(6.14);0.14290155608840255
(6.15);0.11044622677935903
(6.16);0.22485195840021957
(6.17);0.18085675520134853
(6.18);0.09900593094212563
(6.19);0.2315421247992986
(7.8);0.6679257134333831
(7.9);0.5255910286861165
(7.10);0.4936975435337138
(7.11);0.48044975478579294
(7.12);0.40563004942598346
(7.13);0.3827994616951975
(7.14);0.325617799630045
(7.15);0.29246406063856634
(7.16);0.43505947675180145
(7.17);0.35653463842863625
(7.18);0.2513070215960534
(7.19);0.3152034408508185
(8.9);0.618025158500648
(8.10);0.5183923052038825
(8.11);0.4767432269161871
(8.12);0.42974182624795276
(8.14);0.34404149158582753
(8.15);0.30126457561410086
(8.16);0.42337510740124223
(8.17);0.31186802627839266
(8.18);0.206569906199542
(8.19);0.2461531874075829
(9.10);0.7548264734504685
(9.11);0.6122008641601081
(9.12);0.5771542180989355
(9.13);0.5779962755029691
(9.14);0.2605846531283973
(9.15);0.2190056831371105
(9.16);0.3246448937487568
(9.17);0.2334234999164717
(9.18);0.135602584876428
(9.19);0.20458945038144102
(10.12);0.827093876211966
(10.13);0.6626840356646725
(10.14);0.21053171857467096
(10.15);0.17186889300310168
(10.16);0.2825492468721415
(10.17);0.20929548192156694
(10.18);0.115993227907419
(10.19);0.2141738470237285
(11.12);0.7647233432187619
(11.13);0.5935117188658826
(11.14);0.1863497422174556
(11.15);0.1504793336235199
(11.16);0.2658405733143787
(11.17);0.20647303981536597
(11.18);0.11716007544036564
(11.19);0.234174318832936
(12.14);0.16002446202658
(12.15);0.12118098482099958
(12.16);0.22381169594607525
(12.17);0.15254826426293708
(12.18);0.06262933567027683
(12.19);0.16515311239744332
(13.14);0.16676497090597772
(13.15);0.12425475888730918
(13.16);0.2175657005603351
(13.17);0.13168929186111683
(13.18);0.03802176035043854
(13.19);0.12485030683505446
(14.15);0.8744975416990723
(14.16);0.5801832781872607
(14.17);0.39252737883699085
(14.18);0.2981872209793788
(14.19);0.1790873529611868
(15.16);0.549341563163648
(15.17);0.41176898518163196
(15.18);0.32855131913402064
(15.19);0.18208794226173877
(16.17);0.5303763696072485
(16.18);0.38128254897321084
(16.19);0.2932747740359795
(17.18);0.6070424773842329
(17.19);0.4062725503005429
(18.19);0.3959958840722022
