
****Importance edges******

(0.1);3.8252866707180964
(0.2);3.1799425201293054
(0.3);2.2844828979779135
(0.4);4.95154806278374
(0.5);5.987812831883242
(0.6);13.466796146415115
(0.7);3.5466204046916534
(0.8);3.7254971824113703
(0.9);5.654989444434683
(0.12);15.276232738572379
(1.4);3.2747175664980226
(1.5);3.344792074920501
(1.6);2.857306859392258
(1.7);4.44989093121414
(1.8);2.920524016467192
(1.9);2.6999212966187813
(1.10);3.338627208914894
(1.11);3.8310267662218758
(1.12);2.27525798994299
(1.13);2.0841127412574427
(1.14);1.3833287241679253
(1.15);1.2930420474029807
(1.16);1.9327647826357455
(1.17);1.8515416837877958
(1.18);1.425188758424471
(1.19);2.084755218269307
(2.3);3.205445495346101
(2.4);3.6590294440513857
(2.5);3.2700848945453846
(2.6);2.2902922715661114
(2.7);2.5007304944391384
(2.8);1.932252031993203
(2.9);1.857927122769415
(2.10);2.3838672147209703
(2.11);2.815644996366941
(2.12);1.7723330838287996
(2.13);1.6570399806894636
(2.14);1.1679691478829763
(2.15);1.1147541259091427
(2.16);1.5915587709113368
(2.17);1.705059098963685
(2.19);2.4431548760855026
(3.4);2.219295587626076
(3.5);1.9929298139607954
(3.6);1.5244879253732913
(3.7);1.5840893589114655
(3.8);1.355416666254771
(3.9);1.299234133112501
(3.10);1.622003610564459
(3.11);1.8532870969654034
(3.12);1.293167632311313
(3.13);1.2651549648441898
(3.14);1.032525772754442
(3.15);1.0110371284478847
(3.16);1.3554407458827715
(3.17);1.6404511495704406
(3.18);1.4659683944538233
(3.19);3.638515499653777
(4.6);4.291368046528148
(4.7);2.1092629585058793
(4.8);1.8657793172015176
(4.9);2.112399237477767
(4.10);3.1048030786407828
(4.12);2.4701998168531905
(4.13);2.135154685270928
(4.14);1.073161313467005
(4.15);1.01632459548548
(4.16);1.3595817981916156
(4.17);1.365515896521188
(4.18);1.1504782017292685
(4.19);1.7637511424923948
(5.6);5.8871864529800675
(5.7);2.2330226710830283
(5.8);2.008398104133549
(5.9);2.368372487211216
(5.10);3.645197526193232
(5.11);5.14984624039853
(5.12);2.889987955820048
(5.13);2.407919324286706
(5.14);1.1028379219329094
(5.15);1.0393017069378643
(5.16);1.3891380165470808
(5.17);1.3621249168962108
(5.18);1.1403310197054646
(5.19);1.6795000839436174
(6.7);2.3859235050908225
(6.8);2.358019004764104
(6.9);3.293296890722807
(6.10);6.408161712268781
(6.11);12.794057518821239
(6.12);5.253021954869551
(6.13);3.6268839747132855
(6.14);1.1592795625958994
(6.15);1.0780144642284517
(6.16);1.4232405700632083
(6.17);1.3119608615723666
(6.18);1.0869245877658382
(6.19);1.4494892354571716
(7.8);7.079464141731669
(7.9);3.9469388575894726
(7.10);3.707851399324052
(7.11);3.586570094711925
(7.12);2.437450818650097
(7.13);2.402455968968491
(7.14);1.9447666293494672
(7.15);1.7495692595385595
(7.16);2.888345888558901
(7.18);1.5995312808600375
(7.19);1.8798314200075315
(8.9);6.043365260834475
(8.10);4.292470158041318
(8.11);3.7086970752967363
(8.13);2.983487554931328
(8.14);2.182013083178168
(8.15);1.89769312735994
(8.16);2.908495568430506
(8.17);2.023490062933586
(8.18);1.4931163033704056
(8.19);1.6113807657125296
(9.10);9.413886347007784
(9.11);6.059139576799137
(9.12);5.090645517566941
(9.13);5.184089143219001
(9.14);1.670695827629708
(9.15);1.4900866948144817
(9.16);2.031381249346178
(9.17);1.5969223682741756
(9.18);1.2536227200177499
(9.19);1.4351911283407743
(10.12);11.398533006716569
(10.13);7.172678127959192
(10.14);1.6334600365751961
(10.15);1.486815611734421
(10.16);1.9832649213003148
(10.17);1.6749101573514844
(10.18);1.349772072213134
(10.19);1.648572271869989
(11.12);9.77340434204691
(11.13);5.793290536811124
(11.14);1.5822243097316782
(11.15);1.4559203244663539
(11.16);1.941623108450848
(11.17);1.7077998566804604
(11.18);1.3913056936540122
(11.19);1.7832508529260909
(12.14);1.3126343178526219
(12.15);1.2020295400690062
(12.16);1.5393115501970887
(12.17);1.3291803416794077
(12.18);1.0967895772475151
(12.19);1.328619197431762
(13.14);1.4639139764046942
(13.15);1.3316642961397258
(13.16);1.655469921260028
(13.17);1.3918795265021582
(13.18);1.1530527739910792
(13.19);1.333367859792758
(14.15);12.701187877339475
(14.16);5.469614960406497
(14.17);2.8324684619900835
(14.18);2.087877843173628
(14.19);1.4741856248159892
(15.16);4.890079991625062
(15.17);3.030380982482293
(15.18);2.2915647442197637
(15.19);1.4848407800997088
(16.17);4.6930962516549934
(16.18);2.724907003613048
(16.19);1.998837870549735
(17.18);6.366862686117997
(17.19);2.972005691331827
(18.19);2.866827713792356

****Importance nodes******

0; 0.11000000000000001
1; 0.04011870434448289
2; 0.036312475970780474
3; 0.03990724721261054
4; 0.042918023610828415
5; 0.044353133410226835
6; 0.046611976758165176
7; 0.04819631404502013
8; 0.05446865828935131
9; 0.05446865828935132
10; 0.06470588235294118
11; 0.06875
12; 0.05707050736145493
13; 0.06470588235294118
14; 0.061111111111111116
15; 0.061111111111111116
16; 0.061111111111111116
17; 0.06470588235294118
18; 0.06470588235294118
19; 0.061111111111111116
