
****Mix criterion 0.5*C(weight)+0.5*C(distance) ******

(0.1);0.5161763875511314
(0.2);0.5379203902672867
(0.3);0.6165761097055065
(0.4);0.6289197817021093
(0.5);0.5033985066165401
(0.6);0.6439876905747001
(0.7);0.5113596245958925
(0.8);0.4718001888953176
(0.9);0.4360384792590929
(0.10);0.41633766995161714
(0.11);0.4331567299432717
(0.12);0.4571366566083696
(0.14);0.3871068731028074
(0.15);0.3666151163435932
(0.16);0.41830839148046156
(0.17);0.32982658905382956
(0.30);0.45537578267646556
(0.31);0.7199555918988856
(1.2);0.534042277561681
(1.3);0.4736712387748645
(1.4);0.39210136615364516
(1.5);0.6806490071621872
(1.6);0.377271188118846
(1.7);0.621387786969386
(1.8);0.31533540431093704
(1.9);0.3229446911339696
(1.10);0.3683392415772047
(1.11);0.4537801124244404
(1.12);0.49937631476870825
(1.13);0.4610916022127843
(1.14);0.46766101432584406
(1.15);0.4150121939205064
(1.16);0.4119466355111718
(1.17);0.2505680371545657
(1.18);0.243770028547082
(1.19);0.47287774741629834
(1.20);0.32942366896315006
(1.21);0.4247214874103141
(1.22);0.5180799444476631
(1.23);0.46715716411342095
(1.24);0.4027984760297335
(1.25);0.533451366096602
(1.26);0.4912848240174739
(1.27);0.477103492257694
(1.28);0.5178347592543615
(1.29);0.4523760591491741
(1.30);0.5327654384267924
(1.31);0.582782720058062
(2.3);0.5977204417209677
(2.4);0.44984571452277033
(2.5);0.6134880754516614
(2.6);0.4237580019450563
(2.7);0.46855705198486197
(2.8);0.29673593437285106
(2.9);0.28861299235816684
(2.10);0.31212304918338657
(2.11);0.37439356386132305
(2.12);0.6065825304788703
(2.13);0.559644989855357
(2.14);0.4810764950429643
(2.15);0.46020630690863595
(2.16);0.4992934974349587
(2.17);0.21033579290984897
(2.18);0.18986443647730528
(2.19);0.6235177764207884
(2.20);0.3655972828329873
(2.21);0.4615908162073512
(2.22);0.5571192287575628
(2.23);0.49355584847438955
(2.24);0.4029147820497507
(2.25);0.46927825239317
(2.26);0.5518315633092283
(2.27);0.6047919987013093
(2.28);0.4335102255393687
(2.29);0.40251393416352643
(2.30);0.4250288013338878
(2.31);0.5280653640717746
(3.4);0.5308343566836345
(3.5);0.5004257060073038
(3.6);0.49126971950909226
(3.7);0.43477708072680044
(3.8);0.32071638116160694
(3.9);0.30185663025753473
(3.10);0.30786411656474566
(3.11);0.35237642739124825
(3.12);0.5048418068937089
(3.13);0.9339142076935345
(3.14);0.41875101082487776
(3.15);0.4137646142045375
(3.16);0.47787124598952324
(3.17);0.21959841665974755
(3.18);0.18729752729554908
(3.19);0.5876309985164834
(3.20);0.33096612771086004
(3.21);0.5368261544758258
(3.22);0.650382939116466
(3.23);0.5656746734684712
(3.24);0.44360012341387345
(3.25);0.4710526671648821
(3.26);0.6907122340369648
(3.27);0.9511798292266229
(3.28);0.4215827326291357
(3.29);0.40947586802013464
(3.30);0.3911625075000692
(3.31);0.5265631355916676
(4.5);0.403319212003928
(4.6);0.7429780961030694
(4.7);0.3708284713030356
(4.8);0.34263334516004174
(4.9);0.30640290344707743
(4.10);0.2859127118812288
(4.11);0.3060752782467468
(4.12);0.4067231482613081
(4.13);0.592182475112452
(4.14);0.3390451179684208
(4.15);0.34257576033362896
(4.16);0.4121044399913056
(4.17);0.2225527821229295
(4.18);0.1736195001710386
(4.19);0.4734928893085487
(4.20);0.2719432689312759
(4.21);0.6688787824996337
(4.22);0.5872971516323209
(4.23);0.5987773666664226
(4.24);0.48171165838245483
(4.25);0.43073033915915765
(4.26);0.6650734495717607
(4.27);0.6630577203107142
(4.28);0.3783332492363972
(4.29);0.3910620851100047
(4.30);0.3312218386663148
(4.31);0.4573577544416991
(5.6);0.38351222966952914
(5.7);0.5302530672134724
(5.8);0.2941609438064514
(5.9);0.29660458016185637
(5.10);0.336275399995412
(5.11);0.41555937870750104
(5.12);0.5790492124460581
(5.13);0.4822975270076135
(5.14);0.5155436031651816
(5.15);0.45917673853891894
(5.16);0.4563648433672959
(5.17);0.22277081226214177
(5.18);0.21334493219409087
(5.19);0.5294016790585803
(5.20);0.36452239530701763
(5.21);0.4237907039835457
(5.22);0.5136803262775723
(5.23);0.46044664770668153
(5.24);0.38722628469639164
(5.25);0.4880397153596621
(5.26);0.4959542547188356
(5.27);0.505936175906512
(5.28);0.4676318742312487
(5.29);0.4173293559547606
(5.30);0.48222869466701923
(5.31);0.5391789921161887
(6.7);0.36185706869471956
(6.8);0.36447660876602184
(6.9);0.3224286700537405
(6.10);0.29265385840306746
(6.11);0.30339327149760353
(6.12);0.3798870915456153
(6.13);0.53442739801698
(6.14);0.31555059536627483
(6.15);0.3163375343946468
(6.16);0.3815132102214414
(6.17);0.23828007068433543
(6.18);0.18408004418555654
(6.19);0.4365367736193196
(6.20);0.24573998520561136
(6.21);0.7693983837248313
(6.22);0.5726988242706751
(6.23);0.6169229307337076
(6.24);0.5148189288473909
(6.25);0.4320743897634503
(6.26);0.6306256084741222
(6.27);0.5767461604447421
(6.28);0.37830801751876314
(6.29);0.3999481596985632
(6.30);0.3234940562818912
(6.31);0.4494492145153146
(7.8);0.34189211102255035
(7.9);0.35985634724322835
(7.10);0.4206410493618975
(7.11);0.5348986265484231
(7.12);0.43911327635742353
(7.13);0.42682956580138837
(7.14);0.4222681995065933
(7.15);0.3703986454664658
(7.16);0.3651582625523971
(7.17);0.2899764247938422
(7.18);0.2893641406326637
(7.19);0.41770958923706575
(7.20);0.2901798052219947
(7.21);0.4151594384633961
(7.22);0.499283404264959
(7.23);0.46067805569420806
(7.24);0.41626408744619114
(7.25);0.6003463049948383
(7.26);0.4679386065475136
(7.27);0.43561907195870636
(7.28);0.6308950512014763
(7.29);0.5071093829341589
(7.30);0.6695314965612257
(7.31);0.589682760475518
(8.9);0.5737396798779244
(8.10);0.4224429371135899
(8.11);0.3513139570587985
(8.12);0.2514168433554608
(8.13);0.332100925481133
(8.14);0.21127099953686565
(8.15);0.1851719626010369
(8.16);0.21725999036320665
(8.17);0.44642600308196945
(8.18);0.35652663833974335
(8.19);0.26348738315861725
(8.20);0.1073893118862545
(8.21);0.42459124074087157
(8.22);0.4077784256097395
(8.23);0.4355837238612988
(8.24);0.5404988300955372
(8.25);0.4448658830589466
(8.26);0.395180507148501
(8.27);0.33409511628323957
(8.28);0.4229292547125564
(8.29);0.5051631971155836
(8.30);0.3307601021102486
(8.31);0.39123113010983435
(9.10);0.5028846437373458
(9.11);0.39402614148888426
(9.12);0.24649414084358057
(9.13);0.30878000159486346
(9.14);0.2154671597379436
(9.15);0.18183330453747093
(9.16);0.2026938580006526
(9.17);0.5252048700197799
(9.18);0.4304856174918656
(9.19);0.24834934824811855
(9.20);0.10396968382717399
(9.21);0.3797784355254941
(9.22);0.38432611974104786
(9.23);0.40064728515125386
(9.24);0.4707500888274332
(9.25);0.45548310926354957
(9.26);0.36651374518229385
(9.27);0.30828019368683496
(9.28);0.45698193077050997
(9.29);0.5412480606025859
(9.30);0.36154016777217746
(9.31);0.3893638519317917
(10.11);0.510011095052285
(10.12);0.2784738616281801
(10.13);0.3082862253408584
(10.14);0.26259124542732176
(10.15);0.21901786480468682
(10.16);0.22215554150889055
(10.17);0.45376054246583997
(10.18);0.4675782618151402
(10.19);0.26630501772262777
(10.20);0.14380725166006564
(10.21);0.3477432842521386
(10.22);0.38076847343564874
(10.23);0.3797634020780659
(10.24);0.40890004232535593
(10.25);0.4893747383613605
(10.26);0.35739405333754326
(10.27);0.3071995247044715
(10.28);0.5471698277541867
(10.29);0.5659542907190753
(10.30);0.44915544882240366
(10.31);0.4137515086498731
(11.12);0.3513695323779014
(11.13);0.34708470532239655
(11.14);0.3481917903008452
(11.15);0.296499099840542
(11.16);0.2851669724393957
(11.17);0.3423280691529236
(11.18);0.3662803429046468
(11.19);0.32860931235213536
(11.20);0.2236578219681311
(11.21);0.35511575503003406
(11.22);0.41269648023772054
(11.23);0.3938909081864803
(11.24);0.38465444467753096
(11.25);0.5294988229025512
(11.26);0.38663896573559503
(11.27);0.34919370335070243
(11.28);0.6523809477407858
(11.29);0.5212321818358776
(11.30);0.6638417160782397
(11.31);0.467602471286841
(12.13);0.4860027736870448
(12.14);0.5922400001613255
(12.15);0.5723074861687659
(12.16);0.578022710190996
(12.17);0.17073272503803655
(12.18);0.15717272828619755
(12.19);0.6919214107173517
(12.20);0.43502311021915446
(12.21);0.40380127758784023
(12.22);0.4713292107602243
(12.23);0.42676238899605123
(12.24);0.3493398143066387
(12.25);0.4153237979839921
(12.26);0.470475371512403
(12.27);0.5254377737990764
(12.28);0.3928513634592132
(12.29);0.3558328068308183
(12.30);0.40709522575777507
(12.31);0.45934730573686083
(13.14);0.40392432158090597
(13.15);0.4016083453214375
(13.16);0.47068723176886595
(13.17);0.22467211056318434
(13.18);0.18804205978582544
(13.19);0.569124790032814
(13.20);0.32077821570977394
(13.21);0.5826108693702431
(13.22);0.6862574341937356
(13.23);0.6045000572214592
(13.24);0.4638033933098998
(13.25);0.4731667407891581
(13.26);0.7800335232877891
(13.28);0.41960044825847964
(13.29);0.41419586144229165
(13.30);0.3826486944255542
(13.31);0.5244342667750718
(14.15);0.6242255633713445
(14.16);0.49072310337865344
(14.17);0.1460854592510555
(14.18);0.14588057607914698
(14.19);0.5158170186929292
(14.20);0.4778097569863259
(14.21);0.33766627761793194
(14.22);0.39973048543291806
(14.23);0.3617159714082042
(14.24);0.2963628281055757
(14.25);0.3763180760556851
(14.26);0.3942232576499619
(14.27);0.4275283664789651
(14.28);0.36935768708351596
(14.29);0.32253267995887486
(14.30);0.40832997906332225
(14.31);0.4087777699139588
(15.16);0.5678112990261155
(15.17);0.10877711113352083
(15.18);0.10092593296000328
(15.19);0.5523429918924797
(15.20);0.5622738155633182
(15.21);0.32914676194972986
(15.22);0.3805945425008447
(15.23);0.34572787311800746
(15.24);0.2765335962287288
(15.25);0.33722805768756847
(15.26);0.38219044878543146
(15.27);0.4316599370948958
(15.28);0.3226081681484308
(15.29);0.2845600003888551
(15.30);0.35018554795415546
(15.31);0.3736760286022635
(16.17);0.12395224729097926
(16.18);0.10145494720924228
(16.19);0.7913092669447628
(16.20);0.46754288348346934
(16.21);0.3886639763958515
(16.22);0.4303680747416217
(16.23);0.39711160664559125
(16.24);0.32008439186229243
(16.25);0.355424849780211
(16.26);0.4418568395010035
(16.27);0.5226085269180661
(16.28);0.3274531286991202
(16.29);0.3022869323358388
(16.30);0.33300521081787443
(16.31);0.396916878196563
(17.18);0.5398369231082635
(17.19);0.16697938293932374
(17.20);0.03187783388419231
(17.21);0.2869111079881041
(17.22);0.290943013038107
(17.23);0.30445210022393654
(17.24);0.3626604943549894
(17.25);0.35847920210812173
(17.26);0.27452069303532745
(17.27);0.22126621785689565
(17.28);0.37269095738565255
(17.29);0.4187390181974394
(17.30);0.30174394943638316
(17.31);0.30281445478350466
(18.19);0.1426084627836823
(18.20);0.027707120403065787
(18.21);0.23243864624305033
(18.22);0.251830580483576
(18.23);0.25648536846703845
(18.24);0.29811147809251853
(18.25);0.33383426601165567
(18.26);0.23231701274817262
(18.27);0.1836364209911902
(18.28);0.36665909288659426
(18.29);0.38483584589262393
(18.30);0.3181039050389327
(18.31);0.278798915386309
(19.20);0.4381011751436632
(19.21);0.45259865300011315
(19.22);0.5110362562734301
(19.23);0.46633622321716406
(19.24);0.3755896545041642
(19.25);0.41552943560084676
(19.26);0.5252456416829895
(19.27);0.6484805314088442
(19.28);0.38107082477684545
(19.29);0.3558636088122893
(19.30);0.37848439180095483
(19.31);0.464560637999778
(20.21);0.2508167867454138
(20.22);0.29404207276065947
(20.23);0.26327996544832144
(20.24);0.1968214066585538
(20.25);0.2530612842743925
(20.26);0.29748674404069486
(20.27);0.3460813933207507
(20.28);0.2413428610056429
(20.29);0.2032577096489378
(20.30);0.27502041081466033
(20.31);0.2877783006645318
(21.22);0.731138980989984
(21.23);0.9611189460220371
(21.24);0.657010361535431
(21.25);0.5171964659203692
(21.26);0.8043126384492534
(21.27);0.6064304216240655
(21.28);0.4459940117075536
(21.29);0.4781191926525671
(21.30);0.37332379421743156
(21.31);0.530454100059161
(22.24);0.5912015453459821
(22.25);0.6192953671334382
(22.27);0.6826219339556259
(22.28);0.5187647903043724
(22.29);0.5249863900422305
(22.30);0.443806455127411
(22.31);0.712612040331241
(23.24);0.681542453874009
(23.25);0.5917253357852378
(23.26);0.9708240371942656
(23.27);0.6157486072186891
(23.28);0.49793221711460084
(23.29);0.5284791152724382
(23.30);0.41452928126930133
(23.31);0.6152398217748803
(24.25);0.5595673614586802
(24.26);0.5756170337311395
(24.27);0.4731697099037294
(24.28);0.4870174669602775
(24.29);0.5687237129438338
(24.30);0.3851182016749179
(24.31);0.5149367697260074
(25.26);0.5618682954039238
(25.27);0.4786733382148556
(25.28);0.8227444769739386
(25.29);0.7708842323245522
(25.30);0.5442278144371727
(25.31);0.7628084274838387
(26.28);0.48120487476768786
(26.29);0.4897977100330229
(26.30);0.4170067071967971
(26.31);0.622970048028997
(27.28);0.4234492192313654
(27.29);0.4170825033632655
(27.30);0.3879409992108448
(27.31);0.5334850714231911
(28.29);0.7394981708161666
(28.30);0.6262455593758314
(28.31);0.6044775520721251
(29.30);0.49582139906404027
(29.31);0.5611547937800467
(30.31);0.5091830784729445
