
****Mix criterion 0.5*C(weight)+0.5*C(distance) ******

(0.1);0.5183904532975443
(0.2);0.5383668313134368
(0.3);0.6172039063599412
(0.4);0.632797635987361
(0.5);0.5039415097071135
(0.6);0.6448520069944306
(0.7);0.5131122341096537
(0.8);0.4722960453431858
(0.9);0.43648006533936606
(0.10);0.4167583889748998
(0.11);0.4336190600493256
(0.12);0.4576596888030465
(0.14);0.38753108878811077
(0.15);0.3670208780803107
(0.16);0.4186304320396158
(0.17);0.33020197118168565
(0.30);0.4562883509089993
(0.31);0.7216059159898123
(1.2);0.5385915349329349
(1.3);0.4767290006191385
(1.4);0.39545506241599937
(1.6);0.3790682986061511
(1.8);0.31672240601748514
(1.9);0.3243828571277
(1.10);0.3701091764123677
(1.11);0.4565864465473798
(1.12);0.5030635126798154
(1.13);0.46412628931521915
(1.14);0.4707125642666462
(1.15);0.41729148214501377
(1.16);0.41398211636417215
(1.17);0.25171688249121743
(1.18);0.2446152682533095
(1.19);0.4792569019169136
(1.20);0.33056057765927194
(1.21);0.4280376092968675
(1.22);0.5207490412947865
(1.23);0.46925086605640964
(1.24);0.4043475134969851
(1.25);0.5391745164597843
(1.26);0.4936203755676265
(1.27);0.4792800804703057
(1.28);0.5231227486815722
(1.29);0.45433972187390215
(1.30);0.5377772054638528
(1.31);0.58855588053315
(2.3);0.5997862344778098
(2.4);0.45271914891632464
(2.5);0.6160972031521135
(2.6);0.4245471311209223
(2.7);0.4709885731399428
(2.8);0.29720050237736323
(2.9);0.2890712741633129
(2.10);0.3126339487843609
(2.11);0.3750773244377319
(2.12);0.6091324783708789
(2.13);0.5617934399397984
(2.14);0.4823546409503967
(2.15);0.461353568706376
(2.16);0.500401574929608
(2.17);0.21074321642064545
(2.18);0.18999785226028018
(2.19);0.6330324364158697
(2.20);0.3658398005668113
(2.21);0.46387830557507215
(2.22);0.5577126618702541
(2.23);0.49399546214251744
(2.24);0.40320036302021656
(2.25);0.47165549058133954
(2.26);0.5524101508855579
(2.27);0.6055309448432307
(2.28);0.43550318857562337
(2.29);0.40279899401259944
(2.30);0.42633810851299386
(2.31);0.5298394920390173
(3.4);0.5356205406748079
(3.5);0.501767987176081
(3.6);0.4924676678514152
(3.7);0.4367649320356809
(3.8);0.3212334311426798
(3.9);0.3023440848156559
(3.10);0.30837180469888137
(3.11);0.3529994720571317
(3.12);0.5062851881132981
(3.13);0.9421252442321311
(3.14);0.4196574540963937
(3.15);0.41466109705235854
(3.16);0.47885913450775414
(3.17);0.22002144461050044
(3.18);0.18743418332394826
(3.19);0.5956983551965286
(3.20);0.33118350598804286
(3.21);0.5401692494692797
(3.22);0.6512992612649003
(3.23);0.5663187091364332
(3.24);0.4439561760667813
(3.25);0.47345354692352154
(3.26);0.6917793912483146
(3.27);0.95333236751459
(3.28);0.42346947528281187
(3.29);0.40977877202543883
(3.30);0.3922722931343116
(3.31);0.5283286108763127
(4.5);0.4056152953618063
(4.7);0.3735419777901853
(4.8);0.34434102402870126
(4.9);0.30787702500770137
(4.10);0.28728224908915145
(4.11);0.307560728356797
(4.12);0.4090757852791617
(4.13);0.5991897127035957
(4.14);0.34076840423391414
(4.15);0.34433282614097477
(4.17);0.2237016503705306
(4.18);0.17440032669729372
(4.19);0.48009031392717594
(4.20);0.2729859754430762
(4.21);0.6798559239035777
(4.22);0.5914227348771683
(4.23);0.6031954469872391
(4.24);0.48425071858775537
(4.25);0.43433788422234215
(4.26);0.6707811624275357
(4.27);0.6687215832363681
(4.28);0.38117847979622543
(4.29);0.3927105978096014
(4.30);0.3331277891308032
(4.31);0.4604788392888954
(5.6);0.3842560198381849
(5.7);0.5340006805995602
(5.8);0.29469602812373025
(5.9);0.29715257878799195
(5.10);0.33692801295049307
(5.11);0.4165265348862471
(5.12);0.5815268780214569
(5.13);0.4838187348438291
(5.14);0.5173052868579391
(5.15);0.460465065198794
(5.16);0.4573799462439031
(5.17);0.22325227983453658
(5.18);0.21354685879647484
(5.19);0.5356195754777429
(5.20);0.3648631868294519
(5.21);0.42580554723877817
(5.22);0.5143518589618251
(5.23);0.46096988716373277
(5.24);0.38760160578213576
(5.25);0.49079474117123995
(5.26);0.4965700592590674
(5.27);0.5065827824067871
(5.28);0.4701210682586811
(5.29);0.417759050139456
(5.30);0.48417276135648
(5.31);0.5412725014984884
(6.7);0.3632676324686226
(6.8);0.3651667932271446
(6.9);0.32301102923243447
(6.10);0.2931800124350796
(6.11);0.3039499398306366
(6.12);0.38067257972890306
(6.13);0.5364098726561363
(6.14);0.3161634982327123
(6.15);0.31696232014145287
(6.16);0.3821720883180505
(6.17);0.23876758368895007
(6.18);0.18425106953223724
(6.19);0.44041282787473435
(6.20);0.24594413164308515
(6.21);0.7780096597018792
(6.22);0.5735111923182927
(6.23);0.6179278702087245
(6.24);0.5154515227701754
(6.25);0.43412459087552724
(6.26);0.6316711396416322
(6.27);0.5775737014657325
(6.28);0.37991792951425835
(6.29);0.4003119948373818
(6.30);0.32436853655576753
(6.31);0.4506843863745624
(7.8);0.3432164823303338
(7.9);0.3612988688807893
(7.10);0.42260028057471377
(7.11);0.5386722296459229
(7.12);0.44129277472181655
(7.13);0.42894274328523024
(7.14);0.4242759939904833
(7.15);0.37196403109049603
(7.16);0.36652813785596766
(7.17);0.2911161999806068
(7.18);0.2901686349260945
(7.19);0.4221992859493605
(7.20);0.2909865533273495
(7.21);0.4179896690268817
(7.22);0.5012329387913649
(7.23);0.4623124872322994
(7.24);0.41760080786667236
(7.25);0.6072161852365325
(7.26);0.4696147878779229
(7.27);0.4370586197926707
(7.28);0.6387282046581277
(7.29);0.5091821169447851
(7.31);0.5946483411345149
(8.9);0.5760957829743472
(8.10);0.42344565937431244
(8.11);0.35203239188162005
(8.12);0.2519149069339104
(8.13);0.3328116878325627
(8.14);0.2117250408900129
(8.15);0.18560030168478928
(8.16);0.21764009129040943
(8.17);0.44765594411045534
(8.18);0.3568712175471911
(8.19);0.2654565591633682
(8.20);0.10755121913068534
(8.21);0.4266149001311824
(8.22);0.4082013615820923
(8.23);0.436066929858129
(8.24);0.5413097073077691
(8.25);0.44709119019388643
(8.26);0.39558089527184614
(8.27);0.3344081014350533
(8.28);0.4249374738533127
(8.29);0.5058455053636429
(8.30);0.3316954813399705
(8.31);0.39219794763691973
(9.10);0.5044799053094055
(9.11);0.3949134032905761
(9.12);0.2469909841130178
(9.13);0.30943501568547754
(9.14);0.21593308818126844
(9.15);0.18226341124695167
(9.16);0.20306413437691423
(9.17);0.5271068786303885
(9.18);0.4309744892421247
(9.19);0.25023201440153486
(9.20);0.10413542459477206
(9.21);0.38144509545134747
(9.22);0.3847196661137301
(9.23);0.40107186412290496
(9.24);0.47134202263936276
(9.25);0.45783087268821343
(9.26);0.36687950250475315
(9.27);0.3085737116863437
(9.28);0.4593465939673486
(9.29);0.5420823473091538
(9.30);0.3626125089303802
(9.31);0.3903319048765385
(10.11);0.5116988032529415
(10.12);0.2790352023318403
(10.13);0.30894817574983047
(10.14);0.2631394488410576
(10.15);0.21950275373991446
(10.16);0.22255421957730787
(10.17);0.45506185717047765
(10.18);0.4681770066298148
(10.19);0.26830268085766806
(10.20);0.14399488811924757
(10.21);0.3492136948024104
(10.22);0.381167592799031
(10.23);0.3801631021021849
(10.24);0.409355846961858
(10.25);0.4921468734692699
(10.26);0.3577572114023788
(10.27);0.30750081238106824
(10.28);0.5508347785309431
(10.29);0.5669148805656259
(10.30);0.45079993539984814
(10.31);0.41484895043986797
(11.12);0.35212610334420646
(11.13);0.347869642032821
(11.14);0.34895953051843726
(11.15);0.2971342242472691
(11.16);0.2856648870395669
(11.17);0.3431045718901126
(11.18);0.36667154784091743
(11.19);0.33109409020963304
(11.20);0.22389699880053587
(11.21);0.35663737501919324
(11.22);0.41316698824959364
(11.23);0.39432748839124476
(11.24);0.38507658986243865
(11.25);0.5328697510623593
(11.26);0.3870598829813726
(11.27);0.3495558990411819
(11.28);0.6581682864979655
(11.29);0.5220286484110425
(11.30);0.6686200648086679
(11.31);0.46905694904647566
(12.13);0.4876070996896269
(12.14);0.5949457061732184
(12.15);0.5747689875922629
(12.16);0.5800787384343036
(12.17);0.1711790173647851
(12.18);0.1573790070560317
(12.19);0.7039707293137849
(12.20);0.4355654313293274
(12.21);0.4056741248909502
(12.22);0.4719603091899924
(12.23);0.42728102248844935
(12.24);0.3497163273674701
(12.25);0.4172942260934967
(12.26);0.47110396298270335
(12.27);0.5262512846052804
(12.28);0.39463771218239424
(12.29);0.35621903100991525
(12.30);0.4084459009321491
(12.31);0.46075232622185186
(13.14);0.40498196415185794
(13.15);0.4026660078867489
(13.16);0.47193300350138284
(13.17);0.2252175235449299
(13.18);0.18828890042482413
(13.19);0.5766321681343692
(13.20);0.32115243785078035
(13.21);0.5870921059071336
(13.22);0.6880396189874727
(13.23);0.6058161366597493
(13.24);0.46449286552446495
(13.25);0.47583000622056365
(13.26);0.7824370379842704
(13.28);0.4216728127970363
(13.29);0.4147435111272162
(13.30);0.3839051551590442
(13.31);0.526524552961737
(14.15);0.6274116473280452
(14.16);0.4920528855461227
(14.17);0.14651678747764846
(14.18);0.14609444607290048
(14.19);0.5214908676022689
(14.20);0.4785101671908347
(14.21);0.3391137717678491
(14.22);0.400215943112622
(14.23);0.3621339441081389
(14.24);0.2966927899165072
(14.25);0.3780029168355369
(14.26);0.3946976306303828
(14.27);0.42807567656869216
(14.28);0.3709955239044923
(14.29);0.3228944965295601
(14.30);0.40971056638064474
(14.31);0.4098946218710753
(15.16);0.5698191340630847
(15.17);0.10917736979800417
(15.18);0.10112469646826655
(15.19);0.5590532434705796
(15.20);0.5633400402451847
(15.21);0.330557615661745
(15.22);0.3810560017981327
(15.23);0.3461323570698032
(15.24);0.27685184545682145
(15.25);0.33868182364616495
(15.26);0.3826549025409487
(15.27);0.43223282754912673
(15.28);0.3239857879615674
(15.29);0.2848867334676243
(15.30);0.3512625182806834
(15.31);0.37463981867784374
(16.17);0.12429771773208227
(16.18);0.10158591717992303
(16.20);0.4679916243577049
(16.21);0.39027597261852226
(16.22);0.43074163136153587
(16.23);0.39743766663334773
(16.24);0.32032710264559455
(16.25);0.35683526295710527
(16.26);0.44224979535747355
(16.27);0.523176070492484
(16.28);0.3287226622878469
(16.29);0.30251494422304553
(16.30);0.3338776841453086
(16.31);0.39781142126570496
(17.18);0.5408345506069073
(17.19);0.16851887594291506
(17.20);0.03205906975118644
(17.21);0.28814099342203614
(17.22);0.2912910859464842
(17.23);0.3048175486670518
(17.24);0.36311472637470243
(17.25);0.3600696802398455
(17.26);0.27485072550483336
(17.27);0.2215475800714765
(17.28);0.3743731926008186
(17.29);0.4193121422713207
(17.30);0.30265149821957943
(17.31);0.3035571577125193
(18.19);0.14386847289692636
(18.20);0.027707120403065794
(18.21);0.23320428464699797
(18.22);0.25183058048357604
(18.23);0.2564853684670385
(18.24);0.29811147809251853
(18.25);0.33488578113417183
(18.26);0.23231701274817262
(18.27);0.1836364209911902
(18.28);0.36784188229938297
(18.29);0.38483584589262393
(18.30);0.3186978114594813
(18.31);0.27916164883365846
(19.20);0.4413423619060035
(19.21);0.4577016445825575
(19.22);0.5153614411419121
(19.23);0.469954814445767
(19.24);0.378122619657296
(19.25);0.41991493770665267
(19.26);0.5298343081021459
(19.27);0.6559000731445092
(19.29);0.35821876248473317
(19.30);0.38178663157886344
(19.31);0.4690023672010352
(20.21);0.2516237626735274
(20.22);0.29404207276065947
(20.23);0.2632799654483215
(20.24);0.1968214066585538
(20.25);0.2538735740705024
(20.26);0.29748674404069486
(20.27);0.3460813933207507
(20.28);0.2421280557351201
(20.29);0.20325770964893783
(20.30);0.2755340709599512
(20.31);0.2881517926117679
(21.22);0.7358336900321669
(21.23);0.9694221187912248
(21.24);0.6608032313283422
(21.26);0.8100692278841105
(21.27);0.6094982600131463
(21.28);0.4492269913584417
(21.29);0.47996865263807215
(21.30);0.3752634926009284
(21.31);0.5338792360625129
(22.24);0.5912015453459821
(22.25);0.6225159112707763
(22.27);0.6826219339556259
(22.28);0.5209211316950806
(22.29);0.5249863900422306
(22.30);0.444778400994464
(22.31);0.7146456738297216
(23.24);0.681542453874009
(23.25);0.5946596806654223
(23.26);0.9708240371942656
(23.27);0.6157486072186891
(23.28);0.49992683957534056
(23.29);0.5284791152724383
(23.30);0.4153914498189585
(23.31);0.6166898743077665
(24.25);0.5621741809170839
(24.26);0.5756170337311396
(24.27);0.4731697099037294
(24.28);0.4889379728919672
(24.29);0.568723712943834
(24.30);0.38588498588522224
(24.31);0.5158850872629139
(25.26);0.5644427206915755
(25.27);0.48049775707562875
(25.28);0.8351965416536011
(25.29);0.7763132294930983
(25.30);0.5483741825631687
(25.31);0.7710738804398019
(26.28);0.4830486065683439
(26.29);0.4897977100330229
(26.30);0.4178723572767755
(26.31);0.6244435493021903
(27.28);0.42490542051577057
(27.29);0.4170825033632655
(27.30);0.38870839486761666
(27.31);0.5344942042527485
(28.29);0.7444578140927152
(28.30);0.6321398256002132
(28.31);0.6092116363841769
(29.30);0.497072593146835
(29.31);0.5623232203102868
(30.31);0.5115405780228942
