
****Importance edges******

(0.1);3.9440391258946756
(0.2);4.334737545047953
(0.3);5.948290721441402
(0.4);6.242273459955789
(0.5);3.7938008545249273
(0.6);6.621361209844972
(0.7);3.9527354517007693
(0.8);3.3728873291040826
(0.9);2.9344296467029474
(0.10);2.731799266805212
(0.11);2.9338926880200558
(0.12);3.2444735307991617
(0.13);7.067472651168957
(0.14);2.5106432087220703
(0.15);2.3489048196569735
(0.16);2.8583741164081484
(0.17);2.1041675769995583
(0.30);3.3383149469648026
(0.31);8.69815361064286
(1.2);3.0729959397475173
(1.3);2.088834401285108
(1.4);1.3013935444610945
(1.5);6.796995562798434
(1.6);1.2382769851660682
(1.7);5.203058301484026
(1.8);0.9624323725884282
(1.9);1.0087675239042193
(1.10);1.2550479141653665
(1.11);2.0118410774099784
(1.12);2.6725785821369734
(1.13);2.187202341248455
(1.14);2.2602549785203716
(1.15);1.7071995830358209
(1.16);1.7040021143197346
(1.17);0.8827286324221099
(1.18);1.0756402835489476
(1.19);2.7695811627645366
(1.20);1.4812658170234627
(1.21);2.2359873883145664
(1.22);3.5641955146233055
(1.23);2.72786119920078
(1.24);2.0182238532920866
(1.25);3.8589932672240073
(1.26);3.0429643883789486
(1.27);2.76989585904844
(1.28);3.5655739062936616
(1.29);2.4989298473070183
(1.30);3.4268313111619135
(1.31);4.489040442441667
(2.3);4.5447987734144775
(2.4);1.8335836727923946
(2.5);4.97851923839277
(2.6);1.6074532334414264
(2.7);2.123010108809366
(2.8);0.9051432296284173
(2.9);0.8914327382080192
(2.10);0.9921632530222184
(2.11);1.3257060036201034
(2.12);4.935991037248746
(2.13);3.977495026731551
(2.14);2.462833402845078
(2.15);2.2071150459298052
(2.16);2.794870616931765
(2.17);0.7872721358162489
(2.18);0.9280471515687013
(2.19);5.779588657120616
(2.20);1.7267391409920725
(2.21);2.694072646233553
(2.22);4.329550509428837
(2.23);3.1300726577886793
(2.24);2.033351672268764
(2.25);2.7997736149961376
(2.26);4.119574262824552
(2.27);5.1401479411306905
(2.28);2.347196571356134
(2.29);1.9828911921808539
(2.30);1.8921859075429974
(2.31);3.360727659948629
(3.4);3.087849019957439
(3.5);2.5663804063894986
(3.6);2.4429103449643863
(3.7);1.7510887401960924
(3.8);1.0090574866900264
(3.9);0.9497343526664161
(3.10);0.9875360934830442
(3.11);1.2099481410870838
(3.12);2.7984929437898547
(3.13);15.23314311470676
(3.14);1.749414237078779
(3.15);1.7274146009877014
(3.16);2.4871876024305584
(3.17);0.8186410486152831
(3.18);0.930275855828486
(3.19);4.936528581215131
(3.20);1.5143227840744804
(3.21);3.955442935439841
(3.22);6.539357200538271
(3.23);4.486547130608986
(3.24);2.480370401385452
(3.25);2.8406440435423286
(3.26);7.434139695463843
(3.27);14.653245974578105
(3.28);2.2323334859133257
(3.29);2.061996723226412
(3.30);1.6104570673738674
(3.31);3.349836574427375
(4.5);1.4502759437985788
(4.6);8.664849941682697
(4.7);1.2608567961411503
(4.8);1.1223427059247952
(4.9);0.9792570689223357
(4.10);0.9196439801663625
(4.11);1.008377524228677
(4.12);1.6146344833529649
(4.13);4.788923125119948
(4.14);1.2085641946910988
(4.15);1.2460735139371497
(4.16);1.752542600234659
(4.17);0.8356073264738246
(4.18);0.9056887185760277
(4.19);2.8265290116825987
(4.20);1.2373815610547783
(4.21);7.140828878315488
(4.22);5.014261639846664
(4.23);5.242943304150578
(4.24);3.013106991172825
(4.25);2.3467732644635997
(4.26);6.773352389770037
(4.27);6.569572860092269
(4.28);1.8508739023610596
(4.29);1.9121268351559513
(4.30);1.2466860590375952
(4.31);2.2988479570961005
(5.6);1.3410872065456223
(5.7);3.1780809732197706
(5.8);0.9323114957937064
(5.9);0.9551488819844558
(5.10);1.1378888039179955
(5.11);1.6869140136773164
(5.12);4.323055578771065
(5.13);2.55773730022408
(5.14);3.072233906856543
(5.15);2.2474765943678494
(5.16);2.238107798825937
(5.17);0.8460524769054781
(5.18);1.0195760702579364
(5.19);3.758149314190479
(5.20);1.7600649585303214
(5.21);2.2869100375112557
(5.22);3.5512517702819193
(5.23);2.702342554468961
(5.24);1.9383976646403966
(5.25);3.127040361942658
(5.26);3.180407730872816
(5.27);3.264872021667394
(5.28);2.8253129824688825
(5.29);2.169629474631413
(5.30);2.640548441004498
(5.31);3.625335873737341
(6.7);1.2390250804376493
(6.8);1.2710873773956841
(6.9);1.0719021611566923
(6.10);0.9679025361955823
(6.11);1.023458828954437
(6.12);1.4433425140647693
(6.13);3.502387528598171
(6.14);1.123550853337325
(6.15);1.1446793251230443
(6.16);1.5386790835811068
(6.17);0.8983054838053057
(6.18);0.9497007679198939
(6.19);2.3913404357915033
(6.20);1.1592510490471142
(6.21);10.056648584769283
(6.22);4.722326992672999
(6.23);5.706575902366867
(6.24);3.59220164546289
(6.25);2.394320210757962
(6.26);5.9370769225548115
(6.27);4.595320859586561
(6.28);1.8801301031638993
(6.29);2.0203701816050224
(6.30);1.234735433728773
(6.31);2.238402219993575
(7.8);1.1628178069982087
(7.9);1.2769875305403586
(7.10);1.748792380169347
(7.11);3.396420328036405
(7.12);1.9781415109233513
(7.13);1.8973306000615562
(7.14);1.8521860269469685
(7.15);1.456383818259996
(7.16);1.4429234560678141
(7.17);1.0824742569928407
(7.18);1.319174079934608
(7.19);2.2064497764660502
(7.20);1.3524492574046978
(7.21);2.2296256510233228
(7.22);3.344825640807122
(7.23);2.7399949318731394
(7.24);2.2409058391806473
(7.25);5.412018866574545
(7.26);2.809985149690029
(7.27);2.360506724408521
(7.28);6.170875299234606
(7.29);3.398777348384124
(7.30);6.792340141070497
(7.31);4.746078944637288
(8.9);4.193970385796977
(8.10);1.784891108133138
(8.11);1.2788465732309242
(8.12);0.8865757620849299
(8.13);1.2197957679770501
(8.14);0.8072617057199973
(8.15);0.7615515452279366
(8.16);0.848976373190915
(8.17);2.200885425017662
(8.18);1.7093569348890623
(8.19);1.2226621574646293
(8.20);0.8209322795186924
(8.21);2.3457073253955874
(8.22);2.1941489014291684
(8.23);2.4500410827780525
(8.24);4.111460735356998
(8.25);2.579445569089412
(8.26);2.030122468858043
(8.27);1.5526280408293849
(8.28);2.327809893318111
(8.29);3.3847321902878376
(8.30);1.299522298863709
(8.31);1.7044738007207267
(9.10);2.8396379602303483
(9.11);1.5793662537069804
(9.12);0.8844035566890238
(9.13);1.1247122841662989
(9.14);0.8284103748623342
(9.15);0.7647071649537943
(9.16);0.8241150774226922
(9.17);3.403254205961586
(9.18);2.3765583917589006
(9.19);1.1777237738599797
(9.20);0.8233277342908416
(9.21);1.939470025333178
(9.22);1.999767758351448
(9.23);2.109122865925147
(9.24);2.940468608230198
(9.25);2.732061123013816
(9.26);1.8169226073033573
(9.27);1.4268827447995955
(9.28);2.7517271634937353
(9.29);4.0557284657501
(9.30);1.4942012142586596
(9.31);1.706868593323516
(10.11);3.0041971525637274
(10.12);0.9992119152459743
(10.13);1.1372211282566846
(10.14);0.9747100052199515
(10.15);0.8621217063549108
(10.16);0.8841977637623007
(10.17);2.328267581054018
(10.18);2.853032803348044
(10.19);1.2591952744028603
(10.20);0.9134055106659319
(10.21);1.717894488356876
(10.22);1.986910251840133
(10.23);1.9457210300987213
(10.24);2.218835660101499
(10.25);3.238711543506017
(10.26);1.767836480765822
(10.27);1.4356427037152737
(10.28);4.281796494404534
(10.29);4.577232696806013
(10.30);2.2982439646891786
(10.31);1.935253704168745
(11.12);1.3467306385084035
(11.13);1.3492214634567132
(11.14);1.3650714305561673
(11.15);1.1292562181938373
(11.16);1.1003932944424752
(11.17);1.389191378115899
(11.18);1.8276087007986401
(11.19);1.5783789865128355
(11.20);1.1412217619875467
(11.21);1.7848740217593335
(11.22);2.2952755756286414
(11.23);2.083123292171444
(11.24);2.0142472282582324
(11.25);3.954129246805689
(11.26);2.008388170574674
(11.27);1.6920849762848809
(11.28);6.788600752096489
(11.29);3.7208866957124185
(11.30);6.697957219031544
(11.31);2.5651879048579813
(12.13);2.7591207702109375
(12.14);4.810930704862726
(12.15);4.376643547510871
(12.16);4.5278258568054275
(12.17);0.7983750382854458
(12.18);0.9450407909849026
(12.19);7.714200301566274
(12.20);2.5369643452541
(12.21);2.205811736169969
(12.22);3.017579477158255
(12.23);2.4261542724183864
(12.24);1.7613185121028736
(12.25);2.320740960572174
(12.26);2.9405348933850814
(12.27);3.726999615073287
(12.28);2.103934993494586
(12.29);1.7694385321606603
(12.30);1.8989899384693996
(12.31);2.4782816547423616
(13.14);1.818934294074989
(13.15);1.8199005367946866
(13.16);2.6274345169657733
(13.17);0.9449534852868143
(13.18);1.0376959372294823
(13.19);4.797254993926303
(13.20);1.6059563712560287
(13.21);5.207097896086025
(13.22);7.815319851812647
(13.23);5.647891793139656
(13.24);2.958836943231679
(13.25);3.094655618025699
(13.26);10.31456805265788
(13.27);26.086342132795558
(13.28);2.408041829483379
(13.29);2.302270223316995
(13.30);1.7284083496378047
(13.31);3.5762560124453953
(14.15);5.659177462339891
(14.16);2.9042076109422292
(14.17);0.7706983613361789
(14.18);0.9409312113427333
(14.19);3.690040424179722
(14.20);3.144846885301684
(14.21);1.7180151309095404
(14.22);2.2267595710807138
(14.23);1.876700446494219
(14.24);1.4815309181626102
(14.25);1.9997192756353455
(14.26);2.1299381138999958
(14.27);2.4079167753687614
(14.28);1.9439307858750983
(14.29);1.5918292143924864
(14.30);1.9513044644432638
(14.31);1.9685512966608114
(15.16);4.369631601177247
(15.17);0.7151187140595922
(15.18);0.8581750621038601
(15.19);4.399928742744798
(15.20);4.696934353745728
(15.21);1.6815569546513363
(15.22);2.076148563992135
(15.23);1.7818332299368485
(15.24);1.4019519130477123
(15.25);1.7327028573512877
(15.26);2.0460122872002895
(15.27);2.4734937787832245
(15.28);1.6419464030303743
(15.29);1.410692448599388
(15.30);1.5268173907845068
(15.31);1.6989578558835166
(16.17);0.751843915920008
(16.18);0.8699077485621154
(16.19);10.605583688465677
(16.20);3.0402581123519568
(16.21);2.1443150301202225
(16.22);2.5841287320671067
(16.23);2.209084529192101
(16.24);1.6443864828371233
(16.25);1.8761645538370113
(16.26);2.662309807334387
(16.27);3.7696469691989916
(16.28);1.688763234841122
(16.29);1.5144640135019187
(16.30);1.4431318060423646
(16.31);1.9046182324131893
(17.18);4.198832168033584
(17.19);1.028317963051296
(17.20);0.7778642890337027
(17.21);1.483142715385072
(17.22);1.5249503677828433
(17.23);1.56850461278475
(17.24);1.9495636980170326
(17.25);1.917988448325403
(17.26);1.4164992642354544
(17.27);1.1842022388689577
(17.28);2.0286400961437585
(17.29);2.4121746853994583
(17.30);1.3003509191722062
(17.31);1.3167188594978843
(18.19);1.1467615001690412
(18.20);0.916128622329609
(18.21);1.4683066398970355
(18.22);1.5726815950108777
(18.23);1.5697484374315722
(18.24);1.789295450180898
(18.25);2.016548057649686
(18.26);1.4613312968287078
(18.27);1.2627621661009052
(18.28);2.2682999434760935
(18.29);2.387433135197641
(18.30);1.6368373041400133
(18.31);1.4437032012941902
(19.20);3.0007315723463885
(19.21);3.1862326640164502
(19.22);4.077028193449562
(19.23);3.350137385864167
(19.24);2.3450510766518136
(19.25);2.738242819310814
(19.26);4.2482452288513555
(19.27);6.752679777666066
(19.28);2.3940628537730713
(19.29);2.143474508777395
(19.30);2.0571721416773587
(19.31);2.9971603269756355
(20.21);1.5738120719318194
(20.22);1.817046687533075
(20.23);1.628801264335016
(20.24);1.3560919996636835
(20.25);1.5841754908514476
(20.26);1.8048094628775517
(20.27);2.088422662590245
(20.29);1.3561909547937148
(20.30);1.4432733988482307
(20.31);1.5152308416052844
(21.22);9.319396782154117
(21.23);16.193337476658527
(21.25);4.257406280654335
(21.26);11.226840392763135
(21.27);5.88336145835046
(21.28);3.1525738411873183
(21.29);3.5468105608854934
(21.30);2.0543148570028005
(21.31);4.129759598360438
(22.24);5.742385589761039
(22.25);6.393054053108655
(22.27);7.653002777735319
(22.28);4.280521079629836
(22.29);4.32073979265299
(22.30);2.786909715798446
(22.31);8.4177881002512
(23.24);7.940225364104679
(23.25);5.722732531119072
(23.26);15.967032802764855
(23.27);6.022965330443392
(23.28);3.890030418870901
(23.29);4.349167167742378
(23.30);2.4225062903004457
(23.31);5.8827622283064525
(24.25);5.083973127392981
(24.26);5.305513151398013
(24.27);3.4197215387353483
(24.28);3.745483990551583
(24.29);5.190408825866835
(24.30);2.154497022077632
(24.31);3.8472582613613544
(25.26);5.0207961041217155
(25.27);3.498787826491735
(25.28);12.142375646284426
(25.29);10.411484781141814
(25.30);4.391376368773695
(26.27);9.660111876749337
(26.28);3.5957545500273635
(26.29);3.6647030409087002
(26.30);2.432288634027189
(26.31);5.97789213612089
(27.28);2.7926368425282426
(27.29);2.676945522019251
(27.30);2.1149827558337746
(27.31);4.016415655100701
(28.29);9.511379153565649
(28.30);6.242557491875697
(28.31);5.707986517327001
(29.30);3.4483566410109816
(29.31);4.65041515887449
(30.31);3.3605020525605305

****Importance nodes******

0; 0.05789473684210527
1; 0.016431108360445052
2; 0.0169611441140078
3; 0.01750827779510482
4; 0.018073060949785627
5; 0.01865606291590774
6; 0.019257871397066053
7; 0.019879093055035924
8; 0.020520354121327404
9; 0.021182301028466997
10; 0.021865601061643355
11; 0.02257094303137378
12; 0.023299037967869713
13; 0.02405061983780099
14; 0.024826446284181666
15; 0.02562729939012301
16; 0.02645398646722375
17; 0.027307340869392255
18; 0.03666666666666667
19; 0.03666666666666667
20; 0.03793103448275863
21; 0.03793103448275863
22; 0.03928571428571429
23; 0.03793103448275863
24; 0.03793103448275863
25; 0.03793103448275863
26; 0.03793103448275863
27; 0.03666666666666667
28; 0.03793103448275863
29; 0.03666666666666667
30; 0.028188222832921037
31; 0.028803069872357152
