
****Importance edges******

(0.1);4.124469087595939
(0.2);4.459282501875392
(0.3);6.176238977981431
(0.4);6.536899670131459
(0.5);3.9133413352606445
(0.6);6.825708965222803
(0.7);4.113807356416465
(0.8);3.5389454766750266
(0.9);3.0531278955571253
(0.10);2.843370062864502
(0.11);3.0328902228221386
(0.12);3.358595182046216
(0.14);2.613771712424938
(0.15);2.410251434557495
(0.16);2.941489337998038
(0.17);2.1652936080810563
(0.30);3.4538157192599908
(0.31);8.993497796896294
(1.2);3.194292665910424
(1.3);2.2154267821668734
(1.4);1.4052237309911384
(1.6);1.2920001672317907
(1.8);1.0412975116066467
(1.9);1.0722217953208861
(1.10);1.3345139687130625
(1.11);2.1089427633107145
(1.12);2.808677744848262
(1.13);2.190157970844716
(1.14);2.4007872390119376
(1.15);1.7619432837521727
(1.16);1.7683706621826107
(1.17);0.9158760248149341
(1.18);1.1134295628784918
(1.19);2.936270135901979
(1.20);1.4638119456637537
(1.21);2.26070968576083
(1.22);3.6010853245872965
(1.23);2.7580219220703297
(1.24);2.089926447055525
(1.25);3.9016604038518907
(1.26);3.1510735255396463
(1.27);2.9366037723783998
(1.28);3.6049968382559356
(1.29);2.6493295018794547
(1.30);3.5916204000292002
(1.31);4.698547422195168
(2.3);4.651254300897343
(2.4);1.9122670504666472
(2.5);5.024632471755539
(2.6);1.620719135278018
(2.7);2.1856554196082354
(2.8);0.9480913569195486
(2.9);0.9175262245775958
(2.10);1.0221980109582378
(2.11);1.346932341084872
(2.13);3.8616210248575578
(2.14);2.5403784962163556
(2.15);2.2122552434232525
(2.16);2.8187221011069132
(2.17);0.7942603613610008
(2.18);0.9387063690765578
(2.19);5.989340061794714
(2.20);1.6672846437995583
(2.21);2.662248711336407
(2.22);4.277762317511371
(2.23);3.093098440102283
(2.25);2.7667010794893643
(2.26);4.170748275535573
(2.27);5.326692921205791
(2.28);2.319470136071594
(2.29);2.0548537897894943
(2.30);1.9297440826408736
(2.31);3.42400269576268
(3.4);3.282435239186632
(3.5);2.642221663213907
(3.6);2.511861638148558
(3.7);1.836606988931478
(3.8);1.0758513635891724
(3.9);0.9952770450732966
(3.10);1.0355457197006601
(3.12);2.9022226004204295
(3.13);15.066017289840142
(3.14);1.8343152047151543
(3.15);1.7609735159484647
(3.16);2.5499482957895796
(3.17);0.8393149423898282
(3.18);0.9535395647365055
(3.19);5.181197290944541
(3.20);1.4828775686814646
(3.21);3.961892907711842
(3.22);6.546958872768519
(3.23);4.493863151864197
(3.24);2.543932916071829
(3.25);2.845276160757651
(3.26);7.624648586115641
(3.27);15.37950345024438
(3.28);2.2359736570195734
(3.29);2.164195276205091
(3.30);1.6680782947577988
(3.31);3.465602499783795
(4.5);1.5199573780642004
(4.7);1.3446399179474473
(4.8);1.215788783550687
(4.9);1.0429021989103664
(4.10);0.9797471813634427
(4.11);1.0596792485043987
(4.12);1.7008288991751401
(4.13);4.816213880606501
(4.14);1.2860527038303882
(4.15);1.2898142624284399
(4.17);0.8692628186887471
(4.18);0.9396194959340581
(4.19);3.001113223616076
(4.20);1.2273240140231356
(4.21);7.241099781301657
(4.22);5.080877064519414
(4.23);5.316564261657192
(4.24);3.1269888393738587
(4.25);2.3797264521595185
(4.26);7.029354546654502
(4.27);6.975351005576793
(4.28);1.8768637140013942
(4.29);2.0302318166554447
(4.30);1.309503620414285
(4.31);2.411468492988114
(5.6);1.3609036395766765
(5.7);3.289286427131028
(5.8);0.9808538124727739
(5.9);0.9881833592522103
(5.10);1.1782324337842642
(5.11);1.7235061695052822
(5.12);4.42971015331279
(5.13);2.5018324477951976
(5.14);3.18365986245915
(5.15);2.2657732615099975
(5.16);2.2694556896909677
(5.17);0.858095763942189
(5.18);1.0357438981084683
(5.19);3.908112738067206
(5.20);1.7094063293342896
(5.21);2.27126606563889
(5.22);3.5260324400547045
(5.23);2.683856750384768
(5.24);1.9707072415143205
(5.25);3.1056493449531053
(5.26);3.2334193651445284
(5.27);3.395151940307092
(5.28);2.8059859796120175
(5.29);2.256205349445923
(5.30);2.7057950760717433
(5.31);3.7111174568160243
(6.7);1.2807323210538186
(6.8);1.3352768955343726
(6.9);1.1076013642090665
(6.10);1.000987601615281
(6.11);1.0445816539202912
(6.12);1.477396575114712
(6.13);3.4243924095615226
(6.14);1.1629543297661553
(6.15);1.153082724804335
(6.16);1.5589034134050548
(6.17);0.9103293624618582
(6.18);0.9640721280500909
(6.19);2.484411117149976
(6.20);1.1256080056786797
(6.21);9.983127790593175
(6.22);4.686635732243635
(6.23);5.664857034611692
(6.24);3.649500114161976
(6.25);2.376816136520603
(6.26);6.031778013914964
(6.27);4.774170193232761
(6.28);1.8663851008230234
(6.29);2.099002745410637
(6.30);1.2640515073194953
(6.31);2.289259785162233
(7.8);1.2433226067029262
(7.9);1.343385156061037
(7.10);1.8406987710255724
(7.11);3.528553221137488
(7.12);2.0602507725746344
(7.13);1.8897172516069047
(7.14);1.948894855260289
(7.15);1.4921540251770222
(7.16);1.486180312743813
(7.17);1.1148533436230956
(7.18);1.3573045944478679
(7.19);2.3221358630362734
(7.20);1.332060032410784
(7.21);2.2438988595192635
(7.22);3.3643692264466125
(7.23);2.7575353288104
(7.24);2.3068178511928084
(7.25);5.4466645361877974
(7.26);2.892635554585258
(7.27);2.484270151150503
(7.28);6.210378876755794
(7.29);3.576978209673536
(7.31);4.929375398262283
(8.10);1.9063900223278085
(8.11);1.3483765663214753
(8.13);1.2338930466823117
(8.14);0.86112350153142
(8.15);0.7914056672234822
(8.16);0.886575617884317
(8.17);2.297651337227266
(8.18);1.7788775411067115
(8.19);1.3008304292658048
(8.20);0.8184021665419526
(8.21);2.3883048308268573
(8.22);2.232197063718873
(8.23);2.494533265242833
(8.24);4.279696811106644
(8.25);2.6262877072578727
(8.26);2.11319266201707
(8.27);1.6518919707389759
(8.28);2.3700823854999133
(8.29);3.601127753207076
(8.30);1.3690506606252157
(8.31);1.7933380460291217
(9.10);2.986296923359868
(9.11);1.6400417915608234
(9.12);0.9206234200697775
(9.13);1.1210612074581456
(9.14);0.8709693268977217
(9.15);0.783447142529277
(9.16);0.8486543149484035
(9.18);2.4449143064254115
(9.19);1.2386811182583661
(9.20);0.8115990880815838
(9.21);1.9525779133516588
(9.22);2.0121740171596514
(9.23);2.123377350904369
(9.24);3.0265145835928613
(9.25);2.750525729732322
(9.26);1.8700906219069844
(9.27);1.5007362109700126
(9.28);2.7703246829425288
(9.29);4.265647329884757
(9.30);1.5530397593384793
(9.31);1.7720754860973436
(10.12);1.0408165325525292
(10.13);1.1350419579665334
(10.14);1.0252807099292975
(10.15);0.8840132639676072
(10.16);0.911230643915922
(10.17);2.399277864702146
(10.18);2.9370039355254285
(10.19);1.324874680547755
(10.20);0.9014413136417962
(10.21);1.7310629090995602
(10.22);2.001011171410061
(10.23);1.9606358420070684
(10.24);2.2852065153944485
(10.25);3.2635376993369656
(10.26);1.8207168366012503
(10.27);1.5105255770336996
(10.28);4.314618357537
(10.29);4.8159803568588035
(10.30);2.390210761943298
(10.31);2.0104362570438594
(11.12);1.3860180363489756
(11.13);1.3309781596916526
(11.14);1.4192197737400518
(11.15);1.1448032640308348
(11.16);1.1213774545759712
(11.17);1.4158546903073064
(11.18);1.8640245785489051
(11.19);1.6452744714772598
(11.20);1.116216726553535
(11.21);1.7823949469101945
(11.22);2.2912526624948173
(11.23);2.0802299683299172
(11.24);2.0557381691087606
(11.25);3.94863721641783
(11.26);2.049758422260348
(11.27);1.7637995936593012
(11.28);6.77917182367902
(11.29);3.878586793175882
(11.30);6.890686139881957
(11.31);2.63639155483635
(12.13);2.7305915032026102
(12.14);5.012953387631828
(12.15);4.448596711052506
(12.16);4.6257194425669805
(12.17);0.8156992665401629
(12.18);0.9658613319827043
(12.19);8.055288848548734
(12.20);2.487871998387993
(12.21);2.207856465461651
(12.22);3.0191405284168407
(12.23);2.4284032534286912
(12.24);1.801217984098277
(12.25);2.3228922262231255
(12.26);3.0071473708126004
(12.27);3.8917914060060976
(12.28);2.1058852857332435
(12.29);1.8476754451673028
(12.30);1.958052096911416
(12.31);2.552808565755791
(13.14);1.8208836195218685
(13.15);1.7772525781728081
(13.16);2.5809855531590387
(13.17);0.9289386988148534
(13.18);1.0266314912924757
(13.19);4.851210611600596
(13.20);1.5242517626863
(13.21);5.046489790650186
(13.22);7.576410794153646
(13.23);5.47368780875046
(13.24);2.9310791715077187
(13.25);2.9992038355345203
(13.26);10.217803874391192
(13.28);2.333768012520137
(13.29);2.328164284005759
(13.30);1.7162597696712898
(13.31);3.5490749679994265
(14.15);5.810190274702227
(14.16);2.9958217800635496
(14.17);0.7949441286696025
(14.18);0.969439296205468
(14.19);3.88166795183105
(14.20);3.1126316226584816
(14.21);1.7344057585401982
(14.22);2.2467081036311844
(14.23);1.8946050025364531
(14.24);1.5270700320587474
(14.25);2.0187974859625357
(14.26);2.1954078878827823
(14.27);2.5329623264772287
(14.28);1.9624767492242001
(14.29);1.6744945138830731
(14.31);2.0459576013674172
(15.16);4.403285111761451
(15.17);0.7208407469071725
(15.18);0.867082179737846
(15.19);4.539557380545823
(15.20);4.559523913434357
(15.21);1.6652116092777423
(15.22);2.05560896834551
(15.23);1.7645131626855415
(15.24);1.417667758090285
(15.25);1.715860355195842
(15.26);2.068948032543322
(15.27);2.5519883606580573
(15.28);1.6259860866294193
(15.30);1.5531114150383192
(15.31);1.7268079131558363
(16.17);0.7615616752272663
(16.18);0.8825576389106552
(16.20);2.965268067230865
(16.21);2.132775343965731
(16.22);2.5695503111100075
(16.23);2.1971962843225072
(16.24);1.6695128274982634
(16.25);1.8660679263259656
(16.26);2.7029900941842295
(16.27);3.9039109213188836
(16.28);1.6796751123192095
(16.29);1.5684048534419854
(16.30);1.4747743699113256
(16.31);1.9447244327741504
(17.19);1.0648158914479084
(17.20);0.7591963124033504
(17.21);1.4757757909197198
(17.22);1.5169715223158091
(17.23);1.5607136868771638
(17.24);1.9796342141111132
(17.25);1.9084615997776133
(17.26);1.4383476726592317
(17.27);1.2262329434509331
(17.28);2.0185636293272826
(17.29);2.4977896236881905
(17.30);1.3289502922767846
(17.31);1.344550460784393
(18.19);1.1857558711319331
(18.20);0.899639563105106
(18.21);1.466317762750514
(18.22);1.5700844678252932
(18.23);1.5676221535150099
(18.24);1.818780206161209
(18.25);2.0138165666669834
(18.26);1.4854117228360673
(18.27);1.3057010128755704
(18.28);2.2652274449962446
(18.29);2.4686151885795113
(18.30);1.673270191069421
(18.31);1.47477395007091
(19.20);3.0002344280647404
(19.21);3.2387367334732433
(19.22);4.14170407801837
(19.23);3.405342345622342
(19.24);2.42551299498249
(19.25);2.7833647254409932
(19.26);4.3940083484933234
(19.27);7.1047937135729216
(19.29);2.2552445424013627
(19.30);2.1451574055182765
(19.31);3.1225640181864227
(20.21);1.5197275187355328
(20.22);1.7551250368140645
(20.23);1.5728269900247587
(20.24);1.3332695411568822
(20.25);1.5297347954626779
(20.26);1.7744352780217894
(20.27);2.0880766645029993
(20.28);1.4787083435587407
(20.29);1.3559662687257534
(20.30);1.4200822715418329
(20.31);1.4903236471802834
(21.22);9.151660416613192
(21.23);15.901879602527268
(21.24);7.393654438915604
(21.26);11.221643597572033
(21.27);5.9803099399027335
(21.28);3.0958318341045463
(21.29);3.605256383170196
(21.30);2.059881912138517
(21.31);4.138710669359752
(22.24);5.737960881767632
(22.25);6.277987844786183
(22.27);7.7744060893564715
(22.28);4.203477568627779
(22.29);4.389281793056731
(22.30);2.793303347247373
(22.31);8.432655897438195
(23.24);7.936549911034637
(23.25);5.61973119120715
(23.26);15.959641818624823
(23.27);6.122214262769265
(23.28);3.82001520441469
(23.29);4.4208345565157074
(23.30);2.4290711194641696
(23.31);5.895512854855893
(24.25);5.081619805694637
(24.26);5.3960933736266705
(24.27);3.5370568743717214
(24.28);3.74375024245243
(24.30);2.203683326267805
(24.31);3.9322894101687673
(25.26);5.01847202645279
(25.27);3.55644231014929
(25.28);11.923829531385604
(25.29);10.583049565556626
(25.30);4.403276703468404
(25.31);9.98743357999794
(26.28);3.594090110229501
(26.29);3.7904440278405422
(26.30);2.487816809469361
(26.31);6.110014026893383
(27.28);2.8386550760375533
(27.29);2.816533042085575
(27.30);2.2054405799608774
(27.31);4.184465840488903
(28.29);9.66811162239898
(28.30);6.259474402945433
(28.31);5.720358325264687
(29.30);3.5958428735581256
(29.31);4.844992412996206
(30.31);3.460108116361249

****Importance nodes******

0; 0.061111111111111116
1; 0.01803955985882265
2; 0.017306933844102246
3; 0.018616457653626056
4; 0.01990035128491061
5; 0.019299032622949852
6; 0.019880307329511914
7; 0.021315528228998525
8; 0.022672600232026843
9; 0.022672600232026843
10; 0.023428353573094404
11; 0.023594281018593313
12; 0.02447909336925485
13; 0.023239845164032734
14; 0.026586406010593575
15; 0.02616309573475622
16; 0.027281228154914898
17; 0.028173078465630566
18; 0.03793103448275863
19; 0.03928571428571429
20; 0.03666666666666667
21; 0.03793103448275863
22; 0.03928571428571429
23; 0.03793103448275863
24; 0.03928571428571429
25; 0.03793103448275863
26; 0.03928571428571429
27; 0.03928571428571429
28; 0.03793103448275863
29; 0.03928571428571429
30; 0.029582553601521042
31; 0.030173501364039467
