
****Importance edges******

(0.1);4.1863677623714235
(0.2);4.568492338641406
(0.3);6.267362300071615
(0.4);6.566866456269748
(0.5);3.99775657663375
(0.6);6.918921206806553
(0.7);4.158995733880866
(0.8);3.5478255326074444
(0.9);3.0856864332404825
(0.10);2.871722928802403
(0.11);3.083199705440678
(0.12);3.4085007123669064
(0.14);2.634081809031377
(0.15);2.4635368966546123
(0.16);2.983787026144837
(0.17);2.204990583876374
(0.30);3.497004372503666
(0.31);9.139219122822897
(1.2);3.1674804743174243
(1.3);2.1525168678760283
(1.4);1.3368584695112642
(1.6);1.2541408567346242
(1.7);5.353287812885785
(1.8);0.9899656060190131
(1.9);1.0373595817516148
(1.10);1.2902899123779399
(1.11);2.0678065358650053
(1.12);2.7462272805183345
(1.13);2.148943694983397
(1.14);2.3181676409212355
(1.15);1.7504738249021328
(1.16);1.731453639563389
(1.17);0.9043750112824491
(1.18);1.0983603116143619
(1.19);2.8946478722957503
(1.20);1.4773742650151425
(1.21);2.2826049195767424
(1.22);3.637508871820659
(1.23);2.720694616669699
(1.24);2.0129216158413494
(1.25);3.848854997086014
(1.26);3.18294538222953
(1.27);2.9663063527306583
(1.28);3.5562065016479965
(1.29);2.5517130659467964
(1.30);3.5099343366727287
(1.31);4.626616496787238
(2.3);4.611340530824126
(2.4);1.855055149315569
(2.5);5.058945487155948
(2.6);1.6042215770031014
(2.7);2.1528818858867664
(2.8);0.917871489749484
(2.9);0.9039607938762678
(2.10);1.0060987461600752
(2.11);1.3443153624457436
(2.12);5.005238605977469
(2.13);3.857414559115633
(2.14);2.4938974686225452
(2.15);2.234896191919552
(2.16);2.8052250559394976
(2.17);0.79692039651893
(2.18);0.9382834800211771
(2.19);5.980876413035338
(2.20);1.7055731952047133
(2.21);2.72368451276396
(2.22);4.376968529500501
(2.23);3.09170499320491
(2.24);2.008427345113505
(2.25);2.765454675241381
(2.26);4.267472709214907
(2.27);5.450225036344335
(2.28);2.3184252102384053
(2.29);2.0047624144505147
(2.30);1.915320513285483
(2.31);3.4236077568102576
(3.4);3.124147266402378
(3.5);2.6077806313008076
(3.6);2.4386044261558424
(3.7);1.7757420316748107
(3.8);1.023255412632824
(3.9);0.9630896598608517
(3.10);1.001414770609521
(3.11);1.226942545955356
(3.12);2.8377762835497995
(3.13);14.782245769518363
(3.14);1.7715257015542425
(3.15);1.7492027254820546
(3.16);2.4967406695349523
(3.17);0.828697591551146
(3.18);0.9405706960632259
(3.19);5.107448395057737
(3.20);1.4961625906589333
(3.21);3.999061613881799
(3.22);6.611209829795627
(3.23);4.432743169844026
(3.24);2.450625087701297
(3.25);2.8065782249480593
(3.26);7.699475842277425
(3.27);15.530435789133815
(3.28);2.205562702102551
(3.29);2.084815682460034
(3.30);1.63019371107
(3.31);3.4123518637482295
(4.5);1.4695833491553163
(4.7);1.2752070950568741
(4.8);1.1351575879513447
(4.9);0.9904739607007876
(4.10);0.9302115313025302
(4.11);1.0200013234475038
(4.12);1.6333051742728095
(4.13);4.638338088484635
(4.14);1.2209784891723567
(4.15);1.2588949232038762
(4.16);1.7554721986210877
(4.17);0.8440058982794609
(4.18);0.9140458009494172
(4.19);2.918507984179601
(4.20);1.2206059562354796
(4.21);7.206740913397777
(4.23);5.171862929487937
(4.24);2.972257269669707
(4.25);2.3149572570781514
(4.26);7.001246184955245
(4.27);6.947458588464707
(4.28);1.8257809721497071
(4.29);1.9297706471434644
(4.30);1.2592334756204928
(4.31);2.3366020345217575
(5.6);1.3412959644522522
(5.7);3.2273232697513032
(5.8);0.9467278943305214
(5.9);0.9698885860304884
(5.10);1.1554130547150836
(5.11);1.7128411743117113
(5.12);4.389365128775813
(5.13);2.488298303974609
(5.14);3.115035683863719
(5.15);2.2786780941266276
(5.16);2.249993505408454
(5.17);0.8574877165730664
(5.18);1.0319281477337972
(5.19);3.890373108546748
(5.20);1.741585112397808
(5.21);2.3144749590730846
(5.22);3.5938325721846613
(5.23);2.6739692411080567
(5.24);1.918045409791752
(5.25);3.094207923310898
(5.26);3.2955930019205297
(5.27);3.4604354435270817
(5.28);2.7956485380180287
(5.29);2.1959143514015964
(5.30);2.676101891051743
(5.31);3.6967574949914654
(6.7);1.237406628568814
(6.8);1.2697321505080539
(6.9);1.0710163396788384
(6.10);0.9673344065073836
(6.11);1.0231026448627778
(6.12);1.4431842226283167
(6.13);3.3562035805066457
(6.14);1.1224699998291399
(6.15);1.1438271009294894
(6.16);1.524924188584469
(6.17);0.897785428058645
(6.18);0.9500748966112189
(6.19);2.446853033900744
(6.20);1.1340681907144523
(6.22);4.726081388716928
(6.23);5.582609749709932
(6.24);3.5141668615268262
(6.25);2.342307467944307
(6.26);6.0825452288327195
(6.27);4.814352594457517
(6.28);1.839287310678296
(6.29);2.021166093830819
(6.30);1.234280848041199
(6.31);2.2517587203941307
(7.8);1.1786128888241143
(7.9);1.2943334315182728
(7.10);1.7725470204707385
(7.11);3.4425554462584014
(7.12);2.005011504520124
(7.13);1.8447919289719572
(7.14);1.8749218526630713
(7.15);1.4742342695459056
(7.16);1.4486081272047153
(7.17);1.095417612393594
(7.18);1.333479769753898
(7.19);2.280175623738258
(7.20);1.337215548403923
(7.21);2.25373225438418
(7.22);3.3808784911111553
(7.23);2.709132195081186
(7.24);2.2156647388101067
(7.25);5.35105900425904
(7.26);2.9068299793747014
(7.27);2.496460689900284
(7.28);6.1013678348518
(7.29);3.4356351484655385
(7.30);6.873410109373578
(7.31);4.8316716715527095
(8.9);4.250938988290342
(8.10);1.809136093833927
(8.11);1.296217726429125
(8.12);0.8986185228877986
(8.13);1.18674295472049
(8.14);0.8171858841569005
(8.15);0.7708996900439683
(8.16);0.8524328446416753
(8.17);2.227249829556617
(8.18);1.7279464358462158
(8.19);1.2632440548996862
(8.20);0.8119092501957974
(8.21);2.3711403210633755
(8.22);2.2178649458196045
(8.23);2.423112195848226
(8.24);4.066270855874116
(8.25);2.551094371813613
(8.26);2.0996246276942214
(8.27);1.6412857788098263
(8.28);2.3022244736074264
(8.29);3.421541636581246
(8.30);1.3150609399507718
(8.31);1.735114344016557
(9.10);2.8782100509464095
(9.11);1.6008195020664753
(9.12);0.8964168114405023
(9.13);1.094905518377046
(9.14);0.8386099202322
(9.15);0.7741081935213656
(9.16);0.8275792607479006
(9.17);3.4440963261870556
(9.18);2.402477454213339
(9.19);1.2165498592993453
(9.20);0.8145049436529876
(9.21);1.960557982537256
(9.22);2.0214435245034514
(9.23);2.0865214780445407
(9.24);2.9089585086342664
(9.25);2.7027843207220372
(9.26);1.878705591887468
(9.27);1.5076496713417606
(9.28);2.7222396196580934
(9.29);4.0999607807508776
(9.30);1.5121002492686249
(9.31);1.737452886496564
(10.11);3.0450045254473537
(10.12);1.0127846640186065
(10.13);1.1077612379083663
(10.14);0.9867289527604496
(10.15);0.8727363120203387
(10.16);0.8880317894412989
(10.17);2.356260092853684
(10.18);2.8842375301297563
(10.19);1.300422301752089
(10.20);0.9038710721650127
(10.21);1.7366264498968589
(10.22);2.0085075817192775
(10.23);1.9254109298367952
(10.24);2.1956746961070293
(10.25);3.2049047669175317
(10.26);1.8275378082475229
(10.27);1.5161844757294185
(10.28);4.237101641053378
(10.29);4.627295666833045
(10.30);2.3258249652940903
(10.31);1.9698171517703797
(11.12);1.3650238917632767
(11.13);1.3150757325552291
(11.14);1.3819292909712817
(11.15);1.143180843132093
(11.16);1.1053111805817075
(11.17);1.4059241343847773
(11.18);1.8476555481997092
(11.19);1.6296962975868894
(11.20);1.1296288988739962
(11.21);1.804392084228124
(11.22);2.320295800301878
(11.23);2.0619623189240244
(11.24);1.9937859181326893
(11.25);3.9139620500185632
(11.26);2.075740461388268
(11.27);1.7861569161411035
(11.28);6.7196401680339
(11.29);3.76170071008706
(11.30);6.778486041411367
(11.31);2.610851305747059
(12.13);2.6909437245047427
(12.14);4.870432797275394
(12.15);4.430692620957957
(12.16);4.548665570211528
(12.17);0.8080091066305924
(12.18);0.9554368447982509
(12.19);7.963236531226877
(12.20);2.5119093486338966
(12.21);2.230002323268099
(12.22);3.0505675342299035
(12.23);2.4021936333147074
(12.24);1.7439237743918794
(12.25);2.297821380708043
(12.26);3.038449536781278
(12.27);3.932302057957737
(12.28);2.0831565839557418
(12.29);1.7889034889913413
(12.30);1.9218631986249266
(12.31);2.522251950192925
(13.14);1.773988973869149
(13.15);1.7759856834480328
(13.16);2.545551043472453
(13.17);0.9230161778793778
(13.18);1.018156276886257
(13.19);4.807755709088911
(13.20);1.543573308516363
(13.21);5.112043281615578
(13.22);7.67726860561878
(13.23);5.4285005354539235
(13.24);2.8439014979295743
(13.25);2.9744443227300694
(13.26);10.353824130519104
(13.28);2.3145019131960436
(13.29);2.258918817025436
(13.30);1.6892735723740486
(13.31);3.516810407740038
(14.15);5.722716031542318
(14.16);2.91503887924786
(14.17);0.7791680394418055
(14.18);0.950447453013619
(14.19);3.8039416838060163
(14.20);3.112653080765745
(14.21);1.7353644166744315
(14.22);2.249211615165915
(14.23);1.8574886598634215
(14.24);1.466364482869306
(14.25);1.9792481449779376
(14.26);2.1978542354799044
(14.27);2.5357848116906503
(14.28);1.9240307621110309
(14.29);1.6079284056195668
(14.30);1.9727415359107263
(14.31);2.001097725596303
(15.16);4.386431986398227
(15.17);0.7229801672500962
(15.18);0.8668666268719737
(15.19);4.53463134464236
(15.20);4.650122155385971
(15.21);1.698561992482719
(15.22);2.0971113428496904
(15.23);1.764074512373063
(15.24);1.387979298976133
(15.25);1.7154337997601037
(15.26);2.11071972034901
(15.27);2.6035125456102106
(15.28);1.6255818735467016
(15.29);1.4249798886874645
(15.30);1.543596525754507
(15.31);1.7269144182147897
(16.17);0.7547346098197186
(16.18);0.8734315961376378
(16.20);2.9926284322928387
(16.21);2.1532248255056006
(16.22);2.5951431224324453
(16.23);2.174476286911129
(16.24);1.6186249852350396
(16.25);1.8467719450073667
(16.26);2.729911970431514
(16.27);3.9427940111719706
(16.28);1.6623065164972775
(16.29);1.5205988483174675
(16.30);1.4488415566691348
(16.31);1.9225568766048906
(17.18);4.240664958515954
(17.19);1.0590767120583953
(17.20);0.7703883377643798
(17.21);1.4979018570945786
(17.22);1.5401071893965308
(17.23);1.5534299214585114
(17.24);1.93082669799236
(17.25);1.8995549138683612
(17.26);1.4602842300773788
(17.27);1.244934492376377
(17.28);2.0091431032677836
(17.29);2.4362070815951014
(17.30);1.3143600116506264
(17.31);1.3378884723103333
(18.19);1.1774513569598857
(18.20);0.9090301465716106
(18.21);1.4820491789026398
(18.22);1.5874010259359799
(18.23);1.5575854933234308
(18.24);1.7754313812418578
(18.25);2.0009231583144103
(18.26);1.501794420037329
(18.27);1.320101669609637
(18.28);2.2507243850139096
(18.29);2.409778190441706
(18.30);1.6531630621812559
(18.31);1.464676498648397
(19.20);3.028816762154704
(19.21);3.27056343210053
(19.22);4.18369182035159
(19.23);3.3814928210630435
(19.24);2.3669994592412174
(19.25);2.7638712593986647
(19.26);4.438553899520433
(19.27);7.176820647935385
(19.28);2.416469959520514
(19.29);2.200838595119243
(19.30);2.118170928430295
(19.31);3.099125011594379
(20.21);1.56206638210478
(20.22);1.8040219595936453
(20.23);1.5892444128837768
(20.24);1.3231581292403873
(20.25);1.5457024150155882
(20.26);1.8238701746513146
(20.27);2.1462494563443046
(20.28);1.494143340742366
(20.29);1.3456827266026343
(20.30);1.429794239175176
(20.31);1.5081181003528785
(21.22);9.406621187675048
(21.23);16.072483200180688
(21.24);7.341872525314299
(21.25);4.2256323639764215
(21.26);11.534273084897038
(21.27);6.14691844197287
(21.28);3.1290455209031998
(21.29);3.5800067483534437
(21.30);2.07478038103483
(21.31);4.1893500292944905
(22.23);17.219782326975203
(22.24);5.701223735999602
(22.25);6.347228158642036
(22.27);7.9909972302921695
(22.28);4.24983798112516
(22.29);4.361179530184766
(22.30);2.8146397799241045
(22.31);8.538403578335044
(23.24);7.747390104153256
(23.25);5.5837510079673995
(23.26);16.135661689301433
(23.27);6.189736540213459
(23.28);3.795557656116201
(23.29);4.315468343193924
(23.30);2.39988178331376
(23.31);5.855147580801626
(24.25);4.960504430391152
(24.26);5.361545025715356
(24.27);3.5144109594446094
(24.28);3.654521663181502
(24.29);5.150191775196781
(24.30);2.1343755333847194
(24.31);3.8291986022039057
(25.26);5.073821062924245
(25.27);3.595666531006851
(25.28);11.847487521979518
(25.29);10.330813060465989
(25.30);4.350363998347955
(25.31);9.919051828743958
(26.28);3.6337295509884036
(26.29);3.766175808233329
(26.30);2.5068198067340837
(26.31);6.186635179404478
(27.28);2.869962777366823
(27.29);2.798500262312477
(27.30);2.2222866681249993
(27.31);4.236940121878496
(28.29);9.437681757041751
(28.30);6.1842563901798115
(28.31);5.681192295578612
(29.30);3.482750429580356
(29.31);4.71797374007051
(30.31);3.414255181991843

****Importance nodes******

0; 0.061111111111111116
1; 0.01704989965334793
2; 0.017049899653347935
3; 0.01759989641635916
4; 0.018065895553026852
5; 0.01880708937410573
6; 0.01876112897292552
7; 0.019962283845921004
8; 0.020606228486112002
9; 0.021270945534051098
10; 0.021957105067407584
11; 0.02266539877925944
12; 0.02339654067536458
13; 0.022354912972925564
14; 0.02487239401885781
15; 0.02567472930978871
16; 0.026122010114349333
17; 0.027345591871857675
18; 0.03666666666666667
19; 0.03793103448275863
20; 0.03666666666666667
21; 0.03793103448275863
22; 0.03928571428571429
23; 0.03666666666666667
24; 0.03666666666666667
25; 0.03666666666666667
26; 0.03928571428571429
27; 0.03928571428571429
28; 0.03666666666666667
29; 0.03666666666666667
30; 0.028227707738691793
31; 0.029138278956068946
