
****Importance edges******

(0.1);4.127751035251035
(0.2);4.537796495151686
(0.3);6.228588169818592
(0.4);6.481833904219957
(0.5);3.9452238016030536
(0.6);6.83024827045705
(0.7);4.110353093065749
(0.8);3.564589743999662
(0.9);3.025442236822224
(0.10);2.8435361730626236
(0.11);3.046479083442916
(0.12);3.368417826361186
(0.14);2.610885282445593
(0.15);2.43947581886782
(0.16);2.9389532659511746
(0.17);2.175833464425795
(0.30);3.484642556077765
(0.31);9.012384063556537
(1.2);3.2253678195988735
(1.3);2.193604301339682
(1.4);1.3415455126419684
(1.6);1.2585084984622625
(1.7);5.382235562363678
(1.8);1.0303067550482319
(1.9);1.0249058673536682
(1.10);1.3013056938013932
(1.11);2.075646976694606
(1.12);2.7567225684838763
(1.13);2.1615576656265167
(1.14);2.339797573785123
(1.15);1.7627950789586349
(1.16);1.724940867410782
(1.17);0.9039405731593124
(1.18);1.137724357599675
(1.19);2.8594238041800817
(1.20);1.4596115003922754
(1.21);2.25482861146761
(1.22);3.592704499553269
(1.23);2.687983164175222
(1.24);2.0850625501166857
(1.25);3.8915105138211215
(1.26);3.143740015359647
(1.27);2.929769398795932
(1.28);3.595618697238475
(1.29);2.643163703235046
(1.30);3.574473676096658
(1.31);4.616185623834242
(2.3);4.775117645039056
(2.4);1.8916295630918616
(2.5);5.153109161017056
(2.6);1.6353080885789253
(2.7);2.1976338075507065
(2.8);0.9691498163266687
(2.9);0.9065362647152541
(2.10);1.0293702631789803
(2.11);1.3686802962972104
(2.12);5.094809198116164
(2.13);3.9357799729016216
(2.14);2.5510297118176357
(2.15);2.2804032026786896
(2.16);2.831660743303511
(2.17);0.8067555171540279
(2.18);0.9818534464656138
(2.19);5.970018282594309
(2.20);1.7031405468001652
(2.21);2.718739732153656
(2.22);4.367281995806421
(2.23);3.0872953136671457
(2.24);2.1016903236226328
(2.25);2.8254085051370916
(2.26);4.258028497334522
(2.27);5.438163311865614
(2.28);2.3686876397495404
(2.29);2.097855208884778
(2.31);3.4580821150624987
(3.4);3.188140075320559
(3.5);2.658323462829512
(3.6);2.4877071796773915
(3.7);1.8139200931015973
(3.8);1.0806215227508977
(3.9);0.9667414091820816
(3.10);1.0252231227096869
(3.11);1.2500406353254054
(3.12);2.890522730949996
(3.13);15.09255656873779
(3.15);1.7859117181119843
(3.16);2.5221551127300965
(3.17);0.8395041891081346
(3.18);0.984466427117387
(3.19);5.10178186255342
(3.20);1.495103639204362
(3.21);3.9946247971253626
(3.22);6.601160608316028
(3.23);4.429605770301521
(3.24);2.5649939280389353
(3.25);2.8687829204844375
(3.26);7.687772426411367
(3.27);15.506829097932409
(3.28);2.2544465547424397
(3.29);2.1821124713965787
(3.30);1.681417257057491
(3.31);3.449098016846746
(4.5);1.4762528072197152
(4.7);1.2842374764284097
(4.8);1.182229945078731
(4.9);0.9806314924373151
(4.10);0.939558841151771
(4.11);1.0255041378144911
(4.12);1.642118395279323
(4.13);4.672815619419142
(4.14);1.2340678529088063
(4.15);1.2695405462874934
(4.16);1.7517682282031974
(4.17);0.844894814478123
(4.18);0.9473510146213164
(4.19);2.887242193711201
(4.20);1.207745019012129
(4.21);7.1295355562153535
(4.23);5.117369500118592
(4.24);3.0805578202016206
(4.25);2.343061809277766
(4.26);6.924979343387215
(4.27);6.871777672600688
(4.28);1.8479467190463086
(4.29);2.000085967966681
(4.30);1.2837606878698495
(4.31);2.3348705972518897
(5.6);1.3473276229258724
(5.7);3.2476654539956753
(5.8);0.9846494196950542
(5.9);0.9598256398072262
(5.10);1.166105638486218
(5.11);1.720887070015636
(5.12);4.41004121843924
(5.13);2.504954199869046
(5.14);3.1460855882826486
(5.15);2.296349217795814
(5.16);2.2440760271026545
(5.17);0.8579131656140875
(5.18);1.06856254112031
(5.19);3.8475309347662736
(5.20);1.7226974134228774
(5.21);2.28898713678958
(5.22);3.5536410906671736
(5.23);2.6449697246705637
(5.24);1.9861377767165396
(5.25);3.1298805144508655
(5.26);3.258736870599606
(5.27);3.4217358034137884
(5.28);2.827879089338268
(5.29);2.2738713199841487
(5.30);2.7259869488824604
(5.31);3.692138417202439
(6.7);1.2460630730611606
(6.8);1.321506694022404
(6.9);1.0606011031043776
(6.10);0.9769267497369668
(6.11);1.028569030703499
(6.12);1.450897850702676
(6.13);3.3808594195614927
(6.14);1.1343526959751014
(6.15);1.1533894782923424
(6.16);1.5218108037251046
(6.17);0.8987478479749452
(6.18);0.9842860868452618
(6.19);2.421030490507865
(6.20);1.1223016387959999
(6.22);4.6753453928709865
(6.23);5.52468724734344
(6.24);3.6407082862531137
(6.25);2.3704549203881786
(6.26);6.0172471596544
(6.27);4.762668978975049
(6.28);1.8613899820040933
(6.29);2.093946143043022
(6.30);1.2580083104922257
(6.31);2.2501895035103483
(7.8);1.2274403765804571
(7.9);1.2844809004500914
(7.10);1.7928098460638402
(7.11);3.46652199907972
(7.12);2.0189190967514024
(7.13);1.8612479530808694
(7.14);1.8973926828615033
(7.15);1.4886710418963296
(7.16);1.4480986252549002
(7.17);1.098308610974626
(7.18);1.3822546175881494
(7.19);2.259582132323223
(7.20);1.3254166452602876
(7.21);2.2333775872483397
(7.22);3.349623637204528
(7.23);2.6852282041268336
(7.24);2.296707370980765
(7.25);5.421126023027764
(7.26);2.8799575121814485
(7.27);2.4733819207721965
(7.29);3.561300783131551
(7.31);4.8358092750658805
(8.10);1.8862201355439416
(8.11);1.3450783645842634
(8.12);0.9320103445364876
(8.13);1.2340298481093934
(8.14);0.850817441413215
(8.16);0.8764787808912344
(8.17);2.295026281639326
(8.18);1.830696899057421
(8.19);1.280755955879639
(8.20);0.823741829684711
(8.21);2.40401059213331
(8.22);2.2469944684735537
(8.23);2.458426078109101
(8.24);4.308067248005147
(8.25);2.6435584707382542
(8.26);2.1272011775073607
(8.27);1.6628424887283275
(8.28);2.385668313955454
(8.29);3.6249999040147385
(8.30);1.3773502845579162
(8.31);1.7831236879805619
(9.10);2.8661592748541866
(9.11);1.5875781437879337
(9.12);0.8892033885921675
(9.13);1.0878101304599754
(9.14);0.8363772258658714
(9.15);0.7705913054478398
(9.16);0.815767903886401
(9.17);3.4061718607054443
(9.18);2.460992338013261
(9.19);1.1922390416810675
(9.20);0.798199318165705
(9.21);1.9213793437176578
(9.22);1.981122057698183
(9.23);2.0447512738766207
(9.24);2.979809275126585
(9.25);2.7065774355708534
(9.26);1.8412312997581488
(9.27);1.477576782616406
(9.28);2.7260600382701874
(9.30);1.5218309774722094
(9.31);1.716147318138745
(10.11);3.0743231906400585
(10.12);1.0224680436184546
(10.13);1.1205197442615962
(10.14);1.000850915268561
(10.15);0.8833595147582494
(10.16);0.8901866955385307
(10.18);2.9926822999030476
(10.19);1.2919540343702793
(10.20);0.8982158912764646
(10.21);1.725317648824903
(10.22);1.9949023775539456
(10.23);1.913364358784428
(10.24);2.2782301148022626
(10.25);3.25270627697774
(10.26);1.8151584549269908
(10.27);1.5059141638160585
(10.28);4.300298481974097
(10.30);2.377342541768048
(10.31);1.976560826402968
(11.12);1.372468080024263
(11.13);1.3246546701182589
(11.14);1.3961092889734394
(11.15);1.1525777878080103
(11.16);1.103821260651049
(11.17);1.4080409559831337
(11.18);1.9106153054222934
(11.19);1.6143014668188858
(11.20);1.1191722509473725
(11.21);1.7873469999280929
(11.22);2.297925525629468
(11.23);2.042875330242657
(11.24);2.0617251384498916
(11.25);3.9596077708833515
(11.26);2.0557279766594467
(11.27);1.7689363441705375
(11.28);6.798006492362577
(11.29);3.889882482756684
(11.30);6.902243151463861
(11.31);2.6104729249154577
(12.13);2.7104656929370305
(12.14);4.920053717626762
(12.15);4.466930276781239
(12.16);4.542990927011273
(12.17);0.8092716443854491
(12.18);0.9876609325593809
(12.19);7.889426840868393
(12.20);2.489107127579088
(12.21);2.2093328655251727
(12.22);3.0216937214750663
(12.23);2.3803873725620712
(12.24);1.8027412180153686
(12.25);2.324445551035675
(12.26);3.0096904216311873
(12.27);3.8950825727167393
(12.28);2.1072934973712116
(12.29);1.8492379667114482
(12.30);1.9566027987851784
(12.31);2.5220829314636553
(13.14);1.7953433745538108
(13.15);1.7936631650810793
(13.16);2.546336035424776
(13.17);0.9259135586237567
(13.18);1.0544252992385574
(13.19);4.768542411283249
(13.20);1.5313205918137383
(13.21);5.070348135745653
(13.22);7.612930926032831
(13.23);5.385409689807664
(13.24);2.9452076818010613
(13.25);3.0133832043806437
(13.26);10.267056159562472
(13.28);2.3448013931322658
(13.29);2.339386598766451
(13.30);1.7230000367439664
(13.31);3.521810073798762
(14.15);5.794939492385742
(14.16);2.9250316906956635
(14.17);0.7838813116819706
(14.18);0.9853884728809063
(14.19);3.7838420296611734
(14.20);3.0970417164305557
(14.21);1.7261949215849264
(14.22);2.236706483486915
(14.23);1.8481725133269507
(14.24);1.5202720085995967
(14.25);2.0092403123188656
(14.26);2.1856346397599626
(14.27);2.521686394820497
(14.28);1.9531862031469351
(14.29);1.6670402041601262
(14.30);2.016199208453573
(14.31);2.009732823570665
(15.16);4.393577711720343
(15.17);0.726054273649401
(15.18);0.8970673962815873
(15.19);4.504526017044291
(15.20);4.620354543031764
(15.21);1.6872852730885972
(15.22);2.0826765130339515
(15.23);1.7527818442466065
(15.24);1.436335114570227
(15.25);1.738605407185598
(15.26);2.096191221394557
(15.27);2.585592056720977
(15.28);1.6475397858934744
(15.29);1.474624767954391
(15.30);1.5745047437323847
(15.31);1.7314082307193581
(16.17);0.7513796176141491
(16.18);0.8972020205413661
(16.20);2.9515345235208064
(16.21);2.123461080254303
(16.22);2.5590274811207645
(16.23);2.144617006956079
(16.24);1.6626758336582654
(16.26);2.691920801202991
(16.27);3.8879236138353264
(16.28);1.6723396294752577
(16.29);1.561981917274628
(16.30);1.4652679715661345
(16.31);1.911406943172775
(17.19);1.0470003028964576
(17.20);0.7617094867552604
(17.21);1.4808216253184097
(17.22);1.5223281752561508
(17.23);1.535929673621725
(17.24);1.986624598095139
(17.25);1.9149868329790165
(17.26);1.4434266930473152
(17.27);1.2305629550598873
(17.28);2.0254653130786173
(17.29);2.50660969178786
(17.30);1.3322698857456003
(17.31);1.333638658887418
(18.19);1.1964258864277406
(18.20);0.9242192540479979
(18.21);1.5059322766218575
(18.22);1.6120060691999956
(18.23);1.5836113996709575
(18.25);2.0682224849073285
(18.26);1.5250725432556809
(18.27);1.3405635177267459
(18.28);2.326425560657904
(18.29);2.534527758255783
(18.30);1.7220396777071587
(18.31);1.504007198898444
(19.20);2.9732385783667374
(19.21);3.210549245111492
(19.22);4.106921909471179
(19.23);3.3194431019004247
(19.24);2.405143456209153
(19.25);2.759140446883859
(19.26);4.357107320294277
(19.27);7.045127419751959
(19.28);2.412333780497241
(19.29);2.236304923753748
(19.30);2.121677997907946
(19.31);3.0609046557906674
(20.21);1.5334027753926123
(20.22);1.770918516268637
(20.23);1.5600820947247815
(20.24);1.3452669571038918
(20.25);1.5435001025241852
(20.26);1.7904025205367593
(20.27);2.1068662066773065
(20.28);1.4920144894762375
(20.29);1.3681679210052329
(20.30);1.4327188594362692
(20.31);1.4896933992246668
(21.22);9.234011564100308
(21.23);15.777556337522556
(21.24);7.460186182823258
(21.25);4.218399510998017
(21.26);11.322621473157753
(21.27);6.0341237139568475
(21.28);3.123689653599558
(21.29);3.637698255641814
(21.30);2.0782156084990033
(21.31);4.137684333942771
(22.23);16.90380275405559
(22.24);5.789593879643292
(22.25);6.334480271230436
(22.27);7.844364024129391
(22.28);4.241302529941298
(22.29);4.428778712287515
(22.30);2.818170152298999
(22.31);8.432085444519057
(23.24);7.87684229162723
(23.25);5.57579529509908
(23.26);15.839575513962629
(23.27);6.076156108630552
(23.28);3.7901497561500084
(23.29);4.387576086510175
(23.30);2.404790701461141
(23.31);5.783615156243761
(24.25);5.127346723329446
(24.26);5.444650079299349
(24.27);3.568885054075914
(24.28);3.777438350876062
(24.29);5.4168072673046455
(24.30);2.223301161088295
(25.26);5.063630709270626
(25.27);3.588444929551651
(25.28);12.031126021820043
(25.29);10.678281057544083
(25.30);4.442467463675034
(25.31);9.984956852913879
(26.28);3.626431503077973
(26.29);3.8245523099411005
(26.30);2.509964083830449
(26.31);6.109600696220341
(27.28);2.8641986924076996
(27.29);2.8418775934994445
(27.30);2.2250740583687545
(27.31);4.1841827694395475
(28.29);9.755110052180395
(28.30);6.315185996121519
(28.31);5.718939766004069
(29.30);3.6278541206792676
(29.31);4.8446646585972575
(30.31);3.454396610437588

****Importance nodes******

0; 0.061111111111111116
1; 0.01739609560299216
2; 0.01797596545642523
3; 0.01857516430497274
4; 0.018501530316153127
5; 0.01923118427224386
6; 0.019211387698056557
7; 0.020511833146822405
8; 0.022527104444394163
9; 0.021172424641438498
10; 0.02267930495474307
11; 0.023214995578322784
12; 0.02396386640342997
13; 0.02298092756941151
14; 0.02570831627247326
15; 0.026433528810241653
16; 0.026417394089529936
17; 0.027807547324515795
18; 0.03928571428571429
19; 0.03793103448275863
20; 0.03666666666666667
21; 0.03793103448275863
22; 0.03928571428571429
23; 0.03666666666666667
24; 0.03928571428571429
25; 0.03793103448275863
26; 0.03928571428571429
27; 0.03928571428571429
28; 0.03793103448275863
29; 0.03928571428571429
30; 0.029575987599058048
31; 0.029549390409642492
