
****Mix criterion 0.5*C(weight)+0.5*C(distance) ******

(0.1);0.5122360368620724
(0.2);0.5335872288937127
(0.3);0.6106265224113335
(0.4);0.622672454898073
(0.5);0.4995993526162418
(0.6);0.637352938449269
(0.7);0.5073964399501605
(0.8);0.4684162573747354
(0.9);0.4330925616462612
(0.10);0.4135934003353531
(0.11);0.4302075098092839
(0.12);0.4538730636943067
(0.14);0.38457939029483973
(0.15);0.3642488520725496
(0.16);0.41542691588421576
(0.17);0.3277039429763706
(0.30);0.45200578811556213
(0.31);0.7111388277529511
(1.2);0.5307240942940176
(1.3);0.4714157410471866
(1.4);0.39069613739039766
(1.5);0.6733096948464302
(1.6);0.37593411184101394
(1.7);0.6157695885287854
(1.8);0.31429618165734546
(1.9);0.3218554363531591
(1.10);0.36698405625624997
(1.11);0.45160775114211205
(1.12);0.4964904972451448
(1.13);0.4588060986082478
(1.14);0.4652229115093343
(1.15);0.4131706873115277
(1.16);0.4101086014383432
(1.17);0.24961588769304513
(1.18);0.24272370382362038
(1.19);0.47018364857251677
(1.20);0.3280162863374803
(1.21);0.422597027529201
(1.22);0.5120349988869197
(1.23);0.4626134619356809
(1.24);0.4008809179836407
(1.25);0.5297848532975818
(1.26);0.4882580623401603
(1.27);0.47428273936581494
(1.28);0.5144470305235771
(1.29);0.4499452352748519
(1.30);0.5290691558431777
(1.31);0.5779092489570153
(2.3);0.5928130238328464
(2.4);0.44786583339626923
(2.5);0.6081123315331932
(2.6);0.4220222936892247
(2.7);0.466264651748007
(2.8);0.2957585718320992
(2.9);0.28765043423763376
(2.10);0.31105172349031085
(2.11);0.3729620828033251
(2.12);0.6012527079895894
(2.13);0.5554869397907374
(2.14);0.4784198394960343
(2.15);0.45782552533267185
(2.16);0.4962787516703374
(2.17);0.20948659618758053
(2.18);0.18896070053958228
(2.19);0.6178895904327519
(2.20);0.36395450874206037
(2.21);0.45902774652459377
(2.22);0.549801367757853
(2.23);0.48835990428919895
(2.24);0.4009803048808212
(2.25);0.46661462159568085
(2.26);0.5477305386934852
(2.27);0.5995543537159944
(2.28);0.43127716460839277
(2.29);0.4005829869827294
(2.30);0.42298780738989356
(2.31);0.5244170594525176
(3.4);0.5275001352424128
(3.5);0.4976545599693952
(3.6);0.48863189492682846
(3.7);0.4328862766151654
(3.8);0.3196268132825422
(3.9);0.300831118769875
(3.10);0.30679778722170126
(3.11);0.35106994025126675
(3.12);0.5018200285891399
(3.13);0.9179826713035563
(3.14);0.4168638950892734
(3.15);0.41190125406971856
(3.16);0.47518835438822093
(3.17);0.21871537233594004
(3.18);0.1863906252961977
(3.19);0.5828185038009539
(3.20);0.329523521800956
(3.21);0.5330580375228469
(3.22);0.6393684904059209
(3.23);0.5582526624068592
(3.24);0.4412372209749615
(3.25);0.46834655329784924
(3.26);0.6833053846142564
(3.27);0.9362396434639086
(3.28);0.4194561203153526
(3.29);0.40746568046207465
(3.30);0.3894253764614481
(3.31);0.5229268828389934
(4.5);0.4017532218547179
(4.6);0.733621897573348
(4.7);0.36946701362267853
(4.8);0.3414214532928206
(4.9);0.3053455136930558
(4.10);0.28491969160817043
(4.11);0.3049864445827953
(4.12);0.40497968578003507
(4.13);0.5871718151401153
(4.14);0.3377414070587852
(4.15);0.3412316047379839
(4.16);0.41021397431272333
(4.17);0.22165142515412165
(4.18);0.17273558717109927
(4.19);0.4707343192978059
(4.20);0.27076290196126274
(4.21);0.6620669802134458
(4.22);0.5788813183257556
(4.23);0.5901344389729861
(4.24);0.4788373857397751
(4.25);0.42849169771284296
(4.26);0.6583192609292112
(4.27);0.6563554212266416
(4.28);0.3765676576931193
(4.29);0.3891959320571274
(4.30);0.32987707462123644
(4.31);0.4548625097077173
(5.6);0.38206414017755186
(5.7);0.5268214144175095
(5.8);0.2931542453056239
(5.9);0.29557322213195
(5.10);0.33504672164254296
(5.11);0.4137378696772513
(5.12);0.5743812301356632
(5.13);0.4796201920846959
(5.14);0.5122294576022153
(5.15);0.4567523247029812
(5.16);0.4539505675739333
(5.17);0.2218581764325447
(5.18);0.21234875445521428
(5.19);0.525729775808415
(5.20);0.36284114615886753
(5.21);0.42160620190944487
(5.22);0.507741367551001
(5.23);0.4560077026447835
(5.24);0.38537468859099894
(5.25);0.4850527040455246
(5.26);0.49278013816589306
(5.27);0.5026032930489239
(5.28);0.4649330789271256
(5.29);0.41520951747748885
(5.30);0.4793803750516111
(5.31);0.5352441854250765
(6.7);0.3605191846328027
(6.8);0.3631041042296966
(6.9);0.32127124326715817
(6.10);0.29160872913400726
(6.11);0.30228815322606495
(6.12);0.37832858802866287
(6.13);0.5307596343674729
(6.14);0.3143385586211141
(6.15);0.31510272154465213
(6.16);0.37985339544577235
(6.17);0.23731105695508894
(6.18);0.18315108822501364
(6.19);0.4341976684753053
(6.20);0.24463112588390526
(6.21);0.7597788897096998
(6.22);0.5648301759891696
(6.23);0.6075829454714193
(6.24);0.5113828773697634
(6.25);0.4297841487608387
(6.26);0.624695167236754
(6.27);0.5720521986107944
(6.28);0.37650961518595766
(6.29);0.3979719215127018
(6.30);0.3221621485957208
(6.31);0.4470198910599625
(7.8);0.34063651463837824
(7.9);0.3584774717940138
(7.10);0.4187527248316113
(7.11);0.5312312135991668
(7.12);0.43697730345302865
(7.13);0.4248417729718552
(7.14);0.42027011694185884
(7.15);0.3688275633053465
(7.16);0.36360172144432756
(7.17);0.2888087305129422
(7.18);0.28807230904884007
(7.19);0.4155488725032282
(7.20);0.28888435453800937
(7.21);0.4130237797251215
(7.22);0.4937306354842448
(7.23);0.45620988811983354
(7.24);0.41411762391994844
(7.25);0.5951623740606018
(7.26);0.4651293190266995
(7.27);0.4332063832524173
(7.28);0.6249842456141954
(7.29);0.5037810519793506
(7.30);0.662204511510964
(7.31);0.584532205138238
(8.9);0.5692110821732457
(8.10);0.420515633620278
(8.11);0.3499330742381228
(8.12);0.2504595297380833
(8.13);0.3308224079499608
(8.14);0.21040013827548137
(8.15);0.18435042370455
(8.16);0.21634415236884771
(8.17);0.4440518171029524
(8.18);0.354850784577341
(8.19);0.2622886850196197
(8.20);0.10660187939214275
(8.21);0.4223412546996656
(8.22);0.40414955628249316
(8.23);0.43160319869819963
(8.24);0.5365551457478066
(8.25);0.44239169693109154
(8.26);0.3931491061197193
(8.27);0.332507161190876
(8.28);0.4206964357628762
(8.29);0.501844805233793
(8.30);0.32935827223163266
(8.31);0.38938151592170867
(9.10);0.49981843754944155
(9.11);0.392320761208755
(9.12);0.2455391727469066
(9.13);0.3076006240415251
(9.14);0.2145734716648398
(9.15);0.1810083504469418
(9.16);0.20180482744779432
(9.17);0.5215335905770239
(9.18);0.42815293656963926
(9.19);0.24719336832839003
(9.20);0.1031788417987561
(9.21);0.37791549037618327
(9.22);0.3810313023023149
(9.23);0.3972335110292884
(9.24);0.46792564108714796
(9.25);0.452858845959524
(9.26);0.364694067758331
(9.27);0.3068199137568491
(9.28);0.4543387773809251
(9.29);0.5372672114677226
(9.30);0.3599283112291706
(9.31);0.38751176029482953
(10.11);0.5067671998699119
(10.12);0.27739492487621953
(10.13);0.30709320322493444
(10.14);0.2615397153897671
(10.15);0.21808780898946206
(10.16);0.22120168283529423
(10.17);0.451248877442965
(10.18);0.46477463111411943
(10.19);0.2650676262261987
(10.20);0.14292864139956732
(10.21);0.3460908312000178
(10.22);0.3775074463560884
(10.23);0.376626085465548
(10.24);0.4067657309438717
(10.25);0.48625940222676217
(10.26);0.35562195528729473
(10.27);0.3057293348451253
(10.28);0.5430511419247057
(10.29);0.5614563157573357
(10.30);0.44667620533620706
(10.31);0.4116517387000011
(11.12);0.34991534917741357
(11.13);0.3456686534027999
(11.14);0.3467191134015671
(11.15);0.2952808433056065
(11.16);0.28397986953387017
(11.17);0.3408294312920193
(11.18);0.3644822673285585
(11.19);0.3270564390788687
(11.20);0.22255850552081605
(11.21);0.35339642103741187
(11.22);0.4089440420308807
(11.23);0.39054497677081684
(11.24);0.38271415999252234
(11.25);0.5256898880744487
(11.26);0.38462392440186177
(11.27);0.34745977751483437
(11.28);0.6458416223356711
(11.29);0.517571422568301
(11.30);0.6566161613315904
(11.31);0.4648194002519221
(12.13);0.48310570284059795
(12.14);0.587049764883836
(12.15);0.5675858417884658
(12.16);0.5731380318069128
(12.17);0.16987143904835056
(12.18);0.15624185787052122
(12.19);0.6843228806752297
(12.20);0.4325757877066991
(12.21);0.40167340664228846
(12.22);0.4664153978193982
(12.23);0.42288066523557405
(12.24);0.34764073073286383
(12.25);0.4130850587565329
(12.26);0.4675224214965666
(12.27);0.5216161235515555
(12.28);0.3908217695140108
(12.29);0.3540899000720217
(12.30);0.4050466252092126
(12.31);0.45665870101898975
(13.14);0.40201444450272206
(13.15);0.3996966334725473
(13.16);0.46792606405923964
(13.17);0.2236786352915301
(13.18);0.18704281306916104
(13.19);0.5645052852918768
(13.20);0.3192633101933214
(13.21);0.5776989916451216
(13.22);0.6737559326527306
(13.23);0.5956278717161774
(13.24);0.4610123097612977
(13.25);0.470247538903492
(13.26);0.7699006878625587
(13.28);0.41732893209737754
(13.29);0.41197889606834415
(13.30);0.3808307597270516
(13.31);0.5206502065987266
(14.15);0.618125225066346
(14.16);0.48759249843604513
(14.17);0.1452546811447767
(14.18);0.14495223465483711
(14.19);0.5121763515093467
(14.20);0.4747694996999095
(14.21);0.3360053992952595
(14.22);0.3961351242813247
(14.23);0.3587384652778152
(14.24);0.2949305691329539
(14.25);0.37438486235076596
(14.26);0.3920819538333923
(14.27);0.4250578269829338
(14.28);0.3674784064852559
(14.29);0.32096214963494357
(14.30);0.4062265607753515
(14.31);0.4066441095187584
(15.16);0.5631010330532277
(15.17);0.10800624538261802
(15.18);0.10007823272172016
(15.19);0.5479967683672823
(15.20);0.5577265074342805
(15.21);0.32751877291828263
(15.22);0.37725610635637286
(15.23);0.34291229903616
(15.24);0.2751763050999657
(15.25);0.3355505520647452
(15.26);0.38013164650115644
(15.27);0.4291204632252176
(15.28);0.3210185278291043
(15.29);0.2831665267520307
(15.30);0.34853970760443626
(15.31);0.371834721313442
(16.17);0.12314179342728818
(16.18);0.10059463027877788
(16.19);0.7808206108548204
(16.20);0.4645951896763346
(16.21);0.38658494760906814
(16.22);0.4262300331996891
(16.23);0.39363515341550726
(16.24);0.3184900706984735
(16.25);0.3536058073067966
(16.26);0.43917543603184933
(16.27);0.5187357934181482
(16.28);0.3258157818867448
(16.29);0.30078916543636197
(16.30);0.33144957975768113
(16.31);0.394852845166786
(17.18);0.5356793998323273
(17.19);0.1659611817597202
(17.20);0.031122549635826197
(17.21);0.28547101831333466
(17.22);0.2885112925288023
(17.23);0.30199390382790264
(17.24);0.36076752308344817
(17.25);0.3566168895119645
(17.26);0.27309272335214824
(17.27);0.2200488324492868
(17.28);0.37072120516560314
(17.29);0.41635057493540045
(17.30);0.3003422297386082
(17.31);0.3013876427925431
(18.19);0.1415479626744338
(18.20);0.026874264156642454
(18.21);0.23110380272119482
(18.22);0.24953917028649292
(18.23);0.25423976926365005
(18.24);0.29648482234128726
(18.25);0.3320010139932266
(18.26);0.23094106403152215
(18.27);0.1824269397373563
(18.28);0.3645969722076422
(18.29);0.38262799962264765
(18.30);0.31648121941907387
(18.31);0.27735952069570213
(19.20);0.43537319790012585
(19.21);0.44970203596173686
(19.22);0.505095992200968
(19.23);0.46154369362099024
(19.24);0.3734577590587356
(19.25);0.4130400879473615
(19.26);0.5212456126797513
(19.27);0.6420127738029533
(19.28);0.37889437252604174
(19.29);0.3538813701773206
(19.30);0.3764450054530075
(19.31);0.46157242223792405
(20.21);0.249409873789661
(20.22);0.29143797068031885
(20.23);0.26098872300746734
(20.24);0.19560912506690378
(20.25);0.251645106916235
(20.26);0.2958157085163478
(20.27);0.34411499289625364
(20.28);0.23997392223162933
(20.29);0.20202479095115655
(20.30);0.2736169760269236
(20.31);0.2862962142185082
(21.22);0.7177828791823437
(21.23);0.9383397016181831
(21.24);0.6503977260586775
(21.25);0.5133905476910069
(21.26);0.7939179405554546
(21.27);0.6008908128674639
(21.28);0.44317576100263345
(21.29);0.47489477278562514
(21.30);0.37132618452159505
(21.31);0.5264146754658883
(22.23);0.9726607868294044
(22.24);0.58297184031803
(22.25);0.610133156017095
(22.27);0.6712273992135456
(22.28);0.5126301577025323
(22.29);0.518691036137641
(22.30);0.4393811837513197
(22.31);0.6992451438981608
(23.24);0.6703729013063969
(23.25);0.5836751408719193
(23.26);0.9478533592865468
(23.27);0.6069369174884095
(23.28);0.49246009292910703
(23.29);0.5222574264372096
(23.30);0.4107484645645211
(23.31);0.6060567529158671
(24.25);0.5550225318775674
(24.26);0.5707047695097733
(24.27);0.4699497956565384
(24.28);0.48366918285072474
(24.29);0.5640050912276807
(24.30);0.3830231751378308
(24.31);0.5111736669914597
(25.26);0.5572196447717879
(25.27);0.4753789773603793
(25.28);0.8118897720729875
(25.29);0.7614191092805135
(25.30);0.5399576530340039
(25.31);0.7530605885915483
(26.28);0.4778756404559682
(26.29);0.4863471280486459
(26.30);0.4145524588769031
(26.31);0.6169059564506165
(27.28);0.4208197504121549
(27.29);0.4145185087225216
(27.30);0.38576531697516225
(27.31);0.5293320557424347
(28.29);0.7308513374490309
(28.30);0.6201753149193505
(28.31);0.5988944229414818
(29.30);0.49240285604857964
(29.31);0.5565182570716698
(30.31);0.5055418928773648
