
****Mix criterion 0.5*C(weight)+0.5*C(distance) ******

(0.1);0.5110978428647618
(0.2);0.5314323945156533
(0.3);0.6076791077757189
(0.4);0.6193445291286341
(0.5);0.4978095356055847
(0.6);0.6326020120461265
(0.7);0.5054332152791754
(0.8);0.46674626012898623
(0.9);0.4316442760204934
(0.10);0.4122494883104366
(0.11);0.42876893387249765
(0.12);0.45228753411777417
(0.14);0.3833622008795318
(0.15);0.3631141188304139
(0.16);0.41367270520638433
(0.17);0.32668592312985406
(0.30);0.450396322156063
(0.31);0.7069459671697693
(1.2);0.5313120991354828
(1.3);0.4717996833577446
(1.4);0.3908130771851762
(1.6);0.37552617983878
(1.7);0.6164821413612213
(1.8);0.31442057052331934
(1.9);0.32197806889869957
(1.10);0.3671270311545061
(1.11);0.4518216247548632
(1.12);0.4967543686657996
(1.13);0.45907760995087965
(1.14);0.4654144774782199
(1.15);0.413302700467844
(1.16);0.40978418653911675
(1.17);0.2496639053394012
(1.18);0.2425527423568202
(1.19);0.47167630898260404
(1.20);0.3277863307676286
(1.21);0.4237740805407027
(1.22);0.5139918924849821
(1.23);0.46218998164650554
(1.24);0.40056760364738964
(1.25);0.5291857731151999
(1.26);0.4877076379334116
(1.27);0.4737697781872939
(1.28);0.5138935015282764
(1.29);0.4495480572231739
(1.30);0.529230339101776
(1.31);0.5780887856735154
(2.3);0.591557309133545
(2.4);0.447203161537461
(2.5);0.6069555487139107
(2.6);0.4208009465418354
(2.7);0.46564288253687736
(2.8);0.29549326215870997
(2.9);0.28738892826621965
(2.10);0.31076042926407776
(2.11);0.3725725446898184
(2.12);0.5998011673028637
(2.13);0.5544456352390146
(2.14);0.4776969572075104
(2.15);0.4571772123528371
(2.16);0.4947384561036034
(2.17);0.20924859492274614
(2.18);0.18854188693685972
(2.19);0.6192749858763321
(2.20);0.3631932065665445
(2.21);0.45965865407946466
(2.22);0.5509428001489751
(2.23);0.4869798862729698
(2.24);0.40008382027875355
(2.25);0.4653802291542008
(2.26);0.5458096464620057
(2.27);0.5971010761802009
(2.28);0.43024230890047727
(2.29);0.3996881382645363
(2.30);0.4224151816956491
(2.31);0.523392412389766
(3.4);0.5263882030390044
(3.5);0.4970565430269818
(3.6);0.48679334267795765
(3.7);0.432373857315286
(3.8);0.3193312890761899
(3.9);0.300552738837656
(3.10);0.3065080888806331
(3.11);0.3507147054585383
(3.12);0.500997734913914
(3.13);0.9139917408493214
(3.14);0.416350802432387
(3.15);0.41139422934829445
(3.16);0.4738261344147193
(3.17);0.21846814789111776
(3.18);0.1859724499604646
(3.19);0.5839760879081488
(3.20);0.3288583317240391
(3.21);0.5339644099048766
(3.22);0.6410584962168651
(3.23);0.5562818760842291
(3.24);0.44014767930298004
(3.25);0.46709875576769955
(3.26);0.6798529019787668
(3.27);0.9292757200771823
(3.28);0.4184755327558076
(3.29);0.4065387767199069
(3.30);0.38893851708772076
(3.31);0.5219066878682658
(4.5);0.40129657572383487
(4.7);0.36899929486663824
(4.8);0.3410063091646124
(4.9);0.3049843338970586
(4.10);0.2845814715633963
(4.11);0.30461665402034716
(4.12);0.40438926620665133
(4.13);0.5855772549708831
(4.14);0.33730320985310186
(4.15);0.34078111591455484
(4.16);0.40914278805997667
(4.17);0.22134443928171238
(4.18);0.1722807479866481
(4.19);0.47122825863970097
(4.20);0.2701555150917057
(4.21);0.6632866763332673
(4.23);0.5875608634316969
(4.24);0.47735835802463056
(4.25);0.42733974967068244
(4.26);0.6548258736523658
(4.27);0.6528888721583477
(4.28);0.3756591291188438
(4.29);0.38823565708358354
(4.30);0.3294202275122161
(4.31);0.4540169467019885
(5.6);0.3811295265809844
(5.7);0.5260220393088355
(5.8);0.29291889648334474
(5.9);0.29533124216263357
(5.10);0.3347574160389336
(5.11);0.41330745282034576
(5.12);0.5732743097045672
(5.13);0.47904284231708233
(5.14);0.5114403497477537
(5.15);0.4561730885885139
(5.16);0.4528178741270761
(5.17);0.22163202578304658
(5.18);0.21192294548841434
(5.19);0.5266775304491162
(5.20);0.3621225083748969
(5.21);0.4221700435570311
(5.22);0.5087174469508718
(5.23);0.45490433117234963
(5.24);0.3845832372326729
(5.25);0.48377592767133354
(5.26);0.49140322735461206
(5.27);0.5011575104625561
(5.28);0.4637794984010749
(5.29);0.41430340785812736
(5.30);0.4786720131707837
(5.31);0.5342621200881771
(6.7);0.3596031046548628
(6.8);0.3621731779799908
(6.9);0.3204936607944005
(6.10);0.2909133194535275
(6.11);0.30155992897667394
(6.12);0.3773115919874118
(6.13);0.5284238046318864
(6.14);0.3135634654935236
(6.15);0.31432090725203843
(6.16);0.3784371879757505
(6.17);0.2367028098631394
(6.18);0.18243194033331195
(6.19);0.4339713893137474
(6.20);0.24377270645686086
(6.22);0.5645625440037767
(6.23);0.6033572554273846
(6.24);0.5087228705654901
(6.25);0.4280111669850886
(6.26);0.6201540806591296
(6.27);0.5684579151120036
(6.28);0.3751173885347474
(6.29);0.39644202388006056
(6.30);0.321334324497663
(6.31);0.44552487384727824
(7.8);0.34027951435867004
(7.9);0.3580854199155139
(7.10);0.4182158226917278
(7.11);0.5301884681236347
(7.12);0.4363699881294656
(7.13);0.42431685426475174
(7.14);0.4197032535617176
(7.15);0.36838185533055395
(7.16);0.3628124619670981
(7.17);0.2884692201438263
(7.18);0.2874746528478658
(7.19);0.4159951909544978
(7.20);0.2882850239874677
(7.21);0.4134649221875183
(7.22);0.4944888678409327
(7.23);0.4549956742319482
(7.24);0.41312457865562147
(7.25);0.592764067263443
(7.26);0.4638163341111614
(7.27);0.4320787578834309
(7.28);0.6222496557061707
(7.29);0.5022412246063831
(7.30);0.6600735414591671
(7.31);0.5830337853002686
(8.9);0.5679234783957611
(8.10);0.4199676486986357
(8.11);0.34954045160919534
(8.12);0.25018733938019405
(8.13);0.33048440452263883
(8.14);0.21015306404273704
(8.15);0.18411735009488062
(8.16);0.2158825550592216
(8.17);0.44336172064624135
(8.18);0.35407915399374035
(8.19);0.26252902139887263
(8.20);0.1062393137503134
(8.21);0.42279237202513775
(8.22);0.40463438777521465
(8.23);0.43052113536624426
(8.24);0.5347393146036775
(8.25);0.4412524819657973
(8.26);0.3922040863884302
(8.27);0.33176843512279647
(8.28);0.419668355969836
(8.29);0.5003168839307486
(8.30);0.3289506862844276
(8.31);0.3888435767263593
(9.10);0.49894663154512076
(9.11);0.3918358751062704
(9.12);0.24526764928449252
(9.13);0.3072884757196902
(9.14);0.21431991326844804
(9.15);0.18077430065278421
(9.16);0.20135945809066347
(9.17);0.5204667904483553
(9.18);0.42708404767485664
(9.19);0.24741808483884095
(9.20);0.10281645950564056
(9.21);0.3782776372664276
(9.22);0.38146162395794775
(9.23);0.39630519445645396
(9.24);0.4666314131476476
(9.25);0.45165634720543757
(9.26);0.3638515168388281
(9.27);0.3061437718310665
(9.28);0.4531276227483242
(9.29);0.5354430933933143
(9.30);0.35945979844252024
(9.31);0.3869732594855108
(10.11);0.5058448720406431
(10.12);0.27708815374570905
(10.13);0.3067770843937699
(10.14);0.2612413645242314
(10.15);0.21782393228778
(10.16);0.22072676197401425
(10.17);0.45051925642783663
(10.18);0.4634961959305486
(10.19);0.2653005701704458
(10.20);0.1425280015188375
(10.21);0.34640191215762495
(10.22);0.3779234076179033
(10.23);0.3757726491414515
(10.24);0.4057925004960129
(10.25);0.48483883163532515
(10.26);0.35480533253996893
(10.27);0.3050518382010421
(10.28);0.5411730511788146
(10.29);0.5594052719291257
(10.30);0.4459557869340356
(10.31);0.41104140580480186
(11.12);0.34950188525232956
(11.13);0.34529301107438093
(11.14);0.3463012573418658
(11.15);0.2949351870916501
(11.16);0.2833924686125661
(11.17);0.340394218328024
(11.18);0.36366639168847203
(11.19);0.3273391835248146
(11.20);0.22205969138750697
(11.21);0.35370947435960426
(11.22);0.4094110451973482
(11.23);0.38963446895001363
(11.24);0.3818337570604191
(11.25);0.5239615863377184
(11.26);0.3836998101134212
(11.27);0.3466645850722787
(11.28);0.6428744076247975
(11.29);0.515910355397179
(11.30);0.6545171885222781
(11.31);0.4640106956614819
(12.13);0.482336311248171
(12.14);0.5855770458277442
(12.15);0.5662461265277524
(12.16);0.5707360609796801
(12.17);0.16962139208612814
(12.18);0.15582157516895098
(12.19);0.6856592363969143
(12.20);0.43147083550301224
(12.21);0.40204763593365556
(12.22);0.46701144231541936
(12.23);0.4218239753712455
(12.24);0.34687360415696883
(12.25);0.4120742807204255
(12.26);0.466174754861948
(12.27);0.519871999709247
(12.28);0.38990541938405154
(12.29);0.3533029875771822
(12.30);0.404451699950722
(12.31);0.4558776802675496
(13.14);0.4015072275776248
(13.15);0.399188371787641
(13.16);0.4666103362952376
(13.17);0.22340729856898342
(13.18);0.18660588065683198
(13.19);0.5654131569083473
(13.20);0.31860089988892354
(13.21);0.5786643233463088
(13.22);0.6754173796655666
(13.23);0.5932982805835281
(13.24);0.45979187556064954
(13.25);0.4689710834488898
(13.26);0.7654142590786722
(13.28);0.4163356848648744
(13.29);0.41100950181091556
(13.30);0.38033354645185363
(13.31);0.5196137944993099
(14.15);0.6163975877870924
(14.16);0.48607360982266457
(14.17);0.14501407778812264
(14.18);0.14453765622568113
(14.19);0.5127741526851404
(14.20);0.4734117825313909
(14.21);0.33627811716923084
(14.22);0.3965496908270963
(14.23);0.3579282419158192
(14.24);0.2942909513592932
(14.25);0.37352152836606944
(14.26);0.3911150917266407
(14.27);0.42394230521369125
(14.28);0.36663915793082547
(14.29);0.320260782683532
(14.30);0.40561718184743634
(14.31);0.40602576304209753
(15.16);0.5608303624010598
(15.17);0.1077830681060423
(15.18);0.09970161000561448
(15.19);0.5486831420232746
(15.20);0.5557061947563036
(15.21);0.3277758717023078
(15.22);0.3776300447250648
(15.23);0.3421458714062717
(15.24);0.27457327746310173
(15.25);0.33480525709440306
(15.26);0.37920671406976936
(15.27);0.4279795854640717
(15.28);0.3203122703247907
(15.29);0.2825474236749979
(15.30);0.34806305239449964
(15.31);0.37130127826597903
(16.17);0.12275109918330876
(16.18);0.10006051459100672
(16.20);0.46276515536062424
(16.21);0.38652835448006895
(16.22);0.42624083049420114
(16.23);0.39230543062706974
(16.24);0.3175002587875518
(16.25);0.35247648032581036
(16.26);0.43751526258428713
(16.27);0.5163380157617793
(16.28);0.32479925810597987
(16.29);0.2998592978848736
(16.30);0.33070433943543254
(16.31);0.3938702535842583
(17.18);0.5338277730037629
(17.19);0.16610335003331045
(17.20);0.030786170381965794
(17.21);0.28567209356936296
(17.22);0.2887590324498302
(17.23);0.3013156204579583
(17.24);0.3599244547084917
(17.25);0.3557874755225885
(17.26);0.2724499070317211
(17.27);0.21950081296576493
(17.28);0.3698439410315987
(17.29);0.41528683930989174
(17.30);0.299928107949927
(17.31);0.30096610777755645
(18.19);0.1415170948558535
(18.20);0.026394937209734442
(18.21);0.23106494962980295
(18.22);0.24953917028649292
(18.23);0.25341846239953925
(18.24);0.2955486464546845
(18.25);0.330945937445887
(18.26);0.23014917551500277
(18.27);0.181730856878841
(18.28);0.36341017675111204
(18.29);0.38135733590802146
(18.30);0.31576212064756176
(18.31);0.2767248407152518
(19.20);0.43529379507318566
(19.21);0.4512004794853871
(19.22);0.5070851258033332
(19.23);0.4614550451122309
(19.24);0.373395706295829
(19.25);0.41296763087632404
(19.26);0.5210538163027709
(19.27);0.6417026529325813
(19.28);0.3788310228548436
(19.29);0.3538236734528851
(19.30);0.37671665474270766
(19.31);0.4619512230616528
(20.21);0.24936892298400082
(20.22);0.29143797068031885
(20.23);0.26015072255699695
(20.24);0.19491143055285792
(20.25);0.25083006593853796
(20.26);0.29485399110172816
(20.27);0.34298328653525734
(20.28);0.23918606809008952
(20.29);0.2013152193321272
(20.30);0.27299503902359534
(20.31);0.2856427099345711
(21.22);0.7222552512146492
(21.23);0.9379183487592089
(21.24);0.6502052530636689
(21.25);0.513279769396492
(21.26);0.7934195278203913
(21.27);0.6006251955710531
(21.28);0.4430937305995108
(21.29);0.4748009200772553
(21.30);0.3715922690992025
(21.31);0.526926732654949
(22.23);0.9726607868294044
(22.24);0.5829718403180301
(22.25);0.610133156017095
(22.27);0.6710869454812687
(22.28);0.5126301577025323
(22.29);0.518691036137641
(22.30);0.43981644086930105
(22.31);0.7005121539180601
(23.24);0.6662877421297353
(23.25);0.5807308575244003
(23.26);0.9393451074061849
(23.27);0.6036731010691465
(23.28);0.49045871479002
(23.29);0.5199819020519925
(23.30);0.40970455541748374
(23.31);0.6035195749413818
(24.25);0.5524068832627107
(24.26);0.567877654240188
(24.27);0.4680966647326368
(24.28);0.48174217226936117
(24.29);0.561289421446094
(24.30);0.38209475684739463
(24.31);0.5095143820256465
(25.26);0.5545442448761724
(25.27);0.4734830007891875
(25.28);0.8056426524985061
(25.29);0.7559717243923155
(25.30);0.5380653161687494
(25.31);0.7487624219816773
(26.28);0.4759595934490195
(26.29);0.4843612428076694
(26.30);0.41345305644449687
(26.31);0.6142028842068835
(27.28);0.41930643371853027
(27.29);0.4130428738475787
(27.30);0.38479070070562527
(27.31);0.5274808466587093
(28.29);0.7258748961290664
(28.30);0.6174852649934668
(28.31);0.5964326240265542
(29.30);0.4908879168313374
(29.31);0.5544738442037932
(30.31);0.5044661469246219
