
****Importance edges******

(0.1);4.154745747243333
(0.2);4.567274002429452
(0.3);6.2687712215928935
(0.4);6.522839314571572
(0.5);3.9704692986588306
(0.6);6.873139473689611
(0.7);4.1357546324112855
(0.8);3.5865483136509293
(0.9);3.0439759125907084
(0.10);2.8606563580772484
(0.11);3.065080900702131
(0.12);3.388818769612414
(0.14);2.626377612763213
(0.15);2.4538408087841024
(0.16);2.9555798076893263
(0.17);2.189349336391759
(0.30);3.504536849212138
(0.31);9.095063435319338
(1.2);3.2271867874117963
(1.3);2.194841399196919
(1.4);1.341913429949771
(1.6);1.2588726305974285
(1.7);5.383743407774243
(1.8);1.0308597197809206
(1.9);1.0251785910331213
(1.10);1.3016524592555192
(1.11);2.0767251309800256
(1.12);2.758152828782579
(1.13);2.161243626624711
(1.14);2.3409572251861475
(1.15);1.763668259264169
(1.16);1.7249949636220523
(1.17);0.9051113042864282
(1.18);1.1170042522439647
(1.19);2.876085976936168
(1.20);1.4680344172012152
(1.21);2.2679677424368343
(1.22);3.61384683941089
(1.23);2.703494592092578
(1.24);2.00019607838038
(1.25);3.9141867678162883
(1.26);3.1622402899680937
(1.27);2.9470104995715465
(1.28);3.6165707575139816
(1.29);2.658718187418221
(1.30);3.576295750021705
(1.31);4.649413164985185
(2.3);4.7778106046594955
(2.4);1.892157051994803
(2.5);5.155967279720567
(2.6);1.6357882452317232
(2.7);2.198258876453267
(2.8);0.9696703363833402
(2.9);0.9067814902606052
(2.10);1.0296489322621372
(2.11);1.3693920884669317
(2.12);5.097455698432365
(2.13);3.935247689382247
(2.14);2.552296368222701
(2.15);2.2815348174012593
(2.16);2.8317692468955906
(2.17);0.8077929086582486
(2.18);0.9641587305822238
(2.19);6.004480325722239
(2.20);1.7128746812802838
(2.21);2.734433708531628
(2.22);4.392747248145916
(2.23);3.1049404503644884
(2.24);2.0170253368827074
(2.25);2.8417182290188316
(2.26);4.282856701754916
(2.27);5.469872782683623
(2.28);2.382360933822297
(2.29);2.1100876253665333
(2.31);3.482693655304149
(3.4);3.189043791207566
(3.5);2.659798266993882
(3.6);2.4884482809426895
(3.7);1.8144437959236037
(3.8);1.081202336331667
(3.9);0.9670071973524784
(3.10);1.0255050356490498
(3.11);1.2506915149021793
(3.12);2.892026026034116
(3.13);15.090667578033964
(3.15);1.7867995592520876
(3.16);2.522269412565261
(3.17);0.8405758620892091
(3.18);0.9669141018554221
(3.19);5.1309502116856835
(3.20);1.5035652172194047
(3.21);4.017463211991778
(3.22);6.639291365332601
(3.23);4.454675239613518
(3.24);2.4627501484916396
(3.25);2.885184574664039
(3.26);7.732179857132096
(3.27);15.59640230596584
(3.28);2.2673358718438656
(3.29);2.1947171640206053
(3.30);1.6822765848947951
(3.31);3.4733641930939427
(4.5);1.4766649049486515
(4.7);1.2842652454466799
(4.8);1.1825656467213292
(4.9);0.9806435182297906
(4.10);0.9395794363259143
(4.11);1.0257823703030229
(4.12);1.6425701420590282
(4.13);4.671053557668969
(4.14);1.2343912914244357
(4.15);1.2698777176797924
(4.16);1.751440549083636
(4.17);0.8457845846284503
(4.18);0.9302677347951173
(4.19);2.903236715993086
(4.20);1.214360823985776
(4.21);7.169031209043424
(4.23);5.145401508578926
(4.24);2.957049954291304
(4.25);2.3560417229122907
(4.26);6.963780321005268
(4.27);6.910280558811522
(4.28);1.8581838321772752
(4.29);2.0112925415936997
(4.30);1.284138984999146
(4.31);2.350815422443744
(5.6);1.3477229663948964
(5.7);3.2485895253700297
(5.8);0.9851708854657206
(5.9);0.9600857956258372
(5.10);1.16642192022549
(5.11);1.7217702093308693
(5.12);4.412302326742637
(5.13);2.504646934223996
(5.14);3.147629362857012
(5.15);2.2974755876108093
(5.16);2.244177409073684
(5.17);0.8589934900276833
(5.18);1.049724852840823
(5.19);3.8692774878429748
(5.20);1.7323333602070365
(5.21);2.3019246754620544
(5.22);3.5739395323263037
(5.23);2.659764422401024
(5.24);1.907856254696364
(5.25);3.147570849859533
(5.26);3.277350815723114
(5.27);3.4412808004482276
(5.28);2.8438624884982606
(5.29);2.286859700957761
(5.30);2.727362704515182
(5.31);3.7177669350400704
(6.7);1.2461129671946072
(6.8);1.3218992130725946
(6.9);1.060633499172628
(6.10);0.976965221579292
(6.11);1.0288615353064305
(6.12);1.451315532768796
(6.13);3.3796658438324703
(6.14);1.1346641654252738
(6.15);1.153709913288835
(6.16);1.521555481747656
(6.17);0.8996943205729974
(6.18);0.9667647240971657
(6.19);2.434307367881766
(6.20);1.1283863045710851
(6.22);4.701283382369101
(6.23);5.55463986814512
(6.24);3.4965602518366183
(6.25);2.3834544424601836
(6.26);6.05062978286608
(6.27);4.789091424287435
(6.28);1.8715978032739902
(6.29);2.1055629859720355
(6.30);1.258392886648011
(6.31);2.2653668080374003
(7.8);1.2277947416751076
(7.9);1.2845197773986436
(7.10);1.7928794892243045
(7.11);3.4674807201011264
(7.12);2.019484582216058
(7.13);1.860611710318788
(7.14);1.8979001630617522
(7.15);1.4890740598334866
(7.16);1.447863270501168
(7.17);1.0994347514354463
(7.18);1.3581847425538043
(7.19);2.2716989874118756
(7.20);1.3324397376147834
(7.21);2.2453539222510908
(7.22);3.3678041961111815
(7.23);2.6994566399458026
(7.24);2.207751582567379
(7.25);5.4501964416236195
(7.26);2.895588891366057
(7.27);2.4868065530830603
(7.29);3.5806302498671236
(7.31);4.867581747749419
(8.10);1.8867410486108867
(8.11);1.345751757858053
(8.12);0.9324767227752876
(8.13);1.233919736088201
(8.14);0.851226113901978
(8.16);0.876535718131147
(8.17);2.297777987703362
(8.18);1.8001774797395929
(8.19);1.2876239223497787
(8.20);0.8281084421899663
(8.21);2.4169019349881573
(8.22);2.2591855734636823
(8.23);2.4714580666145602
(8.24);4.147400984984866
(8.25);2.657734372755758
(8.26);2.1387423420513634
(8.27);1.6718642676630593
(8.28);2.3984612975944546
(8.29);3.6446673998804804
(8.30);1.3780309695844255
(8.31);1.7947559111645484
(9.10);2.8662455990353073
(9.11);1.5879979086060632
(9.12);0.8894417692470052
(9.13);1.0874350438200104
(9.14);0.8365914028000079
(9.15);0.7707912481237508
(9.16);0.8156310397475013
(9.17);3.4095924140563083
(9.18);2.4185915881731876
(9.19);1.1985536827231884
(9.20);0.8023755682706953
(9.21);1.9315558439304132
(9.22);1.991745689626703
(9.23);2.0554495951202796
(9.24);2.8656391279507156
(9.25);2.7209127025440236
(9.26);1.8511047770372966
(9.27);1.4855001873474007
(9.28);2.7404984939817822
(9.30);1.5222683634827334
(9.31);1.727263903077119
(10.11);3.0751372466898332
(10.12);1.0227424173575108
(10.13);1.1201563424131844
(10.14);1.0011078363197092
(10.15);0.8835891696685038
(10.16);0.8900494751279647
(10.18);2.9423949749593215
(10.19);1.2986355584652272
(10.20);0.9028024072962856
(10.21);1.7342403745066113
(10.22);2.005353158028116
(10.23);1.9231344779379074
(10.24);2.1930787059452217
(10.25);3.269528110251404
(10.26);1.824667603220019
(10.27);1.5138032608044947
(10.28);4.322538087376763
(10.30);2.3780250378650245
(10.31);1.9890106256071807
(11.12);1.3731351885197285
(11.13);1.3245287086307789
(11.14);1.3967609748786824
(11.15);1.1531159949507535
(11.16);1.1038845864750757
(11.17);1.409697252612812
(11.18);1.8791039840051176
(11.19);1.6228518941336592
(11.20);1.1250305660592852
(11.21);1.7968139928803324
(11.22);2.3102435292549175
(11.23);2.053568775696459
(11.24);1.98566989771041
(11.25);3.9805805192428427
(11.26);2.066747683080303
(11.27);1.7784187073096618
(11.28);6.83401331115885
(11.29);3.9107341535313687
(11.30);6.905566362574068
(11.31);2.6272639239624547
(12.13);2.7102330824492302
(12.14);4.922351765523882
(12.15);4.469017420419541
(12.16);4.543280505402451
(12.17);0.8102155209040086
(12.18);0.9715702246083859
(12.19);7.930755361211237
(12.20);2.5019903908655454
(12.21);2.22090638792657
(12.22);3.037717085711222
(12.23);2.3927079179113195
(12.24);1.7370374166979508
(12.25);2.3366220877067776
(12.26);3.025650135059829
(12.27);3.915737322186873
(12.28);2.118332489674595
(12.29);1.8590440609854508
(12.30);1.957544966757426
(12.31);2.5380955275856474
(13.14);1.7951913087308742
(13.15);1.7935260694906667
(13.16);2.545093063297801
(13.17);0.926516226521985
(13.18);1.0365129879123884
(13.19);4.791786234422299
(13.20);1.5386755973285722
(13.21);5.0950630832402615
(13.22);7.650597047826021
(13.23);5.411276068265529
(13.24);2.8348778849229643
(13.25);3.0280716647552586
(13.26);10.317853965495688
(13.28);2.356230912716531
(13.29);2.3509610661308105
(13.30);1.7229494329045103
(13.31);3.5427563436931018
(14.15);5.7975459712051975
(14.16);2.925206554963904
(14.17);0.784764377980692
(14.18);0.9697642271164756
(14.19);3.8031145708054797
(14.20);3.1126185259720254
(14.21);1.7349870863710228
(14.22);2.248245615333323
(14.23);1.857468039146685
(14.24);1.4663482041768503
(14.25);2.0194741345250824
(14.26);2.196910292807183
(14.27);2.534695733327785
(14.28);1.9631345205363933
(14.29);1.6756404370700242
(14.30);2.017135966829767
(14.31);2.022086252329804
(15.16);4.393865617402039
(15.17);0.72686590610267
(15.18);0.8830052606187045
(15.19);4.527235056989923
(15.20);4.64335130536201
(15.21);1.695791524028488
(15.22);2.0933134402058533
(15.23);1.7615059166340166
(15.24);1.385958319880166
(15.25);1.7473703825663767
(15.26);2.106897172712879
(15.27);2.5987975421775364
(15.28);1.655845664618185
(15.29);1.4821561710140834
(15.30);1.5752365685762941
(15.31);1.741923721210552
(16.17);0.7519380138503481
(16.18);0.8828566183918306
(16.20);2.965277383184202
(16.21);2.133497853224831
(16.22);2.5713084305192515
(16.23);2.154602717888293
(16.24);1.6038316046128716
(16.26);2.704839514811268
(16.27);3.906582027439303
(16.28);1.6802441271591289
(16.29);1.569477976238012
(16.30);1.4654170432797304
(16.31);1.9223244385642935
(17.19);1.0527549634074738
(17.20);0.7658550972775058
(17.21);1.4889607115321424
(17.22);1.5307797564666004
(17.23);1.5442889842606393
(17.24);1.919465023196144
(17.25);1.9255122350026586
(17.26);1.4514402331734888
(17.27);1.2373947295210737
(17.28);2.0365979414277797
(17.29);2.52052575516853
(17.30);1.333729480406076
(17.31);1.3424007758131402
(18.19);1.1851226299578717
(18.20);0.9152155323587978
(18.21);1.4917049526045425
(18.22);1.5972682294110305
(18.23);1.5681838955976206
(18.24);1.787512089536381
(18.25);2.048682913381124
(18.26);1.5111294972346407
(18.27);1.3283073539760766
(18.28);2.3044466106297583
(18.29);2.5113557214033433
(18.30);1.6963332549088046
(18.31);1.4884069768656703
(19.20);2.997740793718778
(19.21);3.2370071182113573
(19.22);4.140766716205508
(19.23);3.3467983603460105
(19.24);2.3427138037329893
(19.25);2.781878297087999
(19.26);4.393013884486797
(19.27);7.103185737196552
(19.28);2.432213625397953
(19.29);2.254734129278433
(19.30);2.1319464715112386
(19.31);3.0899663708278307
(20.21);1.5460394219427607
(20.22);1.7855125105657126
(20.23);1.572938603358141
(20.24);1.3095823920832932
(20.25);1.556219960319357
(20.26);1.8051570809155384
(20.27);2.1242287183470903
(20.28);1.5043100585555251
(20.29);1.3794428806677832
(20.30);1.4395599083626032
(20.31);1.503872929500502
(21.22);9.310108296314478
(21.23);15.907577885717082
(21.24);7.266544165504592
(21.25);4.253162995506614
(21.26);11.415930268389834
(21.27);6.083850432752969
(21.28);3.149431723927288
(21.29);3.6676762287160223
(21.30);2.088273733312884
(21.31);4.176969518079197
(22.23);17.043105606629165
(22.24);5.64272859985276
(22.25);6.386682203789174
(22.27);7.909008784902204
(22.28);4.276254756351215
(22.29);4.465275914545199
(22.30);2.831998060748034
(22.31);8.511935735892488
(23.24);7.667901092686547
(23.25);5.6217449669731945
(23.26);15.970108157105319
(23.27);6.126229212944993
(23.28);3.8213840695405894
(23.29);4.423733741306982
(23.30);2.416273268845479
(23.31);5.8386660454095605
(24.25);4.994257583371545
(24.26);5.30653502772908
(24.27);3.4783527450913323
(24.28);3.6793884142344386
(24.29);5.279398507481046
(24.30);2.148953578819284
(24.31);3.8184198692318447
(25.26);5.105359674784691
(25.27);3.618017010003773
(25.28);12.130273544948208
(25.29);10.766279896239793
(25.30);4.463968068351716
(25.31);10.079758881513099
(26.28);3.6563166277680508
(26.29);3.8560701319568493
(26.30);2.52227971833295
(26.31);6.167457486094977
(27.28);2.8878023189996016
(27.29);2.865297273745324
(27.30);2.2359918236947216
(27.31);4.2238062072590274
(28.29);9.835501114310594
(28.30);6.345750163146392
(28.31);5.773238156997688
(29.30);3.645654903434092
(29.31);4.890542737886292
(30.31);3.4743918777217146

****Importance nodes******

0; 0.061111111111111116
1; 0.017263638022258717
2; 0.017839092623000673
3; 0.018433729043767364
4; 0.018350340899002553
5; 0.019084410107784402
6; 0.019055137102821175
7; 0.020344981171849574
8; 0.022354498953042957
9; 0.020999819150087296
10; 0.022494795636402134
11; 0.02303643817347671
12; 0.02377954908229854
13; 0.022777542939197516
14; 0.02550964615096612
15; 0.026229275359022468
16; 0.026193102279904214
17; 0.027628596801499414
18; 0.03793103448275863
19; 0.03793103448275863
20; 0.03666666666666667
21; 0.03793103448275863
22; 0.03928571428571429
23; 0.03666666666666667
24; 0.03666666666666667
25; 0.03793103448275863
26; 0.03928571428571429
27; 0.03928571428571429
28; 0.03793103448275863
29; 0.03928571428571429
30; 0.029348264150665267
31; 0.02963329026821962
