
****Importance edges******

(0.1);3.994504691030066
(0.2);4.389714964967853
(0.3);6.023052430004418
(0.4);6.320003864251683
(0.5);3.8405934481633395
(0.6);6.702232684522772
(0.7);4.000530183875131
(0.8);3.4132523014241114
(0.9);2.96917774257442
(0.10);2.7637986856070595
(0.11);2.9678788856420266
(0.12);3.281630834473828
(0.13);7.147470760374894
(0.14);2.538722599274233
(0.15);2.374854024548838
(0.16);2.889555823943859
(0.17);2.1268268979586167
(0.30);3.373791421938348
(0.31);8.787158382677319
(1.2);3.0635289389088673
(1.3);2.0823993140228736
(1.4);1.2973843319471854
(1.5);6.776056009361016
(1.6);1.234462216293314
(1.7);5.187029202106907
(1.8);0.9594674002106296
(1.9);1.005659806490317
(1.10);1.2511814789702305
(1.11);2.005643184038002
(1.12);2.6643451499507496
(1.13);2.1804642111614365
(1.14);2.2532917946448427
(1.15);1.7019402009210263
(1.16);1.6987525826699619
(1.17);0.8800092039336597
(1.18);1.0874658930891905
(1.19);2.800029990241325
(1.20);1.4627204821069308
(1.21);2.207992996957611
(1.22);3.433998385562353
(1.23);2.6937085852920584
(1.24);1.9929558447647273
(1.25);3.9019852029209217
(1.26);3.004866706603664
(1.27);2.8003481463021016
(1.28);3.520933193261657
(1.29);2.5264031291231386
(1.30);3.416274247132942
(1.31);4.472653585194755
(2.3);4.530797578930976
(2.4);1.8279349382973242
(2.5);4.963181878132874
(2.6);1.6025011406279446
(2.7);2.116469736197545
(2.8);0.9023547483280822
(2.9);0.8886864949178607
(2.10);0.9891066885058291
(2.11);1.321621891537252
(2.12);4.920784693926
(2.13);3.965241529007472
(2.14);2.4552461341511576
(2.15);2.2003155706293156
(2.16);2.7862604387886107
(2.17);0.7848467808479533
(2.18);0.938121019777812
(2.19);5.842325571227069
(2.20);1.7052778816430125
(2.21);2.6605886124305047
(2.22);4.172760256952139
(2.23);3.091169676153822
(2.24);2.008079593498758
(2.25);2.8305806204163604
(2.26);4.0683729843202645
(2.27);5.195943783881521
(2.28);2.3180237836632824
(2.29);2.00441529740468
(2.30);1.886356636719078
(2.31);3.3484817867947374
(3.4);3.0783362611270557
(3.5);2.5584741396921267
(3.6);2.4353844533791125
(3.7);1.745694148437097
(3.8);1.0059488759856703
(3.9);0.9468084991705191
(3.10);0.9844937838905459
(3.11);1.2062206450893715
(3.12);2.7898716063181253
(3.13);15.186214260432365
(3.14);1.7440248039736599
(3.15);1.722092942320755
(3.16);2.4795253055776607
(3.17);0.8161190552102312
(3.18);0.9402429883017088
(3.19);4.989419381313348
(3.20);1.4956413070430363
(3.21);3.9066465248431603
(3.22);6.304628381077852
(3.23);4.431198741182098
(3.24);2.449771256229437
(3.25);2.871505921971017
(3.26);7.342428264169335
(3.27);14.810243324209704
(3.28);2.204794253734962
(3.29);2.084089304014124
(3.30);1.6054957206274438
(3.31);3.33765267186123
(4.5);1.4458080681991903
(4.6);8.638156075737843
(4.7);1.2569724654812575
(4.8);1.11888509662541
(4.9);0.9762402645807379
(4.10);0.9168108262988662
(4.11);1.005271008289598
(4.12);1.6096602672108915
(4.13);4.774169854978799
(4.14);1.2048409622270675
(4.15);1.2422347262417668
(4.16);1.7471435295585171
(4.17);0.8330330649337457
(4.18);0.9152635135026198
(4.19);2.8564106201048327
(4.20);1.2222320751825584
(4.21);7.053402421018223
(4.22);4.835895924330823
(4.23);5.178753002617904
(4.24);2.9762169782366787
(4.25);2.371939504727369
(4.26);6.690425013473177
(4.27);6.639025323836751
(4.28);1.8282133189827385
(4.29);1.932341531380761
(4.30);1.2428453842700868
(4.31);2.2905020841602703
(5.6);1.3369557094795654
(5.7);3.168290236157735
(5.8);0.9294393170191105
(5.9);0.95220634790889
(5.10);1.1343833016419762
(5.11);1.6817171254629026
(5.12);4.309737510152621
(5.13);2.549857660406444
(5.14);3.062769253618136
(5.15);2.240552776952888
(5.16);2.231212843927227
(5.17);0.8434460369148467
(5.18);1.0302081741560423
(5.19);3.7973391648928008
(5.20);1.7386823130281879
(5.21);2.259126865992287
(5.22);3.4260887488942244
(5.23);2.669512383862196
(5.24);1.9148484939667303
(5.25);3.1601292619909414
(5.26);3.1417696506520243
(5.27);3.2989179938719047
(5.28);2.7909888709388433
(5.29);2.1922542955423605
(5.30);2.632413684305945
(5.31);3.6121987240106637
(6.7);1.2352080069023759
(6.8);1.267171529310056
(6.9);1.0685999444087406
(6.10);0.9649207118451573
(6.11);1.0203058519307082
(6.12);1.4388959983325569
(6.13);3.4915976979831513
(6.14);1.1200895220894593
(6.15);1.1411529032391878
(6.16);1.5339388637889928
(6.17);0.89553806759803
(6.18);0.9594661585645406
(6.19);2.4159296267331847
(6.20);1.1452781821476723
(6.21);9.935432207829235
(6.22);4.557451074451243
(6.23);5.637792505016588
(6.24);3.5489035561411097
(6.25);2.4193115721327407
(6.26);5.86551521408899
(6.27);4.642572693898168
(6.28);1.8574682235764388
(6.29);2.041144834776444
(6.30);1.2309315753391707
(6.31);2.230306129024558
(7.8);1.1592355057619257
(7.9);1.2730535058102235
(7.10);1.7434048628233103
(7.11);3.385956951343309
(7.12);1.972047436049819
(7.13);1.8914854799461496
(7.14);1.8464799840447823
(7.15);1.4518971260875366
(7.16);1.4384782313306066
(7.17);1.0791394707127093
(7.18);1.332544945819709
(7.19);2.2288138787419234
(7.20);1.336278105535893
(7.21);2.202966155433469
(7.22);3.229161973025911
(7.23);2.707232982453977
(7.24);2.214111467080787
(7.25);5.46772207559421
(7.26);2.776386331578418
(7.27);2.3844323149071687
(7.28);6.097090526104653
(7.29);3.4332266275124836
(7.30);6.771414929624497
(7.31);4.728945296203657
(8.9);4.181049990867044
(8.10);1.7793923811745251
(8.11);1.2749068213345136
(8.12);0.8838444817162758
(8.13);1.2160379343238854
(8.14);0.804774768738984
(8.15);0.7592054278692715
(8.16);0.8463609255318291
(8.17);2.1941051413554167
(8.18);1.7264292807443014
(8.19);1.234873598381563
(8.20);0.811196385354809
(8.21);2.317888272802251
(8.22);2.1190165592352077
(8.23);2.4209846779146957
(8.24);4.062700627395515
(8.25);2.6056160705763185
(8.26);2.0060461132442624
(8.27);1.5681350437007904
(8.28);2.300203096362492
(8.29);3.41853748712229
(8.30);1.295518851109659
(8.31);1.6983322719281462
(9.10);2.8308898670086005
(9.11);1.5745006886553035
(9.12);0.8816789682492588
(9.13);1.1212473748900709
(9.14);0.8258582850231875
(9.15);0.7623513260545947
(9.16);0.8215762201374637
(9.17);3.392769776091292
(9.18);2.399939086647646
(9.19);1.189310276558726
(9.20);0.8136443682800787
(9.21);1.9166594271472916
(9.22);1.931973614159242
(9.23);2.0843169377123516
(9.24);2.9058850121836284
(9.25);2.7593753854596326
(9.26);1.7955533203390328
(9.27);1.4409204853465405
(9.28);2.719363403382072
(9.29);4.095628915971786
(9.30);1.489598017760567
(9.31);1.7007302455353575
(10.11);2.994942100646825
(10.12);0.9961336358648434
(10.13);1.1337176828939084
(10.14);0.9717072090504202
(10.15);0.8594657617727803
(10.16);0.8814738093102946
(10.17);2.3210948702614838
(10.18);2.8806708038113844
(10.19);1.2713933954817846
(10.20);0.9027533206941896
(10.21);1.6978602995681038
(10.22);1.9202362494875376
(10.23);1.9230299144851153
(10.24);2.192959465255416
(10.25);3.2706071153392346
(10.26);1.7472198654594782
(10.27);1.4495501125834476
(10.28);4.23186192630073
(10.29);4.621573427570373
(10.30);2.291163747868936
(10.31);1.928307478580515
(11.12);1.3425817556806432
(11.13);1.3450649071265024
(11.14);1.3608660451175665
(11.15);1.125777310387154
(11.16);1.0970033048539471
(11.17);1.3849116861802342
(11.18);1.8450353291595105
(11.19);1.593429157809649
(11.20);1.128026936239742
(11.21);1.7642372774530553
(11.22);2.2190515100195514
(11.23);2.059038184642891
(11.24);1.9909584669717506
(11.25);3.9924744191424066
(11.26);1.9851671518144534
(11.27);1.7082193577987372
(11.28);6.710110832802164
(11.29);3.7563661227860323
(11.30);6.677322773736758
(11.31);2.555998562523016
(12.13);2.7506207268793887
(12.14);4.79610963581134
(12.15);4.363160390049176
(12.16);4.513876950908999
(12.17);0.7959154785251334
(12.18);0.9539071891781669
(12.19);7.786575136884235
(12.20);2.5078877785288727
(12.21);2.1805305641069808
(12.22);2.9184260198894685
(12.23);2.3983477182113333
(12.24);1.7411317501811536
(12.25);2.342893717870227
(12.26);2.9068329380559432
(12.27);3.7619664259968073
(12.28);2.079821447579632
(12.29);1.7860394521995626
(12.30);1.8931397064181474
(12.31);2.469421011362472
(13.14);1.813330690026988
(13.15);1.8142939560357438
(13.16);2.6193401604279445
(13.17);0.9420423602436648
(13.18);1.047271544702111
(13.19);4.841522904322667
(13.20);1.5877134383678415
(13.21);5.147947635742263
(13.22);7.5612809521683095
(13.23);5.583734314900439
(13.24);2.9252259032628602
(13.25);3.123722013561542
(13.26);10.197399257712279
(13.27);26.32706059732695
(13.28);2.3806875711277455
(13.29);2.323515016867275
(13.30);1.7230836295221978
(13.31);3.5634949154636297
(14.15);5.6417431933618305
(14.16);2.8952605975300783
(14.17);0.7683240653149105
(14.18);0.9494677805830128
(14.19);3.7235182015142505
(14.20);3.1094447177998608
(14.21);1.6986750925377545
(14.22);2.1551710813940317
(14.23);1.8555740559319134
(14.24);1.4648530296558409
(14.25);2.0181931868770353
(14.26);2.1059609764980993
(14.27);2.4297625256531346
(14.28);1.9220475699973565
(14.29);1.6062710355836123
(14.30);1.9452930666531107
(14.31);1.9615408317803296
(15.16);4.356170045469385
(15.17);0.7129156426600596
(15.18);0.865826746101244
(15.19);4.439159507931511
(15.20);4.64454393555257
(15.21);1.662800577526427
(15.22);2.0101466578054517
(15.23);1.7619583538929857
(15.24);1.3863142989191066
(15.25);1.748441049253361
(15.26);2.02319071225763
(15.27);2.4955480117719406
(15.28);1.6236318488495374
(15.29);1.4232705032537796
(15.30);1.5221137133952647
(15.31);1.6929194871954127
(16.17);0.7495277049252305
(16.18);0.8775273612834802
(16.19);10.698479102403194
(16.20);3.006661704367771
(16.21);2.120619251690802
(16.22);2.5029108066484564
(16.23);2.1846730146523448
(16.24);1.6262151706920704
(16.25);1.8929127946471318
(16.26);2.632889921534523
(16.27);3.802665700264486
(16.28);1.6701015368767589
(16.29);1.5277293617901737
(16.30);1.4386859394398823
(16.31);1.8978624045840204
(17.18);4.2349470462565355
(17.19);1.037162702856046
(17.20);0.7693495825304465
(17.21);1.4669078462671772
(17.22);1.4775758860072237
(17.23);1.5513353499516969
(17.24);1.928223262503996
(17.25);1.9348087948533692
(17.26);1.4009938918111384
(17.27);1.1943877661624025
(17.28);2.006434069638982
(17.29);2.4329222150766183
(17.30);1.2963449186815728
(17.31);1.3120576953040612
(18.19);1.1666018514883416
(18.20);0.9161824978873451
(18.21);1.4683929878586903
(18.22);1.5447222246595773
(18.23);1.5698407509675874
(18.24);1.7894006748054574
(18.25);2.0514367611073143
(18.26);1.4614172345854102
(18.27);1.2846094682683302
(18.28);2.268433337326682
(18.29);2.4287385959640493
(18.30);1.6506563108191328
(18.31);1.4551671663867631
(19.20);3.000908038928848
(19.21);3.1864200395199185
(19.22);4.004546171942493
(19.23);3.350334400252492
(19.24);2.3451889840717923
(19.25);2.7856177089671808
(19.26);4.248495059034067
(19.27);6.869509248411188
(19.28);2.394203643470455
(19.29);2.1805591922899126
(19.30);2.0745398272097173
(19.31);3.020959776429299
(20.21);1.5476728807007654
(20.22);1.7555190964520733
(20.23);1.601748766463669
(20.24);1.3335688860478367
(20.25);1.584723902424382
(20.26);1.7748336731837642
(20.27);2.088545478244066
(20.28);1.5058994284027793
(20.29);1.356270709472594
(20.30);1.4276261900948393
(20.31);1.4983267258621469
(21.22);9.003829747873636
(21.23);15.924384942540648
(21.24);7.2742215895334414
(21.25);4.258880114133314
(21.26);11.040375608828201
(21.27);5.88370744620872
(21.28);3.100213249999539
(21.29);3.547019141201067
(21.30);2.032043059131123
(21.31);4.083687453888998
(22.23);16.756811939563143
(22.24);5.547940859848274
(22.25);6.2830695371215874
(22.26);24.384712326170657
(22.27);7.516946541278407
(22.28);4.1355770050454685
(22.29);4.2439250296153705
(22.30);2.7013491077326535
(22.31);8.158268053516403
(23.24);7.808347439852112
(23.25);5.724713632813296
(23.26);15.701838926527982
(23.27);6.023319528105699
(23.28);3.8254215301560803
(23.29);4.349422932927678
(23.30);2.3962427551580507
(23.31);5.817133354562503
(24.25);5.085733102670752
(24.26);5.217394737950443
(24.27);3.4199226452183358
(24.28);3.6832758501846685
(24.29);5.190714062668258
(24.30);2.1311391020259554
(24.31);3.8043377391821096
(25.26);5.022534208709715
(25.27);3.559321058257063
(25.28);12.146579106927389
(25.29);10.591615973009482
(25.30);4.429194486899855
(26.27);9.660679967192607
(26.28);3.5360332418233114
(26.29);3.6649185542279583
(26.30);2.405919043875042
(26.31);5.911201980539102
(27.28);2.7928010715063336
(27.29);2.7232598948087636
(27.30);2.1328385077494754
(27.31);4.04830867080231
(28.29);9.511938497356734
(28.30);6.174878976974518
(28.31);5.64430746453862
(29.30);3.4774694082564426
(29.31);4.687342552953494
(30.31);3.3486297832721337

****Importance nodes******

0; 0.05789473684210527
1; 0.016101906601877335
2; 0.016621322943873376
3; 0.017157494651740258
4; 0.017710962221151233
5; 0.018282283583123855
6; 0.01887203466645043
7; 0.01948080997827141
8; 0.02010922320337694
9; 0.02075790782284071
10; 0.021427517752609763
11; 0.02211872800269395
12; 0.02283223535761956
13; 0.02356875907883309
14; 0.024329041629763192
15; 0.025113849424271677
16; 0.025923973599248182
17; 0.02676023081212716
18; 0.03666666666666667
19; 0.03666666666666667
20; 0.03666666666666667
21; 0.03666666666666667
22; 0.03666666666666667
23; 0.03666666666666667
24; 0.03666666666666667
25; 0.03793103448275863
26; 0.03666666666666667
27; 0.03666666666666667
28; 0.03666666666666667
29; 0.03666666666666667
30; 0.02762346406413126
31; 0.02820066051898139
