
****Importance edges******

(0.1);4.104565458642829
(0.2);4.510184600700956
(0.3);6.187675934512581
(0.4);6.595340530895727
(0.5);3.946697744121864
(0.6);6.88663776728298
(0.7);4.110209656473258
(0.8);3.506462826213371
(0.9);3.0499362102617575
(0.10);2.8386638952582337
(0.11);3.04793748020279
(0.12);3.369777523367722
(0.14);2.604592246887875
(0.15);2.436152776692739
(0.16);2.9576760463534906
(0.17);2.18099856451392
(0.30);3.459248956744887
(0.31);9.04132681590951
(1.2);3.099843108934422
(1.3);2.1070834623558934
(1.4);1.3601849957400052
(1.5);6.864234230583197
(1.6);1.2505243331127933
(1.7);5.254704384319005
(1.8);0.9720019966301944
(1.9);1.0188150192950127
(1.10);1.2675696596355612
(1.11);2.03194734781838
(1.12);2.6993330755181724
(1.13);2.113705770404115
(1.14);2.2798356651599248
(1.15);1.7219875468777057
(1.16);1.7116429094638483
(1.17);0.8902566904699308
(1.18);1.0744790529519184
(1.19);2.9024523903495276
(1.20);1.4452522404017372
(1.21);2.2333447208888595
(1.22);3.559610738945281
(1.23);2.724637196252172
(1.24);1.9691553751398112
(1.25);3.854432402589166
(1.26);3.1147818365016313
(1.27);2.902782184252566
(1.28);3.56135982795612
(1.29);2.4962320738571915
(1.30);3.4560474242915364
(1.31);4.5567719376216
(2.3);4.584504319397177
(2.4);1.915406378701408
(2.5);5.027683152513791
(2.6);1.6233248194796477
(2.7);2.1440469853126767
(2.8);0.9141277728539999
(2.9);0.9002964011584143
(2.10);1.0020453670627985
(2.11);1.3389327123045118
(2.12);4.985321161602373
(2.13);3.8460157083736592
(2.14);2.4841713292210588
(2.15);2.2262353790349154
(2.16);2.8075479974690105
(2.17);0.7939880884174684
(2.18);0.9271352955131196
(2.19);6.0546241761484305
(2.20);1.6853084830180398
(2.21);2.691146591631919
(2.22);4.324390146526434
(2.23);3.1266730599654435
(2.24);1.9845642812409023
(2.25);2.7967327576973755
(2.26);4.21620964599565
(2.27);5.3847541476860465
(2.28);2.344647261730738
(2.29);1.980942895331827
(2.30);1.9083227867899832
(2.31);3.411187726367951
(3.4);3.2239386298448682
(3.5);2.591679733892094
(3.6);2.466989678655598
(3.7);1.7684102069025411
(3.8);1.0190562227507527
(3.9);0.9591615118883385
(3.10);0.9973553279679469
(3.11);1.2219994294985312
(3.12);2.8264138031823625
(3.13);14.737980608167073
(3.14);1.7645727571416483
(3.15);1.7423808774455776
(3.16);2.4985993745215893
(3.17);0.8256266558485323
(3.18);0.9294531223670832
(3.19);5.169508127401213
(3.20);1.4784779041885987
(3.21);3.9515303354968467
(3.22);6.532188450281618
(3.23);4.482109179073854
(3.24);2.4216586260326847
(3.25);2.837834167656306
(3.26);7.607446816084748
(3.27);15.344806155208094
(3.28);2.230125331728753
(3.29);2.0601730988779217
(3.30);1.6241953325032026
(3.31);3.3998846527079434
(4.5);1.5141934106646857
(4.7);1.3150779007480307
(4.8);1.1700087270447173
(4.9);1.0203250707371407
(4.10);0.9577237319415473
(4.11);1.049597776054658
(4.12);1.6797856179357988
(4.13);4.778844127884879
(4.14);1.2544582757248774
(4.15);1.2927215328774095
(4.17);0.8658911219560171
(4.18);0.9257802396052373
(4.19);3.0237275811948483
(4.20);1.2362759868854716
(4.21);7.294779334146484
(4.22);5.119163114458035
(4.23);5.355976892453067
(4.24);3.010414844010103
(4.25);2.397367785065162
(4.26);7.082323003830695
(4.27);7.027912528626396
(4.28);1.8907772365271338
(4.29);1.9545448709900002
(4.30);1.291207171562223
(4.31);2.394681444294766
(5.6);1.3556952033963785
(5.7);3.212753568730604
(5.8);0.9424829275164006
(5.9);0.9655694591767525
(5.10);1.1503030452231142
(5.11);1.7053180448706444
(5.12);4.370219563572589
(5.13);2.4798606289364993
(5.14);3.1017259720767014
(5.15);2.269011320061658
(5.16);2.2506252420845816
(5.17);0.8540228462171758
(5.18);1.0196253460001234
(5.19);3.9352717769763843
(5.20);1.7208216741805236
(5.21);2.2867381598957057
(5.22);3.5505362501167013
(5.23);2.7021394541339925
(5.24);1.8951781855139067
(5.25);3.1268053425355435
(5.26);3.2558896898852314
(5.27);3.4187462094158625
(5.28);2.8251006400283645
(5.29);2.169734332038086
(5.30);2.6653735998848322
(5.31);3.6820542776296765
(6.7);1.2525213500200447
(6.8);1.2849332332965924
(6.9);1.0835785968372031
(6.10);0.9784463444526897
(6.11);1.0346081123222381
(6.12);1.4590662832003993
(6.13);3.3977068033186972
(6.14);1.1343393156273034
(6.15);1.1556504934694807
(6.16);1.5473696798006602
(6.17);0.9067723667358141
(6.18);0.949846196475406
(6.19);2.5030839117046026
(6.20);1.1337952000795428
(6.21);10.056936472494618
(6.22);4.721860412078811
(6.23);5.706739262271723
(6.24);3.5133209382829147
(6.25);2.394388752021325
(6.26);6.077112761805704
(6.27);4.810052780688465
(6.28);1.8801839249092023
(6.29);2.0206795627564706
(6.30);1.246349859993287
(6.31);2.273257851810911
(7.8);1.1755034337378105
(7.9);1.2909186787099756
(7.10);1.7678706289254071
(7.11);3.4334731838431893
(7.12);1.999721817566973
(7.13);1.8417453565250645
(7.14);1.870031703561097
(7.15);1.4703898140558442
(7.16);1.4511953963125837
(7.17);1.0927131740150917
(7.18);1.319547250353017
(7.19);2.3087108945568757
(7.20);1.3232439966834675
(7.21);2.2299754294923604
(7.22);3.344918792242024
(7.23);2.74042477588395
(7.24);2.192514937321167
(7.25);5.4128678914647494
(7.26);2.8759123551545764
(7.27);2.4699078354030095
(7.28);6.171843371751084
(7.29);3.399738800844772
(7.30);6.856456142491699
(7.31);4.819764736347633
(8.9);4.239724021965059
(8.10);1.804363171798092
(8.11);1.2927980024123416
(8.12);0.8962477580988373
(8.13);1.1847655609050636
(8.14);0.8150541619170998
(8.15);0.7688890385484801
(8.16);0.8539033498763237
(8.17);2.221745984314073
(8.18);1.7100441666500321
(8.19);1.278842360777001
(8.20);0.8034975207241262
(8.21);2.346352023685979
(8.22);2.1944660106828064
(8.23);2.4507144563402
(8.24);4.02414253871317
(8.25);2.580154508406157
(8.26);2.0774731524352603
(8.27);1.6239698734605363
(8.28);2.3284496726470714
(8.29);3.386092991777606
(8.30);1.3118142318133152
(8.31);1.7308345075661444
(9.10);2.870616663017914
(9.11);1.596596167678947
(9.12);0.8940518552787189
(9.13);1.0930649317557841
(9.14);0.8364219531440589
(9.15);0.7720888443327242
(9.16);0.8289562455289565
(9.17);3.435577614981049
(9.18);2.3777996045694096
(9.19);1.2313668939028815
(9.20);0.8061384840641764
(9.21);1.9402340341560758
(9.22);2.0002924344126116
(9.23);2.1099537055138464
(9.24);2.8790781696655863
(9.25);2.733137354548933
(9.26);1.859048020084695
(9.27);1.491874590990798
(9.28);2.752811142005213
(9.29);4.057846664126833
(9.30);1.508363638470525
(9.31);1.7331633495985648
(10.11);3.0369710948788855
(10.12);1.0101127023807146
(10.13);1.105882621242917
(10.14);0.9841541150862392
(10.15);0.8704593078003106
(10.16);0.8894548366273145
(10.17);2.3504266575924344
(10.18);2.854868819420152
(10.19);1.316040089206584
(10.20);0.8946674168627395
(10.21);1.7187776362957037
(10.22);1.987667935081311
(10.23);1.9467213007957354
(10.24);2.1733172673971044
(10.25);3.2403765243552427
(10.26);1.8085758473925868
(10.27);1.500453019697211
(10.28);4.283997712101046
(10.29);4.580178289575662
(10.30);2.320072213536129
(10.31);1.964949458611048
(11.12);1.3614226410698413
(11.13);1.3128260405921381
(11.14);1.3783225983721485
(11.15);1.1401977492489173
(11.16);1.1070143621436916
(11.17);1.4024402268982148
(11.18);1.8290082229186155
(11.19);1.6489895631755438
(11.20);1.1182282037905693
(11.21);1.7860079120569918
(11.22);2.2964263972683607
(11.23);2.084446653518533
(11.24);1.973663783034234
(11.25);3.956641216129003
(11.26);2.0543868539476096
(11.27);1.7677823195457343
(11.28);6.79291339737769
(11.29);3.7237360273195055
(11.30);6.761704422263384
(11.31);2.604393562940514
(12.13);2.6863004564383908
(12.14);4.857719380674213
(12.15);4.4191289712188215
(12.16);4.555393964537254
(12.17);0.8060049789756459
(12.18);0.9458808653144825
(12.19);8.056135440991937
(12.20);2.486786019623385
(12.21);2.207482524453579
(12.22);3.019457833184477
(12.23);2.4279919587748955
(12.24);1.726481596083523
(12.25);2.3224988017979853
(12.26);3.0074634151267894
(12.27);3.892200424386047
(12.28);2.1055286154156985
(12.29);1.7710114376932231
(12.30);1.9171007840521317
(12.31);2.5160075659211563
(13.14);1.7709279264464857
(13.15);1.7728957190957704
(13.16);2.5517343775215413
(13.17);0.9215053626570275
(13.18);1.0085610369123548
(13.19);4.868361271505917
(13.20);1.5290264686561597
(13.21);5.0633010366036055
(13.22);7.603195952588698
(13.23);5.491922168838858
(13.24);2.8171001925167873
(13.25);3.0091950086935393
(13.26);10.253927245083428
(13.28);2.3415424358686967
(13.29);2.2376304660885746
(13.30);1.6864876593650804
(13.31);3.5109672744520446
(14.15);5.707928104805721
(14.16);2.9190804422588728
(14.17);0.7772520694554772
(14.18);0.9411300228299704
(14.19);3.847121289848603
(14.20);3.0821391079269564
(14.21);1.7181812005272112
(14.22);2.226712507306991
(14.23);1.8768818552140987
(14.24);1.4519894128435031
(14.25);1.999912575804581
(14.26);2.1758688610630075
(14.27);2.5104190810494984
(14.28);1.944118693325144
(14.29);1.592165555593337
(14.30);1.9678943035405347
(14.31);1.9961845934891844
(15.16);4.392243784033542
(15.17);0.7212009944872961
(15.18);0.8584490974661693
(15.19);4.585308101247484
(15.20);4.604968104266495
(15.21);1.681899975547176
(15.22);2.076325876162478
(15.23);1.7821967061956092
(15.24);1.374501612557476
(15.25);1.7330563115026378
(15.26);2.0897993745681607
(15.27);2.5777078960521265
(15.28);1.6422813437676065
(15.29);1.4111429156816067
(15.30);1.5398008302631143
(15.31);1.7226712087947293
(16.17);0.7557345945075564
(16.18);0.867811213390114
(16.20);2.9733713808133806
(16.21);2.139017886048516
(16.22);2.577584928476358
(16.23);2.2036273837385
(16.24);1.6082094106417288
(16.25);1.871529827220677
(16.26);2.7114419587217347
(16.27);3.9161178940134813
(16.28);1.6845914494307228
(16.29);1.5108140551284182
(16.30);1.4506748924738486
(16.31);1.924875259855167
(17.18);4.200708356804405
(17.19);1.070645383498851
(17.20);0.7631295469199254
(17.21);1.4836351207682892
(17.22);1.5252764072277176
(17.23);1.5690253584331117
(17.24);1.912633967819046
(17.25);1.9186252230788414
(17.26);1.446222119680169
(17.27);1.2329461370216364
(17.28);2.029313607393613
(17.29);2.413252531542598
(17.30);1.3112775392866112
(17.31);1.3347508203691028
(18.19);1.1812105348805386
(18.20);0.895667209260364
(18.21);1.4602627394269492
(18.22);1.564065891807158
(18.23);1.5611488030972493
(18.24);1.7493321607292782
(18.25);2.0055006977671366
(18.26);1.47971772129964
(18.27);1.3006958931103694
(18.28);2.2558733981715626
(18.29);2.3743539363459205
(18.30);1.6377455800758085
(18.31);1.4511583345795542
(19.20);3.038486682725685
(19.21);3.280029834155541
(19.22);4.194509791345519
(19.23);3.4487596270834002
(19.24);2.3745564356316056
(19.25);2.8188519444715854
(19.26);4.450030879518442
(19.27);7.195378094547569
(19.29);2.2078650797419748
(19.30);2.140933727807709
(19.31);3.1318787380559345
(20.21);1.5391036726514167
(20.22);1.7775024514727304
(20.23);1.5928801492036704
(20.24);1.3037074221317286
(20.25);1.549238539707587
(20.26);1.7970588935297398
(20.27);2.114699130925953
(20.28);1.49756151303042
(20.29);1.3259009031017985
(20.30);1.4164599059800767
(20.31);1.494198994028325
(21.22);9.268341847088136
(21.23);16.104624675530083
(21.24);7.233945431066704
(21.26);11.364716806983061
(21.27);6.056557427976555
(21.28);3.135302932295368
(21.29);3.5273798845112356
(21.30);2.0552177815527832
(21.31);4.150252556962166
(22.24);5.6174145293755045
(22.25);6.358030653291642
(22.27);7.873527864237071
(22.28);4.257070878841352
(22.29);4.297069259601612
(22.30);2.7878035116379802
(22.31);8.457810810830889
(23.24);7.765113915140227
(23.25);5.691381388485491
(23.26);16.163123345745785
(23.27);6.200270996229048
(23.28);3.8687194633356192
(23.29);4.3253408995266724
(23.30);2.4235710445149925
(23.31);5.911954049267741
(24.25);4.971852644659743
(24.26);5.282729168683252
(24.27);3.462748367709742
(24.28);3.6628821626962096
(24.29);5.07448285608952
(24.30);2.114470239499889
(24.31);3.7938571906331298
(25.26);5.08245631653659
(25.27);3.6017860791768785
(25.28);12.075855439595204
(25.29);10.354447003711893
(25.30);4.393306492346556
(25.31);10.015286175897025
(26.28);3.639913879493945
(26.29);3.7108122194476727
(26.30);2.4829184573115657
(26.31);6.128240416721686
(27.28);2.874847233506132
(27.29);2.7573617107343718
(27.30);2.201098208536011
(27.31);4.19694825137966
(28.29);9.459272471510529
(28.30);6.245301257464931
(28.31);5.736311055018069
(29.30);3.450270123399944
(29.31);4.674429419430683
(30.31);3.406247979133496

****Importance nodes******

0; 0.061111111111111116
1; 0.016665960414569986
2; 0.017203572040846438
3; 0.017758525977647932
4; 0.019595614871887372
5; 0.018963498263116812
6; 0.019574544318261687
7; 0.020206660927032247
8; 0.020858488698871996
9; 0.02153134317302916
10; 0.022225902630223643
11; 0.0229428672311986
12; 0.023682959722527583
13; 0.022670961576691635
14; 0.025178247506373364
15; 0.025990449038837023
16; 0.026648725520178725
17; 0.027688486927837527
18; 0.03666666666666667
19; 0.03928571428571429
20; 0.03666666666666667
21; 0.03793103448275863
22; 0.03928571428571429
23; 0.03793103448275863
24; 0.03666666666666667
25; 0.03793103448275863
26; 0.03928571428571429
27; 0.03928571428571429
28; 0.03793103448275863
29; 0.03666666666666667
30; 0.0285816639255097
31; 0.02950365308439711
