
****Importance edges******

(0.1);4.169134608264367
(0.2);4.54968617134374
(0.3);6.197949541265744
(0.4);6.6066634755832805
(0.5);3.955385810608039
(0.6);6.898571200188281
(0.7);4.157062930859078
(0.8);3.513755693490529
(0.9);3.0563625505427163
(0.10);2.844723485065224
(0.11);3.0545292443377017
(0.12);3.417985346822648
(0.14);2.637000229384924
(0.15);2.4447298309119745
(0.16);2.967114694759624
(0.17);2.187794279360766
(0.30);3.4839514874220074
(0.31);9.07151667509946
(1.2);3.264091383334135
(1.3);2.1829614486259943
(1.4);1.406970369177958
(1.6);1.2936061697208583
(1.8);1.0051370759542875
(1.9);1.0530314321856709
(1.10);1.309502840340287
(1.11);2.0981499730084563
(1.12);2.8546586407598804
(1.13);2.185706097511273
(1.14);2.3987399013361985
(1.15);1.779124268958315
(1.16);1.7665221627650431
(1.17);0.9180635406158574
(1.18);1.0986663089339916
(1.19);2.964857864428966
(1.20);1.4777858535989652
(1.21);2.2825031583918
(1.22);3.636145739636675
(1.23);2.7846095355320846
(1.24);2.013482405058293
(1.25);3.9392728092669924
(1.26);3.181752594680889
(1.27);2.9651947492131283
(1.28);3.63974937655137
(1.29);2.552423959585602
(1.30);3.589652938712406
(1.31);4.696059958788249
(2.3);4.676562007715404
(2.4);1.9523440123262854
(2.5);5.131576782090284
(2.6);1.6547032324692494
(2.7);2.2299032613506053
(2.8);0.9319380993635077
(2.9);0.9176173297670903
(2.10);1.0210799550709908
(2.11);1.3640421347495577
(2.13);3.9234041088046907
(2.14);2.5805775485024536
(2.15);2.2714752983346655
(2.16);2.862041535290848
(2.17);0.8089825035962492
(2.18);0.9385448807900351
(2.19);6.125943206799067
(2.20);1.7060483587923319
(2.21);2.723563087737205
(2.22);4.375328289742718
(2.23);3.1643357370511285
(2.24);2.008986882250615
(2.25);2.830421103337606
(2.26);4.2658735022853325
(2.27);5.448182600870281
(2.28);2.3728899628398126
(2.29);2.005320930557505
(2.30);1.9588218039454603
(2.31);3.4749945910835347
(3.4);3.237290348272001
(3.5);2.6052594580408135
(3.6);2.4772953843323577
(3.7);1.812339715529396
(3.8);1.0239810253764707
(3.9);0.9638065281771514
(3.10);1.0021953305842748
(3.11);1.2279418288515305
(3.12);2.910248348423088
(3.13);14.828162932341952
(3.14);1.8093606099839212
(3.15);1.7552370906622223
(3.16);2.5152654632945914
(3.17);0.8309464349530025
(3.18);0.9312973050584634
(3.19);5.179517270421071
(3.20);1.4814114392909916
(3.21);3.959277063846592
(3.22);6.544835999491372
(3.23);4.490896074098366
(3.24);2.426463581565232
(3.25);2.843397564247489
(3.26);7.622176268350148
(3.27);15.37451659489294
(3.28);2.2344973531138845
(3.29);2.0642608096820148
(3.30);1.6472101098691792
(3.31);3.4228118034021264
(4.5);1.5220481547648035
(4.7);1.3464896357497957
(4.8);1.17562631019635
(4.9);1.025234323684756
(4.10);0.9623414801669852
(4.11);1.054669111294476
(4.12);1.7277902659933877
(4.13);4.807675308105065
(4.14);1.2852053009963638
(4.15);1.3020912806691958
(4.17);0.8713928983820542
(4.18);0.92768234642596
(4.19);3.0297901304777546
(4.20);1.2388160378461113
(4.21);7.309588367975289
(4.22);5.129426994994646
(4.23);5.366849989410965
(4.24);3.0166000382527867
(4.25);2.40223464929818
(4.26);7.096523004027543
(4.27);7.042003436261639
(4.28);1.8946156780722259
(4.29);1.9585606762226804
(4.30);1.3090097554205862
(4.31);2.4105968552953363
(5.6);1.3627758209416168
(5.7);3.2938246067016457
(5.8);0.947972515037517
(5.9);0.9711870453073069
(5.10);1.1569876989845496
(5.11);1.7152166305285717
(5.12);4.500826966260617
(5.13);2.497295352417193
(5.14);3.1814886558004454
(5.15);2.287592139553958
(5.16);2.267477040202797
(5.17);0.8602131440128813
(5.18);1.022435321500763
(5.19);3.945795532289222
(5.20);1.725564069771596
(5.21);2.2929478454432144
(5.22);3.560031140646041
(5.23);2.709477170629026
(5.24);1.9004010885061986
(5.25);3.135296248178323
(5.26);3.264596632725218
(5.27);3.4278886652927545
(5.28);2.832772260208719
(5.29);2.175713881624452
(5.30);2.704725405601571
(5.31);3.7097100751134184
(6.7);1.2824942970496596
(6.8);1.2911457715082295
(6.9);1.0888280030888338
(6.10);0.9831958132027884
(6.11);1.039640090375124
(6.12);1.500825962478486
(6.13);3.4183167953960214
(6.14);1.1621871556209071
(6.15);1.1640624974146665
(6.16);1.5575821778387506
(6.17);0.9125605857160727
(6.18);0.9518197119088067
(6.19);2.508157832216137
(6.20);1.1361509102292235
(6.21);10.077580261950628
(6.22);4.731431942735621
(6.23);5.718453438266857
(6.24);3.5206206391396635
(6.25);2.3993036938038204
(6.26);6.089431480706357
(6.27);4.819803083245793
(6.28);1.8840433627400524
(6.29);2.0248779712123395
(6.30);1.2635740268031395
(6.31);2.2884309795144833
(7.8);1.2036317087611579
(7.9);1.321423536549015
(7.10);1.8091191021128785
(7.11);3.512562157591714
(7.12);2.091995545054777
(7.13);1.886563106036546
(7.14);1.9477346654057595
(7.15);1.50600011724747
(7.16);1.4850232569514032
(7.17);1.117554744892816
(7.18);1.3405214013018847
(7.19);2.343887718699624
(7.20);1.3442769072679104
(7.21);2.2646954960525263
(7.22);3.3958838656099717
(7.23);2.783092389779354
(7.24);2.2273648748589996
(7.25);5.497144664646875
(7.26);2.919731381350425
(7.27);2.50754074724988
(7.28);6.267937171634294
(7.29);3.453777513574888
(7.31);4.927845066777593
(8.9);4.262708630842486
(8.10);1.8141450777810642
(8.11);1.299806585114664
(8.12);0.9217767785968014
(8.13);1.1925749095617078
(8.14);0.8350485112890794
(8.15);0.7748357401646856
(8.16);0.85993795576832
(8.17);2.2369565416899
(8.18);1.714429526509885
(8.19);1.2820314145232172
(8.20);0.8055580673717474
(8.21);2.3522871693032177
(8.22);2.1999383583833163
(8.23);2.456913588873519
(8.24);4.034462338343943
(8.25);2.5866810622087315
(8.26);2.0826537546288035
(8.27);1.628019572913372
(8.28);2.3343395338998008
(8.29);3.39477653140627
(8.30);1.3302860231286133
(8.31);1.7431466341279112
(9.10);2.8861789970034897
(9.11);1.60525171654467
(9.12);0.9192114774807265
(9.13);1.100250367237737
(9.14);0.8567102309289539
(9.15);0.7780350093660616
(9.16);0.834795494836337
(9.17);3.4590314037658767
(9.18);2.383975939661284
(9.19);1.2344774408500458
(9.20);0.8082324289863928
(9.21);1.9452053838615442
(9.22);2.0053453585703958
(9.23);2.1153599181396445
(9.24);2.8865565759607947
(9.25);2.7401403146781482
(9.26);1.8637441477556105
(9.27);1.4956432045352552
(9.28);2.759864511144761
(9.29);4.06838692189327
(9.30);1.5294276793462889
(9.31);1.7454533758802009
(10.11);3.0534352780252894
(10.12);1.0381911999328266
(10.13);1.1131326003085524
(10.14);1.007754197079564
(10.15);0.8771344722927783
(10.16);0.8956997310396759
(10.17);2.366426436766097
(10.18);2.862379415857158
(10.19);1.3194075508079273
(10.20);0.8970211102680845
(10.21);1.7232382970779714
(10.22);1.9927539469000262
(10.23);1.9517735327872918
(10.24);2.1790348362093592
(10.25);3.248786117415299
(10.26);1.8132036013410884
(10.27);1.5042923540532764
(10.28);4.2951157649440415
(10.29);4.592227834727627
(10.30);2.352200655478521
(10.31);1.978839046974126
(11.12);1.3987982033252833
(11.13);1.3214092933920587
(11.14);1.4109937458890056
(11.15);1.1489038741214996
(11.16);1.1147611460099172
(11.17);1.4119593675564344
(11.18);1.8338813689156173
(11.19);1.653263353776339
(11.20);1.121207572186377
(11.21);1.790702498249209
(11.22);2.3023781908826053
(11.23);2.0899256967030344
(11.24);1.9789223442824568
(11.25);3.9670413902242023
(11.26);2.059711338360895
(11.27);1.7723639928505537
(11.28);6.810768815164461
(11.29);3.733657420284304
(11.30);6.854547874373382
(11.31);2.6227445202545434
(12.13);2.763347491794284
(12.14);5.073648610051755
(12.16);4.680141573675781
(12.17);0.8275774149645125
(12.18);0.9645336717326305
(12.19);8.208709742768951
(12.20);2.5358255339304745
(12.21);2.250163411177104
(12.22);3.0766430275022287
(12.23);2.474936316707583
(12.24);1.76052787841902
(12.25);2.367403487192765
(12.26);3.064421448422513
(12.27);3.965914398843975
(12.28);2.146238259697001
(12.29);1.8059358501884843
(12.30);1.9808791740174465
(12.31);2.582273821996389
(13.14);1.8149744835040473
(13.15);1.7883107041248383
(13.16);2.5722488768728646
(13.17);0.9286990406619892
(13.18);1.0121012813382848
(13.19);4.884921089292909
(13.20);1.5343936474729536
(13.21);5.08080262343482
(13.22);7.629058359372393
(13.23);5.510905308891829
(13.24);2.8269887593846654
(13.25);3.019596461689514
(13.26);10.28880616168592
(13.28);2.3496361099291696
(13.29);2.2454849820721723
(13.30);1.7113949606474181
(13.31);3.539163643948572
(14.15);5.849098347636744
(14.16);2.9888608938030554
(14.17);0.795417200156996
(14.18);0.9571192124184221
(14.19);3.9099727533114823
(14.20);3.1345026552999733
(14.21);1.7468194963075698
(14.22);2.2630909131983348
(14.23);1.908165341320172
(14.24);1.476657772622919
(14.25);2.0332467130091882
(14.26);2.211416620522003
(14.27);2.5514324781486337
(14.28);1.976522869412326
(14.29);1.6192154172564832
(14.31);2.042233588231073
(15.16);4.431620719601893
(15.17);0.7274960644257146
(15.18);0.8623359990297774
(15.19);4.6054093556407425
(15.20);4.625818563283426
(15.21);1.689395931635528
(15.22);2.0854281553809004
(15.23);1.790139668586165
(15.24);1.380725106161
(15.25);1.7407802631041225
(15.26);2.0989607194399786
(15.27);2.589008153532307
(15.28);1.6496007260237342
(15.29);1.4175323144492529
(15.30);1.5632863358104951
(15.31);1.7380193480830881
(16.17);0.7618812321631458
(16.18);0.8713350800373698
(16.20);2.9854451637711072
(16.21);2.147572946745858
(16.22);2.5877319866242585
(16.23);2.212440851893754
(16.24);1.6147397658808884
(16.25);1.8790150620909365
(16.26);2.722115965586009
(16.27);3.9315342923426244
(16.28);1.6913290191322676
(16.29);1.5169489231468603
(16.30);1.4718386557097678
(16.31);1.940912083025201
(17.18);4.21727006760389
(17.19);1.074740769290838
(17.20);0.766138261114082
(17.21);1.489398645984291
(17.22);1.5311108276840966
(17.23);1.5751206018600754
(17.24);1.9201747176044912
(17.25);1.9260785683781534
(17.26);1.4517541451409612
(17.27);1.2376623485419649
(17.28);2.0371969474303007
(17.29);2.422767019842837
(17.30);1.3299755296404456
(17.31);1.3455901894158393
(18.19);1.1823200950964754
(18.20);0.8965085467465852
(18.21);1.4616344249924242
(18.22);1.5655350839938227
(18.23);1.5626152551410835
(18.24);1.7509753812328948
(18.25);2.0073845480390107
(18.26);1.4811076817392803
(18.27);1.3019176908961243
(18.28);2.257992433941129
(18.29);2.3765842658160077
(18.30);1.6532458342648224
(18.31);1.4572903584353498
(19.20);3.0413408597248317
(19.21);3.283110902689553
(19.22);4.198449868962847
(19.23);3.451999190534235
(19.24);2.3767869553177006
(19.25);2.8214998094201635
(19.26);4.454210978728361
(19.27);7.202137012654525
(19.29);2.2099390192999935
(19.30);2.1604920085612975
(19.31);3.1447209659387774
(20.21);1.5405494167867322
(20.22);1.7791721335028552
(20.23);1.5943764078215215
(20.24);1.3049320487720295
(20.25);1.5506938039453289
(20.26);1.7987469457398038
(20.27);2.1166855558307973
(20.28);1.4989682348862698
(20.29);1.3271463770024399
(20.30);1.4298658274237614
(20.31);1.5005128907674716
(21.22);9.277047986322044
(21.23);16.119752419742394
(21.24);7.240740577077979
(21.26);11.375392158465335
(21.27);6.062246604435092
(21.28);3.138248052827108
(21.29);3.53069329924195
(21.30);2.07433609262544
(21.31);4.167534169023625
(22.24);5.622691200632802
(22.25);6.36400301609766
(22.27);7.880923796646453
(22.28);4.26106972269188
(22.29);4.30110567559587
(22.30);2.8132712050365463
(22.31);8.492491953655112
(23.24);7.772408009815169
(23.25);5.696727539891959
(23.26);16.17830604019367
(23.27);6.206095168823426
(23.28);3.872353512538855
(23.29);4.329403872248944
(23.30);2.4461158986670006
(23.31);5.936571369539787
(24.25);4.9765229127712365
(24.26);5.287691456052059
(24.27);3.466001071366841
(24.28);3.6663228603562614
(24.29);5.079249529029952
(24.30);2.134482399255397
(24.31);3.8098885376226943
(25.26);5.087230479280267
(25.27);3.6051693867429373
(25.28);12.087198793191801
(25.29);10.364173366721776
(25.30);4.4341744728166095
(25.31);10.056989732006159
(26.28);3.643333002089673
(26.29);3.714297939804821
(26.30);2.505600904528693
(26.31);6.1533691865543405
(27.28);2.877547697160155
(27.29);2.7599518153472524
(27.30);2.2212061157400567
(27.31);4.214157782898806
(28.29);9.468157959826256
(28.30);6.30339710173719
(28.31);5.760196999537369
(29.30);3.482924807121322
(29.31);4.694181718011173
(30.31);3.4548189261286346

****Importance nodes******

0; 0.061111111111111116
1; 0.017815336994885158
2; 0.017815336994885158
3; 0.017815336994885154
4; 0.019658302890907756
5; 0.019064458324411584
6; 0.019638508072024552
7; 0.021056438487199437
8; 0.020951886826157038
9; 0.021627754143129847
10; 0.022325423631617904
11; 0.023045598587476547
12; 0.024815304062219462
13; 0.022823366671194605
14; 0.02616992751775545
15; 0.026215081632939983
16; 0.026846166120921958
17; 0.02788158067110583
18; 0.03666666666666667
19; 0.03928571428571429
20; 0.03666666666666667
21; 0.03793103448275863
22; 0.03928571428571429
23; 0.03793103448275863
24; 0.03666666666666667
25; 0.03793103448275863
26; 0.03928571428571429
27; 0.03928571428571429
28; 0.03793103448275863
29; 0.03666666666666667
30; 0.029137386740359716
31; 0.029720902200507944
