
****Importance edges******

(0.1);4.16227393036748
(0.2);4.572910513945181
(0.3);6.27277455059255
(0.4);6.580289975945322
(0.5);3.997686044785669
(0.6);6.974458944402546
(0.7);4.161858118835607
(0.8);3.549889606126302
(0.9);3.0871479475932104
(0.10);2.853812732249094
(0.11);3.083326842005962
(0.12);3.408238951395754
(0.14);2.6337805246566997
(0.15);2.462963268489501
(0.16);2.9957593953240607
(0.17);2.2042507281654107
(0.30);3.49541148826107
(0.31);9.133946959766973
(1.2);3.0748041222993354
(1.3);2.090063493022324
(1.4);1.302159297864705
(1.5);6.8009949851935225
(1.6);1.2390056001342606
(1.7);5.206119834730831
(1.8);0.9629986777373905
(1.9);1.0093610931348103
(1.10);1.2376495814351622
(1.11);2.0121039776687155
(1.12);2.6729115049150276
(1.13);2.119110798845297
(1.14);2.2582735079013387
(1.15);1.7056714322532087
(1.16);1.7024455817233723
(1.17);0.8819062320728677
(1.18);1.0866126362235227
(1.19);2.7978330065672328
(1.20);1.4615727897500101
(1.21);2.206260542454005
(1.22);3.431303972139556
(1.23);2.691595024435469
(1.24);1.9913921145656241
(1.25);3.8076889984113906
(1.26);3.002509002178983
(1.27);2.798150912993658
(1.28);3.5181705683004516
(1.29);2.5847888373690218
(1.30);3.4235768014284926
(1.31);4.513889748098424
(2.3);4.547472979955827
(2.4);1.8346625723644887
(2.5);4.981448650535595
(2.6);1.6083990755273125
(2.7);2.1242593098858884
(2.8);0.9056758252539241
(2.9);0.8919572664387593
(2.10);0.9786049375946465
(2.11);1.3258873782693303
(2.12);4.93663605505626
(2.13);3.8552990344021265
(2.14);2.4607201070505074
(2.15);2.2051801608580335
(2.16);2.7923688685931376
(2.17);0.7865529966019792
(2.18);0.9374257727468042
(2.19);5.8379957892245935
(2.20);1.7040140901286336
(2.21);2.6586168344887167
(2.22);4.169667799669345
(2.23);3.088878792041454
(2.24);2.0065913938465014
(2.25);2.7629267072632495
(2.26);4.065357889062031
(2.27);5.192093039241044
(2.28);2.31630588254027
(2.29);2.050358143763011
(2.30);1.890423039211736
(2.31);3.379138574090869
(3.4);3.08966594221507
(3.5);2.5678904911286744
(3.6);2.4443477786441012
(3.7);1.75211909889776
(3.8);1.009651226537715
(3.9);0.9502931861692991
(3.10);0.9742366103427074
(3.11);1.210121137673532
(3.12);2.7988758157649825
(3.13);14.771432046041172
(3.14);1.74794581263228
(3.15);1.725932349688231
(3.16);2.4850071895103016
(3.17);0.8179082655408547
(3.18);0.9395875822147693
(3.19);4.985941454996968
(3.20);1.4945987548212063
(3.21);3.903923356530543
(3.22);6.300233674743148
(3.23);4.428109928328885
(3.24);2.4480636178711417
(3.25);2.8036447017889055
(3.26);7.337310148706496
(3.27);14.79991969112282
(3.28);2.203257379126668
(3.29);2.1314588997545703
(3.30);1.608985984151996
(3.31);3.367994305068698
(4.5);1.4511293011437605
(4.6);8.669948428887322
(4.7);1.2615986973033468
(4.8);1.1230031039656012
(4.9);0.9798332738964024
(4.10);0.9074416171242341
(4.11);1.0085279420575597
(4.12);1.6148653413910046
(4.13);4.6457565148776965
(4.14);1.2075724669707084
(4.15);1.2450275839502893
(4.16);1.7510387872270057
(4.17);0.8348747846224885
(4.18);0.9146662994863339
(4.19);2.854546797901251
(4.20);1.221434562645803
(4.21);7.048800040691472
(4.22);4.832740478074413
(4.23);5.175373840404597
(4.24);2.9742749817857232
(4.25);2.3165287621269677
(4.26);6.686059477718707
(4.27);6.634693326636624
(4.28);1.8270204006562134
(4.29);1.975887381890206
(4.30);1.2455701237388046
(4.31);2.311174986080919
(5.6);1.3418763161099976
(5.7);3.1799509888907034
(5.8);0.9328600775076451
(5.9);0.9557109014523161
(5.10);1.1230175000741456
(5.11);1.6871761257158007
(5.12);4.323700441055949
(5.13);2.482337192487538
(5.14);3.0697709215454863
(5.15);2.2456323523744546
(5.16);2.236229174463541
(5.17);0.8453265004186542
(5.18);1.029582370232851
(5.19);3.7950324565918065
(5.20);1.7376261437606824
(5.21);2.2577545506766152
(5.22);3.4240075580882823
(5.23);2.667890778283113
(5.24);1.913685311874118
(5.25);3.0871741745506847
(5.26);3.1398611705773525
(5.27);3.2969140534308945
(5.28);2.789293473999824
(5.29);2.2412275837177806
(5.30);2.6382335830775356
(5.31);3.6445632786465962
(6.7);1.2397541355928265
(6.8);1.271835298337562
(6.9);1.072532879459958
(6.10);0.9554462708267815
(6.11);1.0236242299316558
(6.12);1.4435667800590792
(6.13);3.4006032179224635
(6.14);1.1226714329191667
(6.15);1.1437616448782697
(6.16);1.5374164690616008
(6.17);0.8975514635710546
(6.18);0.9589270137598163
(6.19);2.4145720635766255
(6.20);1.1446346255444955
(6.21);9.92984927339249
(6.22);4.554890144034217
(6.23);5.63462450736283
(6.24);3.546909350407347
(6.25);2.3641314106442293
(6.26);5.862219254115333
(6.27);4.639963931800487
(6.28);1.8564244719717127
(6.29);2.0863380352376746
(6.30);1.2336759381102336
(6.31);2.250141693859627
(7.8);1.1635020210065519
(7.9);1.2777389231932894
(7.10);1.7266368111932242
(7.11);3.396990436474041
(7.12);1.978461197978392
(7.13);1.8429870265653003
(7.14);1.8507715822757482
(7.15);1.4552438843952773
(7.16);1.4417666758925338
(7.17);1.0815859965826908
(7.18);1.3318574539701733
(7.19);2.22766398028591
(7.20);1.3355886876598573
(7.21);2.201829592436915
(7.22);3.2274959710315687
(7.23);2.7058362561251053
(7.24);2.2129691539510445
(7.25);5.344548888635871
(7.26);2.774953927380638
(7.27);2.3832021291731635
(7.28);6.093944891088192
(7.29);3.508554866979625
(7.30);6.786638782238102
(7.31);4.770688129127924
(8.9);4.196438161291357
(8.10);1.7626362040010664
(8.11);1.2790692385047937
(8.12);0.8867245788607558
(8.13);1.1853712167036632
(8.14);0.8066606652327659
(8.15);0.7609699770110643
(8.16);0.8483118664132286
(8.17);2.199120992804008
(8.18);1.7256187617172132
(8.19);1.2342938534949928
(8.20);0.8108155472212298
(8.21);2.316800077317661
(8.22);2.118021729467704
(8.23);2.4198480810279164
(8.24);4.060793282451477
(8.25);2.5476578553529587
(8.26);2.0051043205151102
(8.27);1.5673988401944325
(8.28);2.2991232036634033
(8.29);3.4928525028175823
(8.30);1.298455932432609
(8.31);1.7132099076499863
(9.10);2.8048020818809043
(9.11);1.579651143057387
(9.12);0.8845575438554936
(9.13);1.093445328635375
(9.14);0.8278094753364943
(9.15);0.7641378081222284
(9.16);0.8234857317939194
(9.17);3.400590426900749
(9.18);2.398924876558208
(9.19);1.1888076761016266
(9.20);0.8133005235833045
(9.21);1.915849450202524
(9.22);1.9311571654656432
(9.23);2.083436108994832
(9.24);2.904656990224862
(9.25);2.698787675022991
(9.26);1.794794522624647
(9.27);1.4403115548522423
(9.28);2.718214205131206
(9.29);4.183827630976234
(9.30);1.493003325115431
(9.31);1.7155144216191802
(10.11);2.9673425084118485
(10.12);0.9871482133086857
(10.13);1.0923799031788044
(10.14);0.9624687267577039
(10.15);0.8514501477099706
(10.16);0.873412264336325
(10.17);2.3002854920528013
(10.18);2.852613917547464
(10.19);1.2590103977971705
(10.20);0.8939607689004958
(10.21);1.6813236396852802
(10.22);1.9015337132656112
(10.23);1.9043001687878842
(10.24);2.1716006851349485
(10.25);3.1697652662164284
(10.26);1.7302024579242612
(10.27);1.4354319208800441
(10.28);4.1906448359640835
(10.30);2.27103413448829
(10.31);1.9238016968502913
(11.12);1.3464578677895296
(11.13);1.3123373576981336
(11.14);1.3636196350424208
(11.15);1.1280405319737266
(11.16);1.0991943969647169
(11.17);1.3876598435199203
(11.18);1.8438800742824832
(11.19);1.592431444228416
(11.20);1.1273206307295365
(11.21);1.7631326136632623
(11.22);2.217662067747737
(11.23);2.0577489335010832
(11.24);1.9897118434287882
(11.25);3.9059643138348585
(11.26);1.9839241544595503
(11.27);1.7071497692044482
(11.28);6.705909347799425
(11.29);3.8345849517734405
(11.30);6.690486495865792
(11.31);2.5769795682599907
(12.13);2.684845034984059
(12.14);4.805876798891722
(12.15);4.371988852287372
(12.16);4.522951484264905
(12.17);0.7975051949080464
(12.18);0.9533500956325176
(12.19);7.782027681114236
(12.20);2.506423141182094
(12.21);2.1792571074047604
(12.22);2.9167216231540416
(12.23);2.396947053608743
(12.24);1.7401149077973712
(12.25);2.2928027582053607
(12.26);2.9051353118230736
(12.27);3.7597693912761883
(12.28);2.0786068062416754
(12.29);1.8228460063567462
(12.30);1.8968963689051215
(12.31);2.489507614066476
(13.14);1.7699684483315008
(13.15);1.7716443053937432
(13.16);2.558826797104892
(13.17);0.9206598069075551
(13.18);1.025083615061672
(13.19);4.73894839048515
(13.20);1.5540754824452396
(13.21);5.038881080356187
(13.22);7.4010845154303855
(13.23);5.465435002046335
(13.24);2.863250853093377
(13.25);2.9946818659984844
(13.26);9.981352924370967
(13.27);25.769284563853972
(13.28);2.3302493360861596
(13.29);2.322925755852935
(13.30);1.6846684233692772
(13.31);3.5066162870969544
(14.15);5.648728938577295
(14.16);2.898845580428718
(14.17);0.769275423074249
(14.18);0.9483697251915396
(14.19);3.719211968780465
(14.20);3.105848658400382
(14.21);1.6967105821226913
(14.22);2.1526786353375487
(14.23);1.8534280925426734
(14.24);1.4631589334476034
(14.25);1.9749214050570922
(14.26);2.1035254417155964
(14.27);2.426952515776175
(14.28);1.9198247302759206
(14.29);1.6376180481980844
(14.30);1.9477017763847124
(14.31);1.975705053863919
(15.16);4.361563962386536
(15.17);0.7137983923473553
(15.18);0.8648517601011909
(15.19);4.43416068063526
(15.20);4.63931382995213
(15.21);1.6609281390838995
(15.22);2.007883081566627
(15.23);1.7599742563406084
(15.24);1.3847532048096836
(15.25);1.7114465998224542
(15.26);2.020912447432974
(15.27);2.4927378371210716
(15.28);1.6218035173398018
(15.29);1.450715736486697
(15.30);1.5239984320409583
(15.31);1.704994911291577
(16.17);0.7504557885687223
(16.18);0.8765660532898503
(16.19);10.686759201765819
(16.20);3.003367986065561
(16.21);2.1182961694394247
(16.22);2.500168934118973
(16.23);2.1822797631993294
(16.24);1.6244336950231388
(16.25);1.8533993987852373
(16.26);2.6300056603256
(16.27);3.798499980657271
(16.28);1.6682719848554695
(16.29);1.556832080989271
(16.30);1.4404673557634442
(16.31);1.911232217388315
(17.18);4.230438078275384
(17.19);1.036058430862242
(17.20);0.76853045242184
(17.21);1.46534602260377
(17.22);1.4760027040318742
(17.23);1.5496836359291692
(17.24);1.9261702741534497
(17.25);1.8949739057470976
(17.26);1.3995022470441627
(17.27);1.193116095906344
(17.28);2.004297809875287
(17.29);2.478697208517469
(17.30);1.2979500848514767
(17.31);1.3211847901369331
(18.19);1.1633990174376265
(18.20);0.913667174859905
(18.21);1.4643616046962644
(18.22);1.5404812842447098
(18.23);1.5655308491746283
(18.24);1.7844879846667205
(18.25);2.0111300115445263
(18.26);1.4574050029270593
(18.27);1.28108265152139
(18.28);2.2622054923037225
(18.29);2.4638304813219323
(18.30);1.6489498905315394
(18.31);1.4607423070394254
(19.20);2.99266922940023
(19.21);3.1776719181369164
(19.22);3.9935519352877202
(19.23);3.341136262014737
(19.24);2.3387504111139625
(19.25);2.7308857291656676
(19.26);4.236831075626181
(19.27);6.850649430809798
(19.28);2.3876305037622756
(19.29);2.212065231399709
(19.30);2.0723952033862307
(19.31);3.032533893856267
(20.21);1.5434238394401565
(20.22);1.7506994261149966
(20.23);1.5973512631651996
(20.24);1.3299076542130346
(20.25);1.5535871544279656
(20.26);1.7699609758572716
(20.27);2.0828115043388706
(20.28);1.5017650736011927
(20.29);1.3758669296381385
(20.30);1.4261503345348963
(20.31);1.5040672225097356
(21.22);8.979110283845237
(21.23);15.880665517386646
(21.24);7.254250658945871
(21.25);4.1752013883578964
(21.26);11.010064932664328
(21.27);5.867554087177855
(21.28);3.091701804086001
(21.29);3.598268620775396
(21.30);2.0299423677402886
(21.31);4.099333169695983
(22.23);16.71080713698805
(22.24);5.532709327449619
(22.25);6.159619419077664
(22.26);24.31776558949652
(22.27);7.496309224177378
(22.28);4.124223031250368
(22.29);4.305243827304916
(22.30);2.6985564991859237
(22.31);8.189524594298183
(23.24);7.786910099401927
(23.25);5.612234124260503
(23.26);15.658730487853237
(23.27);6.006782872640647
(23.28);3.814919069252653
(23.29);4.412266028182505
(23.30);2.3937655603449333
(23.31);5.839420372436544
(24.25);4.985808320976832
(24.26);5.203070699718024
(24.27);3.4105334567090413
(24.28);3.6731636415540225
(24.29);5.265712641401842
(24.30);2.128935966839336
(24.31);3.818913190357823
(25.26);4.923851162583679
(25.27);3.4893873097600894
(25.28);11.907922409636244
(25.29);10.562537338986079
(25.30);4.339276870475885
(25.31);9.892408777865754
(26.27);9.634157161050553
(26.28);3.526325278770687
(26.29);3.7178715158865994
(26.30);2.4034318458799984
(26.31);5.933849400869257
(27.28);2.785133606931953
(27.29);2.7626072021670574
(27.30);2.130633615746259
(27.31);4.063818840882053
(28.29);9.649372742373945
(28.30);6.168495492604889
(28.31);5.665932339486706
(29.30);3.5420766738116085
(29.31);4.796413994904228
(30.31);3.3716278370380492

****Importance nodes******

0; 0.061111111111111116
1; 0.01620566061055494
2; 0.01672842385605671
3; 0.017268050432058545
4; 0.017825084316963655
5; 0.018400087036865707
6; 0.01899363823160331
7; 0.019606336239074384
8; 0.020238798698399365
9; 0.02089166317254128
10; 0.02102007290128541
11; 0.02224365465879375
12; 0.022961191905851615
13; 0.02245490099587135
14; 0.0244262271607459
15; 0.025214169972382863
16; 0.02602753029407263
17; 0.026867128045494324
18; 0.03666666666666667
19; 0.03666666666666667
20; 0.03666666666666667
21; 0.03666666666666667
22; 0.03666666666666667
23; 0.03666666666666667
24; 0.03666666666666667
25; 0.03666666666666667
26; 0.03666666666666667
27; 0.03666666666666667
28; 0.03666666666666667
29; 0.03793103448275863
30; 0.02773380959534898
31; 0.028628448614553787
