
****Mix criterion 0.5*C(weight)+0.5*C(distance) ******

(0.1);0.4652002419165774
(0.2);0.4819319341494216
(0.3);0.5397988696700676
(0.4);0.5484037330747004
(0.5);0.45449857089792284
(0.6);0.5587032325781237
(0.7);0.46048467370151913
(0.8);0.4284204888049736
(0.9);0.3983262917895373
(0.10);0.38125642350830014
(0.11);0.39550944911215025
(0.12);0.41553680441216867
(0.13);0.5675675906670232
(0.14);0.35502197145796976
(0.15);0.3366229597649384
(0.16);0.38184282431018896
(0.17);0.30300645073878946
(0.30);0.4128629497630498
(0.31);0.6083341636206262
(1.2);0.4980698333371213
(1.3);0.4492193747087038
(1.4);0.3768672729071129
(1.5);0.6010834793934017
(1.6);0.3627759363655677
(1.7);0.5604808647940693
(1.8);0.30406918544125233
(1.9);0.31113607368028917
(1.10);0.35364766958144966
(1.11);0.4302295310488742
(1.12);0.4680911501063774
(1.13);0.43848102217103857
(1.14);0.44130039321585157
(1.15);0.3951026103902557
(1.16);0.3920752648838711
(1.17);0.2402744944393476
(1.18);0.23128583760095617
(1.19);0.44073319072243194
(1.20);0.31263152686887435
(1.21);0.39937356031034515
(1.22);0.4735029894636349
(1.23);0.4354996558322587
(1.24);0.3817864194914826
(1.25);0.49142806475109024
(1.26);0.4522784550930047
(1.27);0.4407519919826368
(1.28);0.47900670842398035
(1.29);0.42573978141778457
(1.30);0.49280681637225304
(1.31);0.5295298474574515
(2.3);0.544519095674955
(2.4);0.4283818116430265
(2.5);0.5552096041697581
(2.6);0.4049411785852732
(2.7);0.44370512760073927
(2.8);0.28614034134850064
(2.9);0.2781778941400517
(2.10);0.30050880107476985
(2.11);0.35887486933375845
(2.12);0.5488018936795436
(2.13);0.5184566132440908
(2.14);0.4523519145193597
(2.15);0.43446543960613093
(2.16);0.46669935287390135
(2.17);0.2011549496093131
(2.18);0.17909233946741396
(2.19);0.5564325107782679
(2.20);0.34601620706279385
(2.21);0.4310402603277894
(2.22);0.5030027485849968
(2.23);0.45722753146567013
(2.24);0.3817198048790976
(2.25);0.4387674737709662
(2.26);0.49906888048465026
(2.27);0.5374058630397376
(2.28);0.40793144495944617
(2.29);0.3813576330853509
(2.30);0.4029639268650671
(2.31);0.48820361789805866
(3.4);0.4946880425256645
(3.5);0.47038369559207566
(3.6);0.4626730477747809
(3.7);0.4142788622865464
(3.8);0.30890436940791954
(3.9);0.29073905421796215
(3.10);0.2963040339160595
(3.11);0.33821279266043214
(3.12);0.4720826906087796
(3.13);0.7758987228529066
(3.14);0.3983462318954818
(3.15);0.3936173887582685
(3.16);0.4488639832513775
(3.17);0.21005131830015522
(3.18);0.17649863368968932
(3.19);0.5303264403074003
(3.20);0.31378836457065346
(3.21);0.49195747616354923
(3.22);0.568695335148969
(3.23);0.513598395763685
(3.24);0.41771418285533485
(3.25);0.44007383646996073
(3.26);0.5955780982957743
(3.27);0.7592869501853561
(3.28);0.3972378727823261
(3.29);0.38745397038164625
(3.30);0.3723820206707335
(3.31);0.48683670576075083
(4.5);0.38634230363131183
(4.6);0.6415474930847754
(4.7);0.356068900622291
(4.8);0.32949521833484385
(4.9);0.29493973493530623
(4.10);0.27514737328930583
(4.11);0.29427122612339907
(4.12);0.3878222612981326
(4.13);0.542420737779335
(4.14);0.32494802219214847
(4.15);0.328041835753182
(4.16);0.39166414103184954
(4.17);0.21280736475221768
(4.18);0.1631051076022154
(4.19);0.44067892682182935
(4.20);0.2579024734018034
(4.21);0.5878504874716124
(4.22);0.524699356615826
(4.23);0.5379162198342997
(4.24);0.45022732772477403
(4.25);0.40511850569385655
(4.26);0.5784698790814431
(4.27);0.5771194882160358
(4.28);0.3581334818066372
(4.29);0.3706205379504941
(4.30);0.3166828237350493
(4.31);0.4300994679250877
(5.6);0.3678134830119932
(5.7);0.49305049916853205
(5.8);0.28324731946723075
(5.9);0.2854236217235711
(5.10);0.322955290781062
(5.11);0.3958123886500976
(5.12);0.5284435888994841
(5.13);0.45567414454547384
(5.14);0.4797063267088778
(5.15);0.4329614220957308
(5.16);0.430260051324756
(5.17);0.21290311172178358
(5.18);0.20150735057981467
(5.19);0.48576844704862215
(5.20);0.3445441090750815
(5.21);0.3978322624529341
(5.22);0.46937447274104144
(5.23);0.42907458607430876
(5.24);0.36694662529220723
(5.25);0.4538868022802202
(5.26);0.4553251886935515
(5.27);0.46327488246725457
(5.28);0.4367743675975534
(5.29);0.3941117642857397
(5.30);0.45143283418340807
(5.31);0.4961987918474392
(6.7);0.3473530597494504
(6.8);0.34959727905507376
(6.9);0.3098809994865082
(6.10);0.28132360588051897
(6.11);0.2914126778480976
(6.12);0.36299134579712056
(6.13);0.4979080656149393
(6.14);0.30244386582046845
(6.15);0.30298497379153083
(6.16);0.36356554430061383
(6.17);0.2278024351308951
(6.18);0.1730527577210737
(6.19);0.408770137105661
(6.20);0.23257713367267216
(6.21);0.6552089919196046
(6.22);0.5138198778659581
(6.23);0.5506682824447857
(6.24);0.4771900286479007
(6.25);0.4059043423226859
(6.26);0.5548474267043966
(6.27);0.5167675047535351
(6.28);0.3577580953431355
(6.29);0.3783059724524205
(6.30);0.30909305889793576
(6.31);0.4229160089306842
(7.8);0.3282801832733049
(7.9);0.34490795042836125
(7.10);0.4001697120775582
(7.11);0.49514018130183146
(7.12);0.41595718159999834
(7.13);0.40701181693730437
(7.14);0.40066056746881673
(7.15);0.3534092686490983
(7.16);0.3483267163979909
(7.17);0.2773500840969977
(7.18);0.2740454067667239
(7.19);0.3920874841423983
(7.20);0.2748181555201946
(7.21);0.3898344748615127
(7.22);0.4576061980115466
(7.23);0.4288632699196707
(7.24);0.39276059315034295
(7.25);0.5411475246480466
(7.26);0.4321051529310882
(7.27);0.4048443761658638
(7.28);0.5633956022170997
(7.29);0.4706645951916141
(7.30);0.5903071504605346
(7.31);0.533433409581401
(8.9);0.5246451256576763
(8.10);0.40154902866296327
(8.11);0.33634379831817274
(8.12);0.2410386008267489
(8.13);0.3193379459205059
(8.14);0.2018530151968886
(8.15);0.1762876900022368
(8.16);0.20735629647953321
(8.17);0.420752912485261
(8.18);0.33667516343553777
(8.19);0.24928809766134566
(8.20);0.09806171019074184
(8.21);0.3979388308266648
(8.22);0.3804566290806883
(8.23);0.40713312060349266
(8.24);0.4973213055381222
(8.25);0.4166291760654846
(8.26);0.36931530874073804
(8.27);0.3138761772629937
(8.28);0.397447156279555
(8.29);0.46883170241835026
(8.30);0.31560204067589864
(8.31);0.3710333594519345
(9.10);0.46964388450916356
(9.11);0.375538103891186
(9.12);0.2361413261185432
(9.13);0.29699144537886996
(9.14);0.20580197309017165
(9.15);0.17291178620807166
(9.16);0.1930797182270762
(9.17);0.48550436841749545
(9.18);0.40288313652957675
(9.19);0.2346707034651702
(9.20);0.0946116949888424
(9.21);0.3577343113044397
(9.22);0.3594411137263963
(9.23);0.376153312559425
(9.24);0.439830376400324
(9.25);0.42555252273132904
(9.26);0.3433859162881558
(9.27);0.28972025338449925
(9.28);0.42683589659644416
(9.29);0.497669024350618
(9.30);0.3441104721109113
(9.31);0.3691409553688957
(10.11);0.4748440083951322
(10.12);0.2667771019856488
(10.13);0.2963458346488833
(10.14);0.25121860533441603
(10.15);0.2089593630549948
(10.16);0.21183997639097268
(10.17);0.4265989353459414
(10.18);0.4344387323308955
(10.19);0.2516787789799376
(10.20);0.13342188577634084
(10.21);0.3282109269334126
(10.22);0.3560598495096729
(10.23);0.35716501173076703
(10.24);0.3855382772058418
(10.25);0.4538658559892222
(10.26);0.3349117162901338
(10.27);0.28854745071970067
(10.28);0.5002246750232788
(10.29);0.5167203150765242
(10.30);0.4223453921293853
(10.31);0.39082642140572194
(11.12);0.33560472379073825
(11.13);0.33289376658301856
(11.14);0.33226374633866135
(11.15);0.2833232583354614
(11.16);0.27232852074990477
(11.17);0.32612095496477117
(11.18);0.3450497046094189
(11.19);0.3102738812826734
(11.20);0.21067772804142584
(11.21);0.33481485189143345
(11.22);0.3841722156662922
(11.23);0.3696944483640834
(11.24);0.36341911615085554
(11.25);0.4861119694297599
(11.26);0.361121111462638
(11.27);0.32723580796707646
(11.28);0.5778927335898625
(11.29);0.48116722317043537
(11.30);0.5857032392254788
(11.31);0.43722009258873945
(12.13);0.45693228640184275
(12.14);0.5361019405047683
(12.15);0.521239557215657
(12.16);0.5251933213501779
(12.17);0.16141796511457082
(12.18);0.14619352182851003
(12.19);0.6023000964049999
(12.20);0.4061580193533417
(12.21);0.37870397721918053
(12.22);0.4338539254046355
(12.23);0.3985788512218134
(12.24);0.3307466359412138
(12.25);0.38983912759745476
(12.26);0.4331489520341402
(12.27);0.47713065059239856
(12.28);0.3697474967481729
(12.29);0.336760068596634
(12.30);0.3849405052061202
(12.31);0.4299990383558188
(13.14);0.3847597721927752
(13.15);0.38240140564735686
(13.16);0.4429112521485776
(13.17);0.2146658324335089
(13.18);0.17693195712923077
(13.19);0.5177629281037005
(13.20);0.3039347720215001
(13.21);0.5279982648425998
(13.22);0.596100187509188
(13.23);0.5439323256437155
(13.24);0.4351717382228523
(13.25);0.4419219409743012
(13.26);0.6584444107770648
(13.27);0.9863557650585179
(13.28);0.39528795788967724
(13.29);0.391453658702218
(13.30);0.3643158231547404
(13.31);0.485838496182177
(14.15);0.55838662390193
(14.16);0.4569355166885589
(14.17);0.137119145135822
(14.18);0.13497439129957448
(14.19);0.4730463440409889
(14.20);0.4420927170322503
(14.21);0.31815422589954884
(14.22);0.3721762691857633
(14.23);0.3399645386761153
(14.24);0.28072392918533307
(14.25);0.35438029370747814
(14.26);0.36729820067631164
(14.27);0.39646345351726464
(14.28);0.3480319285132498
(14.29);0.30538399005248373
(14.30);0.385628479176489
(14.31);0.3855390475348709
(15.16);0.5169749517993228
(15.17);0.10045741131111098
(15.18);0.0909784853238706
(15.19);0.5013416721106284
(15.20);0.5089128425965345
(15.21);0.3100429149633015
(15.22);0.35492296420878
(15.23);0.3250749929480719
(15.24);0.26171568092413583
(15.25);0.3182050728655638
(15.26);0.3563522849042931
(15.27);0.3997892992401677
(15.28);0.30458157959005605
(15.29);0.2693470708322723
(15.30);0.33242253584830306
(15.31);0.35362412719365915
(16.17);0.11520528602317727
(16.18);0.09137101582661493
(16.19);0.6683698192113997
(16.20);0.43299242767400814
(16.21);0.3642953014505462
(16.22);0.39843907542675927
(16.23);0.37150531474868476
(16.24);0.3026815912335226
(16.25);0.33481104488817226
(16.26);0.40826972953388785
(16.27);0.47409888357964536
(16.28);0.3088983405486522
(16.29);0.2859380690506454
(16.30);0.31621579782337106
(16.31);0.37444247625063165
(17.18);0.4911618944446297
(17.19);0.15505859060379856
(17.20);0.02303519368751588
(17.21);0.27005097238686215
(17.22);0.2721151235048271
(17.23);0.28627012501202415
(17.24);0.342001157032393
(17.25);0.3373896421790188
(17.26);0.2566686432816601
(17.27);0.20604682971299848
(17.28);0.35038470892020485
(17.29);0.3926722438262833
(17.30);0.28661565101737974
(17.31);0.2872805596472493
(18.19);0.1293500515711495
(18.20);0.01729472110229435
(18.21);0.21575038363675297
(18.22);0.23260643125023908
(18.23);0.2383365465187688
(18.24);0.27898133999602054
(18.25);0.3115712354555693
(18.26);0.21412959849249186
(18.27);0.1676493886754026
(18.28);0.341616679064414
(18.29);0.3588706691743698
(18.30);0.2991279200179085
(18.31);0.26185919806835395
(19.20);0.4039959037176375
(19.21);0.4163850406816415
(19.22);0.4611994687965255
(19.23);0.42760323551769974
(19.24);0.35051769060063165
(19.25);0.3852987731948378
(19.26);0.47237289749109146
(19.27);0.5629891279428598
(19.28);0.35463996722075924
(19.29);0.3325516703161058
(19.30);0.354635431585176
(19.31);0.42939340373026613
(20.21);0.2332275094365898
(20.22);0.2721945453842699
(20.23);0.24476225710720964
(20.24);0.18256447845321394
(20.25);0.23586321249781447
(20.26);0.2753988457422448
(20.27);0.3200893351283962
(20.28);0.22471845505986826
(20.29);0.1887580806202035
(20.30);0.25860838547583137
(20.31);0.27033615946431183
(21.22);0.6190858467879259
(21.23);0.7770182168367717
(21.24);0.5792430590460482
(21.25);0.4709773574822035
(21.26);0.666914584023656
(21.27);0.5332073733726952
(21.28);0.4117691474076008
(21.29);0.44019869393057165
(21.30);0.349963377879149
(21.31);0.48291556793605983
(22.23);0.7944318500571886
(22.24);0.5258974206520413
(22.25);0.5444378002521564
(22.26);0.9415210961522569
(22.27);0.580954320895497
(22.28);0.46864330058392845
(22.29);0.4750316741707066
(22.30);0.4094236351255107
(22.31);0.607679489162934
(23.25);0.5284956691026599
(23.26);0.7723370830076829
(23.27);0.539607821873706
(23.28);0.4549518182522067
(23.29);0.48112801138761024
(23.30);0.38644643094695996
(23.31);0.5462334861401186
(24.25);0.5077454742449455
(24.26);0.5142037264966525
(24.27);0.4329142240381
(24.28);0.44883904940071323
(24.30);0.36225743708538855
(24.31);0.4735497027825466
(25.26);0.5020289623803622
(25.27);0.4362669773435901
(25.28);0.6948111089444007
(25.29);0.6629592749420568
(25.30);0.49590436137957195
(26.27);0.6349444179394059
(26.28);0.4383496084856261
(26.29);0.446658407667607
(26.30);0.3863841263582428
(26.31);0.5469395106379433
(27.28);0.3896016206916762
(27.29);0.38502734844413694
(27.30);0.3607941923449144
(27.31);0.4814152749961215
(28.30);0.5575513941334499
(28.31);0.540848493677954
(29.30);0.4585185268893115
(29.31);0.5101615925119264
(30.31);0.46954628752812544
