
****Mix criterion 0.5*C(weight)+0.5*C(distance) ******

(0.1);0.5183904532975443
(0.2);0.5383668313134368
(0.3);0.6172039063599412
(0.4);0.632797635987361
(0.5);0.5039415097071135
(0.6);0.6448520069944306
(0.7);0.5131122341096537
(0.8);0.4722960453431858
(0.9);0.43648006533936606
(0.10);0.4167583889748998
(0.11);0.4336190600493256
(0.12);0.4576596888030465
(0.14);0.3883174558699812
(0.15);0.367044383051064
(0.16);0.41866168476581833
(0.17);0.3302240124737815
(0.30);0.45644289013140177
(0.31);0.7217112431623411
(1.2);0.5385915349329349
(1.3);0.47672900061913853
(1.4);0.39545506241599937
(1.6);0.3790682986061511
(1.8);0.31672240601748514
(1.9);0.3243828571277
(1.10);0.3701091764123677
(1.11);0.45658644654737973
(1.12);0.5030635126798154
(1.13);0.4641262893152191
(1.14);0.47213198457504196
(1.15);0.4173254076904488
(1.16);0.41401876105862245
(1.17);0.251734894856431
(1.18);0.2446152682533095
(1.19);0.4792569019169136
(1.20);0.33056057765927194
(1.21);0.4280376092968675
(1.22);0.5207490412947865
(1.23);0.46925086605640964
(1.24);0.4043475134969851
(1.25);0.5391745164597843
(1.26);0.49362037556762645
(1.27);0.4792800804703057
(1.28);0.5231227486815723
(1.29);0.45433972187390215
(1.30);0.5380832596162584
(1.31);0.5886600662721804
(2.3);0.5997862344778098
(2.4);0.45271914891632464
(2.5);0.6160972031521135
(2.6);0.4245471311209223
(2.7);0.4709885731399428
(2.8);0.29720050237736323
(2.9);0.2890712741633129
(2.10);0.3126339487843609
(2.11);0.3750773244377319
(2.12);0.6091324783708789
(2.13);0.5617934399397984
(2.14);0.4838816611069773
(2.15);0.4613968827343968
(2.16);0.5004609450523133
(2.17);0.21075908862083803
(2.18);0.18999785226028018
(2.19);0.6330324364158697
(2.20);0.3658398005668113
(2.21);0.46387830557507215
(2.22);0.557712661870254
(2.23);0.49399546214251744
(2.24);0.40320036302021656
(2.25);0.47165549058133954
(2.26);0.5524101508855579
(2.27);0.6055309448432307
(2.28);0.43550318857562337
(2.29);0.4027989940125995
(2.30);0.426505117847087
(2.31);0.5299165874940958
(3.4);0.5356205406748079
(3.5);0.501767987176081
(3.6);0.4924676678514152
(3.7);0.4367649320356809
(3.8);0.3212334311426798
(3.9);0.3023440848156559
(3.10);0.30837180469888137
(3.11);0.3529994720571317
(3.12);0.506285188113298
(3.13);0.9421252442321311
(3.14);0.4207281175699916
(3.15);0.4146945671009141
(3.16);0.4789113111157281
(3.17);0.22003774774203452
(3.18);0.18743418332394826
(3.19);0.5956983551965287
(3.20);0.33118350598804286
(3.21);0.5401692494692797
(3.22);0.6512992612649003
(3.23);0.5663187091364332
(3.24);0.4439561760667813
(3.25);0.47345354692352154
(3.26);0.6917793912483146
(3.27);0.95333236751459
(3.28);0.4234694752828118
(3.29);0.40977877202543883
(3.30);0.39241273442560554
(3.31);0.5284045486157004
(4.5);0.4056152953618063
(4.7);0.3735419777901853
(4.8);0.34434102402870126
(4.9);0.30787702500770137
(4.10);0.28728224908915145
(4.11);0.307560728356797
(4.12);0.4090757852791617
(4.13);0.5991897127035957
(4.14);0.3414983229228675
(4.15);0.34435665778574254
(4.17);0.22371808427708847
(4.18);0.17440032669729372
(4.19);0.480090313927176
(4.20);0.2729859754430762
(4.21);0.6798559239035777
(4.22);0.5914227348771683
(4.23);0.6031954469872391
(4.24);0.48425071858775537
(4.25);0.43433788422234215
(4.26);0.6707811624275357
(4.27);0.6687215832363681
(4.28);0.38117847979622543
(4.29);0.3927105978096014
(4.30);0.33323518016593445
(4.31);0.4605303241984906
(5.6);0.3842560198381849
(5.7);0.5340006805995601
(5.8);0.29469602812373025
(5.9);0.29715257878799195
(5.10);0.33692801295049307
(5.11);0.4165265348862471
(5.12);0.5815268780214569
(5.13);0.4838187348438291
(5.14);0.5191359007091685
(5.15);0.4605074831764762
(5.16);0.4574257029810881
(5.17);0.22326870811202323
(5.18);0.21354685879647484
(5.19);0.5356195754777429
(5.20);0.3648631868294519
(5.21);0.42580554723877817
(5.22);0.514351858961825
(5.23);0.46096988716373277
(5.24);0.38760160578213576
(5.25);0.49079474117123995
(5.26);0.4965700592590674
(5.27);0.5065827824067871
(5.28);0.47012106825868105
(5.29);0.417759050139456
(5.30);0.4843973905115855
(5.31);0.5413526969826931
(6.7);0.3632676324686226
(6.8);0.3651667932271446
(6.9);0.32301102923243447
(6.10);0.2931800124350796
(6.11);0.3039499398306366
(6.12);0.38067257972890306
(6.13);0.5364098726561364
(6.14);0.3168238352964051
(6.15);0.3169836346992319
(6.16);0.3822031315212547
(6.17);0.2387848011605386
(6.18);0.18425106953223724
(6.19);0.4404128278747344
(6.20);0.24594413164308515
(6.21);0.7780096597018792
(6.22);0.5735111923182927
(6.23);0.6179278702087245
(6.24);0.5154515227701754
(6.25);0.4341245908755272
(6.26);0.6316711396416324
(6.27);0.5775737014657325
(6.28);0.37991792951425835
(6.29);0.4003119948373818
(6.30);0.32447224211803105
(6.31);0.45073328169754745
(7.8);0.3432164823303338
(7.9);0.3612988688807893
(7.10);0.42260028057471377
(7.11);0.538672229645923
(7.12);0.44129277472181655
(7.13);0.42894274328523024
(7.14);0.42534944030310223
(7.15);0.37199077955195037
(7.16);0.36655685885068434
(7.17);0.29113667419897304
(7.18);0.2901686349260945
(7.19);0.4221992859493605
(7.20);0.2909865533273495
(7.21);0.4179896690268817
(7.22);0.5012329387913649
(7.23);0.4623124872322994
(7.24);0.41760080786667236
(7.25);0.6072161852365325
(7.26);0.4696147878779229
(7.27);0.4370586197926707
(7.28);0.6387282046581277
(7.29);0.5091821169447851
(7.31);0.5947506908302457
(8.9);0.5760957829743472
(8.10);0.42344565937431244
(8.11);0.35203239188162005
(8.12);0.2519149069339104
(8.13);0.3328116878325627
(8.14);0.21218627855569405
(8.15);0.18561409425013842
(8.16);0.21765675924321204
(8.17);0.447697014128583
(8.18);0.3568712175471911
(8.19);0.2654565591633682
(8.20);0.10755121913068534
(8.21);0.4266149001311824
(8.22);0.40820136158209225
(8.23);0.436066929858129
(8.24);0.5413097073077691
(8.25);0.44709119019388643
(8.26);0.39558089527184614
(8.27);0.3344081014350533
(8.28);0.42493747385331265
(8.29);0.5058455053636429
(8.30);0.33180179936499504
(8.31);0.39223422690997695
(9.10);0.5044799053094055
(9.11);0.3949134032905761
(9.12);0.2469909841130178
(9.13);0.3094350156854776
(9.14);0.21639959949875512
(9.15);0.18227706511166158
(9.16);0.2030800893950559
(9.17);0.5271695187133514
(9.18);0.4309744892421247
(9.19);0.25023201440153486
(9.20);0.10413542459477206
(9.21);0.38144509545134747
(9.22);0.3847196661137301
(9.23);0.40107186412290496
(9.24);0.47134202263936276
(9.25);0.4578308726882134
(9.26);0.36687950250475315
(9.27);0.3085737116863437
(9.28);0.4593465939673486
(9.29);0.5420823473091538
(9.30);0.3627331152196479
(9.31);0.3903677540074821
(10.11);0.5116988032529415
(10.12);0.2790352023318403
(10.13);0.30894817574983047
(10.14);0.263680314702647
(10.15);0.21951792547519167
(10.16);0.22257109573380604
(10.17);0.4551041156250067
(10.18);0.4681770066298148
(10.19);0.26830268085766806
(10.20);0.14399488811924757
(10.21);0.3492136948024104
(10.22);0.381167592799031
(10.23);0.3801631021021849
(10.24);0.409355846961858
(10.25);0.4921468734692699
(10.26);0.35775721140237887
(10.27);0.30750081238106824
(10.28);0.5508347785309431
(10.29);0.5669148805656259
(10.30);0.4509829085954624
(10.31);0.41488904817643424
(11.12);0.35212610334420646
(11.13);0.347869642032821
(11.14);0.3497057352870168
(11.15);0.29715380622979903
(11.16);0.2856855874190782
(11.17);0.3431294293923704
(11.18);0.36667154784091743
(11.19);0.33109409020963304
(11.20);0.22389699880053587
(11.21);0.35663737501919324
(11.22);0.41316698824959364
(11.23);0.39432748839124476
(11.24);0.38507658986243865
(11.25);0.5328697510623593
(11.26);0.3870598829813726
(11.27);0.3495558990411819
(11.28);0.6581682864979655
(11.29);0.5220286484110425
(11.30);0.66914590829509
(11.31);0.4691093690633737
(12.13);0.4876070996896269
(12.14);0.5975357734956068
(12.15);0.57484375181825
(12.16);0.5801626685031385
(12.17);0.17119309755749462
(12.18);0.1573790070560317
(12.19);0.7039707293137849
(12.20);0.43556543132932746
(12.21);0.4056741248909502
(12.22);0.47196030918999243
(12.23);0.42728102248844935
(12.24);0.3497163273674701
(12.25);0.4172942260934967
(12.26);0.47110396298270335
(12.27);0.5262512846052804
(12.28);0.39463771218239424
(12.29);0.35621903100991525
(12.30);0.40859287864414195
(12.31);0.4608022625760969
(13.14);0.405946168189222
(13.15);0.402696626084658
(13.16);0.4719809821776074
(13.17);0.22523394492192755
(13.18);0.18828890042482413
(13.19);0.5766321681343692
(13.20);0.32115243785078035
(13.21);0.5870921059071336
(13.22);0.6880396189874727
(13.23);0.6058161366597493
(13.24);0.46449286552446495
(13.25);0.47583000622056365
(13.26);0.7824370379842704
(13.28);0.4216728127970363
(13.29);0.4147435111272162
(13.30);0.3840370055478907
(13.31);0.5265955883492175
(14.15);0.6304115367551248
(14.16);0.49357246366261576
(14.17);0.1469130020253012
(14.18);0.14649089610696112
(14.19);0.5230456216950401
(14.20);0.4798085150542288
(14.21);0.33982305312743466
(14.22);0.40111583425805986
(14.23);0.36290873859060635
(14.24);0.29730443893227926
(14.25);0.37882849955660475
(14.26);0.3955769741088423
(14.27);0.42909022330292995
(14.28);0.37179807438611445
(14.29);0.32356519459829997
(14.31);0.410884200157102
(15.16);0.5699666334898135
(15.17);0.10920071798942307
(15.18);0.10113621044315821
(15.19);0.5591122764946166
(15.20);0.5634018045213496
(15.21);0.33057972798870383
(15.22);0.38108273321784314
(15.23);0.3461557880210163
(15.24);0.2768702810019251
(15.25);0.3387046085372733
(15.26);0.3826818074236713
(15.27);0.4322660139542336
(15.28);0.324007379413235
(15.29);0.2849056604653317
(15.30);0.35139929043007734
(15.31);0.3746986754019775
(16.17);0.12432309665568714
(16.18);0.10159862728279076
(16.20);0.46803517283406815
(16.21);0.3903066876594673
(16.22);0.4307778835118674
(16.23);0.397469309428745
(16.24);0.3203506567397647
(16.25);0.356862137026578
(16.26);0.4422879301247965
(16.27);0.5232311482876096
(16.28);0.3287468520319732
(16.29);0.30253707184914486
(16.30);0.3340072874013277
(16.31);0.39787939567292974
(17.18);0.5408931282467809
(17.19);0.16853322194125567
(17.20);0.032069711367785206
(17.21);0.2881612836402154
(17.22);0.29131152372461716
(17.23);0.30483900668351815
(17.24);0.3631413974916333
(17.25);0.3600959193897791
(17.26);0.274870104003493
(17.27);0.22156410080141042
(17.28);0.3744009455269066
(17.29);0.419345794366565
(17.30);0.3027657859395226
(17.31);0.3036027376122573
(18.19);0.14386847289692636
(18.20);0.02770712040306579
(18.21);0.23320428464699797
(18.22);0.25183058048357604
(18.23);0.2564853684670385
(18.24);0.29811147809251853
(18.25);0.33488578113417183
(18.26);0.23231701274817262
(18.27);0.1836364209911902
(18.28);0.36784188229938297
(18.29);0.38483584589262393
(18.30);0.31879838677334754
(18.31);0.27918479924914413
(19.20);0.4413423619060035
(19.21);0.4577016445825575
(19.22);0.5153614411419121
(19.23);0.469954814445767
(19.24);0.378122619657296
(19.25);0.41991493770665267
(19.26);0.5298343081021459
(19.27);0.6559000731445092
(19.29);0.35821876248473317
(19.30);0.3819130343272018
(19.31);0.469050427984432
(20.21);0.2516237626735274
(20.22);0.29404207276065947
(20.23);0.2632799654483215
(20.24);0.1968214066585538
(20.25);0.2538735740705024
(20.26);0.29748674404069486
(20.27);0.3460813933207507
(20.28);0.2421280557351201
(20.29);0.20325770964893783
(20.30);0.2756210569371115
(20.31);0.28817562965746146
(21.22);0.7358336900321669
(21.23);0.9694221187912249
(21.24);0.6608032313283421
(21.26);0.8100692278841105
(21.27);0.6094982600131463
(21.28);0.4492269913584417
(21.29);0.47996865263807215
(21.30);0.37538730599995174
(21.31);0.5339442038981368
(22.24);0.5912015453459821
(22.25);0.6225159112707763
(22.27);0.6826219339556259
(22.28);0.5209211316950807
(22.29);0.5249863900422306
(22.30);0.444942995545487
(22.31);0.7147754646190171
(23.24);0.681542453874009
(23.25);0.5946596806654223
(23.26);0.9708240371942656
(23.27);0.6157486072186891
(23.28);0.49992683957534056
(23.29);0.5284791152724382
(23.30);0.4155374540874547
(23.31);0.6167824197260555
(24.25);0.5621741809170839
(24.26);0.5756170337311396
(24.27);0.4731697099037294
(24.28);0.48893797289196717
(24.29);0.568723712943834
(24.30);0.3860148372556583
(24.31);0.5159456108930125
(25.26);0.5644427206915755
(25.27);0.4804977570756287
(25.28);0.8351965416536011
(25.29);0.7763132294930983
(25.30);0.5486388504804334
(25.31);0.7712306592037619
(26.28);0.48304860656834386
(26.29);0.4897977100330229
(26.30);0.41801895112637855
(26.31);0.62453759126866
(27.28);0.4249054205157706
(27.29);0.4170825033632655
(27.30);0.3888383497836927
(27.31);0.5345586092433972
(28.29);0.744457814092715
(28.30);0.6325160640619236
(28.31);0.6093014322962558
(29.30);0.4972844770956033
(29.31);0.562397791761685
(30.31);0.5118374582053368
