
****Mix criterion 0.5*C(weight)+0.5*C(distance) ******

(0.1);0.511430251309477
(0.2);0.532771788329604
(0.3);0.6096069458853934
(0.4);0.6200295444496401
(0.5);0.4982123410552423
(0.6);0.633341522311248
(0.7);0.5060032586375492
(0.8);0.4689501962558371
(0.9);0.43134940418701245
(0.10);0.41278922559208864
(0.11);0.42916543256662715
(0.12);0.452736091500176
(0.14);0.3839290503667871
(0.15);0.3635711966640143
(0.16);0.4137433126519595
(0.17);0.3268907619844754
(0.30);0.4516699191960929
(0.31);0.7084015009376281
(1.2);0.5340171514735615
(1.3);0.47368929124627523
(1.4);0.3913637768321563
(1.6);0.37604249966867037
(1.7);0.6189869921495943
(1.8);0.3159182805908554
(1.9);0.32193296046013237
(1.10);0.36784876149374607
(1.11);0.4527056919388314
(1.12);0.49793085964007155
(1.13);0.4600852993237598
(1.14);0.4667808428994963
(1.15);0.41421669099262687
(1.16);0.4101158812135983
(1.17);0.2499577271625156
(1.18);0.24343031801629086
(1.19);0.47200305361646444
(1.20);0.32795702039239394
(1.21);0.42403173844646497
(1.22);0.5143926169590336
(1.23);0.46250431928877916
(1.24);0.40080016816636516
(1.25);0.5322609583950744
(1.26);0.48805828563192566
(1.27);0.47409655994782285
(1.28);0.5167348644516241
(1.29);0.4534553837536149
(1.30);0.5322337147616937
(1.31);0.580150212336406
(2.3);0.5978291384068349
(2.4);0.4488500138989556
(2.5);0.6113246787277051
(2.6);0.4222099076224005
(2.7);0.46762215144254055
(2.8);0.2972891878253141
(2.9);0.287743776334069
(2.10);0.31175417014913365
(2.11);0.373712874963032
(2.12);0.6040131740110892
(2.13);0.5578901540724397
(2.14);0.4801609019704685
(2.15);0.45921818098905476
(2.16);0.49636157829132366
(2.17);0.2098074425003545
(2.18);0.18958342641448625
(2.19);0.6217677332588001
(2.20);0.3639207981606832
(2.21);0.46079384848426175
(2.22);0.5527231934326721
(2.23);0.48829879687202055
(2.24);0.4009406084001026
(2.25);0.46845001592886054
(2.26);0.54754550078644
(2.27);0.5993180315875664
(2.28);0.4328158716177206
(2.29);0.40338154603774523
(2.31);0.5261563588475069
(3.4);0.5292324790812033
(3.5);0.49936755759105483
(3.6);0.48898966142044037
(3.7);0.4340437718147331
(3.8);0.32133930422381296
(3.9);0.300957563398444
(3.10);0.3075162643670655
(3.11);0.35178075308094564
(3.12);0.5034434633532682
(3.13);0.9274895494694602
(3.15);0.4130237396369462
(3.16);0.4753266108463494
(3.17);0.21906606685884478
(3.18);0.18702841234645123
(3.19);0.5862029343250607
(3.20);0.3295258569872086
(3.21);0.5357079999202939
(3.22);0.6438723384793426
(3.23);0.558259580960348
(3.24);0.4412410458707654
(3.25);0.4702496524002213
(3.26);0.6831299285868596
(3.27);0.9358857351429891
(3.28);0.4209516796984068
(3.29);0.41039053665766784
(3.30);0.3909571875374701
(3.31);0.5247237626784473
(4.5);0.4019466811427133
(4.7);0.36964888026392073
(4.8);0.3427388247222351
(4.9);0.304994071595217
(4.10);0.2851362991430717
(4.11);0.30509327972127626
(4.12);0.4051527082051787
(4.13);0.5879332014807618
(4.14);0.33806422625747007
(4.15);0.3414822552827573
(4.16);0.40955291501457153
(4.17);0.22165067081780226
(4.18);0.17303178883099887
(4.19);0.4716587236409792
(4.20);0.2703397071431225
(4.21);0.6643496337599093
(4.23);0.5883413086177639
(4.24);0.4778068780085305
(4.25);0.4292418725743553
(4.26);0.6558341298854526
(4.27);0.653889382387653
(4.28);0.3771593122404101
(4.29);0.3912081651509902
(4.30);0.3305299247103833
(4.31);0.45513725786001036
(5.6);0.381721814031469
(5.7);0.5276173741701486
(5.8);0.2943316823000196
(5.9);0.2953355948101318
(5.10);0.3354281717582063
(5.11);0.41408498012422784
(5.12);0.5752684454205592
(5.13);0.48027145713718367
(5.14);0.5133342024245047
(5.15);0.4574104500109309
(5.16);0.45332450321715434
(5.17);0.22193430885842774
(5.18);0.212755669102584
(5.19);0.5272296599735659
(5.20);0.3623753111394054
(5.21);0.42249851846749564
(5.22);0.5092155970158273
(5.23);0.45529247574912085
(5.24);0.3848616543933367
(5.25);0.4862728263270688
(5.26);0.49186003769148745
(5.27);0.5016371700199626
(5.28);0.4660354719004305
(5.29);0.4176324858165021
(5.30);0.48098138956080533
(5.31);0.535991222453298
(6.7);0.36023099070881925
(6.8);0.36408581776653165
(6.9);0.320511436199474
(6.10);0.29148703427545786
(6.11);0.30203683817821375
(6.12);0.3779845481894296
(6.13);0.5301223581465921
(6.14);0.31425907880058623
(6.15);0.3149551401026053
(6.16);0.37879736794882807
(6.17);0.2370290491851802
(6.18);0.1832075528681248
(6.19);0.43433984608411147
(6.20);0.2439473744171744
(6.22);0.5652576071734168
(6.23);0.6042170829634996
(6.24);0.5092641187575567
(6.25);0.42992335626511635
(6.26);0.6210486385007117
(6.27);0.5691659602976107
(6.28);0.3766189273064513
(6.29);0.39952638727388934
(6.30);0.32241323249296383
(6.31);0.44660188886678476
(7.8);0.34207714862014593
(7.9);0.35818711319792734
(7.10);0.4193458685469178
(7.11);0.5319559348255214
(7.12);0.437398107673302
(7.13);0.4253362557522102
(7.14);0.420941736750297
(7.15);0.36926096694088817
(7.16);0.36322664734312077
(7.17);0.2889167980575886
(7.18);0.288600815295187
(7.19);0.4164328517345143
(7.20);0.2885474220834083
(7.21);0.41389750738233105
(7.22);0.4951229618590083
(7.23);0.45552727972403895
(7.24);0.41355935239826935
(7.25);0.5972831922180785
(7.26);0.4643615188926702
(7.27);0.4325469766597012
(7.29);0.5075291419634621
(7.31);0.585541647469868
(8.10);0.42278893249404964
(8.11);0.3513838174475527
(8.12);0.25145113831573906
(8.13);0.33222566243394797
(8.14);0.21139769166866237
(8.16);0.2168462562192645
(8.17);0.44610124389914885
(8.18);0.35671834289441523
(8.19);0.2636245048443383
(8.20);0.10695894385038394
(8.21);0.4248486215349028
(8.22);0.4065142138273322
(8.23);0.43266884395751837
(8.24);0.5383434254106686
(8.25);0.4451489105882317
(8.26);0.39398369388087323
(8.27);0.333159562103631
(8.28);0.423184671725672
(8.29);0.5078927076949818
(8.30);0.33119390094755424
(8.31);0.3911155809845619
(9.10);0.49946198000142356
(9.11);0.39194157701712545
(9.12);0.2453328453125731
(9.13);0.30739888304961305
(9.14);0.21451312059538274
(9.15);0.18091000020221615
(9.16);0.2012580336911487
(9.17);0.5204912245786029
(9.18);0.4282799505299599
(9.19);0.24725631117936328
(9.20);0.102705785084033
(9.21);0.37801692732755515
(9.22);0.3811988309360282
(9.23);0.3960216792248353
(9.24);0.4662361456874164
(9.25);0.45300173651604736
(9.26);0.36360728012689203
(9.27);0.3059477733733677
(9.28);0.45448269649842943
(9.30);0.36021325316366753
(9.31);0.387197322526466
(10.11);0.5076454469826445
(10.12);0.2776851408090973
(10.13);0.30747416531813726
(10.14);0.2619602130624351
(10.15);0.21840502418342878
(10.16);0.22105325711348012
(10.18);0.46607055114626594
(10.19);0.26563958473244786
(10.20);0.1427687189259742
(10.21);0.3468546432854131
(10.22);0.37843543485776
(10.23);0.3762854213066153
(10.24);0.4063772488478951
(10.25);0.487699401618346
(10.26);0.35527122529945243
(10.27);0.30543835790317675
(10.28);0.5449549188631588
(10.30);0.44818728380243633
(10.31);0.4121974157284218
(11.12);0.35015072770543443
(11.13);0.3459661802593038
(11.14);0.34715234692139213
(11.15);0.29557076091813866
(11.16);0.2836833196874936
(11.17);0.34092810116155414
(11.18);0.36514515885272936
(11.19);0.32762893255169556
(11.20);0.22226481171273074
(11.21);0.3540302831208998
(11.22);0.40981455734125216
(11.23);0.3900088842840038
(11.24);0.38219579278415244
(11.25);0.5270941174890772
(11.26);0.3840607927448831
(11.27);0.3469752075396758
(11.28);0.6482524572541211
(11.29);0.5214148943044046
(11.30);0.6602857462842955
(11.31);0.46527807672159704
(12.13);0.48371219647963737
(12.14);0.5885662341572533
(12.15);0.568704133856651
(12.16);0.571947245963584
(12.17);0.16992933684214187
(12.18);0.15658247695934546
(12.19);0.6871032938624624
(12.20);0.43193593524271506
(12.21);0.4024520257179445
(12.22);0.4675526783283755
(12.23);0.42226876038475647
(12.24);0.347196505337289
(12.25);0.41390424615676646
(12.26);0.46671384088263207
(12.27);0.5205696743103522
(12.28);0.39156442759902016
(12.29);0.3558991958627064
(12.30);0.40607699881210896
(12.31);0.45710169836120257
(13.14);0.402663227056447
(13.15);0.4002375403150065
(13.16);0.46736312259380963
(13.17);0.2237878128052807
(13.18);0.18745088798065349
(13.19);0.5663918103680758
(13.20);0.31892183635462296
(13.21);0.579704916743011
(13.22);0.6769457982871561
(13.23);0.5944269628212189
(13.24);0.4603831734863827
(13.25);0.4714396899821549
(13.26);0.767475536131577
(13.28);0.41825657963520446
(13.29);0.41438972454956546
(13.30);0.38182998673089663
(13.31);0.5214335558245605
(14.15);0.6203154649637389
(14.16);0.48724934247407053
(14.17);0.1454127927373845
(14.18);0.14539044862266995
(14.19);0.5138948907992017
(14.20);0.4743476912661428
(14.21);0.33678939972958993
(14.22);0.3971983736701824
(14.23);0.3584867493422367
(14.24);0.294731856044858
(14.25);0.3752974158856157
(14.26);0.3917489628682206
(14.27);0.4246736370679333
(14.28);0.36836550145491864
(14.29);0.32273126965310156
(14.30);0.40751340198108765
(14.31);0.40724385070021674
(15.16);0.5623687812523839
(15.17);0.10811468574833474
(15.18);0.10043600590147844
(15.19);0.5498310986415069
(15.20);0.5569072633234415
(15.21);0.3282058681744691
(15.22);0.3781498641087392
(15.23);0.3426015098553491
(15.24);0.27493177520835077
(15.25);0.33625854587391935
(15.26);0.37972990661645134
(15.27);0.4286249285410915
(15.28);0.3216894379527929
(15.29);0.28465375108862645
(15.30);0.3494559176818627
(15.31);0.3722614207878838
(16.17);0.12289623288441096
(16.18);0.10059992682624293
(16.20);0.4628635418711251
(16.21);0.3865977471649765
(16.22);0.4263227328445731
(16.23);0.3923769193330272
(16.24);0.31755347316672045
(16.26);0.43760141822046544
(16.27);0.5164624497838399
(16.28);0.3258258622243523
(16.29);0.3017509902926748
(16.30);0.33162672850167596
(16.31);0.394442132670073
(17.19);0.16623667333648628
(17.20);0.030885067331651188
(17.21);0.28586065896896745
(17.22);0.2889489691851881
(17.23);0.30151503869062274
(17.24);0.36017232044248854
(17.25);0.35712076973114326
(17.26);0.2726299994442916
(17.27);0.21965434695018135
(17.28);0.37125415499497894
(17.29);0.41849383716750715
(17.30);0.30089198557553093
(17.31);0.30150119732933534
(18.19);0.14209656799556547
(18.20);0.026850022334040203
(18.21);0.23179432811820488
(18.22);0.25030646294625025
(18.23);0.25419823190500535
(18.24);0.2964374755148384
(18.25);0.33294937015416864
(18.26);0.23087508901520332
(18.27);0.18236894662722553
(18.28);0.3656637239858107
(18.29);0.38506270814251203
(18.30);0.31752623029671795
(18.31);0.27786190484990453
(19.20);0.43529379507318566
(19.21);0.4512004794853871
(19.22);0.5070851258033332
(19.23);0.4614550451122309
(19.24);0.37339570629582897
(19.25);0.41432784770989123
(19.26);0.5210538163027709
(19.27);0.6417026529325813
(19.28);0.3800202689550633
(19.29);0.35606728925990894
(19.30);0.3777583719432517
(19.31);0.4626153830449146
(20.21);0.24936892298400082
(20.22);0.29143797068031885
(20.23);0.26015072255699695
(20.24);0.19491143055285792
(20.25);0.25160388645299514
(20.26);0.29485399110172816
(20.27);0.34298328653525734
(20.28);0.23993407673481582
(20.29);0.2027107101828849
(20.30);0.27371191258690947
(20.31);0.28597211804550776
(21.22);0.7222552512146491
(21.23);0.9379183487592089
(21.24);0.6502052530636689
(21.25);0.5153593801071579
(21.26);0.7934195278203913
(21.27);0.6006251955710531
(21.28);0.4446336649854042
(21.29);0.478450510623182
(21.30);0.3726126468134208
(21.31);0.5278245340133726
(22.23);0.9726607868294044
(22.24);0.58297184031803
(22.25);0.6132011782095711
(22.27);0.6710869454812687
(22.28);0.5146843767907129
(22.29);0.5230576854420654
(22.30);0.44117290643014034
(22.31);0.7023057544870398
(23.24);0.6662877421297353
(23.25);0.5835262345876769
(23.26);0.9393451074061849
(23.27);0.6036731010691465
(23.28);0.4923588738048314
(23.29);0.5244571000095863
(23.30);0.41090781373144175
(23.31);0.6047984755151472
(24.25);0.5548902462004942
(24.26);0.567877654240188
(24.27);0.46809666473263684
(24.28);0.48357172484431094
(24.29);0.5666302386832145
(24.30);0.383164895019829
(24.31);0.5103507681665317
(25.26);0.5569967478006985
(25.27);0.475221016886632
(25.28);0.8175049990928087
(25.29);0.771856799635256
(25.30);0.5427076404998418
(25.31);0.7564628241487323
(26.28);0.4777160078436572
(26.29);0.488132142138811
(26.30);0.41466117364632094
(26.31);0.6155024658296128
(27.28);0.4206936706781082
(27.29);0.41584488397793
(27.30);0.385861692224016
(27.31);0.5283708699685253
(28.29);0.7403866566218822
(28.30);0.6240845573563006
(28.31);0.6008430723455715
(29.30);0.4967154300947951
(29.31);0.5609566969763468
(30.31);0.5072581058493366
