
****Mix criterion 0.5*C(weight)+0.5*C(distance) ******

(0.1);0.4703164917834293
(0.2);0.4875234053143474
(0.3);0.5474275800529356
(0.4);0.5563623855512894
(0.5);0.45930641640545766
(0.6);0.5670427932859246
(0.7);0.46543180650836735
(0.8);0.4326147639811014
(0.9);0.40195136477631194
(0.10);0.38460853069403506
(0.11);0.39908486785399794
(0.12);0.41946305006820284
(0.14);0.3579924231194829
(0.15);0.3393807154668201
(0.16);0.3851724432885048
(0.17);0.30543794184918255
(0.30);0.41668915260845807
(0.31);0.6188305914550073
(1.2);0.4988926833055277
(1.3);0.4497786977129656
(1.4);0.3772157444501739
(1.5);0.6029034972827084
(1.6);0.3631075073139517
(1.7);0.561874077295139
(1.8);0.3043268940301686
(1.9);0.31140618933987646
(1.10);0.35398373124790417
(1.11);0.43076823770499867
(1.12);0.46880678112086416
(1.13);0.4377380771798041
(1.14);0.44186216022586866
(1.15);0.3955265065650152
(1.16);0.39249795710565893
(1.17);0.24049325195090132
(1.18);0.23174265364579705
(1.19);0.44190941025603436
(1.20);0.3132459775744921
(1.21);0.40030108055196056
(1.22);0.4749455225770426
(1.23);0.4354128395276552
(1.24);0.38075638049458055
(1.25);0.49130524928854086
(1.26);0.45354072118604544
(1.27);0.44192834516529833
(1.28);0.4788932312608366
(1.29);0.4244340356072448
(1.30);0.493655240502802
(1.31);0.5312174294706044
(2.3);0.5457360473405094
(2.4);0.42887278667091794
(2.5);0.5565426922955949
(2.6);0.40537160311829773
(2.7);0.4442736017657601
(2.8);0.2863827097383411
(2.9);0.27841659129906293
(2.10);0.3007744706419969
(2.11);0.35922985097531723
(2.12);0.5501235941141326
(2.13);0.5171367706701978
(2.14);0.4529646312739176
(2.15);0.43501399914118266
(2.16);0.46739331682236857
(2.17);0.20135023916056619
(2.18);0.17948503448069864
(2.19);0.5588780930319839
(2.20);0.3467300319385487
(2.21);0.4321539757850456
(2.22);0.5047494551505589
(2.23);0.4571369693319176
(2.24);0.3806973229984201
(2.25);0.43868646815214546
(2.26);0.5007718908100165
(2.27);0.5395808715623279
(2.28);0.407863533714859
(2.29);0.3803370170053985
(2.30);0.40343284773760685
(2.31);0.489462818806793
(3.4);0.495514869673612
(3.5);0.4710708901337287
(3.6);0.4633271809853633
(3.7);0.41474774781155155
(3.8);0.3091745627102613
(3.9);0.29099336268351456
(3.10);0.29656846447804375
(3.11);0.33853677805097215
(3.12);0.47283203745971375
(3.13);0.7709641936089755
(3.14);0.39878188963432093
(3.15);0.39404714412331693
(3.16);0.44948215242080614
(3.17);0.21025458616201353
(3.18);0.17689081199470105
(3.19);0.5324075428099464
(3.20);0.314412201259679
(3.21);0.49358695070518893
(3.22);0.5713250154581897
(3.23);0.5134817241847183
(3.24);0.4164857792145844
(3.25);0.43999996620487836
(3.26);0.5986406481973834
(3.27);0.7654643492151436
(3.28);0.39717982148697584
(3.29);0.3864089328573509
(3.30);0.3727815082477627
(3.31);0.48808759481793096
(4.5);0.3867306411162723
(4.6);0.6438676626003088
(4.7);0.3564065177214386
(4.8);0.32979574579346044
(4.9);0.29520194863946453
(4.10);0.2753936245160768
(4.11);0.2945412373535543
(4.12);0.3882546087400638
(4.13);0.5409074362794815
(4.14);0.32524928983265616
(4.15);0.3283521462319716
(4.16);0.39210014787380637
(4.17);0.21301504779408797
(4.18);0.16348548342860986
(4.19);0.44186602707669076
(4.20);0.25841042278335824
(4.21);0.5907818222568484
(4.22);0.5267091143319788
(4.23);0.5377954111146369
(4.24);0.44875827147082326
(4.25);0.40506443097723804
(4.26);0.5812503635057497
(4.27);0.5798786113611768
(4.28);0.35809083368068384
(4.29);0.3696667370575479
(4.30);0.3169923748014878
(4.31);0.430954972745939
(5.6);0.3681725832474549
(5.7);0.4939014875458944
(5.8);0.28349696264929164
(5.9);0.28567938002679516
(5.10);0.3232599809872036
(5.11);0.39626409023710746
(5.12);0.5296011648339004
(5.13);0.4548862817221586
(5.14);0.48047292659848895
(5.15);0.43352166703237194
(5.16);0.43081740873173746
(5.17);0.2131135971436706
(5.18);0.2019339219076832
(5.19);0.48734078558230004
(5.20);0.34526403349581086
(5.21);0.39876768382817146
(5.22);0.4707930901269969
(5.23);0.4290204148723278
(5.24);0.3660166336669124
(5.25);0.4538241175792117
(5.26);0.4566260799943156
(5.27);0.4646408431191666
(5.28);0.43671773132840996
(5.29);0.39304704394791934
(5.30);0.45208911987533446
(5.31);0.4975432941428705
(6.7);0.34768483101380704
(6.8);0.3499376355764747
(6.9);0.310168020581471
(6.10);0.28158277920418906
(6.11);0.2916867273690155
(6.12);0.36337782673148694
(6.13);0.49685724445064894
(6.14);0.30272449991822914
(6.15);0.3032706001698873
(6.16);0.3639491020950986
(6.17);0.22802614071620858
(6.18);0.17344855530862152
(6.19);0.40976675288977255
(6.20);0.23304958216657568
(6.21);0.6593075419976886
(6.22);0.5156999109703395
(6.23);0.5505711719268992
(6.24);0.47549484394284613
(6.25);0.4058635974557761
(6.26);0.5572670605296633
(6.27);0.5186826521048595
(6.28);0.35772610060388454
(6.29);0.37733099033471074
(6.30);0.3094002429270374
(6.31);0.4237432594744196
(7.8);0.32859154866867524
(7.9);0.3452498868219534
(7.10);0.40063798271083795
(7.11);0.4960496339709584
(7.12);0.41648686459069584
(7.13);0.40645779531673254
(7.14);0.4011236590046705
(7.15);0.3537730358587592
(7.16);0.3486867622134056
(7.17);0.27761992037606925
(7.18);0.27459302686906706
(7.19);0.39300343319778247
(7.20);0.2753673097946588
(7.21);0.3907398015863497
(7.22);0.45893324819150383
(7.23);0.4288250277356775
(7.24);0.391720906018704
(7.25);0.5410719889531215
(7.26);0.43324613130619877
(7.27);0.405824277873807
(7.28);0.5633094751422474
(7.29);0.46905244440440413
(7.30);0.5919986512409481
(7.31);0.5351812613467105
(8.9);0.5257681367084927
(8.10);0.40202696538033394
(8.11);0.336686232503903
(8.12);0.2412759974429909
(8.13);0.31899158863287513
(8.14);0.20205505280553762
(8.15);0.17647809640287937
(8.16);0.20756834893608458
(8.17);0.4213020889395993
(8.18);0.33738193312664344
(8.19);0.24979363312776595
(8.20);0.09839379968035944
(8.21);0.39888773339502237
(8.22);0.38132411707786407
(8.23);0.4071064978054334
(8.24);0.49544676410704175
(8.25);0.41660114712385854
(8.26);0.37013654863026896
(8.27);0.31451814408596757
(8.28);0.3974218616781111
(8.29);0.46725437966163497
(8.30);0.31592598210862155
(8.31);0.37165884358728735
(9.10);0.4704042486787476
(9.11);0.3759610076298977
(9.12);0.23637814108769667
(9.13);0.2966811675690355
(9.14);0.20600951217760174
(9.15);0.17310317346926501
(9.16);0.19328576703177053
(9.17);0.4863544137631986
(9.18);0.4038618124635824
(9.19);0.23515569466857586
(9.20);0.09494349264425174
(9.21);0.35851590966477737
(9.22);0.36022895708951796
(9.23);0.37613697499968013
(9.24);0.43851355564647837
(9.25);0.4255313598050031
(9.26);0.3441181285482987
(9.27);0.29030784921543934
(9.28);0.4268145813342271
(9.29);0.4958130633838248
(9.30);0.3444833130210227
(9.31);0.36976507606333026
(10.11);0.4756484362500798
(10.12);0.267044658959043
(10.13);0.29604130629617953
(10.14);0.25146304234388844
(10.15);0.20917534773797308
(10.16);0.21206126918920348
(10.17);0.4271810588445007
(10.18);0.4356088250069099
(10.19);0.2521952031747529
(10.20);0.13378857295468635
(10.21);0.3289005766840164
(10.22);0.35683982560717414
(10.23);0.3571560656527916
(10.24);0.3845627668009417
(10.25);0.4538509649716714
(10.26);0.3356214152829017
(10.27);0.2891362399586535
(10.28);0.5002049880873196
(10.29);0.5146644663310119
(10.30);0.42291943434523044
(10.31);0.3915314970730402
(11.12);0.3359653351566744
(11.13);0.3325434001001753
(11.14);0.33260642299404275
(11.15);0.28360645232282705
(11.16);0.27260419887643805
(11.17);0.32646863515571994
(11.18);0.34579615006480624
(11.19);0.3109185344958292
(11.20);0.21113409360082908
(11.21);0.33552860890040065
(11.22);0.38506997674909976
(11.23);0.3696914850459143
(11.24);0.3625501648683519
(11.25);0.4861063445380006
(11.26);0.36192425001247325
(11.27);0.3279269018210973
(11.28);0.5778830765599465
(11.29);0.47952776196916136
(11.30);0.587377891366526
(11.31);0.438151272818574
(12.13);0.456238174618097
(12.14);0.5373108563441646
(12.15);0.5223382349398303
(12.16);0.5263288059619313
(12.17);0.1616179795420824
(12.18);0.146577888371055
(12.19);0.605437612294999
(12.20);0.40716854549829556
(12.21);0.37958259832964886
(12.22);0.43502987347554234
(12.23);0.39858316600205096
(12.24);0.3300014422159176
(12.25);0.38984325490598865
(12.26);0.4343202287986219
(12.27);0.4786464941091839
(12.28);0.36975123847937036
(12.29);0.3359956546499169
(12.30);0.38541577534874977
(12.31);0.43089537269162087
(13.14);0.38430218304299685
(13.15);0.38195787258179625
(13.16);0.4422915359681066
(13.17);0.214450358228236
(13.18);0.17693195712923077
(13.19);0.5177629281037005
(13.20);0.3039347720215001
(13.21);0.5279982648425998
(13.22);0.596100187509188
(13.23);0.5417198537332558
(13.24);0.43277079222053805
(13.25);0.4407096587850877
(13.26);0.6584444107770648
(13.27);0.9863557650585179
(13.28);0.3943446457473633
(13.29);0.3895465806591711
(13.30);0.36393521956975766
(13.31);0.48546329260412235
(14.15);0.5597211515704197
(14.16);0.457620376889115
(14.17);0.13730088855950984
(14.18);0.1353417011855273
(14.19);0.4744868195093629
(14.20);0.44329563282152573
(14.21);0.3188113731638065
(14.22);0.3730100159018757
(14.23);0.33995630443569963
(14.24);0.28010329499366415
(14.25);0.3543715197077116
(14.26);0.3681129100344571
(14.27);0.39740342832677533
(14.28);0.34802339929193893
(14.29);0.3047034393722528
(14.30);0.3860886290507024
(14.31);0.3862166426626122
(15.16);0.5180053832200875
(15.17);0.1006260481344865
(15.18);0.0913117846887826
(15.19);0.5030505232767526
(15.20);0.5107007563460186
(15.21);0.310683008814595
(15.22);0.35569676867652533
(15.23);0.32507256791771644
(15.24);0.26113994931225537
(15.25);0.3182027147004138
(15.26);0.35713111067114284
(15.27);0.40074995859976403
(15.28);0.3045793449421651
(15.29);0.26875599143446244
(15.30);0.33278258464802574
(15.31);0.35420621599976093
(16.17);0.11538258325671658
(16.18);0.09170713375828504
(16.19);0.6724676409165328
(16.20);0.4341440646005487
(16.21);0.3651075589232883
(16.22);0.3993977614354268
(16.23);0.3715090355612003
(16.24);0.3020199498694667
(16.25);0.3348142049558206
(16.26);0.4092782012394845
(16.27);0.4755554126708139
(16.28);0.3089011849718949
(16.29);0.28531649759007843
(16.30);0.3165561121777551
(16.31);0.37509198425349116
(17.18);0.4927758205473963
(17.19);0.15545385031795128
(17.20);0.02332839059407367
(17.21);0.2706100067354821
(17.22);0.27267822341261777
(17.23);0.2862775705521413
(17.24);0.34123299792450545
(17.25);0.33739874668519615
(17.26);0.2572025580123789
(17.27);0.20650200744522976
(17.28);0.3503943386790822
(17.29);0.39170302444456806
(17.30);0.28692229527653745
(17.31);0.2877274770412914
(18.19);0.12991771372070623
(18.20);0.017740530549170724
(18.21);0.21646489572056152
(18.22);0.23335808472772976
(18.23);0.2385894951549927
(18.24);0.2786456809929302
(18.25);0.311896181204136
(18.26);0.21484071621249684
(18.27);0.16827447269285703
(18.28);0.3419821920113088
(18.29);0.35841508201193795
(18.30);0.29975377658552244
(18.31);0.2625374087140439
(19.20);0.4054561293343096
(19.21);0.4179355354341715
(19.22);0.4631480592989869
(19.23);0.4281430753179569
(19.24);0.3500777758249554
(19.25);0.38574001254904156
(19.26);0.4744401922022352
(19.27);0.5663317939787296
(19.28);0.35502574555278743
(19.29);0.33214263709343583
(19.30);0.35542200621438613
(19.31);0.4308013842894089
(20.21);0.2339805986873469
(20.22);0.27304877147915263
(20.23);0.2450203470859547
(20.24);0.18231432519847027
(20.25);0.2361142313468999
(20.26);0.2762624702056723
(20.27);0.32110561005896865
(20.28);0.22496110082280318
(20.29);0.188503668916513
(20.30);0.2591496787912915
(20.31);0.2710344855121189
(21.22);0.6234670616320477
(21.23);0.7795841149709855
(21.24);0.5778785474520942
(21.25);0.4716519602839957
(21.26);0.6722867710658977
(21.27);0.536070353584853
(21.28);0.412268685155686
(21.29);0.43953333768831626
(21.30);0.35073383959543475
(21.31);0.48481885462976315
(22.23);0.797131877257375
(22.24);0.5248567279081295
(22.25);0.5454330328485217
(22.26);0.9533865652475926
(22.27);0.5846120264154061
(22.28);0.4693096666231465
(22.29);0.47423559106607394
(22.30);0.41044786837710356
(22.31);0.6114818181132399
(23.24);0.592528841204124
(23.25);0.5275708472689257
(23.26);0.774867122274548
(23.27);0.5405783601013805
(23.28);0.45432317012900697
(23.29);0.47889655618789106
(23.30);0.3864653879243409
(23.31);0.5468043151305522
(24.25);0.5051804818677256
(24.26);0.5132250381899323
(24.27);0.4322727087855896
(24.28);0.44694935847512596
(24.29);0.51225710478361
(24.30);0.3614266094167723
(24.31);0.47242325996693885
(25.26);0.5028245273078766
(25.27);0.43683077061647657
(25.28);0.6928488410854675
(25.29);0.6576173874137978
(25.30);0.49593872546887363
(25.31);0.6526825890174539
(26.27);0.6396452525466539
(26.28);0.4389193699634132
(26.29);0.44597093564100054
(26.30);0.3872963454706572
(26.31);0.5496945481378477
(27.28);0.3900516250770553
(27.29);0.3845165144457387
(27.30);0.36160287128006624
(27.31);0.48330207267888836
(28.29);0.6360236011346506
(28.30);0.5576002443765415
(28.31);0.5414023634511392
(29.30);0.45716283039892314
(29.31);0.5087736969818618
(30.31);0.47068151948425285
