
****Importance edges******

(0.1);3.977130542684059
(0.2);4.370867114190641
(0.3);5.9975341181680575
(0.4);6.29359306907362
(0.5);3.824769884258812
(0.6);6.675019837352738
(0.7);3.9845301605135868
(0.8);3.399811870268028
(0.9);2.95767215854699
(0.10);2.753264890496575
(0.11);2.956758983296835
(0.12);3.2695503925367393
(0.13);7.12163406822625
(0.14);2.5297165358688933
(0.15);2.3665912509622156
(0.16);2.879701820034568
(0.17);2.1197226360367987
(0.30);3.3627605217610688
(0.31);8.760158681498146
(1.2);3.074760424769701
(1.3);2.0900337901184014
(1.4);1.302140792248658
(1.5);6.800898332962001
(1.6);1.2389879920259796
(1.7);5.2060458480420175
(1.8);0.9629849920970751
(1.9);1.0093467486157695
(1.10);1.2557685507330965
(1.11);2.012996257409466
(1.12);2.674113151323282
(1.13);2.188458212016685
(1.14);2.261552795417664
(1.15);1.708179840788583
(1.16);1.704980536116391
(1.17);0.8832354868017123
(1.18);1.083711229712224
(1.19);2.7903624042272916
(1.20);1.4576701876013218
(1.21);2.200369520676691
(1.22);3.591459287546491
(1.23);2.748526404708274
(1.24);1.9860748213047708
(1.25);3.8882274852049603
(1.26);3.06601669194053
(1.27);2.7906794617994475
(1.28);3.5087765647204794
(1.29);2.5176802869957173
(1.30);3.42879896508683
(1.31);4.490358941988474
(2.3);4.547408353616262
(2.4);1.834636499086668
(2.5);4.981377856757725
(2.6);1.6083762177895609
(2.7);2.124229121008662
(2.8);0.9056629542564105
(2.9);0.891944590402325
(2.10);0.9927329437194546
(2.11);1.3264672113903286
(2.12);4.938825236325356
(2.13);3.9797788665211518
(2.14);2.464247538345631
(2.15);2.208382350383549
(2.16);2.796475405040571
(2.17);0.787724179983982
(2.18);0.9349470915439566
(2.19);5.822559334578534
(2.20);1.699508445183314
(2.21);2.6515870900920886
(2.22);4.362380089796574
(2.23);3.1535732499518687
(2.24);2.0012856933693866
(2.25);2.8207943212444606
(2.26);4.150504035140128
(2.27);5.178364439287907
(2.28);2.3101812548438563
(2.29);1.9976337946233955
(2.30);1.8932723826827338
(2.31);3.3617256739402355
(3.4);3.0896220334769193
(3.5);2.567853997594007
(3.6);2.4443130408347167
(3.7);1.752094198685193
(3.8);1.0096368778954483
(3.9);0.9502796810928738
(3.10);0.9881031273093105
(3.11);1.2106428817943373
(3.12);2.800099811804268
(3.13);15.241889840505847
(3.14);1.7504187340841262
(3.15);1.7284064660113807
(3.16);2.4886157218807283
(3.17);0.8191111045142
(3.18);0.9371279081386948
(3.19);4.972889142286775
(3.20);1.4906861596773866
(3.21);3.893703575791844
(3.22);6.588501509962968
(3.23);4.5199251207863265
(3.24);2.4416550203849288
(3.25);2.8617772192836055
(3.26);7.489446512601523
(3.27);14.761176119494904
(3.28);2.197489641066973
(3.29);2.0771845939235867
(3.30);1.6113817764948577
(3.31);3.350842325634275
(4.5);1.451108678442893
(4.6);8.66982521605381
(4.7);1.2615807681136262
(4.8);1.12298714442494
(4.9);0.9798193490114929
(4.10);0.9201720309873075
(4.11);1.0089565250061245
(4.12);1.6155615911064527
(4.13);4.791672879201093
(4.14);1.2092581407495027
(4.15);1.24678899748968
(4.16);1.7535488935163566
(4.17);0.836087124248016
(4.18);0.9122962087959648
(4.19);2.847150073221739
(4.20);1.2182695715584004
(4.21);7.030535133190128
(4.22);5.051601917651195
(4.23);5.281585562129893
(4.24);2.9665680164707378
(4.25);2.3640697738179104
(4.26);6.823274278153438
(4.27);6.617501455791765
(4.28);1.822286210662397
(4.29);1.926076837075415
(4.30);1.2474018943076923
(4.31);2.29954574841788
(5.6);1.341857246056181
(5.7);3.1799057970680558
(5.8);0.9328468201815653
(5.9);0.9556973193821167
(5.10);1.1385421688396518
(5.11);1.6878826236492153
(5.12);4.325537836140867
(5.13);2.559205928639286
(5.14);3.0739979543266926
(5.15);2.2487670740385766
(5.16);2.239392899023428
(5.17);0.8465382721856385
(5.18);1.0269422129153458
(5.19);3.785300857644386
(5.20);1.7331703503135776
(5.21);2.2519649923368084
(5.22);3.5774517105947448
(5.23);2.7220705141767785
(5.24);1.9087780500312368
(5.25);3.149868750654187
(5.26);3.203625718342735
(5.27);3.2884597791396755
(5.28);2.782140890788454
(5.29);2.1853044210037926
(5.30);2.642064618788607
(5.31);3.626448359987222
(6.7);1.2397365168467458
(6.8);1.2718172236705498
(6.9);1.0725176371760856
(6.10);0.9684582966201113
(6.11);1.024046489273526
(6.12);1.4441712675997176
(6.13);3.5043985661840527
(6.14);1.1241959855442154
(6.15);1.1453365890973493
(6.16);1.5395625784669311
(6.17);0.8988212822647237
(6.18);0.9564941146605103
(6.19);2.408446039265711
(6.20);1.141730566622844
(6.21);9.904656197165801
(6.22);4.7568364644297505
(6.23);5.747831808127364
(6.24);3.5379104668217316
(6.25);2.411630039044748
(6.26);5.979999244136155
(6.27);4.628191853312232
(6.28);1.8517145270426605
(6.29);2.034822181278674
(6.30);1.2354444070635546
(6.31);2.2390965986078415
(7.8);1.1634854859161785
(7.9);1.2777207646270068
(7.10);1.7497965201103751
(7.11);3.3983705202642382
(7.12);1.9792773409524889
(7.13);1.8984200292347737
(7.14);1.853249534535955
(7.15);1.4572200599876963
(7.16);1.4437519689836484
(7.17);1.0830958034090457
(7.18);1.3285149759689208
(7.19);2.2220733535817585
(7.20);1.3322368456185658
(7.21);2.196303800653952
(7.22);3.369032227199816
(7.23);2.759607870532492
(7.24);2.2074154059185638
(7.25);5.450758206132674
(7.26);2.830099079731821
(7.27);2.3772211582625347
(7.28);6.078651304917547
(7.29);3.4228436382983465
(7.30);6.796240238135214
(7.31);4.74756722147827
(8.9);4.196378523677507
(8.10);1.7859159756202028
(8.11);1.2795808747621922
(8.12);0.8870848254497704
(8.13);1.2204961630979416
(8.14);0.8077252277085237
(8.15);0.7619888208773427
(8.16);0.8494638473444949
(8.17);2.202149152482367
(8.18);1.7213359457074902
(8.19);1.231230457573642
(8.20);0.8088031827965895
(8.21);2.3110500074397757
(8.22);2.2098712590326617
(8.23);2.4674015590950806
(8.24);4.050714793002885
(8.25);2.5977229784063467
(8.26);2.0445074901089173
(8.27);1.5635087104651253
(8.28);2.293417006046974
(8.29);3.4084520715469093
(8.30);1.3002684721998599
(8.31);1.7050140652713102
(9.10);2.8412684533216157
(9.11);1.5802731107786616
(9.12);0.8849113727941995
(9.13);1.1253580832557182
(9.14);0.8288860402154054
(9.15);0.7651462525300143
(9.16);0.8245882764568527
(9.17);3.4052083221370846
(9.18);2.39303812731393
(9.19);1.1858904473224898
(9.20);0.8113047561087333
(9.21);1.9111481252826248
(9.22);2.0139529656266015
(9.23);2.123913877691458
(9.24);2.8975292191515862
(9.25);2.7512207219492972
(9.26);1.8296644556315307
(9.27);1.436777157823013
(9.28);2.711543948144751
(9.29);4.083852046820246
(9.30);1.4950591703752254
(9.31);1.707415431126487
(10.11);3.0059221339770845
(10.12);0.9997856532179754
(10.13);1.1378741098053307
(10.14);0.9752696744284061
(10.15);0.8626167284336862
(10.16);0.8847054617031364
(10.17);2.329604450140393
(10.18);2.8726047192132396
(10.19);1.2678334029023095
(10.20);0.9002255467304513
(10.21);1.693106169108619
(10.22);2.0008595179664614
(10.23);1.9592229685602027
(10.24);2.1868190216671906
(10.25);3.2611859287228384
(10.26);1.7801040252925164
(10.27);1.4454912684344117
(10.28);4.220012409771439
(10.29);4.608632690921812
(10.30);2.299563594500779
(10.31);1.9358803349414946
(11.12);1.3475039184238853
(11.13);1.3499961735801749
(11.14);1.365855241579889
(11.15);1.129904626366929
(11.16);1.101025129799444
(11.17);1.3899890385839546
(11.18);1.8400093790697403
(11.19);1.589088593001937
(11.20);1.1249541457127226
(11.21);1.7594314244903209
(11.22);2.311221026454024
(11.23);2.097424126763133
(11.24);1.9855350164135634
(11.25);3.9812747107949003
(11.26);2.0221759416255916
(11.27);1.7035660998914286
(11.28);6.691832222301057
(11.29);3.7461336311076074
(11.30);6.7018031223206895
(11.31);2.566027325449839
(12.13);2.760705031097996
(12.14);4.813693095486707
(12.15);4.379156574582313
(12.16);4.530425691320029
(12.17);0.7988334576341075
(12.18);0.951381806951376
(12.19);7.765960889836573
(12.20);2.501248374512912
(12.21);2.1747578084405577
(12.22);3.0383191022803753
(12.23);2.4426285557137613
(12.24);1.7365222627736867
(12.25);2.336499457249113
(12.26);2.960501968613679
(12.27);3.752006963212821
(12.28);2.0743153101081853
(12.29);1.7813110757494197
(12.30);1.900080320418938
(12.31);2.47910118918118
(13.14);1.8199787088354247
(13.15);1.8209455063624957
(13.16);2.628943164859507
(13.17);0.9454960685847231
(13.18);1.044579837219278
(13.19);4.829079175190716
(13.20);1.5836326818875681
(13.21);5.1347163307932675
(13.22);7.86844988115508
(13.23);5.685816884833453
(13.24);2.917707459271308
(13.25);3.1154359556052738
(13.26);10.383829460897697
(13.27);26.25939453080456
(13.28);2.3745687048395236
(13.29);2.317543096032593
(13.30);1.729400785262501
(13.31);3.5774510155249453
(14.15);5.662426908179053
(14.16);2.9058751793124102
(14.17);0.771140889000342
(14.18);0.9471012550118049
(14.19);3.7142374220934573
(14.20);3.101694501744702
(14.21);1.6944411857892852
(14.22);2.2417297926289144
(14.23);1.8891598565820447
(14.24);1.4612019187665244
(14.25);2.0129954074560708
(14.26);2.144078768298168
(14.27);2.423706401088918
(14.28);1.917256912729678
(14.29);1.6022674437211637
(14.30);1.952424884895727
(14.31);1.9692159223618984
(15.16);4.372140602055839
(15.17);0.7155293284192533
(15.18);0.8637364313574225
(15.19);4.428442305429523
(15.20);4.633330885470057
(15.21);1.6587861755933735
(15.22);2.0899487537664045
(15.23);1.7935266521206836
(15.24);1.3829674015962299
(15.25);1.7440738575603614
(15.26);2.0594394054432215
(15.27);2.4895231565380143
(15.28);1.6197120096814
(15.29);1.4198343847337704
(15.30);1.5276940747992178
(15.31);1.6995373745746143
(16.17);0.7522756175410551
(16.18);0.875477860153846
(16.19);10.673492365837314
(16.20);2.999639522688425
(16.21);2.1156664584861464
(16.22);2.601108131994027
(16.23);2.2234119668623986
(16.24);1.622417078488442
(16.25);1.8883327757176618
(16.26);2.6795767237061003
(16.27);3.7937844186177077
(16.28);1.6662009462656284
(16.29);1.5241612872310117
(16.30);1.4439604385907718
(16.31);1.9052745440945453
(17.18);4.225391266649916
(17.19);1.034822437890169
(17.20);0.7676136139408027
(17.21);1.4635978997840111
(17.22);1.5348531003410253
(17.23);1.5785561618846504
(17.24);1.9238723990037936
(17.25);1.9302796171904766
(17.26);1.4255767076732246
(17.27);1.1916927368896326
(17.28);2.0019067304408136
(17.29);2.4274325434860673
(17.30);1.3010975682942516
(17.31);1.317177184981314
(18.19);1.1589269282101877
(18.20);0.9101550512729736
(18.21);1.4587326195765584
(18.22);1.5893653995970276
(18.23);1.586401125593375
(18.24);1.7776284383089294
(18.25);2.0379406229592427
(18.26);1.4768338409350668
(18.27);1.2761581880832602
(18.28);2.2535096066610936
(18.29);2.412760237655314
(18.30);1.6470630186063409
(18.31);1.4523656756866297
(19.20);2.981165451572082
(19.21);3.1654569926122806
(19.22);4.1202793778517455
(19.23);3.3856773436406336
(19.24);2.3297602878953207
(19.25);2.767291488953631
(19.26);4.2933127704675655
(19.27);6.824315632120539
(19.28);2.3784524861647562
(19.29);2.1662135743029816
(19.30);2.0700237884938564
(19.31);3.015143818706615
(20.21);1.5374909402178976
(20.22);1.8062543968690894
(20.23);1.6186457412763575
(20.24);1.3247955081610345
(20.25);1.5742982080431787
(20.26);1.7935565344091906
(20.27);2.0748052066269693
(20.28);1.495992310080567
(20.29);1.3473479792143406
(20.30);1.4245184092454755
(20.31);1.495442144292947
(21.22);9.26404452314168
(21.23);16.092372542665807
(21.24);7.226365422892926
(21.25);4.230861490568533
(21.26);11.156841407017547
(21.27);5.8449992929659125
(21.28);3.079817346453435
(21.29);3.523683759262379
(21.30);2.0276195310759038
(21.31);4.075825530744643
(22.24);5.708278874278939
(22.25);6.460874815346302
(22.27);7.73418971554018
(22.28);4.255097061633137
(22.29);4.366576393397165
(22.30);2.8047919917372366
(22.31);8.469788456338529
(23.24);7.890718316472916
(23.25);5.783442182424766
(23.26);16.136419190923185
(23.27);6.086860003669714
(23.28);3.865776205368768
(23.29);4.395305340510025
(23.30);2.437842300396958
(23.31);5.918573471680584
(24.25);5.052274719824568
(24.26);5.2724334489648035
(24.27);3.3974234147518447
(24.28);3.6590440529126353
(24.29);5.156565023611798
(24.30);2.1264998530863104
(24.31);3.7970136206597354
(25.26);5.074059257536752
(25.27);3.535904743591019
(25.28);12.066668327925315
(25.29);10.521935096126928
(25.30);4.419176582378403
(26.27);9.762591246599733
(26.28);3.5733351370236615
(26.29);3.703580070814024
(26.30);2.4476865725994963
(26.31);6.014282481649534
(27.28);2.7744275930761297
(27.29);2.7053439188204984
(27.30);2.1281955593956567
(27.31);4.040514858960965
(28.29);9.449360679482886
(28.30);6.161436963396366
(28.31);5.633441032670273
(29.30);3.4698993504176254
(29.31);4.678318471821259
(30.31);3.361683525584822

****Importance nodes******

0; 0.05789473684210527
1; 0.016267964126110607
2; 0.01679273716243676
3; 0.01733443836122504
4; 0.0178936137922323
5; 0.018470827140368826
6; 0.019066660273929108
7; 0.019681713831152626
8; 0.020316607825705938
9; 0.02097198227169645
10; 0.021648497828847948
11; 0.0223468364684882
12; 0.023067702161020078
13; 0.023811821585569114
14; 0.024579944862522952
15; 0.025372846309701113
16; 0.026191325222917273
17; 0.027036206681721055
18; 0.03666666666666667
19; 0.03666666666666667
20; 0.03666666666666667
21; 0.03666666666666667
22; 0.03928571428571429
23; 0.03793103448275863
24; 0.03666666666666667
25; 0.03793103448275863
26; 0.03793103448275863
27; 0.03666666666666667
28; 0.03666666666666667
29; 0.03666666666666667
30; 0.027908342381131414
31; 0.028504530723781556
