
****Mix criterion 0.5*C(weight)+0.5*C(distance) ******

(0.1);0.5112289335190157
(0.2);0.5325447714667579
(0.3);0.6079228736189087
(0.4);0.619624707501186
(0.5);0.4979744387573024
(0.6);0.6329044884654051
(0.7);0.5057268887398064
(0.8);0.46690571770895084
(0.9);0.43178628132870134
(0.10);0.412384783187787
(0.11);0.428917610047171
(0.12);0.4524557308778755
(0.14);0.38349862021390235
(0.15);0.3632446037416365
(0.16);0.4134417694982784
(0.17);0.32679877497310517
(0.30);0.4513204737832897
(0.31);0.7074963360252328
(1.2);0.533307237624564
(1.3);0.472141909744637
(1.4);0.3910348590805781
(1.6);0.37573418079085313
(1.7);0.6176641392925133
(1.8);0.3145814711714603
(1.9);0.3221469551749315
(1.10);0.3673374457883217
(1.11);0.45215939241337244
(1.12);0.49720369280686316
(1.13);0.45946202975802086
(1.14);0.4657960586106219
(1.15);0.41359131101626323
(1.16);0.4096115678752283
(1.17);0.24980598692449746
(1.18);0.24260278740461078
(1.19);0.47180516602130956
(1.20);0.3278536449858459
(1.21);0.4238756921091723
(1.22);0.514149924671932
(1.23);0.4623139457871205
(1.24);0.4006593192323377
(1.25);0.5319916448165924
(1.26);0.4878459215328256
(1.27);0.4738986498675025
(1.28);0.5164860281874613
(1.29);0.44966432198709777
(1.30);0.5312502887125277
(1.31);0.5788783544415792
(2.3);0.5944975063802265
(2.4);0.4483869815342684
(2.5);0.6101057155969769
(2.6);0.4218099120887481
(2.7);0.4670828643551511
(2.8);0.2960466774418759
(2.9);0.28792729701373443
(2.10);0.31135224207906537
(2.11);0.3733534756807425
(2.12);0.6026723445563544
(2.13);0.5567591028105089
(2.14);0.4790940123519065
(2.15);0.45841318090770145
(2.16);0.49553637095013564
(2.17);0.20967148249487033
(2.18);0.18887431300559757
(2.19);0.6213452319117418
(2.20);0.3637974770288293
(2.21);0.46060144183745394
(2.22);0.5524214305801882
(2.23);0.488075251755228
(2.24);0.40079538945896187
(2.25);0.46825006027664917
(2.26);0.5472512869420978
(2.27);0.5989422748411879
(2.28);0.4326482383423801
(2.29);0.4003984089901534
(2.31);0.5252059215041788
(3.4);0.5269522756137351
(3.5);0.49751195494532036
(3.6);0.48723284388987453
(3.7);0.43278922014683147
(3.8);0.3195116483822523
(3.9);0.30072252587040477
(3.10);0.30668466615927653
(3.11);0.35093109076925133
(3.12);0.5014983040641542
(3.13);0.9168268356531373
(3.14);0.41666423411255626
(3.15);0.4117037799107599
(3.16);0.4736154086256377
(3.17);0.21860806628312104
(3.18);0.186025511842452
(3.19);0.5842576619115616
(3.20);0.32894273707831156
(3.21);0.5341848784640115
(3.22);0.6414142930175787
(3.23);0.5565319473398436
(3.24);0.44028593023908
(3.25);0.46915580628412284
(3.26);0.6802672662089728
(3.27);0.9301115246439287
(3.28);0.4200920755818847
(3.29);0.4066563906793585
(3.30);0.389887264372791
(3.31);0.5225270017775179
(4.5);0.4015625963251829
(4.7);0.36930454261300905
(4.8);0.3412132775669376
(4.9);0.3051648543278949
(4.10);0.284750944669355
(4.11);0.30480241565355487
(4.12);0.4046866103326238
(4.13);0.5864929301162283
(4.14);0.33752589565135716
(4.15);0.34101063977474844
(4.16);0.409008769731453
(4.17);0.22149136610946976
(4.18);0.17233716338786714
(4.19);0.4714043232908121
(4.20);0.2702308515515197
(4.21);0.663721436947747
(4.23);0.5878800736090358
(4.24);0.477541807350934
(4.25);0.4290354209832689
(4.26);0.6552382609112182
(4.27);0.6532980912212973
(4.28);0.3769964861728778
(4.29);0.3883547635716898
(4.30);0.33015431923899674
(4.31);0.45445318893545483
(5.6);0.38137189018371703
(5.7);0.5267730067120688
(5.8);0.29308630352879284
(5.9);0.2955027673301378
(5.10);0.33496177825322276
(5.11);0.41361044931310104
(5.12);0.5740508772170646
(5.13);0.47952029122799844
(5.14);0.5119930207485855
(5.15);0.45657743912509335
(5.16);0.45264485057187276
(5.17);0.22177738651102463
(5.18);0.2119842680365302
(5.19);0.5269035648754516
(5.20);0.36222600243801306
(5.21);0.4223045167823607
(5.22);0.5089213829100535
(5.23);0.4550632323592281
(5.24);0.384697217486229
(5.25);0.4860075552452373
(5.26);0.49159023938325275
(5.27);0.5013538766558017
(5.28);0.4657957967620813
(5.29);0.41443390053222284
(5.30);0.4802028664324748
(5.31);0.534935342538371
(6.7);0.359897618594333
(6.8);0.36240426074314586
(6.9);0.3206885118123537
(6.10);0.2910892473093203
(6.11);0.301745935807281
(6.12);0.377573883091654
(6.13);0.529084443447369
(6.14);0.31376784737121705
(6.15);0.3145291149974637
(6.16);0.3783264358228715
(6.17);0.23685895557399095
(6.18);0.1824917924121212
(6.19);0.4341220964638914
(6.20);0.24384414960199374
(6.22);0.5648468405560236
(6.23);0.6037089443309571
(6.24);0.5089442533140454
(6.25);0.42971015545633384
(6.26);0.6205199750429147
(6.27);0.5687475216023135
(6.28);0.3764515122477596
(6.29);0.3965693517283871
(6.30);0.32204620940766693
(6.31);0.44594451780291916
(7.8);0.34055253501708854
(7.9);0.3583841323338463
(7.10);0.4186233749014524
(7.11);0.530977039835958
(7.12);0.4368275491960235
(7.13);0.42476702091393864
(7.14);0.4201288752928589
(7.15);0.3687152745874675
(7.16);0.3627801842732354
(7.17);0.2887066049870435
(7.18);0.2876094567624598
(7.19);0.4162206639013567
(7.20);0.2884202055587743
(7.21);0.4136877803075406
(7.22);0.49481553875450124
(7.23);0.4552695453722034
(7.24);0.4133485642660479
(7.25);0.596774117125102
(7.26);0.46409720099456087
(7.27);0.43231997361963725
(7.29);0.5025885392620943
(7.31);0.5841319293052374
(8.9);0.5686811543310402
(8.10);0.42029010425156615
(8.11);0.3497714859714628
(8.12);0.25034750672949346
(8.13);0.33071297157057417
(8.14);0.21029907471918985
(8.15);0.18425509543225208
(8.16);0.21582639106583426
(8.17);0.44374259284260065
(8.18);0.3541899638193703
(8.19);0.26260828101850364
(8.20);0.10629137990269817
(8.21);0.42294114429064755
(8.22);0.4047703955793307
(8.23);0.43067652481254504
(8.24);0.5350000766013622
(8.25);0.4430513625810423
(8.26);0.3923328432523767
(8.27);0.3318690849279722
(8.28);0.4212917482767896
(8.29);0.5005363007044806
(8.30);0.3296853786336271
(8.31);0.3891612569045101
(9.10);0.49945963596562354
(9.11);0.39212120087000923
(9.12);0.2454274242066636
(9.13);0.3074991152347779
(9.14);0.21446974659688148
(9.15);0.1809126144234636
(9.16);0.20130776524802124
(9.17);0.5210560907523081
(9.18);0.42724125911487026
(9.19);0.2474959923083434
(9.20);0.10286975844289606
(9.21);0.37840319078161216
(9.22);0.3815881806508405
(9.23);0.3964417306164947
(9.24);0.46682176729864294
(9.25);0.45354585184254687
(9.26);0.3639691371253938
(9.27);0.3062381613869126
(9.28);0.45503072849939374
(9.29);0.5357113834191836
(9.30);0.3602968466577905
(9.31);0.38729125667113923
(10.11);0.5063876054598012
(10.12);0.27726866976103187
(10.13);0.30698995449100286
(10.14);0.261417655848179
(10.15);0.21797986293362603
(10.16);0.22067434361842883
(10.17);0.45092265698609063
(10.18);0.4636887403646784
(10.19);0.26538555028048316
(10.20);0.14258834167539475
(10.21);0.34651539737439435
(10.22);0.3780517564738586
(10.23);0.37590118472636086
(10.24);0.4059390782093526
(10.25);0.4870598282012647
(10.26);0.3549221169569353
(10.27);0.30514872633064055
(10.28);0.5441093593934788
(10.29);0.5597141785349147
(10.30);0.44723135043915274
(10.31);0.41140180479769883
(11.12);0.34974518344049904
(11.13);0.34554543112217456
(11.14);0.3465481473392936
(11.15);0.29513943047964797
(11.16);0.2833310321406883
(11.17);0.3406350578593773
(11.18);0.3637921954219439
(11.19);0.32744783149155393
(11.20);0.2221366059038813
(11.21);0.3538297688779401
(11.22);0.40956235122402146
(11.23);0.3897748644681348
(11.24);0.3819695105630074
(11.25);0.5266499072967487
(11.26);0.38383516873518686
(11.27);0.34678106000877645
(11.28);0.6474898201581871
(11.29);0.5161664832203514
(11.30);0.6581998228772149
(11.31);0.4644882100592729
(12.13);0.4828522306094013
(12.14);0.586447147113322
(12.15);0.5670376964705408
(12.16);0.5704989362888792
(12.17);0.16975988749191073
(12.18);0.15588791032215357
(12.19);0.6862007184828957
(12.20);0.43164523519502734
(12.21);0.4021992710514887
(12.22);0.4672143910292314
(12.23);0.42199075759610505
(12.24);0.34699468327525673
(12.25);0.413638322235064
(12.26);0.4663768973874136
(12.27);0.5201336086184182
(12.28);0.3913233465589634
(12.29);0.35342718959812475
(12.30);0.4054858788919998
(12.31);0.45633882665765024
(13.14);0.4018473444109475
(13.15);0.39952849505075233
(13.16);0.4664974365343354
(13.17);0.2235768339521102
(13.18);0.18668525970111155
(13.19);0.5657801252108349
(13.20);0.3187212422929209
(13.21);0.5790545174324498
(13.22);0.6759904948796186
(13.23);0.5937215055777239
(13.24);0.4600135961236473
(13.25);0.4710531480118376
(13.26);0.7661871816423658
(13.28);0.4179558000499243
(13.29);0.41118561506668116
(13.30);0.3812756919982602
(13.31);0.5202992464766727
(14.15);0.6174221690736398
(14.16);0.4859422200305191
(14.17);0.1451480772480971
(14.18);0.1446064325656432
(14.19);0.5130438721626408
(14.20);0.47363702053459455
(14.21);0.3364011636359343
(14.22);0.3967058043698638
(14.23);0.3580626536301559
(14.24);0.29439706052068065
(14.25);0.37484552044766956
(14.26);0.3912676406503942
(14.27);0.42411830926238986
(14.28);0.367926213068532
(14.29);0.3203771357026378
(14.30);0.40665974660256177
(14.31);0.406392112450676
(15.16);0.5606478798420115
(15.17);0.1079074817500093
(15.18);0.09976552840003931
(15.19);0.5490108564876526
(15.20);0.5560490714259524
(15.21);0.3278986255253362
(15.22);0.37777844086494367
(15.23);0.3422759454072556
(15.24);0.2746756200906009
(15.25);0.3359419581933295
(15.26);0.3793560731679088
(15.27);0.4281638156496612
(15.28);0.321389432674229
(15.29);0.28265249454028346
(15.30);0.3488707913164665
(15.31);0.37161732974090617
(16.17);0.12271970102110556
(16.18);0.09996659585294712
(16.20);0.46244336269009906
(16.21);0.3863013918885751
(16.22);0.42597295255123613
(16.23);0.3920716125814319
(16.24);0.3173262105659426
(16.26);0.4372334734232989
(16.27);0.5159310295188557
(16.28);0.3255924665300592
(16.29);0.2996957902609676
(16.30);0.3311537347578566
(16.31);0.3938244443623056
(17.18);0.534127691656638
(17.19);0.16617680182320418
(17.20);0.03084065566545627
(17.21);0.2857759798801807
(17.22);0.2888636742704743
(17.23);0.30142548591866725
(17.24);0.3600610113447414
(17.25);0.35701126340216843
(17.26);0.272549125320906
(17.27);0.21958539942361788
(17.28);0.371138331080641
(17.29);0.41545913869057477
(17.30);0.3005935683122381
(17.31);0.3012020720971145
(18.19);0.1415170948558535
(18.20);0.02639493720973444
(18.21);0.23106494962980295
(18.22);0.24953917028649292
(18.23);0.2534184623995392
(18.24);0.2955486464546845
(18.25);0.33194765380002783
(18.26);0.23014917551500275
(18.27);0.181730856878841
(18.28);0.36453695036846134
(18.29);0.3813573359080214
(18.30);0.31636356563041684
(18.31);0.27684580919250645
(19.20);0.43529379507318566
(19.21);0.4512004794853871
(19.22);0.5070851258033332
(19.23);0.4614550451122309
(19.24);0.37339570629582897
(19.25);0.41432784770989123
(19.26);0.5210538163027709
(19.27);0.6417026529325813
(19.28);0.3800202689550633
(19.29);0.3538236734528851
(19.30);0.37747254896649624
(19.31);0.4622023563420371
(20.21);0.24936892298400082
(20.22);0.29143797068031885
(20.23);0.26015072255699695
(20.24);0.19491143055285792
(20.25);0.25160388645299514
(20.26);0.29485399110172816
(20.27);0.34298328653525734
(20.28);0.23993407673481582
(20.29);0.2013152193321272
(20.30);0.2735152191506134
(20.31);0.28576726627877963
(21.22);0.7222552512146492
(21.23);0.9379183487592089
(21.24);0.6502052530636689
(21.25);0.5153593801071579
(21.26);0.7934195278203913
(21.27);0.6006251955710531
(21.28);0.4446336649854042
(21.29);0.4748009200772553
(21.30);0.3723326788955056
(21.31);0.5272662108017158
(22.23);0.9726607868294044
(22.24);0.58297184031803
(22.25);0.6132011782095711
(22.27);0.6710869454812687
(22.28);0.5146843767907129
(22.29);0.518691036137641
(22.30);0.44080072382217067
(22.31);0.7011903531561035
(23.24);0.6662877421297353
(23.25);0.5835262345876769
(23.26);0.9393451074061848
(23.27);0.6036731010691465
(23.28);0.49235887380483134
(23.29);0.5199819020519925
(23.30);0.4105776676294847
(23.31);0.6040031549589517
(24.25);0.5548902462004942
(24.26);0.567877654240188
(24.27);0.4680966647326368
(24.28);0.48357172484431094
(24.29);0.5612894214460941
(24.30);0.3828712739892603
(24.31);0.5098306377479453
(25.26);0.5569967478006985
(25.27);0.475221016886632
(25.28);0.8175049990928087
(25.29);0.7611436093551334
(25.30);0.5421091711393361
(25.31);0.7551154924703245
(26.28);0.4777160078436572
(26.29);0.48436124280766935
(26.30);0.4143296943785173
(26.31);0.6146942841771743
(27.28);0.42069367067810814
(27.29);0.4130428738475787
(27.30);0.3855678370551598
(27.31);0.5278173837567665
(28.29);0.7305996553592855
(28.30);0.623233803725469
(28.31);0.6000713806069742
(29.30);0.4921549925483836
(29.31);0.5548635043776202
(30.31);0.5061947840333981
