
****Mix criterion 0.5*C(weight)+0.5*C(distance) ******

(0.1);0.4652686780071669
(0.2);0.48200477955038645
(0.3);0.5398955217251319
(0.4);0.5485016297094395
(0.5);0.45455588571644234
(0.6);0.5587993925979486
(0.7);0.4605397294917925
(0.8);0.42846543276254745
(0.9);0.3983635954601309
(0.10);0.38128945274379855
(0.11);0.3955430712733148
(0.12);0.4155719106734216
(0.13);0.567639481185929
(0.14);0.35504586065684485
(0.15);0.33664374739853614
(0.16);0.3818661957253553
(0.17);0.30302222147686014
(0.30);0.4128856693970769
(0.31);0.6083766734595584
(1.2);0.49788587119401856
(1.3);0.4490943285125547
(1.4);0.3767893661509202
(1.5);0.600676583356144
(1.6);0.3627018080255333
(1.7);0.5601693883799781
(1.8);0.3040115702913061
(1.9);0.3110756847181075
(1.10);0.3535725372648071
(1.11);0.4301090939889369
(1.12);0.4679311585889071
(1.13);0.4383500872664749
(1.14);0.4411650850807418
(1.15);0.39500041041988243
(1.16);0.39197325632709196
(1.17);0.2402216506822511
(1.18);0.23129507786405068
(1.19);0.4407569827456547
(1.20);0.3126439556927798
(1.21);0.3993923217596305
(1.22);0.4767561073703108
(1.23);0.4355250357041156
(1.24);0.3799361260149916
(1.25);0.49146396861403147
(1.26);0.45366587746950354
(1.27);0.44077578670925077
(1.28);0.4774440966843266
(1.29);0.423394226577178
(1.30);0.49260167219230183
(1.31);0.5292486765919813
(2.3);0.5442470253765489
(2.4);0.4282720458025833
(2.5);0.5549115695850954
(2.6);0.40484494984056957
(2.7);0.443578035506541
(2.8);0.28608615576166546
(2.9);0.27812452931947657
(2.10);0.30044940611235776
(2.11);0.3587955071340251
(2.12);0.5485064050074621
(2.13);0.518218504075174
(2.14);0.4522044792087457
(2.15);0.43433331264537844
(2.16);0.4665320404535576
(2.17);0.20110782026968835
(2.18);0.17909968393920916
(2.19);0.5564782498614691
(2.20);0.34602955754214637
(2.21);0.4310610898557615
(2.22);0.5069147419195975
(2.23);0.4572545629695239
(2.24);0.3798724672043436
(2.25);0.4387916527915634
(2.26);0.500926659013799
(2.27);0.5374465416534406
(2.28);0.4069113626181793
(2.29);0.37951366638864376
(2.30);0.40285065285445165
(2.31);0.4879932267094161
(3.4);0.49450319121624964
(3.5);0.47023006153305535
(3.6);0.46252680514014066
(3.7);0.41417403493118193
(3.8);0.30884396308737605
(3.9);0.2906821992235787
(3.10);0.2962449159543991
(3.11);0.3381403602012159
(3.12);0.47191516134109057
(3.13);0.7749868044161377
(3.14);0.3982415047827431
(3.15);0.3935139786339939
(3.16);0.44871508999846965
(3.17);0.2100023110887277
(3.18);0.17650535901032496
(3.19);0.53036212836415
(3.20);0.3137990625151964
(3.21);0.49198541941951235
(3.22);0.5745433201180522
(3.23);0.5136341088169023
(3.24);0.4154814945206268
(3.25);0.4400964480839581
(3.26);0.5988931471927399
(3.27);0.7593928841155064
(3.28);0.3962759652119374
(3.29);0.3855545596241195
(3.30);0.37228561210420824
(3.31);0.48662710477410925
(4.5);0.38625548416394434
(4.6);0.6410287796220215
(4.7);0.355993420562144
(4.8);0.3294280302963544
(4.9);0.2948811125900186
(4.10);0.27509231962805797
(4.11);0.29421086050819784
(4.12);0.3877256026543501
(4.13);0.5421340531957806
(4.14);0.3248756725816407
(4.15);0.3279672406809522
(4.16);0.39155922664245907
(4.17);0.21275734186979792
(4.18);0.1631110282150631
(4.19);0.44069740423425346
(4.20);0.2579103797182035
(4.21);0.5878961141838958
(4.22);0.5291363777989827
(4.23);0.5379543677328859
(4.24);0.44754063311016995
(4.25);0.4051355809249441
(4.26);0.5814557193769897
(4.27);0.5771624344255686
(4.28);0.3573428698444015
(4.29);0.36887617199065326
(4.30);0.316608191993357
(4.31);0.42995570279411793
(5.6);0.36773320003035537
(5.7);0.49286024620424224
(5.8);0.2831915074765323
(5.9);0.28536644259325095
(5.10);0.32288717208937295
(5.11);0.3957114030571223
(5.12);0.5281847930583519
(5.13);0.45552102789824467
(5.14);0.47952241018418995
(5.15);0.43282687892711635
(5.16);0.4301260690106756
(5.17);0.21285246354981052
(5.18);0.20151330224220923
(5.19);0.48579038482903786
(5.20);0.34455415369557485
(5.21);0.3978453137572726
(5.22);0.4724831475707413
(5.23);0.4290923791599882
(5.24);0.3652348276657851
(5.25);0.4539073917117825
(5.26);0.45671077531780196
(5.27);0.4632939407961044
(5.28);0.43557820940004094
(5.29);0.39215197701721843
(5.30);0.4512747601215811
(5.31);0.49597219002047344
(6.7);0.34727888662536416
(6.8);0.34952118655036457
(6.9);0.30981683102594754
(6.10);0.2812656632641393
(6.11);0.29135140940412846
(6.12);0.36290494139329943
(6.13);0.49769839832986307
(6.14);0.3023766054573188
(6.15);0.3029164485913861
(6.16);0.3634734326586485
(6.17);0.2277486588795749
(6.18);0.17305763003757724
(6.19);0.40878240556733275
(6.20);0.23258294957116757
(6.21);0.6552594455701931
(6.22);0.5179082817837701
(6.23);0.5507018660501268
(6.24);0.47404887727459993
(6.25);0.40591843306753783
(6.26);0.5574030336729638
(6.27);0.5167910804506594
(6.28);0.3569692930163776
(6.29);0.37649934547610575
(6.30);0.30901914256969865
(6.31);0.4227761714941336
(7.8);0.32821057222922684
(7.9);0.34483150471628105
(7.10);0.40006502219172513
(7.11);0.49493685764808315
(7.12);0.41583876193435443
(7.13);0.40689823494428995
(7.14);0.40054968801514257
(7.15);0.35332208353930955
(7.16);0.34824033708070057
(7.17);0.27728528274741104
(7.18);0.2740512326741063
(7.19);0.39209722855159884
(7.20);0.2748239977490098
(7.21);0.3898441062640619
(7.22);0.46046950765416295
(7.23);0.42887745908576036
(7.24);0.39082067916810237
(7.25);0.5411755509898785
(7.26);0.43329990195861756
(7.27);0.4048548009413056
(7.28);0.5608304831476008
(7.29);0.46765654232800047
(7.30);0.5899005331159193
(7.31);0.5331370705376334
(8.9);0.5243940573857332
(8.10);0.4014421777591889
(8.11);0.33626724131617086
(8.12);0.24098552676468898
(8.13);0.3192649239419468
(8.14);0.20180468919960753
(8.15);0.17624210040267657
(8.16);0.207305473271134
(8.17);0.42062115845517173
(8.18);0.33668148041049417
(8.19);0.2492926160425399
(8.20);0.09806467834432227
(8.21);0.39794731193987015
(8.22);0.3823133636784368
(8.23);0.407144059950431
(8.24);0.49379843149295766
(8.25);0.4166406931988859
(8.26);0.37016767290613284
(8.27);0.3138819150420674
(8.28);0.39648861551244863
(8.29);0.4658673990914951
(8.30);0.31552424594014367
(8.31);0.37092699136128626
(9.10);0.46947389213200386
(9.11);0.3754435565483087
(9.12);0.23608838209360916
(9.13);0.2969241154877065
(9.14);0.20575238104679894
(9.15);0.17286600770016955
(9.16);0.19303038331782854
(9.17);0.4853006356597803
(9.18);0.4028901907133672
(9.19);0.23467419922609234
(9.20);0.09461408654825565
(9.21);0.3577399449757016
(9.22);0.3611135233166182
(9.23);0.37616121040706424
(9.24);0.43733710033677053
(9.25);0.42556275324129095
(9.26);0.3441390063550329
(9.27);0.28972448870779877
(9.28);0.4257136397961
(9.29);0.49415493707649133
(9.30);0.34402102309666227
(9.31);0.36903449526979004
(10.11);0.47466416482965906
(10.12);0.26671728506140074
(10.13);0.2962777559269983
(10.14);0.2511602551950147
(10.15);0.20890775291302713
(10.16);0.21178704468564746
(10.17);0.4264595556974403
(10.18);0.43444510810706055
(10.19);0.25168159294941184
(10.20);0.1334238838363404
(10.21);0.3282146848002314
(10.22);0.35770161004101575
(10.23);0.35717088343331044
(10.24);0.38367686759058217
(10.25);0.45387562961581773
(10.26);0.33563487837065165
(10.27);0.2885506590026623
(10.28);0.4984954247332045
(10.29);0.5127974695556627
(10.30);0.4222078098177237
(10.31);0.3907057820059939
(11.12);0.3355241029701125
(11.13);0.33281299665139347
(11.14);0.33218202756298537
(11.15);0.2832556564257667
(11.16);0.2722626466932283
(11.17);0.3260377922700886
(11.18);0.3450524374797845
(11.19);0.3102762414734276
(11.20);0.21067939887739134
(11.21);0.33481746508354804
(11.22);0.3860455818547458
(11.23);0.3696992076019936
(11.24);0.3617476323397108
(11.25);0.4861210032886218
(11.26);0.3619316955104591
(11.27);0.32723833818532594
(11.28);0.5751783078249657
(11.29);0.4780136138575705
(11.30);0.5853022720297576
(11.31);0.4370602716156539
(12.13);0.45676711411397797
(12.14);0.5358139384572101
(12.15);0.5209775533788855
(12.16);0.5249222671201869
(12.17);0.16137017110965757
(12.18);0.14619423090058536
(12.19);0.6023058844345428
(12.20);0.406159883552723
(12.21);0.378705598082667
(12.22);0.43628606985661106
(12.23);0.3985826011957213
(12.24);0.3293011663289056
(12.25);0.3898427146397744
(12.26);0.4343195442449894
(12.27);0.47713344699164084
(12.28);0.36891474301664684
(12.29);0.33527731707351155
(12.30);0.3848268238783017
(12.31);0.42984471646599737
(13.14);0.38465088332423714
(13.15);0.3822924589355659
(13.16);0.44275396314004
(13.17);0.21460926364145902
(13.18);0.17693195712923077
(13.19);0.5177629281037005
(13.20);0.3039347720215001
(13.21);0.5279982648425998
(13.22);0.6023189715381208
(13.23);0.5439368495953533
(13.24);0.43277079222053805
(13.25);0.44192441978814256
(13.26);0.6624932409476147
(13.27);0.9863557650585179
(13.28);0.3943446457473633
(13.29);0.3895465806591711
(13.30);0.364212353540595
(13.31);0.485615926079374
(14.15);0.5580478423237623
(14.16);0.45676165890722775
(14.17);0.13707300797032712
(14.18);0.1349736806386288
(14.19);0.4730435570491388
(14.20);0.44209038966425646
(14.21);0.3181529544693093
(14.22);0.37392508530089336
(14.23);0.3399646344600133
(14.24);0.2795355074140068
(14.25);0.3543803957700675
(14.26);0.3681223640932061
(14.27);0.39646163488016123
(14.28);0.3472783998171374
(14.29);0.30408083715544065
(14.30);0.38551166608653925
(14.31);0.3854166012812007
(15.16);0.5167133677264236
(15.17);0.10041460137130284
(15.18);0.09097718503508342
(15.19);0.501335005431228
(15.20);0.50890586747313
(15.21);0.31004041778825353
(15.22);0.35653184613744215
(15.23);0.3250737386989552
(15.24);0.2606042066981293
(15.25);0.318203853199777
(15.26);0.35713245503534025
(15.27);0.3997855514544679
(15.28);0.3039518907120824
(15.29);0.26820596705642913
(15.30);0.332331134295928
(15.31);0.35351850839691085
(16.17);0.11516027756213038
(16.18);0.09136903298412906
(16.19);0.6683456451516103
(16.20);0.432985633884058
(16.21);0.3642905097436045
(16.22);0.40041448187999384
(16.23);0.3715020817291616
(16.24);0.301393388656206
(16.25);0.33480829910069737
(16.26);0.4092698207293725
(16.27);0.474090291155702
(16.28);0.3082577148677705
(16.29);0.2847278817785252
(16.30);0.3161294060333965
(16.31);0.37432413781820256
(17.18);0.4911490985106324
(17.19);0.155055456806529
(17.20);0.02303286909021362
(17.21);0.27004654011043083
(17.22);0.2732647456251068
(17.23);0.2862666312881908
(17.24);0.34049233145603364
(17.25);0.3373853700067221
(17.26);0.25719267888342334
(17.27);0.20604322085865956
(17.28);0.34962362998290597
(17.29);0.39076849370834643
(17.30);0.2865378066770139
(17.31);0.28719879421499983
(18.19);0.12939508079083814
(18.20);0.01733008448091372
(18.21);0.2158070615773504
(18.22);0.23370960008361405
(18.23);0.23839818492155312
(18.24);0.27784403669913077
(18.25);0.31165041808028004
(18.26);0.21466261912071932
(18.27);0.16769897282605944
(18.28);0.3409659430144596
(18.29);0.35732701690500107
(18.30);0.29912166860648576
(18.31);0.26185016052938065
(19.20);0.4041117346218812
(19.21);0.4165080320928044
(19.22);0.46405932959102636
(19.23);0.42773478342222293
(19.24);0.34902714060757073
(19.25);0.38540629418979044
(19.26);0.47392244504793957
(19.27);0.5632542815089245
(19.28);0.35395315196544536
(19.29);0.3311657553595663
(19.30);0.3546275748303278
(19.31);0.4293746415960269
(20.21);0.23328724747151772
(20.22);0.27344825554826224
(20.23);0.24482514834988234
(20.24);0.1817168917097381
(20.25);0.2359243806509912
(20.26);0.2760461783020993
(20.27);0.32016995009831895
(20.28);0.2242864639453212
(20.29);0.1878960651023397
(20.30);0.2586029787302758
(20.31);0.2703268538762718
(21.22);0.6255159636078335
(21.23);0.7776434736678076
(21.24);0.5746197254838303
(21.25);0.471141744370534
(21.26);0.6709413245079052
(21.27);0.53343447635118
(21.28);0.41087980210874414
(21.29);0.4379442874020518
(21.30);0.3499556820692411
(21.31);0.48289020556851064
(22.24);0.5261192114631935
(22.25);0.5488529348871314
(22.27);0.5863225748210931
(22.28);0.47025075415300044
(22.29);0.47520133415781995
(22.30);0.41149501029649077
(22.31);0.6138594809554092
(23.24);0.5915772690331411
(23.25);0.5287203803266808
(23.26);0.7780744418445662
(23.27);0.5398443221651804
(23.28);0.45385698125890156
(23.29);0.47836650935599867
(23.30);0.3864391748256486
(23.31);0.5462017344536743
(24.25);0.504571208563227
(24.26);0.5125892150947243
(24.27);0.43074059721752345
(24.28);0.4452992657321404
(24.29);0.5099316857940732
(24.30);0.3606105037126362
(24.31);0.47062654254127645
(25.26);0.5038330614419727
(25.27);0.4364043622188757
(25.28);0.6913936749881855
(25.29);0.6563485066578519
(25.30);0.4958912079112885
(26.27);0.6384679439957263
(26.28);0.4384884476902295
(26.29);0.4455243066286537
(26.30);0.38727002652062303
(26.31);0.5490822231534459
(27.28);0.38880046144768343
(27.29);0.3832965049833841
(27.30);0.36078611479968414
(27.31);0.48139013235393335
(28.29);0.6317622910062153
(28.30);0.5552356150800924
(28.31);0.5387366628029331
(29.30);0.4558311563578721
(29.31);0.5065599529290662
(30.31);0.46933772354432235
