
****Mix criterion 0.5*C(weight)+0.5*C(distance) ******

(0.1);0.5186090663915396
(0.2);0.5407318961230905
(0.3);0.6176223504964012
(0.4);0.6332785852279237
(0.5);0.5042247792452379
(0.6);0.6453539366728447
(0.7);0.5134330134635041
(0.8);0.4736458417735993
(0.9);0.4360581763605081
(0.10);0.4169942515317912
(0.11);0.43387825051827783
(0.12);0.4592008095886479
(0.14);0.38859588963581665
(0.15);0.367342400065632
(0.16);0.4189995490931689
(0.17);0.33046695749100935
(0.30);0.4568431412785142
(0.31);0.7227634367313575
(1.2);0.5427292356984729
(1.3);0.4773090202261966
(1.4);0.3958312097756515
(1.6);0.3794141625008272
(1.8);0.31764705302884927
(1.9);0.3241884360667007
(1.10);0.3704698703598951
(1.11);0.45716564114856495
(1.12);0.5059349753474282
(1.13);0.46484453848421325
(1.14);0.4728602658865967
(1.15);0.4179227730137031
(1.16);0.4145786126084021
(1.17);0.2520165774440196
(1.18);0.24469872578732604
(1.19);0.4794717901259535
(1.20);0.3306728340943178
(1.21);0.4282070616464289
(1.22);0.521012583387368
(1.23);0.4694575946327414
(1.24);0.4059445890635149
(1.25);0.5394669668910749
(1.26);0.49385098396369226
(1.27);0.4794949930962219
(1.28);0.5233929625830969
(1.29);0.4583257133290598
(1.30);0.539192334933803
(1.31);0.5901097049531894
(2.3);0.6058706306683246
(2.4);0.45516302425786154
(2.5);0.622604967323379
(2.6);0.42661932178627815
(2.7);0.47370591409055507
(2.9);0.2897600705236416
(2.10);0.31385358139452874
(2.11);0.37668534286569855
(2.13);0.5666441859465757
(2.14);0.48682944094924063
(2.15);0.4640626594787099
(2.16);0.503731997542706
(2.17);0.211660370276665
(2.18);0.1907046353307156
(2.19);0.6374340612794649
(2.20);0.36712456182012887
(2.21);0.4658828006764659
(2.22);0.5608564314313477
(2.23);0.4963243582538809
(2.24);0.4061541578734973
(2.25);0.47373863132519345
(2.26);0.5554752747756669
(2.27);0.6094455838119337
(2.28);0.43724959435123206
(2.29);0.4072884052048439
(2.30);0.4286493293023057
(2.31);0.533686008468256
(3.4);0.5365888176833722
(3.5);0.5025500251804872
(3.6);0.4932087170074064
(3.7);0.437308983843077
(3.8);0.3222068450616763
(3.9);0.3021952152439712
(3.10);0.3086775633839522
(3.11);0.35337420690852905
(3.12);0.5092938044432587
(3.13);0.9474321578449234
(3.14);0.4213264085261892
(3.15);0.4153313500664118
(3.16);0.47977547515883334
(3.17);0.22031433949666845
(3.18);0.1875252684123947
(3.19);0.5961817001523513
(3.20);0.3313283947268381
(3.21);0.5405477018998445
(3.22);0.6519100157622559
(3.23);0.5667479770323771
(3.24);0.4459338231356371
(3.25);0.4737253366219686
(3.26);0.6924906815596217
(3.27);0.9547670948562268
(3.28);0.42368306249601756
(3.29);0.41304751122332384
(3.30);0.39296341155746106
(3.31);0.529546829617912
(4.5);0.40607210073391004
(4.7);0.3739461180799399
(4.8);0.34542383479995065
(4.9);0.30773942469107524
(4.10);0.2875755958555304
(4.11);0.3078823086535689
(4.12);0.4108093721705848
(4.13);0.6008980893886008
(4.14);0.34192166311558014
(4.15);0.3448257121690862
(4.17);0.2240069986527606
(4.18);0.17449716837756052
(4.19);0.4803925433943206
(4.20);0.2731152966779888
(4.21);0.6806022262875056
(4.22);0.5919344085973577
(4.23);0.6037433975337883
(4.24);0.486658421712007
(4.25);0.4345831502147994
(4.26);0.6714890591047715
(4.27);0.6694240414445333
(4.28);0.381371918349259
(4.29);0.3957296521776585
(4.30);0.33367105320212875
(4.31);0.46133168764280474
(5.6);0.3846650708016748
(5.7);0.5349926084212778
(5.8);0.29557884757343655
(5.9);0.29701703764777526
(5.10);0.3372818968034926
(5.11);0.4170512796571336
(5.12);0.5860897709412833
(5.13);0.48471048886238466
(5.14);0.5201879223107063
(5.15);0.461335384121334
(5.16);0.4582039507289264
(5.17);0.22355499574993942
(5.18);0.21365219826209725
(5.19);0.5360078559131457
(5.20);0.3650409682432827
(5.21);0.4260365444515811
(5.22);0.5147021787972109
(5.23);0.4612428465665436
(5.24);0.38912987156556833
(5.25);0.4911105986365896
(5.26);0.49689130727904113
(5.27);0.5069200989485544
(5.28);0.4704064487124555
(5.29);0.42114318952549523
(5.30);0.485301362516339
(5.31);0.5425904508241933
(6.7);0.36365260728471305
(6.8);0.3663564368864061
(6.9);0.322864702352902
(6.10);0.29347974977975866
(6.11);0.30426697261827523
(6.12);0.3821789561603941
(6.13);0.5376247457434258
(6.14);0.31720670268697904
(6.15);0.31740303104336404
(6.16);0.3827355943382158
(6.17);0.2390874026028295
(6.18);0.18435038813281043
(6.19);0.4406629114732737
(6.20);0.2460626844709286
(6.21);0.7790381203871919
(6.22);0.5739829543068267
(6.23);0.6185114631337298
(6.24);0.518262210931723
(6.25);0.4343694502025741
(6.26);0.6322783051549796
(6.27);0.5780542747708997
(6.28);0.38011020429427855
(6.29);0.4034342070051489
(6.30);0.3248930376266905
(6.31);0.4514941249891439
(7.8);0.34430138861185483
(7.9);0.36114158551848335
(7.10);0.4231531835929816
(7.11);0.5397459825771556
(7.12);0.4433488196825098
(7.13);0.4296115656015781
(7.14);0.42599101817150214
(7.15);0.3725319177470957
(7.16);0.367063912955178
(7.17);0.29150713784292387
(7.18);0.29031588116525775
(7.19);0.42244556992084614
(7.20);0.2911342120807249
(7.21);0.41823309682450244
(7.22);0.5015897612442725
(7.23);0.46261163652287723
(7.24);0.4193532961507503
(7.25);0.6078070628274714
(7.26);0.4699215786147544
(7.27);0.4373220996039977
(7.28);0.6394019332648987
(7.29);0.5144046062572107
(7.31);0.5963884689027069
(8.10);0.425057117543232
(8.11);0.35317467030842153
(8.12);0.2533301274724409
(8.13);0.33392157216148244
(8.14);0.21290823404576872
(8.15);0.1863068327743748
(8.16);0.21840410574240104
(8.17);0.4495937549872787
(8.18);0.3578092143932688
(8.19);0.2661274858868116
(8.20);0.10799195519760632
(8.21);0.4278742461777878
(8.22);0.4093526574223089
(8.23);0.437382289842818
(8.24);0.5462531489748408
(8.25);0.44847602390468144
(8.26);0.39667081244847
(8.27);0.33526009447155997
(8.28);0.42618721125859815
(8.29);0.5124718723986367
(8.30);0.33291438854592825
(8.31);0.39368108247456707
(9.10);0.5041842130479967
(9.11);0.3947596134775656
(9.12);0.2475317478257621
(9.13);0.30938043284657407
(9.14);0.21636007426613207
(9.15);0.18226444970520475
(9.16);0.20305588793196117
(9.17);0.5270620143747371
(9.18);0.43050742378711365
(9.19);0.2500005561330476
(9.20);0.10397707675202794
(9.21);0.3810720837309991
(9.22);0.38434367401451935
(9.23);0.4006662236446461
(9.24);0.4727114142868083
(9.25);0.457305424598642
(9.26);0.36653005991546966
(9.27);0.30829328615976787
(9.28);0.45881736357462427
(9.30);0.36270139588350053
(9.31);0.39033765466000153
(10.11);0.5126449624458097
(10.12);0.2800408031257137
(10.13);0.3093459478843006
(10.14);0.2640155795959471
(10.15);0.21983529408046834
(10.16);0.22287955439282411
(10.17);0.4558959644029027
(10.18);0.4685126736072972
(10.19);0.2684508285660726
(10.20);0.14410008045089778
(10.21);0.3494115360948584
(10.22);0.3813913462029482
(10.23);0.3803871810348243
(10.24);0.4110547594536455
(10.25);0.4925198596345881
(10.26);0.357960804263618
(10.27);0.3076697196037736
(10.28);0.5513278915586604
(10.29);0.5737544117594233
(10.30);0.4517729985130954
(10.31);0.4155526392244436
(11.12);0.3534671259058771
(11.13);0.34834085573652096
(11.14);0.3501746808759377
(11.15);0.2975686349161095
(11.16);0.2860689305441607
(11.17);0.3436014021528233
(11.18);0.3668908642764268
(11.19);0.33128349861694345
(11.20);0.22403108558082932
(11.21);0.3568470871179096
(11.22);0.41343076339779683
(11.23);0.39457224300818716
(11.24);0.38660826932660075
(11.25);0.5333343377686669
(11.26);0.38729585666531535
(11.27);0.3497589523782642
(11.28);0.6589659067746425
(11.29);0.527536335768239
(11.30);0.6714458471875142
(11.31);0.469987977743935
(12.13);0.4903890146296185
(12.14);0.602308251879655
(12.16);0.5845798371136981
(12.17);0.1719567319544764
(12.18);0.15798680998490508
(12.19);0.7089321167818552
(12.20);0.43716338714134817
(12.21);0.40706349785972296
(12.22);0.47381984846458086
(12.23);0.42880918244376065
(12.24);0.35194466442199845
(12.25);0.41875598944585846
(12.26);0.47295611547042926
(12.27);0.5286483041874622
(12.28);0.3959629161243644
(12.29);0.3597346239464149
(12.30);0.41039599915862474
(12.31);0.46313558466158683
(13.14);0.4066289713414559
(13.15);0.4034209072535189
(13.16);0.4729769254555781
(13.17);0.2255837394577799
(13.18);0.1884456879127171
(13.19);0.5773569946777669
(13.20);0.32139013513450293
(13.21);0.5878628074331091
(13.22);0.6891716217156484
(13.23);0.6066520800029289
(13.24);0.4667877098474577
(13.25);0.47628804558428944
(13.26);0.7839636951542723
(13.28);0.42202922659021475
(13.29);0.4181466123717967
(13.30);0.38468202678805596
(13.31);0.5279259510825762
(14.15);0.6326291348351436
(14.16);0.4946566643330052
(14.17);0.14719404680422582
(14.18);0.14663126957692701
(14.19);0.5235961229138458
(14.20);0.48026822896304266
(14.21);0.3400741926836792
(14.22);0.4014344641781606
(14.23);0.3631830747759268
(14.24);0.29843929446144857
(14.25);0.37912081864184527
(14.26);0.39588832859177403
(14.27);0.4294494500233033
(14.28);0.3720822383065314
(14.29);0.32588847120699155
(14.31);0.41160590503046357
(15.16);0.5716922094441026
(15.17);0.109476773010932
(15.18);0.10128219490146831
(15.19);0.5598607499034546
(15.20);0.5641849071843041
(15.21);0.3308600878212927
(15.22);0.3814216580342512
(15.23);0.34645286654973617
(15.24);0.277962034603455
(15.25);0.33899349573890486
(15.26);0.38302293155909095
(15.27);0.4326867808412879
(15.28);0.32428113512362006
(15.29);0.2869703222546279
(15.30);0.35199275785731154
(15.31);0.3753567935199655
(16.17);0.12460010144970093
(16.18);0.10173603258715175
(16.20);0.4685059630166044
(16.21);0.3906387392245447
(16.22);0.431169795190465
(16.23);0.39781139068313287
(16.24);0.3215987557765025
(16.25);0.35715266494234293
(16.26);0.4427001942398303
(16.27);0.523826578653637
(16.28);0.32900836047047094
(16.29);0.30470954536566297
(16.30);0.3345431886948308
(16.31);0.3985845406124024
(17.18);0.5415387866621915
(17.19);0.1686913473723259
(17.20);0.03218700611242492
(17.21);0.2883849278523459
(17.22);0.2915367943820275
(17.23);0.30507552268073834
(17.24);0.36459780333742015
(17.25);0.36038513431896385
(17.26);0.2750836989992052
(17.27);0.22174619670581328
(17.28);0.3747068457017798
(17.29);0.422754855142793
(17.30);0.30323812896499475
(17.31);0.30407969464556117
(18.19);0.14386847289692636
(18.20);0.02770712040306579
(18.21);0.23320428464699797
(18.22);0.25183058048357604
(18.23);0.2564853684670385
(18.24);0.2990444939050489
(18.25);0.33488578113417183
(18.26);0.23231701274817262
(18.27);0.1836364209911902
(18.28);0.36784188229938297
(18.29);0.38745905036417233
(18.30);0.3190588732965767
(18.31);0.27941606643034
(19.20);0.4413423619060035
(19.21);0.4577016445825575
(19.22);0.5153614411419121
(19.23);0.469954814445767
(19.24);0.3793454304208769
(19.25);0.41991493770665267
(19.26);0.5298343081021459
(19.27);0.6559000731445092
(19.29);0.36057391615717704
(19.30);0.3822404129967336
(19.31);0.46953054385574844
(20.21);0.2516237626735274
(20.22);0.29404207276065947
(20.23);0.2632799654483215
(20.24);0.1975167460955507
(20.25);0.2538735740705023
(20.26);0.29748674404069486
(20.27);0.3460813933207507
(20.28);0.2421280557351201
(20.29);0.20472257515386733
(20.30);0.27584634755654036
(20.31);0.28841375611221165
(21.22);0.7358336900321669
(21.23);0.9694221187912249
(21.24);0.6645961011212533
(21.26);0.8100692278841105
(21.27);0.6094982600131463
(21.28);0.4492269913584417
(21.29);0.4837996768937612
(21.30);0.375707978345888
(21.31);0.5345932172267504
(22.24);0.5940943108523908
(22.25);0.6225159112707763
(22.27);0.6826219339556259
(22.28);0.5209211316950806
(22.29);0.5295701205157788
(22.30);0.44536928963983546
(22.31);0.7160720439397709
(23.24);0.6856138235419036
(23.25);0.5946596806654223
(23.26);0.9708240371942656
(23.27);0.6157486072186891
(23.28);0.49992683957534056
(23.29);0.533176790726384
(23.30);0.415915600004332
(23.31);0.6177069265900267
(24.25);0.5647810003754876
(24.26);0.5783374483701078
(24.27);0.4749529001922691
(24.28);0.49085847882365696
(24.30);0.3876186546056524
(24.31);0.5187927454404468
(25.26);0.5644427206915755
(25.27);0.48049775707562875
(25.28);0.8351965416536011
(25.29);0.7875590093422296
(25.30);0.5493243310713289
(25.31);0.7727968420152469
(26.28);0.48304860656834386
(26.29);0.49375607375124575
(26.30);0.4183986240375727
(26.31);0.6254770482953831
(27.28);0.42490542051577057
(27.29);0.42002381106312325
(27.30);0.3891749284426487
(27.31);0.5352019998836848
(28.29);0.754731360879851
(28.30);0.6334905084362795
(28.31);0.610198472242785
(29.30);0.5021174694666274
(29.31);0.5688661348527166
(30.31);0.5130644429036697
