
****Importance edges******

(0.1);3.9529375401866558
(0.2);4.3445259369120395
(0.3);5.961734585972553
(0.4);6.256394424439705
(0.5);3.8023908297252658
(0.6);6.6363672669230755
(0.7);3.961701995143514
(0.8);3.380545818666481
(0.9);2.941099017811603
(0.10);2.738014188732363
(0.11);2.9405740123166426
(0.12);3.251869576978827
(0.13);7.083599966236704
(0.14);2.5163781750104626
(0.15);2.354275934972229
(0.16);2.864917108966999
(0.17);2.1089892853985592
(0.30);3.345972958118961
(0.31);8.718166781358194
(1.2);3.0807797880076633
(1.3);2.0941253845271857
(1.4);1.3046899529417548
(1.5);6.814212240959765
(1.6);1.2414135204383392
(1.7);5.216237562733155
(1.8);0.9648701979861072
(1.9);1.0113227154794087
(1.10);1.2582269299254327
(1.11);2.0169370378268265
(1.12);2.679348179804707
(1.13);2.1927424888673657
(1.14);2.265980167270048
(1.15);1.7115238915492996
(1.16);1.7083183236974546
(1.17);0.8849645695545958
(1.18);1.0781008932576248
(1.19);2.775916792251732
(1.20);1.4501238782450425
(1.21);2.1889782819435464
(1.22);3.485483119615927
(1.23);2.8022194978316786
(1.24);2.0732382697261285
(1.25);3.8678111401581186
(1.26);2.978989503116131
(1.27);2.7762322084275395
(1.28);3.5737213104132586
(1.29);2.6281744604694293
(1.30);3.4355114186082627
(1.31);4.500455699646065
(2.3);4.556310674086909
(2.4);1.8382281101301379
(2.5);4.991129745881774
(2.6);1.6115248860891085
(2.7);2.128387658557475
(2.8);0.9074359425676036
(2.9);0.8936907226975489
(2.10);0.9946763862518875
(2.11);1.3290639951606293
(2.12);4.948493821502519
(2.13);3.987569956328141
(2.14);2.469071719417452
(2.15);2.2127056321027285
(2.16);2.801949978315732
(2.17);0.7892662832101235
(2.18);0.9301723816403022
(2.19);5.792823928189369
(2.20);1.6908291735133407
(2.21);2.638045618864495
(2.22);4.234940220905214
(2.23);3.2146474602430026
(2.24);2.0882929898686533
(2.25);2.8061778544876446
(2.26);4.033901925705203
(2.27);5.151918891516674
(2.28);2.3525655800845873
(2.29);2.0844823222682054
(2.30);1.8969787833791798
(2.31);3.369273324766247
(3.4);3.095670490825886
(3.5);2.5728810058217224
(3.6);2.4490981967582632
(3.7);1.755524219224046
(3.8);1.0116134127361913
(3.9);0.9521400141881203
(3.10);0.9900375061935736
(3.11);1.2130129198624315
(3.12);2.805581480468279
(3.13);15.271728416104754
(3.14);1.7538454746178302
(3.15);1.7317901138097438
(3.16);2.493487607790613
(3.17);0.8207146529502345
(3.18);0.9324084724996655
(3.19);4.94784535686194
(3.20);1.483178969540917
(3.21);3.8740946373920626
(3.22);6.397993947654863
(3.23);4.606689737864137
(3.24);2.546790781759458
(3.25);2.847148655030058
(3.26);7.281247940596909
(3.27);14.68683789944264
(3.28);2.2374451654530145
(3.29);2.1666265429189737
(3.30);1.6145363286835808
(3.31);3.3583541568021773
(4.5);1.4539494689522745
(4.6);8.686797864317612
(4.7);1.2640505257038852
(4.8);1.1251855815712624
(4.9);0.9817375109995852
(4.10);0.9219734232685747
(4.11);1.0109317279410914
(4.12);1.6187243259887643
(4.13);4.801053388766992
(4.14);1.2116254679529481
(4.15);1.2492297976887872
(4.16);1.7569817618662193
(4.17);0.8377239061120239
(4.18);0.9077672179297492
(4.19);2.8330157201990676
(4.20);1.2122216106998778
(4.21);6.99563284038673
(4.22);4.907059206925484
(4.23);5.382059061880526
(4.24);3.0930564847838995
(4.25);2.352152746847293
(4.26);6.635628331786181
(4.27);6.584649621747638
(4.28);1.8551166401248482
(4.29);2.008200863095545
(4.30);1.249843894355915
(4.31);2.3046929367545843
(5.6);1.3444841584206162
(5.7);3.1861310001443206
(5.8);0.9346730255050164
(5.9);0.9575682584200219
(5.10);1.1407710575754293
(5.11);1.6911869391766767
(5.12);4.334005807572245
(5.13);2.564216006810297
(5.14);3.0800158248998875
(5.15);2.253169415680274
(5.16);2.243776889133079
(5.17);0.8481955139382229
(5.18);1.0219184916908786
(5.19);3.766783461027144
(5.20);1.724691816112739
(5.21);2.2409485552028796
(5.22);3.4761822101736293
(5.23);2.773378031930532
(5.24);1.9893516058387144
(5.25);3.134216196436285
(5.26);3.1164890584028613
(5.27);3.272372890334733
(5.28);2.8317964224019363
(5.29);2.2775507393849135
(5.30);2.6472369068506434
(5.31);3.634553113627557
(6.7);1.2421635106229605
(6.8);1.2743070208527623
(6.9);1.0746172717314404
(6.10);0.970354217427864
(6.11);1.0260512333641032
(6.12);1.4469984769547888
(6.13);3.5112590187027353
(6.14);1.1263967892013516
(6.15);1.1475787790591974
(6.16);1.5425765324363891
(6.17);0.9005808768465904
(6.18);0.9518850617307489
(6.19);2.396840473582341
(6.20);1.1362289158207803
(6.21);9.856928684822426
(6.22);4.623651315808772
(6.23);5.85515611238795
(6.24);3.6857305994367757
(6.25);2.3998206239697897
(6.26);5.819169609899454
(6.27);4.605890010682936
(6.28);1.8844492800279344
(6.29);2.119840637089077
(6.30);1.2378629983094018
(6.31);2.2440929832500447
(7.8);1.1657632054111378
(7.9);1.280222118988478
(7.10);1.7532220425550564
(7.11);3.4050234049618116
(7.12);1.9831521108915984
(7.13);1.9021365073194176
(7.14);1.8568775837423552
(7.15);1.4600728145594182
(7.16);1.4465783574908078
(7.17);1.0852161465127592
(7.18);1.3222115322078212
(7.19);2.2115302173200657
(7.20);1.3259157425939676
(7.21);2.1858829339417687
(7.22);3.2757564434857667
(7.23);2.810643228966728
(7.24);2.2986855743340127
(7.25);5.424465473113492
(7.26);2.7548564399221607
(7.27);2.3659418876860965
(7.28);6.1850671301842075
(7.29);3.5643682079328687
(7.30);6.809545027125028
(7.31);4.758144490321408
(8.9);4.20459364392379
(8.10);1.7894122080040782
(8.11);1.282085870603655
(8.12);0.888821443933686
(8.13);1.2228854906296227
(8.14);0.8093064863662313
(8.15);0.763480542788155
(8.16);0.8511268164049436
(8.17);2.206460231663099
(8.18);1.7132972162020306
(8.19);1.2254805465048588
(8.20);0.8050260293444294
(8.21);2.3002572822139262
(8.22);2.149386081439691
(8.23);2.512588214362512
(8.24);4.216422271482394
(8.25);2.5853843982716516
(8.26);1.9907871464694762
(8.27);1.55620704245883
(8.28);2.3331693649389926
(8.29);3.547885733790899
(8.30);1.3028139675099955
(8.31);1.7088067323916571
(9.10);2.84683071655986
(9.11);1.5833667624961525
(9.12);0.8866437363771773
(9.13);1.1275611619155461
(9.14);0.8305087247402676
(9.15);0.7666441556469665
(9.16);0.826202547382735
(9.17);3.4118745929875725
(9.18);2.382042852224053
(9.19);1.1804416450046582
(9.20);0.8075770599749681
(9.21);1.9023669867227595
(9.22);1.959472567921796
(9.23);2.162423575993063
(9.24);3.014778676782007
(9.25);2.738358384506678
(9.26);1.7821639625342334
(9.27);1.4301756081390358
(9.28);2.7580697542065
(9.29);4.249106441622436
(9.30);1.4979860014012265
(9.31);1.711207406864078
(10.11);3.011806734625538
(10.12);1.001742902621325
(10.13);1.1401016907026307
(10.14);0.9771789296595007
(10.15);0.8643054464820118
(10.16);0.8864374221803497
(10.17);2.3341650446092195
(10.18);2.8596243414103166
(10.19);1.2621044710897402
(10.20);0.8961577167132379
(10.21);1.6854555662990864
(10.22);1.9473777359717943
(10.23);1.994386764199876
(10.24);2.274332447450907
(10.25);3.246185047692792
(10.26);1.7344545063784829
(10.27);1.4389595578062107
(10.28);4.291676974218185
(10.29);4.7930636982275345
(10.30);2.3040653789170826
(10.31);1.9401728318473304
(11.12);1.3501418851039002
(11.13);1.3526390192709075
(11.14);1.3685291340767853
(11.15);1.1321166056533694
(11.16);1.1031805725900428
(11.17);1.3927101770676629
(11.18);1.831835982709676
(11.19);1.5820297969601316
(11.20);1.119957053728085
(11.21);1.751615958675694
(11.22);2.2501947149253714
(11.23);2.134679782684355
(11.24);2.0640990630030216
(11.25);3.9632640083006945
(11.26);1.9709653050619762
(11.27);1.6959987901166158
(11.28);6.80428366099617
(11.29);3.8943613957613294
(11.30);6.714923034694214
(11.31);2.571707919456814
(12.13);2.766109577820134
(12.14);4.82311671334792
(12.15);4.387729513757012
(12.16);4.539294765358764
(12.17);0.8003973091489773
(12.18);0.9472292062884182
(12.19);7.73206394740609
(12.20);2.490330901020848
(12.21);2.165265404180651
(12.22);2.9590904734058054
(12.23);2.4855597026066523
(12.24);1.8044451529350456
(12.25);2.3261084449558798
(12.26);2.8864831798782955
(12.27);3.735630166337983
(12.28);2.1088010420600103
(12.29);1.850985849943264
(12.30);1.9038000488042037
(12.31);2.4845804742295967
(13.14);1.8235416247769678
(13.15);1.8245103149736095
(13.16);2.6340897654576447
(13.17);0.9473470369499425
(13.18);1.0401017037402382
(13.19);4.808376821615787
(13.20);1.5768436186885877
(13.21);5.1127037049632404
(13.22);7.665869901552163
(13.23);5.784679424050836
(13.24);3.0304977169399776
(13.25);3.101821298408302
(13.26);10.127585720552428
(13.27);26.14682001079396
(13.28);2.4136176544629038
(13.29);2.4071327093192676
(13.30);1.7327863796088614
(13.31);3.5853450133338143
(14.15);5.67351206593449
(14.16);2.9115639211368314
(14.17);0.7726505276314188
(14.18);0.9431151887906902
(14.19);3.698605306470062
(14.20);3.088640396266331
(14.21);1.6873097890789555
(14.22);2.1847614729315676
(14.23);1.9216495716327489
(14.24);1.5170152804973094
(14.25);2.004355005437236
(14.26);2.091870650646243
(14.27);2.4135057449667174
(14.28);1.948437187341889
(14.29);1.6634690690936242
(14.30);1.9562470866134123
(14.31);1.9735540980838127
(15.16);4.380699806278455
(15.17);0.7169300980208374
(15.18);0.8601692936998425
(15.19);4.410153319647956
(15.20);4.614195732104333
(15.21);1.6519355688364803
(15.22);2.0375390637812987
(15.23);1.824029304453365
(15.24);1.435151915381057
(15.25);1.7367242817709942
(15.26);2.009970855969873
(15.27);2.4792416962699235
(15.28);1.645757191090763
(15.29);1.4734100271797106
(15.30);1.5306847941666915
(15.31);1.7032753133478964
(16.17);0.7537483242145779
(16.18);0.8719316278313217
(16.19);10.630258053075485
(16.20);2.9874891084798816
(16.21);2.1070966874842325
(16.22);2.536759106270077
(16.23);2.2607986056366958
(16.24);1.6828811294448736
(16.25);1.8805240471003333
(16.26);2.6161007581878293
(16.27);3.778417221407688
(16.28);1.6926872786732996
(16.29);1.580963552788285
(16.30);1.4467872352124231
(16.31);1.909458086760997
(17.18);4.208612501139134
(17.19);1.0307132224507143
(17.20);0.764565468096215
(17.21);1.4577860436947598
(17.22);1.4974042366669635
(17.23);1.6047945586567853
(17.24);1.9946700754535087
(17.25);1.9224503770135166
(17.26);1.3922819678011988
(17.27);1.1869605992646535
(17.28);2.0333594402309165
(17.29);2.516761016573069
(17.30);1.3036446867001288
(17.31);1.320064630972688
(18.19);1.1492586934796611
(18.20);0.9025621716334683
(18.21);1.4465632851415364
(18.22);1.5479949848791905
(18.23);1.6017351321846813
(18.24);1.8257558447404933
(18.25);2.0209393023150883
(18.26);1.4396912361364207
(18.27);1.2655119630147589
(18.28);2.2732394042484447
(18.29);2.47808316458262
(18.30);1.6406545150241671
(18.31);1.4470826433907982
(19.20);2.9562953699001957
(19.21);3.1390494767551527
(19.22);4.013030493071507
(19.23);3.418402987783129
(19.24);2.39283607912778
(19.25);2.744205629930309
(19.26);4.185335274902126
(19.27);6.767384445347236
(19.28);2.399276176458533
(19.29);2.2248615115553965
(19.30);2.0619696006978283
(19.31);3.0041761248004137
(20.21);1.5246645721835974
(20.22);1.759238466169115
(20.23);1.6342914213413149
(20.24);1.3606629428205694
(20.25);1.5611647789712393
(20.26);1.7484483037504117
(20.27);2.057496346793357
(20.28);1.509089935838575
(20.29);1.383825998131546
(20.30);1.4189757971988237
(20.31);1.4900024197958006
(21.22);9.022905912735256
(21.23);16.247919927660696
(21.24);7.4220116098212925
(21.25);4.1955659417229
(21.26);10.876245080135137
(21.27);5.796237957122736
(21.28);3.106781585998688
(21.29);3.6190837634272817
(21.30);2.019730332616952
(21.31);4.060999569024694
(22.24);5.754890236001462
(22.25);6.294572517428929
(22.26);24.436375541209458
(22.27);7.532872487847006
(22.28);4.214581970413889
(22.29);4.402231987008536
(22.30);2.7373174014980317
(22.31);8.269596535437232
(23.25);5.837608566136098
(23.26);16.02085245463484
(23.27);6.145695029635623
(23.28);3.9681174635100684
(23.29);4.590817195358971
(23.30);2.4778900103896375
(23.31);6.016192629263466
(24.25);5.1860269402930586
(24.26);5.323396303159963
(24.27);3.4894050538717845
(24.28);3.8206694631758253
(24.30);2.203753472094505
(24.31);3.934520195887376
(25.26);4.947867256763319
(25.27);3.506406803545207
(25.28);12.168816941387606
(25.29);10.80048926445236
(25.30);4.401604372950799
(26.27);9.51706053188264
(26.28);3.543524937575679
(26.29);3.7393785333220806
(26.30);2.391340896493098
(26.31);5.878360909458503
(27.28);2.7987181018320504
(27.29);2.778588238900175
(27.30);2.1199150329604906
(27.31);4.025817341077539
(28.30);6.257097102863435
(28.31);5.721330207282485
(29.30);3.595957333457169
(29.31);4.847740974649305
(30.31);3.3690406438824625

****Importance nodes******

0; 0.05789473684210527
1; 0.016436934940242714
2; 0.01696715864799248
3; 0.017514486346314816
4; 0.0180794697768411
5; 0.018662678479319843
6; 0.019264700365749517
7; 0.019886142313031756
8; 0.02052763077474246
9; 0.021189812412637375
10; 0.021873354748528903
11; 0.022578946837191124
12; 0.023307299960971483
13; 0.02405914834680927
14; 0.024835249906383763
15; 0.025636387000138077
16; 0.026463367225948983
17; 0.027317024233237657
18; 0.03666666666666667
19; 0.03666666666666667
20; 0.03666666666666667
21; 0.03666666666666667
22; 0.03793103448275863
23; 0.03928571428571429
24; 0.03928571428571429
25; 0.03793103448275863
26; 0.03666666666666667
27; 0.03666666666666667
28; 0.03793103448275863
29; 0.03928571428571429
30; 0.0281982185633421
31; 0.028813731984806287
