
****Mix criterion 0.5*C(weight)+0.5*C(distance) ******

(0.1);0.5187565031293504
(0.2);0.5408983387239212
(0.3);0.6178417777915712
(0.4);0.6335307894811928
(0.5);0.5043723014619564
(0.6);0.6456170838869293
(0.7);0.513600105931175
(0.8);0.47379199081687773
(0.9);0.43618794035422565
(0.10);0.41711391055071234
(0.11);0.4340097443748581
(0.12);0.45935586675618734
(0.14);0.38872072991166556
(0.15);0.3674582964204119
(0.16);0.41914977960074984
(0.17);0.33003392455604874
(0.30);0.45699174972410767
(0.31);0.7231594480179873
(1.2);0.5432494408394345
(1.3);0.4776512169559005
(1.4);0.396051769704184
(1.6);0.37961695125781464
(1.8);0.3178079182064826
(1.9);0.32435673673309506
(1.10);0.37067541917072244
(1.11);0.45749499032091245
(1.12);0.5063829017931739
(1.13);0.4652168940086412
(1.14);0.47323782228540845
(1.15);0.4182028312409806
(1.16);0.41486516182990596
(1.17);0.2517187734402604
(1.18);0.24554300549191194
(1.19);0.47961671473205014
(1.20);0.3307485419226045
(1.21);0.428321343463575
(1.22);0.5211903210777137
(1.23);0.4695970162307326
(1.24);0.40759501904763473
(1.25);0.5396642009028755
(1.26);0.4940065105563878
(1.27);0.4796399341695143
(1.28);0.5235751998655204
(1.29);0.45845647549218144
(1.30);0.5397000335775526
(1.31);0.5907771591923061
(2.3);0.6066163517351706
(2.4);0.4554740925718672
(2.5);0.6234228047584577
(2.6);0.42688296911623264
(2.7);0.47406101311238186
(2.9);0.28990896774958563
(2.10);0.3140163055785196
(2.11);0.3769026711801256
(2.13);0.5673218665826703
(2.14);0.4872412648863794
(2.15);0.46442518565052504
(2.16);0.504202419744724
(2.17);0.21139965415344683
(2.18);0.19142752633460403
(2.19);0.6377438277971466
(2.20);0.36721497752610693
(2.21);0.46602386800648865
(2.22);0.5610776757625918
(2.23);0.4964882554647555
(2.24);0.40780445194518067
(2.25);0.4738852333810391
(2.26);0.5556909843790806
(2.27);0.6097210784574101
(2.28);0.43737249851783744
(2.29);0.4073946815051108
(2.30);0.4289303884298492
(2.31);0.534186947647918
(3.4);0.5370965710163789
(3.5);0.5029586548361498
(3.6);0.49359726903443296
(3.7);0.43759324572495195
(3.8);0.32237080808876883
(3.9);0.30234933141207315
(3.10);0.30883495255413496
(3.11);0.3535670517443875
(3.12);0.5097506654569167
(3.13);0.9499594072567409
(3.14);0.4216113256319626
(3.15);0.41560777189590836
(3.16);0.48018365358836484
(3.17);0.22004485123768067
(3.18);0.188240985017711
(3.19);0.5964351606911642
(3.20);0.3314043727159752
(3.21);0.5407461580041453
(3.22);0.6522302884000839
(3.23);0.5669730801826021
(3.24);0.44792290764634224
(3.25);0.4738678600156285
(3.26);0.6928636740226328
(3.27);0.9555194493820787
(3.28);0.42379506517545085
(3.29);0.4131533821388672
(3.30);0.39319649184153016
(3.31);0.5300335397721913
(4.5);0.40631083069298174
(4.7);0.3741573121291555
(4.8);0.3456119048563662
(4.9);0.30790322341487236
(4.10);0.28772671778464215
(4.11);0.30804793229659255
(4.12);0.41108059685298465
(4.13);0.6017146546591287
(4.14);0.3421240101166964
(4.15);0.3450307373446782
(4.17);0.22374064709771935
(4.18);0.17519154019577846
(4.19);0.48055102905278213
(4.20);0.27318311124703737
(4.21);0.6809935786789375
(4.22);0.5922027244145671
(4.23);0.6040307365017409
(4.24);0.4890658375028166
(4.25);0.4347117648819265
(4.26);0.6718602719850852
(4.27);0.6697924024541814
(4.28);0.3814733553029056
(4.29);0.39583686660187956
(4.30);0.3338570367887698
(4.31);0.4616757828634666
(5.6);0.3848788193632125
(5.7);0.535509246467649
(5.8);0.2957305453345867
(5.9);0.2971722452771234
(5.10);0.33746359118511965
(5.11);0.4173206435756827
(5.12);0.5867963194654054
(5.13);0.48513511139098076
(5.14);0.5206888587385637
(5.15);0.46169560828556333
(5.16);0.45857158773276296
(5.17);0.22328703064821365
(5.18);0.21442394059678022
(5.19);0.536210066115197
(5.20);0.3651335539425194
(5.21);0.42615684408250565
(5.22);0.5148846197296839
(5.23);0.46138499943071487
(5.24);0.3906594859817114
(5.25);0.49127509212136056
(5.26);0.49705860807790847
(5.27);0.5070957679749765
(5.28);0.47055507026007315
(5.29);0.4212599281587329
(5.30);0.48568516261646516
(5.31);0.5431193560860198
(6.7);0.3638537639109275
(6.8);0.36656298917375923
(6.9);0.32303866287213767
(6.10);0.29363414675198835
(6.11);0.3044302363038028
(6.12);0.38241455269510355
(6.13);0.5382053547777498
(6.14);0.3173896816896758
(6.15);0.31758632282693433
(6.16);0.38298802756090805
(6.17);0.23880829190870803
(6.18);0.18506302485142523
(6.19);0.44079402307132026
(6.20);0.2461248382899007
(6.21);0.7795773125803906
(6.22);0.5742302854735868
(6.23);0.6188174240262196
(6.24);0.5210726572475904
(6.25);0.43449782286616845
(6.26);0.6325966244737942
(6.27);0.5783062254561385
(6.28);0.38021100840066435
(6.29);0.4035449791725874
(6.30);0.3250725582406439
(6.31);0.45182076913451796
(7.8);0.3444938166325905
(7.9);0.361352582492431
(7.10);0.42343727331593783
(7.11);0.5402975773214804
(7.12);0.4436772130961354
(7.13);0.4299312143864262
(7.14);0.4262976460770112
(7.15);0.3727690262907898
(7.16);0.3673043605194569
(7.17);0.29118031345791645
(7.18);0.29130005559901595
(7.19);0.4225738580916695
(7.20);0.29121112683592515
(7.21);0.4183598972276953
(7.22);0.5017756283939537
(7.23);0.4627674619915824
(7.24);0.42109626906201153
(7.25);0.608114848205727
(7.26);0.4700813844771345
(7.27);0.4374593450075054
(7.28);0.639752875350462
(7.29);0.5146022191526912
(7.31);0.5970938073056993
(8.10);0.4253473196302154
(8.11);0.3533825367831206
(8.12);0.25347738189099533
(8.13);0.3341271302513063
(8.14);0.21304194508899255
(8.15);0.18643091167620357
(8.16);0.21854563640353042
(8.17);0.448943230318523
(8.18);0.35907347589856764
(8.19);0.2662001303956663
(8.20);0.108039675841303
(8.21);0.42801060171683114
(8.22);0.4094773138384817
(8.23);0.43752471028415096
(8.24);0.5494236948884754
(8.25);0.4486259666052044
(8.26);0.3967888230973554
(8.27);0.33535234391329777
(8.28);0.4263225264231788
(8.29);0.5126729763635112
(8.30);0.3331072772801109
(8.31);0.39393490301750456
(9.10);0.5046453429548832
(9.11);0.3950160209100531
(9.12);0.24767842608184443
(9.13);0.3095696583581201
(9.14);0.2164970986956473
(9.15);0.18238890000646055
(9.16);0.20319307959952312
(9.17);0.5260767889511043
(9.18);0.4322491143405644
(9.19);0.2500717477280003
(9.20);0.1040257811493949
(9.21);0.3811868141291879
(9.22);0.3844593211132701
(9.23);0.40079098994836626
(9.24);0.47495849005983787
(9.25);0.4574670411518371
(9.26);0.36663754095487294
(9.27);0.30837953903218784
(9.28);0.45898014348307914
(9.30);0.36292320692267516
(9.31);0.39059185024098375
(10.11);0.5131249728478592
(10.12);0.2802039444232698
(10.13);0.3095343514728151
(10.14);0.2641743768155784
(10.15);0.21997352121479022
(10.16);0.223024608104497
(10.17);0.45523115707211725
(10.18);0.47057898981477736
(10.19);0.26852598763191476
(10.20);0.1441534471716236
(10.21);0.3495119059681797
(10.22);0.38150486194341104
(10.23);0.38050086192421134
(10.24);0.4127308762764579
(10.25);0.49270908491562204
(10.26);0.3580640920527283
(10.27);0.30775541049436683
(10.28);0.5515780602242237
(10.29);0.5740276184181738
(10.30);0.45210936380443756
(10.31);0.4158368382966372
(11.12);0.3536869343002466
(11.13);0.34856426121713335
(11.14);0.35039701102858684
(11.15);0.2977496835552581
(11.16);0.28624938377177495
(11.17);0.34321348436547694
(11.18);0.36820223081601855
(11.19);0.3313795902751231
(11.20);0.22409911118350095
(11.21);0.3569534793503988
(11.22);0.4135645831776965
(11.23);0.3946964131932548
(11.24);0.3881158525848766
(11.25);0.5335700343125069
(11.26);0.3874155720617901
(11.27);0.3498619664531736
(11.28);0.659370559641281
(11.29);0.5277628632217496
(11.30);0.6724273928824929
(11.31);0.47036514020226783
(12.13);0.49085481164746364
(12.14);0.6031073439608192
(12.16);0.585336420181306
(12.17);0.17174132328378777
(12.18);0.15866099057762795
(12.19);0.7094312980887667
(12.20);0.43732416266548624
(12.21);0.40720328718656
(12.22);0.47400694275046673
(12.23);0.42896293558007004
(12.24);0.3532551455412983
(12.25);0.41890306220430007
(12.26);0.4731424665476979
(12.27);0.5288894761127404
(12.28);0.39609624919700465
(12.29);0.3598491232599476
(12.30);0.41068045394091157
(12.31);0.4635079083564413
(13.14);0.4069351171625981
(13.15);0.4037225621571232
(13.16);0.4734215438734705
(13.17);0.2253367992439835
(13.18);0.18918078480162603
(13.19);0.57768198236505
(13.20);0.32149671055066853
(13.21);0.5882083639097502
(13.22);0.6896791734216103
(13.23);0.6070268887020229
(13.24);0.46897360961665524
(13.25);0.47649341493073216
(13.26);0.7846481965532242
(13.28);0.42218903047076517
(13.29);0.41830257853918273
(13.30);0.3849449112234392
(13.31);0.528471348413794
(14.15);0.6335527393189013
(14.16);0.4951406834507693
(14.17);0.14699564102403004
(14.18);0.1472894094734455
(14.19);0.5238429490263494
(14.20);0.4804743491188209
(14.21);0.34018679515983397
(14.22);0.4015773270489757
(14.23);0.3633060778353725
(14.24);0.2995202742971738
(14.25);0.3792518846249089
(14.26);0.39602792940283005
(14.27);0.42961051512519266
(14.28);0.3722096477897337
(14.29);0.3259949483648523
(14.31);0.41190177615041335
(15.16);0.5724099112079153
(15.17);0.10929556556838163
(15.18);0.10187484057350032
(15.19);0.5601518250283422
(15.20);0.5644894493400143
(15.21);0.33096911744388274
(15.22);0.3815534630951907
(15.23);0.3465683979351234
(15.24);0.27897223287036726
(15.25);0.33910584158486334
(15.26);0.3831555919170235
(15.27);0.432850413607331
(15.28);0.3243875964576476
(15.29);0.28706364592068295
(15.30);0.35221839769322083
(15.31);0.37560863030106606
(16.17);0.12441688328122359
(16.18);0.10233321505964768
(16.20);0.46871529866515066
(16.21);0.3907863851022726
(16.22);0.43134405771431394
(16.23);0.39796349623651767
(16.24);0.32277640332284246
(16.25);0.3572818474357836
(16.26);0.44288350642239965
(16.27);0.5240913352404565
(16.28);0.3291246395276899
(16.29);0.30481591191042223
(16.30);0.33476147922802035
(16.31);0.39887339889453316
(17.19);0.16840949956869697
(17.20);0.03197793622448743
(17.21);0.2879862972869987
(17.22);0.2911352647888215
(17.23);0.30465394903576265
(17.25);0.3598696284195287
(17.26);0.27470298047720554
(17.27);0.22142162316720918
(17.28);0.3741615994891106
(17.29);0.4220937112539594
(17.30);0.30291706128677975
(17.31);0.30376084967139144
(18.19);0.14447675364125107
(18.20);0.02818482937553244
(18.21);0.2339699230509456
(18.22);0.2526360179028567
(18.23);0.25730390299897976
(18.24);0.3009771695167189
(18.25);0.33593729625668795
(18.26);0.23307901390742713
(18.27);0.18430623237759247
(18.28);0.3690246717121716
(18.29);0.38872542493664397
(18.30);0.3201373258652133
(18.31);0.28036087559859774
(19.20);0.4413423619060035
(19.21);0.45770164458255747
(19.22);0.515361441141912
(19.23);0.4699548144457669
(19.24);0.38065558481042777
(19.25);0.41991493770665267
(19.26);0.5298343081021459
(19.27);0.655900073144509
(19.29);0.36057391615717704
(19.30);0.3823619647662926
(19.31);0.4697112437854289
(20.21);0.2516237626735274
(20.22);0.29404207276065947
(20.23);0.2632799654483215
(20.24);0.19826175263519025
(20.25);0.2538735740705023
(20.26);0.29748674404069486
(20.27);0.3460813933207507
(20.28);0.2421280557351201
(20.29);0.2047225751538673
(20.30);0.2759299952587434
(20.31);0.28850337913073515
(21.22);0.7358336900321668
(21.23);0.9694221187912246
(21.24);0.6686598901850866
(21.26);0.8100692278841105
(21.27);0.6094982600131462
(21.28);0.44922699135844163
(21.29);0.4837996768937612
(21.30);0.37582704013801066
(21.31);0.5348374846418653
(22.24);0.5971937024664002
(22.25);0.6225159112707762
(22.27);0.6826219339556259
(22.28);0.5209211316950806
(22.29);0.5295701205157788
(22.30);0.44552756751907163
(22.31);0.7165600340398334
(23.24);0.6899760053289334
(23.25);0.5946596806654223
(23.26);0.9708240371942656
(23.27);0.6157486072186891
(23.28);0.49992683957534056
(23.29);0.533176790726384
(23.30);0.41605600104332974
(23.31);0.618054880772109
(24.25);0.5675740212237773
(24.26);0.581252178340431
(24.27);0.47686346121570433
(24.28);0.4929161637504674
(24.30);0.3891015657246236
(24.31);0.5214230010631098
(25.26);0.5644427206915755
(25.27);0.4804977570756287
(25.28);0.835196541653601
(25.29);0.7875590093422294
(25.30);0.5495788417849954
(25.31);0.7733863020618938
(26.28);0.48304860656834386
(26.29);0.4937560737512457
(26.30);0.41853959203122754
(26.31);0.6258306292303377
(27.28);0.42490542051577057
(27.29);0.42002381106312325
(27.30);0.3892998960578279
(27.31);0.5354441511025942
(28.29);0.754731360879851
(28.30);0.6338523079335074
(28.31);0.6105360887744233
(29.30);0.5023212219107198
(29.31);0.5691465101414959
(30.31);0.5135231486745782
