
****Mix criterion 0.5*C(weight)+0.5*C(distance) ******

(0.1);0.5187565031293504
(0.2);0.5384849210118756
(0.3);0.6177357212655724
(0.4);0.6334088907587794
(0.5);0.504298780581665
(0.6);0.6454897680092171
(0.7);0.5135169099890583
(0.8);0.474570706209254
(0.9);0.43767166825915316
(0.10);0.4171238307260045
(0.11);0.43402064570196974
(0.12);0.4584663456941166
(0.14);0.3887074456864325
(0.15);0.36703772119932865
(0.16);0.4191181827114465
(0.17);0.33044471305431655
(0.30);0.4569773779552519
(0.31);0.7231167522472683
(1.2);0.539414030054378
(1.3);0.47756847344427117
(1.4);0.3959958167562666
(1.6);0.3795654794325944
(1.8);0.3182794545448611
(1.9);0.3254290689327131
(1.10);0.3706849111415342
(1.11);0.4575104127241073
(1.12);0.5048854768872921
(1.13);0.46519324581971194
(1.14);0.4732138437904895
(1.15);0.4175958003315864
(1.16);0.41482811359460636
(1.17);0.25205447392570146
(1.18);0.24554300549191194
(1.19);0.47961671473205014
(1.20);0.3307485419226045
(1.21);0.428321343463575
(1.22);0.5211903210777137
(1.23);0.4695970162307326
(1.24);0.40759501904763473
(1.25);0.5396642009028755
(1.26);0.4940065105563878
(1.27);0.4796399341695143
(1.28);0.5235751998655204
(1.29);0.45845647549218144
(1.30);0.5396715712916206
(1.31);0.5907349261168421
(2.3);0.6009439816529318
(2.4);0.45321520784625147
(2.5);0.6173899074570988
(2.6);0.4249674463915018
(2.7);0.47156494331996307
(2.8);0.2985268192874914
(2.9);0.28986939194059097
(2.10);0.3129587114223619
(2.11);0.37551506471209634
(2.13);0.5632374127524012
(2.14);0.4847591578763031
(2.15);0.46149029031744937
(2.16);0.5014594233902381
(2.17);0.21095428424555276
(2.18);0.19070629333760525
(2.19);0.6332522132907618
(2.20);0.365903949789425
(2.21);0.46397839172115984
(2.22);0.5578696329595517
(2.23);0.4941117459070738
(2.25);0.4717595035712768
(2.26);0.5525631951295817
(2.27);0.6057264060980023
(2.28);0.4355903881020599
(2.29);0.4058536751512401
(2.30);0.42716819947367207
(2.31);0.5310951216813656
(3.4);0.5368511569054256
(3.5);0.5027579738455634
(3.6);0.49340936974368527
(3.7);0.43745360889199314
(3.8);0.32281551166291383
(3.9);0.3032978020410212
(3.10);0.30880849768579555
(3.11);0.3535354912207591
(3.12);0.5081318829983734
(3.13);0.949306187137355
(3.14);0.4215376828862256
(3.15);0.4149550524666158
(3.16);0.48005484133135756
(3.17);0.22032413806678283
(3.18);0.1882178990972518
(3.19);0.5963126547640712
(3.20);0.33136765002122565
(3.21);0.5406502375537332
(3.22);0.652075489958467
(3.23);0.5668642803266599
(3.24);0.4478627580625983
(3.25);0.47379897370869284
(3.26);0.6926833943321774
(3.27);0.9551558113612504
(3.28);0.4237409305470581
(3.29);0.4131022111963546
(3.30);0.3931360505923944
(3.31);0.5299055117632059
(4.5);0.40619367700336445
(4.7);0.37405364356778437
(4.8);0.34609525152168147
(4.9);0.3088636378424611
(4.10);0.287699227590137
(4.11);0.3080185445645769
(4.12);0.41015393714677517
(4.13);0.6014962404430617
(4.14);0.3420698865050056
(4.15);0.344562016527476
(4.17);0.22401961332585724
(4.18);0.17516699524153945
(4.19);0.4804744276511924
(4.20);0.2731503342053305
(4.21);0.6808044250230787
(4.22);0.5920730384362491
(4.23);0.6038918560005637
(4.24);0.4889860232105845
(4.25);0.43464960112614837
(4.26);0.671680852426267
(4.27);0.6696143612995182
(4.28);0.3814243274419764
(4.29);0.3957850462968394
(4.30);0.3338070712936554
(4.31);0.46158216086172166
(5.6);0.3847738713883647
(5.7);0.5352518956366809
(5.8);0.29612607838049193
(5.9);0.2980953065352185
(5.10);0.3374300665434058
(5.11);0.4172721760834755
(5.12);0.5843497381235587
(5.13);0.48502005004560944
(5.14);0.5205531183681097
(5.15);0.4608613314508318
(5.16);0.4584517244355308
(5.17);0.22356590132264054
(5.18);0.21439660038119168
(5.19);0.536109290297226
(5.20);0.3650874118612676
(5.21);0.42609689016531926
(5.22);0.5147936963538362
(5.23);0.46131415448313823
(5.24);0.39060866870811783
(5.25);0.4911931132433884
(5.26);0.4969752301143734
(5.27);0.5070082195246497
(5.28);0.4704810015045042
(5.29);0.42120174894159157
(5.30);0.4855806501034954
(5.31);0.5429735257481367
(6.7);0.36375497443137716
(6.8);0.36709408935409554
(6.9);0.3240591395754593
(6.10);0.2936060475853203
(6.11);0.304401253912183
(6.12);0.3816092615312867
(6.13);0.5380499871648344
(6.14);0.3173407175689302
(6.15);0.3171671080795745
(6.16);0.38290670749917244
(6.17);0.23910055918491607
(6.18);0.18503783240844182
(6.19);0.4407305886616435
(6.20);0.24609476703095495
(6.21);0.7793164406286527
(6.22);0.574110621715446
(6.23);0.6186693940358264
(6.24);0.5209794746483986
(6.25);0.43443571360768124
(6.26);0.6324426152299244
(6.27);0.5781843266826974
(6.28);0.3801622373607499
(6.29);0.403491385385655
(6.30);0.32502430747410377
(6.31);0.45173185612972067
(7.8);0.34496779011829054
(7.9);0.36254513994921866
(7.10);0.4233808306247596
(7.11);0.5401905260238316
(7.12);0.44258238715781617
(7.13);0.42984160992717957
(7.14);0.4262116916515123
(7.15);0.3722380260371523
(7.16);0.36722434439481266
(7.17);0.29152434359994195
(7.18);0.29126186645297747
(7.19);0.42250998294886477
(7.20);0.2911728307019895
(7.21);0.41829676284975803
(7.22);0.5016830844699707
(7.23);0.4626898759288747
(7.24);0.42103281527275876
(7.25);0.6079616007561524
(7.26);0.47000181656206447
(7.27);0.43739101002625125
(7.28);0.6395781400207143
(7.29);0.5145038269795247
(7.31);0.5968927294874566
(8.10);0.42612188739853507
(8.11);0.3539286957804636
(8.13);0.33461061513130347
(8.14);0.2133564414327888
(8.15);0.18648288346505756
(8.16);0.21885598353729077
(8.17);0.45054175650663086
(8.18);0.35961461867060573
(8.19);0.26658719688579025
(8.20);0.10829394230071393
(8.21);0.42873713508788136
(8.22);0.4101415116180541
(8.23);0.4382835588360614
(8.24);0.5506971331369984
(8.25);0.44942489546749753
(8.26);0.39741761071505
(8.27);0.33584386995142923
(8.28);0.42704351644211525
(8.29);0.5137445040957679
(8.30);0.33358039857208976
(8.31);0.3945458211464243
(9.10);0.5073019456776562
(9.11);0.3964701031481266
(9.12);0.24803080541369943
(9.13);0.31055296147518563
(9.14);0.21720914089099158
(9.15);0.18279778344005093
(9.16);0.2038686697965144
(9.18);0.4338917219547844
(9.19);0.2508857559362979
(9.20);0.10458266963129008
(9.21);0.3824986471612906
(9.22);0.3857816357448147
(9.23);0.4022175740193464
(9.24);0.47694738589207675
(9.25);0.4593149727929964
(9.26);0.3678664844610378
(9.27);0.30936575862996185
(9.28);0.460841376985662
(9.29);0.549982690139681
(9.30);0.3641220937434021
(9.31);0.3919426498629704
(10.11);0.5131647674857671
(10.12);0.27971786644450986
(10.13);0.30953068462311106
(10.14);0.2641712861868786
(10.15);0.219707310572157
(10.16);0.2230128461994641
(10.17);0.456032451358698
(10.18);0.4705931076777409
(10.19);0.2685322185964895
(10.20);0.14415787147017745
(10.21);0.3495202270019503
(10.22);0.38151427281819483
(10.23);0.38051028649045177
(10.24);0.4127416237388802
(10.25);0.4927247723913718
(10.26);0.35807265499251134
(10.27);0.3077625145861711
(10.28);0.551598800131983
(10.29);0.5740502682607869
(10.30);0.4521056466670262
(10.31);0.4158316467133522
(11.12);0.35304215016834006
(11.13);0.3485602470036544
(11.14);0.35039301613690776
(11.15);0.2974063074761036
(11.16);0.286235166272862
(11.17);0.3436850863537838
(11.18);0.3682114550757459
(11.19);0.33138755662903313
(11.20);0.22410475075759193
(11.21);0.35696229966002135
(11.22);0.41357567733245504
(11.23);0.3947067073609075
(11.24);0.38812580638777416
(11.25);0.5335895744278425
(11.26);0.38742549691099
(11.27);0.3498705067010368
(11.28);0.6594041068607528
(11.29);0.52778164318558
(11.30);0.6724179431542406
(11.31);0.4703588197349784
(12.13);0.4895321616345861
(12.14);0.6008382887480319
(12.15);0.5766283459786359
(12.16);0.5832257266914656
(12.17);0.1716525536149832
(12.18);0.15831017219150764
(12.19);0.7065676298473313
(12.20);0.43640183693713896
(12.21);0.4064013536000807
(12.22);0.47293363339928
(12.23);0.42808089539271893
(12.24);0.35261480962859
(12.25);0.41805934553923574
(12.26);0.47207342078347764
(12.27);0.5275059379602036
(12.28);0.395331353395887
(12.29);0.3591922716445324
(12.30);0.40984575805238854
(12.31);0.4624288265701346
(13.14);0.4069025402557101
(13.15);0.40315867534471267
(13.16);0.4733502665369822
(13.17);0.22563479488587965
(13.18);0.18917330438596364
(13.19);0.5776474004994904
(13.20);0.3214853698849818
(13.21);0.5881715933240139
(13.22);0.6896251649605303
(13.23);0.6069870053939782
(13.24);0.46895271541230726
(13.25);0.47647156162549426
(13.26);0.7845753589157376
(13.28);0.4221720257763434
(13.29);0.41828598221494206
(13.30);0.3849181677194284
(13.31);0.5284129376250521
(14.15);0.6318262353501233
(14.16);0.49506308973864377
(14.17);0.14723506763226202
(14.18);0.1472827121794367
(14.19);0.523816684316106
(14.20);0.4804524159201332
(14.21);0.3401748131560706
(14.22);0.4015621250435296
(14.23);0.36329298910791724
(14.24);0.299509941612253
(14.25);0.37923793792359345
(14.26);0.39601307451241774
(14.27);0.42959337622449634
(14.28);0.3721960901757332
(14.29);0.32598361815480936
(14.31);0.41187008903994726
(15.16);0.5710769749590537
(15.17);0.10931824682593734
(15.18);0.10166882063897581
(15.19);0.5590955451717934
(15.20);0.5633842990985746
(15.21);0.33057346084439343
(15.22);0.3810751569159343
(15.23);0.3461491471481287
(15.24);0.2786423650505294
(15.25);0.338698150772745
(15.26);0.38267418195833736
(15.27);0.432256608160337
(15.28);0.32400125989701567
(15.30);0.3517835972407829
(15.31);0.37512855791085475
(16.17);0.12463646311797544
(16.18);0.10232036498984115
(16.20);0.4686712706217068
(16.21);0.3907553318193556
(16.22);0.4313074063459305
(16.23);0.39793150498247665
(16.24);0.3227525898448977
(16.25);0.3572546774221099
(16.26);0.44284495170515964
(16.27);0.5240356509144113
(16.28);0.32910018339984737
(16.29);0.3047935406091835
(16.30);0.3347270662915824
(16.31);0.3988265920029442
(17.19);0.16867686915342234
(17.20);0.03217626641687031
(17.21);0.28836445062842414
(17.22);0.2915161682381589
(17.23);0.30505386689546216
(17.24);0.3658163467557665
(17.25);0.36035865333468076
(17.26);0.2750641418977086
(17.27);0.22172952371180119
(17.28);0.3746788369895538
(17.29);0.42272089289144293
(17.30);0.3032981315066895
(17.31);0.30414119834543674
(18.19);0.14447675364125107
(18.20);0.028184829375532443
(18.21);0.2339699230509456
(18.22);0.2526360179028567
(18.23);0.25730390299897976
(18.24);0.3009771695167189
(18.25);0.33593729625668795
(18.26);0.23307901390742713
(18.27);0.18430623237759247
(18.28);0.3690246717121716
(18.29);0.38872542493664397
(18.30);0.32012797260756776
(18.31);0.28035149126967396
(19.20);0.4413423619060035
(19.21);0.4577016445825575
(19.22);0.5153614411419121
(19.23);0.469954814445767
(19.24);0.38065558481042777
(19.25);0.41991493770665267
(19.26);0.5298343081021459
(19.27);0.6559000731445092
(19.29);0.36057391615717704
(19.30);0.38235020962055283
(19.31);0.4696917617074502
(20.21);0.2516237626735274
(20.22);0.29404207276065947
(20.23);0.2632799654483215
(20.24);0.19826175263519025
(20.25);0.2538735740705024
(20.26);0.29748674404069486
(20.27);0.3460813933207507
(20.28);0.2421280557351201
(20.29);0.20472257515386733
(20.30);0.27592190577609943
(20.31);0.28849371646712124
(21.22);0.7358336900321669
(21.23);0.9694221187912248
(21.24);0.6686598901850866
(21.26);0.8100692278841105
(21.27);0.6094982600131463
(21.28);0.4492269913584417
(21.29);0.4837996768937612
(21.30);0.37581552579540983
(21.31);0.534811149065325
(22.24);0.5971937024664002
(22.25);0.6225159112707763
(22.27);0.6826219339556259
(22.28);0.5209211316950806
(22.29);0.5295701205157788
(22.30);0.4455122606293031
(22.31);0.7165074216165798
(23.24);0.6899760053289334
(23.25);0.5946596806654223
(23.26);0.9708240371942656
(23.27);0.6157486072186891
(23.28);0.49992683957534056
(23.29);0.533176790726384
(23.30);0.4160424230042652
(23.31);0.6180173662555272
(24.25);0.5675740212237772
(24.26);0.581252178340431
(24.27);0.4768634612157044
(24.28);0.4929161637504673
(24.30);0.38908948986548253
(24.31);0.5213984670044076
(25.26);0.5644427206915755
(25.27);0.48049775707562875
(25.28);0.8351965416536011
(25.29);0.7875590093422296
(25.30);0.5495542283174799
(25.31);0.773322749704046
(26.28);0.48304860656834386
(26.29);0.4937560737512457
(26.30);0.4185259591625653
(26.31);0.6257925080680398
(27.28);0.42490542051577057
(27.29);0.42002381106312325
(27.30);0.3892878105691961
(27.31);0.5354180436827531
(28.29);0.7547313608798512
(28.30);0.6338173186788555
(28.31);0.6104996888067648
(29.30);0.5023015172228832
(29.31);0.5691162816115294
(30.31);0.5134762029264826
