
****Mix criterion 0.5*C(weight)+0.5*C(distance) ******

(0.1);0.5110322975376348
(0.2);0.5313608663218082
(0.3);0.6075785230262186
(0.4);0.6192289195294806
(0.5);0.4977418484239605
(0.6);0.6324772229280418
(0.7);0.5053593925131497
(0.8);0.466681766544048
(0.9);0.4315868411126727
(0.10);0.41219476747705863
(0.11);0.42870880089229246
(0.12);0.4522195059184479
(0.14);0.383307025252695
(0.15);0.3630613434169971
(0.16);0.4139854000132216
(0.17);0.3266454347662008
(0.30);0.4503306927479882
(0.31);0.7067707020001706
(1.2);0.5310847534880722
(1.3);0.4716451866387096
(1.4);0.39071342265600517
(1.6);0.37543287231826633
(1.7);0.6160970022685158
(1.8);0.31434934558874456
(1.9);0.3219034315552764
(1.10);0.36703419246582936
(1.11);0.4516728372760221
(1.12);0.4965567592305395
(1.13);0.458909376291667
(1.14);0.46524721381440015
(1.15);0.41317638931117
(1.16);0.41010174998231286
(1.17);0.24960588887925425
(1.18);0.24252771983292493
(1.19);0.46967902488266877
(1.20);0.3277526736585199
(1.21);0.42372327475646787
(1.22);0.5139128763915072
(1.23);0.4621279995761981
(1.24);0.40052174585491557
(1.25);0.5290980896245314
(1.26);0.4876384961337046
(1.27);0.47370534234718953
(1.28);0.513812485070177
(1.29);0.449489924841212
(1.30);0.529005498754404
(1.31);0.577792837719837
(2.3);0.591226330550753
(2.4);0.4470648786513459
(2.5);0.6065919860509792
(2.6);0.4206815931718364
(2.7);0.4654879947361063
(2.8);0.29542722417071526
(2.9);0.2873238888783348
(2.10);0.3106880386428873
(2.11);0.3724758154793838
(2.12);0.5994410068815883
(2.13);0.5541436510744712
(2.14);0.47751701404014446
(2.15);0.45701594611792873
(2.16);0.49525295843121336
(2.17);0.20919747177156645
(2.18);0.18852051123659896
(2.19);0.6151482285329737
(2.20);0.36315435069604296
(2.21);0.4595980308299078
(2.22);0.5508477210806757
(2.23);0.48690945195260005
(2.24);0.40003806487344284
(2.25);0.465317227373309
(2.26);0.5457169459259039
(2.27);0.5969826832068483
(2.28);0.4301894912143235
(2.29);0.3996424663526058
(2.30);0.4222924895629114
(2.31);0.5231734165619231
(3.4);0.5261554505832592
(3.5);0.4968691376361499
(3.6);0.48661200840925806
(3.7);0.4322461070227448
(3.8);0.31925767157700025
(3.9);0.30048344754349776
(3.10);0.30643603774286193
(3.11);0.35062642472724254
(3.12);0.50079354483548
(3.13);0.9128358130038989
(3.14);0.4162229895223965
(3.15);0.4112680184343541
(3.16);0.4742760433649203
(3.17);0.21841490889128123
(3.18);0.1859505551123683
(3.19);0.5804832620265882
(3.20);0.32882350366402513
(3.21);0.5338734382802096
(3.22);0.6409116842943887
(3.23);0.5561786895414631
(3.24);0.44009063301793117
(3.25);0.467033423513396
(3.26);0.6796819234620405
(3.27);0.9289308432401437
(3.28);0.4184241910963964
(3.29);0.40649024584086996
(3.30);0.3888339387133847
(3.31);0.5216880984860132
(4.5);0.40118709211724685
(4.7);0.3689042961260093
(4.8);0.3409217891598069
(4.9);0.30491062617160763
(4.10);0.2845122854818798
(4.11);0.3045408302436548
(4.12);0.40426791603794665
(4.13);0.5852037365875421
(4.14);0.3372123581884743
(4.15);0.3406874890227244
(4.16);0.40945059398474726
(4.17);0.22128834446020432
(4.18);0.1722574693807314
(4.19);0.46924217991508155
(4.20);0.270124429116577
(4.21);0.6631072816858149
(4.23);0.587429148195036
(4.24);0.47728266159279764
(4.25);0.427280793130818
(4.26);0.6546557108904875
(4.27);0.6527200166845909
(4.28);0.3756126307533388
(4.29);0.38818651034459317
(4.30);0.32933670511596747
(4.31);0.4538622770256552
(5.6);0.381029783705129
(5.7);0.5257896064565015
(5.8);0.29285071177327954
(5.9);0.2952613882968003
(5.10);0.33467419892944916
(5.11);0.4131840857665539
(5.12);0.5729581616377469
(5.13);0.47884853749483225
(5.14);0.5112154056396562
(5.15);0.45600853160424243
(5.16);0.4532079243131006
(5.17);0.22157670806220103
(5.18);0.2118977746508121
(5.19);0.5240674678236866
(5.20);0.36208002755282526
(5.21);0.4221148468337928
(5.22);0.5086337381183537
(5.23);0.4548391075948466
(5.24);0.3845364521831231
(5.25);0.4837004536130707
(5.26);0.49132646522473966
(5.27);0.5010769087636278
(5.28);0.46371130681671135
(5.29);0.41424984501690737
(5.30);0.4784996307991615
(5.31);0.5340243440174264
(6.7);0.3595110859611484
(6.8);0.3620788026765015
(6.9);0.3204140952249754
(6.10);0.2908414922644088
(6.11);0.30148399869127107
(6.12);0.37720453827672323
(6.13);0.5281542959383639
(6.14);0.3134800742217315
(6.15);0.31423596812831206
(6.16);0.3786988424557796
(6.17);0.23664313190866398
(6.18);0.18240724786919205
(6.19);0.4323246832353905
(6.20);0.24374323200362713
(6.22);0.5644452551383702
(6.23);0.6032121632968256
(6.24);0.5086315373038189
(6.25);0.42795029037071197
(6.26);0.6200031279416464
(6.27);0.5683384355882656
(6.28);0.3750695854235537
(6.29);0.39638949373593163
(6.30);0.32125244282075843
(6.31);0.4453757902833513
(7.8);0.34019454914427305
(7.9);0.357992112504274
(7.10);0.41808804126404175
(7.11);0.529940297189532
(7.12);0.43622544853214285
(7.13);0.42417298492362343
(7.14);0.4195677553521711
(7.15);0.36827531056608676
(7.16);0.3630545905133842
(7.17);0.2883982887408402
(7.18);0.28744076623848325
(7.19);0.41449255437665494
(7.20);0.28825104244385763
(7.21);0.41340890077238607
(7.22);0.4944067502727739
(7.23);0.4549268293146554
(7.24);0.4130682738152859
(7.25);0.5926280852632857
(7.26);0.4637457306246461
(7.27);0.43201812178503296
(7.28);0.622094606733394
(7.29);0.5021539176753762
(7.30);0.6596291424414175
(7.31);0.5827218655798381
(8.9);0.56761703177028
(8.10);0.41983722959534614
(8.11);0.34944700836071607
(8.12);0.25012255872474537
(8.13);0.33039195919439945
(8.14);0.2100940091394469
(8.15);0.18406163815809107
(8.16);0.2160222251943055
(8.17);0.44321728046386333
(8.18);0.3540343362879729
(8.19);0.2617046990734651
(8.20);0.10621825527932709
(8.21);0.42273220018041113
(8.22);0.4045793785942841
(8.23);0.4304582871626297
(8.24);0.5346338478328281
(8.25);0.44118631429151695
(8.26);0.3921520098942105
(8.27);0.3317277266988974
(8.28);0.419608643228209
(8.29);0.5002281394863849
(8.30);0.32886553235187477
(8.31);0.3887313932398665
(9.10);0.49873914379712725
(9.11);0.391720473371321
(9.12);0.24520302734857502
(9.13);0.3072032812907979
(9.14);0.2142593122703893
(9.15);0.18071835880969708
(9.16);0.20149231738269122
(9.17);0.5202430952872006
(9.18);0.42702046255483905
(9.19);0.24663216117474557
(9.20);0.10279490242733945
(9.21);0.3782268563860352
(9.22);0.3814104373362494
(9.23);0.39624997157876657
(9.24);0.4665544232572437
(9.25);0.45158481401992795
(9.26);0.3638039446008463
(9.27);0.306105595402962
(9.28);0.4530555746495463
(9.29);0.5353345818658266
(9.30);0.35936173668362825
(9.31);0.38686075447421003
(10.11);0.5056253602189095
(10.12);0.27701514294892216
(10.13);0.30669098779240583
(10.14);0.26117006242948365
(10.15);0.2177608651927283
(10.16);0.22086637806908738
(10.17);0.4503659824768783
(10.18);0.46341832016685225
(10.19);0.26446901399383477
(10.20);0.14250359657670197
(10.21);0.3463560123736914
(10.22);0.3778714961449892
(10.23);0.3757206621448799
(10.24);0.4057332162512161
(10.25);0.484752297706101
(10.26);0.35475809837451405
(10.27);0.3050126512096357
(10.28);0.5410586474507204
(10.29);0.559280332779649
(10.30);0.44580472385648073
(10.31);0.410913660481903
(11.12);0.349403481825114
(11.13);0.34519091825573855
(11.14);0.34620140118562015
(11.15);0.29485257961513617
(11.16);0.2835625656208223
(11.17);0.34030262325274796
(11.18);0.3636155096057764
(11.19);0.32630788049768056
(11.20);0.22202858284506033
(11.21);0.3536608205123703
(11.22);0.409349848557558
(11.23);0.38957768513155294
(11.24);0.3817788507332832
(11.25);0.523853800803293
(11.26);0.383645063498228
(11.27);0.3466174760780756
(11.28);0.6426893572851667
(11.29);0.5158067629463061
(11.30);0.654076250214901
(11.31);0.46384112003168626
(12.13);0.48212764453472823
(12.14);0.5852251280877491
(12.15);0.5659259712654496
(12.16);0.5714208808362111
(12.17);0.1695686700027385
(12.18);0.15579474551407718
(12.19);0.6806731818391404
(12.20);0.4314002984902678
(12.21);0.40198630619095055
(12.22);0.4669293584777289
(12.23);0.4217565192892735
(12.24);0.3468246329735276
(12.25);0.4120097555192658
(12.26);0.4660929970920218
(12.27);0.5197661903999125
(12.28);0.3898469221924267
(12.29);0.35325275331682954
(12.30);0.4043264917691117
(12.31);0.45571360860038046
(13.14);0.401369665262408
(13.15);0.3990508068718572
(13.16);0.46699265196502454
(13.17);0.22334256975930616
(13.18);0.1865737753211327
(13.19);0.5623369298051277
(13.20);0.3185522266740435
(13.21);0.5785065069825932
(13.22);0.6751855797426967
(13.23);0.5931271046687978
(13.24);0.4597021993347504
(13.25);0.46887729083996726
(13.26);0.7651016458618952
(13.28);0.4162627020992748
(13.29);0.41093827173692354
(13.30);0.3802153980373294
(13.31);0.5193684831471643
(14.15);0.6159831896741607
(14.16);0.4864932370097529
(14.17);0.14496296681391013
(14.18);0.14450983921802263
(14.19);0.5104414137948367
(14.20);0.47332068365547575
(14.21);0.3362283502797958
(14.22);0.3964865497582759
(14.23);0.3578738782830764
(14.24);0.29424803486567663
(14.25);0.37346360116490507
(14.26);0.3910533923895913
(14.27);0.4238711193091596
(14.28);0.3665828467920296
(14.29);0.32021372299955725
(14.30);0.405487979373446
(14.31);0.40589490908872994
(15.16);0.5614470991374207
(15.17);0.10773556830890482
(15.18);0.09967575782348011
(15.19);0.5459332489862153
(15.20);0.5555675162085529
(15.21);0.32772622317438127
(15.22);0.3775700250066299
(15.23);0.342093262187992
(15.24);0.27453188436695114
(15.25);0.33475409846670173
(15.26);0.379146304877028
(15.27);0.4279050724486031
(15.28);0.3202637913115648
(15.29);0.2825049271265345
(15.30);0.3479617973144288
(15.31);0.3711881759608157
(16.17);0.12285721562635912
(16.18);0.10018768375811739
(16.19);0.77585927399039
(16.20);0.4632008735861719
(16.21);0.38683566955182
(16.22);0.426603546344073
(16.23);0.39262202821700254
(16.24);0.3177359260019588
(16.25);0.35274536509151894
(16.26);0.4378968146967203
(16.27);0.5168890889832406
(16.28);0.32504128522764614
(16.29);0.300080692771325
(16.30);0.33090334500453855
(16.31);0.3941280932629777
(17.18);0.5337201698389924
(17.19);0.1654813551519235
(17.20);0.030766622451616005
(17.21);0.285634821810127
(17.22);0.28872148963293387
(17.23);0.3012762035322088
(17.24);0.3598754616695792
(17.25);0.35573927597785027
(17.26);0.2724143100396132
(17.27);0.21947046550162932
(17.28);0.36979296078239166
(17.29);0.41522502268571115
(17.30);0.29985003847765834
(17.31);0.30088664077760074
(18.19);0.14093762171614158
(18.20);0.026394937209734442
(18.21);0.23106494962980295
(18.22);0.24953917028649292
(18.23);0.25341846239953925
(18.24);0.2955486464546845
(18.25);0.330945937445887
(18.26);0.23014917551500277
(18.27);0.181730856878841
(18.28);0.36341017675111204
(18.29);0.3813573359080214
(18.30);0.31571940852430036
(18.31);0.27668631825804574
(19.20);0.4338031874583543
(19.21);0.4496177245614291
(19.22);0.505095992200968
(19.23);0.4597908708341579
(19.24);0.37223080670126363
(19.25);0.4116074140427569
(19.26);0.5189435086877364
(19.27);0.6382904381419238
(19.28);0.37764177675462385
(19.29);0.3527405485805288
(19.30);0.37548756383923776
(19.31);0.46017483883133586
(20.21);0.24936892298400082
(20.22);0.29143797068031885
(20.23);0.26015072255699695
(20.24);0.19491143055285792
(20.25);0.25083006593853796
(20.26);0.29485399110172816
(20.27);0.34298328653525734
(20.28);0.23918606809008952
(20.29);0.2013152193321272
(20.30);0.27295809799268367
(20.31);0.2856030449197804
(21.22);0.7222552512146491
(21.23);0.9379183487592089
(21.24);0.6502052530636689
(21.25);0.513279769396492
(21.26);0.7934195278203913
(21.27);0.6006251955710531
(21.28);0.4430937305995108
(21.29);0.4748009200772553
(21.30);0.37153968827238526
(21.31);0.5268186257110741
(22.23);0.9726607868294044
(22.24);0.5829718403180301
(22.25);0.610133156017095
(22.27);0.6710869454812687
(22.28);0.5126301577025323
(22.29);0.518691036137641
(22.30);0.4397465411843665
(22.31);0.7002961811149166
(23.24);0.6662877421297353
(23.25);0.5807308575244003
(23.26);0.9393451074061849
(23.27);0.6036731010691465
(23.28);0.49045871479002
(23.29);0.5199819020519925
(23.30);0.4096425506165741
(23.31);0.6033655787024003
(24.25);0.5524068832627107
(24.26);0.567877654240188
(24.27);0.46809666473263684
(24.28);0.48174217226936117
(24.29);0.5612894214460941
(24.30);0.3820396118269465
(24.31);0.5094136702716019
(25.26);0.5545442448761724
(25.27);0.4734830007891875
(25.28);0.8056426524985061
(25.29);0.7559717243923155
(25.30);0.5379529175266673
(25.31);0.7485015409953641
(26.28);0.4759595934490195
(26.29);0.48436124280766935
(26.30);0.41339080126146127
(26.31);0.6140463977010089
(27.28);0.41930643371853027
(27.29);0.4130428738475787
(27.30);0.3847355117116218
(27.31);0.5273736762929053
(28.29);0.7258748961290664
(28.30);0.6173254847955782
(28.31);0.5962832029856024
(29.30);0.4907979343794911
(29.31);0.5543497567744744
(30.31);0.5042633492908792
