
****Importance edges******

(0.1);3.972387643044094
(0.2);4.365654666713812
(0.3);5.990381800157761
(0.4);6.286087688000246
(0.5);3.820208681272812
(0.6);6.667059588413568
(0.7);3.979778436510337
(0.8);3.3957574480351176
(0.9);2.9541450069824746
(0.10);2.7499815034119126
(0.11);2.953232920733176
(0.12);3.2656513127320452
(0.13);7.1131412125616835
(0.14);2.526699739835065
(0.15);2.3637689888635323
(0.16);2.8762676514602994
(0.17);2.117194775404771
(0.30);3.358750284858665
(0.31);8.749711814589805
(1.2);3.0710936403996367
(1.3);2.0875413347151204
(1.4);1.3005879332141213
(1.5);6.792787968489763
(1.6);1.237510445428443
(1.7);5.199837413917637
(1.8);0.9618365909763952
(1.9);1.0081430591016254
(1.10);1.254270992595834
(1.11);2.010595672585294
(1.12);2.6709241561000883
(1.13);2.1858483812468736
(1.14);2.2588557962057876
(1.15);1.7061427626829184
(1.16);1.702947273319481
(1.17);0.8821821904043731
(1.18);1.0824188573482636
(1.19);2.787034776758104
(1.20);1.4559318530574183
(1.21);2.1977454851577654
(1.22);3.418060862651189
(1.23);2.681206819864739
(1.24);2.031088072792059
(1.25);3.8835906062939562
(1.26);2.990920825853447
(1.27);2.787351456225436
(1.28);3.5883009815381226
(1.29);2.6390966027723413
(1.30);3.4247099744936143
(1.31);4.485003995355292
(2.3);4.541985373100117
(2.4);1.832448615964
(2.5);4.9754373488991614
(2.6);1.606458159807201
(2.7);2.121695886199015
(2.8);0.9045829121372062
(2.9);0.8908809080234628
(2.10);0.9915490668839281
(2.11);1.3248853420521691
(2.12);4.932935474301249
(2.13);3.975032808640832
(2.14);2.4613088169139434
(2.15);2.2057487592197367
(2.16);2.79314048755436
(2.17);0.7867847849378448
(2.18);0.9338321268284968
(2.19);5.815615681541435
(2.20);1.697481708090762
(2.21);2.648424958168089
(2.22);4.153683270435556
(2.23);3.0770374953906905
(2.24);2.0461750155586356
(2.25);2.8174304024022048
(2.26);4.049773234565411
(2.27);5.172189016436905
(2.28);2.361999179195104
(2.29);2.0930015684568466
(2.30);1.8910145737408823
(2.31);3.3577166711384736
(3.4);3.0859375259977364
(3.5);2.5647917209928335
(3.6);2.441398092150756
(3.7);1.750004750814437
(3.8);1.0084328423896298
(3.9);0.9491464316033362
(3.10);0.9869247717294606
(3.11);1.2091991379628075
(3.12);2.796760572056731
(3.13);15.223713229740605
(3.14);1.748331284277142
(3.15);1.7263452667830983
(3.16);2.485647940339579
(3.17);0.8181342792073619
(3.18);0.9360103427054233
(3.19);4.9669587575861955
(3.20);1.4889084521633493
(3.21);3.889060166406722
(3.22);6.276247145710613
(3.23);4.411251031843677
(3.24);2.4958433409321388
(3.25);2.858364426568523
(3.26);7.3093752161327705
(3.27);14.743572780567193
(3.28);2.246259132283032
(3.29);2.175330544084813
(3.30);1.6094601342541615
(3.31);3.346846301694587
(4.5);1.4493781687815501
(4.6);8.659486075697599
(4.7);1.2600762786565527
(4.8);1.1216479338393643
(4.9);0.9786508721944053
(4.10);0.9190746861685652
(4.11);1.007753300850459
(4.12);1.6136349642566261
(4.13);4.785958602707102
(4.14);1.2078160482813698
(4.15);1.2453021478567994
(4.16);1.7514577108592975
(4.17);0.8350900543057507
(4.18);0.9112082562347398
(4.19);2.8437547240089627
(4.20);1.216816732570514
(4.21);7.022150916933182
(4.22);4.814469524387483
(4.23);5.155807506110507
(4.24);3.031694860985979
(4.25);2.361250518689431
(4.26);6.660781753077855
(4.27);6.6096098000024215
(4.28);1.8622919513179803
(4.29);2.016126778495459
(4.30);1.2459143137689326
(4.31);2.2968034409715434
(5.6);1.3402570234381652
(5.7);3.1761136223083457
(5.8);0.931734360130255
(5.9);0.9545576091253459
(5.10);1.137184408216831
(5.11);1.6858697508500724
(5.12);4.3203794457824145
(5.13);2.5561539652331895
(5.14);3.0703320792355044
(5.15);2.2460853223506807
(5.16);2.2367223264433913
(5.17);0.8455287387988726
(5.18);1.0257175400514236
(5.19);3.78078672317427
(5.20);1.7311034699478776
(5.21);2.249279426993469
(5.22);3.4111545721256906
(5.23);2.657876091650193
(5.24);1.9502200854312013
(5.25);3.1461123963673256
(5.26);3.128074808875379
(5.27);3.2845381490762087
(5.28);2.8425447608360255
(5.29);2.286377182588538
(5.30);2.638913842822184
(5.31);3.622123663969241
(6.7);1.2382580776010892
(6.8);1.2703005267988956
(6.9);1.0712386136538186
(6.10);0.9673033683478145
(6.11);1.0228252696848914
(6.12);1.4424490310999005
(6.13);3.5002194198071694
(6.14);1.1228553333634876
(6.15);1.1439707258354401
(6.16);1.5377265837162568
(6.17);0.8977493991343375
(6.18);0.9553534541910174
(6.19);2.4055738635274713
(6.20);1.1403690036982037
(6.21);9.89284446762679
(6.22);4.537915785166986
(6.23);5.613626385466225
(6.24);3.6138567771424817
(6.25);2.408754066249499
(6.26);5.840372972376118
(6.27);4.622672534989843
(6.28);1.8914642288553685
(6.29);2.1279028895851817
(6.30);1.233971086343862
(6.31);2.2364263793788246
(7.8);1.1620979793123514
(7.9);1.2761970275282402
(7.10);1.7477098123203805
(7.11);3.394317816903349
(7.12);1.9769169673899303
(7.13);1.8961560815024763
(7.14);1.8510394545660414
(7.15);1.4554822622403782
(7.16);1.4420302325155085
(7.17);1.0818041649674848
(7.18);1.326930664583215
(7.19);2.2194234353063664
(7.20);1.3306480957428404
(7.21);2.19368461368144
(7.22);3.2155568608444174
(7.23);2.695826862619979
(7.24);2.254254782354444
(7.25);5.444257941970875
(7.26);2.764688854704908
(7.27);2.3743862195411034
(7.28);6.207634837391812
(7.29);3.5776642725568117
(7.30);6.788135428641882
(7.31);4.74190554288266
(8.9);4.19137416136767
(8.10);1.7837861938222785
(8.11);1.2780549194018935
(8.12);0.8860269385501353
(8.13);1.2190406688036484
(8.14);0.8067619805506608
(8.15);0.7610801163564803
(8.16);0.8484508250832203
(8.17);2.1995229946757866
(8.18);1.7192831783795044
(8.19);1.2297621621703938
(8.20);0.8078386501308098
(8.21);2.3082939806685667
(8.22);2.110245444533964
(8.23);2.410963645182602
(8.24);4.13565584575817
(8.25);2.5946250817578
(8.26);1.997742610150544
(8.27);1.5616441589196426
(8.28);2.341508581202304
(8.29);3.5608587426084357
(8.30);1.2987178459877031
(8.31);1.7029807624894373
(9.10);2.8378801181941475
(9.11);1.5783885669630342
(9.12);0.8838560778305613
(9.13);1.1240160452233676
(9.14);0.8278975578763125
(9.15);0.7642337826357785
(9.16);0.8236049193863334
(9.17);3.4011474644026607
(9.18);2.390184326174981
(9.19);1.1844762218362306
(9.20);0.8103372402089274
(9.21);1.9088689987470384
(9.22);1.9241209399182644
(9.23);2.0758450508258783
(9.24);2.957558515306515
(9.25);2.747939772623759
(9.26);1.788255138208805
(9.27);1.4350637391178906
(9.28);2.7677201114857186
(9.29);4.264327092077735
(9.30);1.4932762478573958
(9.31);1.7053792646123007
(10.11);3.0023374422366462
(10.12);0.9985933657223054
(10.13);1.1365171458717103
(10.14);0.9741066232944109
(10.15);0.8615880207946468
(10.16);0.8836504122973516
(10.17);2.326826296396318
(10.18);2.8691790142376807
(10.19);1.2663214569086778
(10.20);0.899151988954147
(10.21);1.6910870670063103
(10.22);1.912575897988258
(10.23);1.915358418286396
(10.24);2.2315684034598804
(10.25);3.257296823901863
(10.26);1.7402497239888564
(10.27);1.4437674577766895
(10.28);4.306367496600152
(10.29);4.809872532456334
(10.30);2.296821265772219
(10.31);1.9335717141795987
(11.12);1.3458969619056234
(11.13);1.348386244940189
(11.14);1.3642264003175748
(11.15);1.128557166385901
(11.16);1.0997121098631675
(11.17);1.3883314167282217
(11.18);1.8378150885560494
(11.19);1.587193536343692
(11.20);1.123612589393307
(11.21);1.7573332266614592
(11.22);2.2103676189522115
(11.23);2.0509804792592177
(11.24);2.0256566551436315
(11.25);3.9765268690557933
(11.26);1.9773985284999516
(11.27);1.7015345238706978
(11.28);6.827053849039404
(11.29);3.907723148917682
(11.30);6.693810933159475
(11.31);2.562967227233952
(12.13);2.7574127713248964
(12.14);4.807952558935429
(12.15);4.37393424156658
(12.16);4.525022963360852
(12.17);0.7978808142954134
(12.18);0.9502472431292355
(12.19);7.756699646658085
(12.20);2.4982655279888615
(12.21);2.1721643159926822
(12.22);2.9072286184003406
(12.23);2.3891457503943245
(12.24);1.7711636590122315
(12.25);2.333713080911793
(12.26);2.8956800168417653
(12.27);3.7475325331472287
(12.28);2.1156952452357447
(12.29);1.857195057880309
(12.30);1.8978143927178226
(12.31);2.4761447541304786
(13.14);1.8178083057595793
(13.15);1.8187739503389173
(13.16);2.6258080367926055
(13.17);0.9443685237593393
(13.18);1.0433341307279547
(13.19);4.823320290076044
(13.20);1.5817441316385505
(13.21);5.128592960193466
(13.22);7.532852896966966
(13.23);5.562741217522128
(13.24);2.975153036017363
(13.25);3.1117206639110253
(13.26);10.15906022086889
(13.27);26.22807907069351
(13.28);2.421320639595418
(13.29);2.4150218660484777
(13.30);1.727338400265643
(13.31);3.57318475095268
(14.15);5.655674219964296
(14.16);2.902409797878779
(14.17);0.7702212702436657
(14.18);0.9459717959324017
(14.19);3.7098080338340247
(14.20);3.0979955973266238
(14.21);1.6924204916220278
(14.22);2.147235640956687
(14.23);1.8487417457153128
(14.24);1.489588279425927
(14.25);2.0105948236455045
(14.26);2.0982067299621057
(14.27);2.4208160267112775
(14.28);1.9545029260988773
(14.29);1.6687916457026617
(14.30);1.9500965340447183
(14.31);1.9668675474747916
(15.16);4.366926635889826
(15.17);0.7146760288461762
(15.18);0.8627063884243722
(15.19);4.423161197054877
(15.20);4.62780543863026
(15.21);1.6568080015629854
(15.22);2.0029022794311806
(15.23);1.7556084226848598
(15.24);1.4094694739003257
(15.25);1.7419939742921815
(15.26);2.015899324345214
(15.27);2.486554292841913
(15.28);1.6507508647858973
(15.29);1.4780091338550836
(15.30);1.5258722337508592
(15.31);1.697510602982516
(16.17);0.7513784964339408
(16.18);0.8744338150607425
(16.19);10.660763766019985
(16.20);2.9960623232328136
(16.21);2.1131434350207234
(16.22);2.4940872979883597
(16.23);2.176971389323523
(16.24);1.6530777437505533
(16.25);1.8860808574700798
(16.26);2.6236081976464676
(16.27);3.7892601671353754
(16.28);1.697689045195442
(16.29);1.585773788211521
(16.30);1.4422384535136377
(16.31);1.9030024220577557
(17.18);4.220352305393245
(17.19);1.0335883675182205
(17.20);0.7666982016117079
(17.21);1.4618524961877655
(17.22);1.4724837710583047
(17.23);1.5459890404991097
(17.24);1.9597173747706458
(17.25);1.9279776755259654
(17.26);1.3961656985471609
(17.27);1.1902715919229077
(17.28);2.0392056169352126
(17.29);2.5242189396276213
(17.30);1.299545953349257
(17.31);1.3156063944001724
(18.19);1.1575448578829601
(18.20);0.9090696521344073
(18.21);1.456993018036719
(18.22);1.532729667564812
(18.23);1.557653184468493
(18.24);1.806120755959252
(18.25);2.0355102909037144
(18.26);1.450071421503125
(18.27);1.2746363144243902
(18.28);2.2896294785968303
(18.29);2.495950164086977
(18.30);1.6450988249460856
(18.31);1.45063366700188
(19.20);2.9776102832427576
(19.21);3.161682048674822
(19.22);3.973456602673023
(19.23);3.324323849008926
(19.24);2.367102326727108
(19.25);2.7639913745455735
(19.26);4.215511575823343
(19.27);6.8161773415094515
(19.28);2.416574976946055
(19.29);2.2409027809092112
(19.30);2.0675551958802125
(19.31);3.011548129709558
(20.21);1.5356574159851506
(20.22);1.7418900033639673
(20.23);1.5893134798945787
(20.24);1.3460296950286532
(20.25);1.5724207895566615
(20.26);1.7610546300525252
(20.27);2.072330911966058
(20.28);1.5199704863870873
(20.29);1.393803394683892
(20.30);1.4228196096265484
(20.31);1.493658765062209
(21.22);8.933927897172477
(21.23);15.80075488622776
(21.24);7.342191595927289
(21.25);4.225816005833999
(21.26);10.954662894449601
(21.27);5.838028879310971
(21.28);3.129181506167039
(21.29);3.645177386406345
(21.30);2.0252015073674245
(21.31);4.070964933076334
(22.23);16.626719279081264
(22.24);5.59978057507762
(22.25);6.234290495199721
(22.26);24.195399937093413
(22.27);7.458588210482432
(22.28);4.174219654573721
(22.29);4.36136906278987
(22.30);2.6922541135742737
(22.31);8.132851383832904
(23.24);7.881308294684441
(23.25);5.680269425306783
(23.26);15.57993662149661
(23.27);5.9765570732204925
(23.28);3.8611661005769204
(23.29);4.469786456708158
(23.30);2.3881750034565625
(23.31);5.7990103711047505
(24.25);5.131779319729006
(24.26);5.2661458447641225
(24.27);3.4518782519043385
(24.28);3.780703950129857
(24.30);2.165550766459195
(24.31);3.8660624482732424
(25.26);4.983541419393411
(25.27);3.5316880247392377
(25.28);12.256554209195164
(25.29);10.878360878727777
(25.30);4.413906523777973
(26.27);9.585678614696146
(26.28);3.5690737808139588
(26.29);3.7663394825575045
(26.30);2.397818713715219
(26.31);5.892785931055774
(27.28);2.818896881807214
(27.29);2.798621882402048
(27.30);2.1256575944372265
(27.31);4.035696370791123
(28.30);6.27458521532823
(28.31);5.735885358026188
(29.30);3.606326467472228
(29.31);4.860523663887663
(30.31);3.357674573046791

****Importance nodes******

0; 0.05789473684210527
1; 0.01626796412611061
2; 0.01679273716243676
3; 0.01733443836122504
4; 0.0178936137922323
5; 0.018470827140368826
6; 0.019066660273929108
7; 0.019681713831152626
8; 0.020316607825705938
9; 0.020971982271696454
10; 0.021648497828847948
11; 0.0223468364684882
12; 0.023067702161020078
13; 0.023811821585569114
14; 0.024579944862522952
15; 0.025372846309701113
16; 0.026191325222917273
17; 0.027036206681721055
18; 0.03666666666666667
19; 0.03666666666666667
20; 0.03666666666666667
21; 0.03666666666666667
22; 0.03666666666666667
23; 0.03666666666666667
24; 0.03793103448275863
25; 0.03793103448275863
26; 0.03666666666666667
27; 0.03666666666666667
28; 0.03793103448275863
29; 0.03928571428571429
30; 0.027908342381131414
31; 0.028504530723781556
