
****Importance edges******

(0.1);4.164315554506231
(0.2);4.575153558167117
(0.3);6.2758513898764825
(0.4);6.5276210833918595
(0.5);3.9985594230399717
(0.6);6.975935969631242
(0.7);4.162711170749807
(0.8);3.5505926605416134
(0.9);3.0877376516821733
(0.10);2.873295980479885
(0.11);3.0845224882855224
(0.12);3.409552381719848
(0.14);2.634782100847071
(0.15);2.4638936865667107
(0.16);2.9968834435184806
(0.17);2.2050720975035287
(0.30);3.496704840207073
(0.31);9.137302473483828
(1.2);3.076312334979001
(1.3);2.0910886836153186
(1.4);1.27714083253371
(1.5);6.800080040268827
(1.6);1.2388274140234194
(1.7);5.205322916993515
(1.8);0.9628423783875221
(1.9);1.009187983617846
(1.10);1.2555595188585802
(1.11);2.0126428182147826
(1.12);2.673619364208975
(1.13);2.119633433546963
(1.14);2.258857184418831
(1.15);1.706107287125503
(1.16);1.702875660696807
(1.17);0.8821264767701376
(1.18);1.0871456272338935
(1.19);2.7992053629997895
(1.20);1.462289701307975
(1.21);2.207342728503075
(1.22);3.5150821380644506
(1.23);2.692915270403314
(1.24);1.9923689061653203
(1.25);3.809556696189593
(1.26);3.0039817536024165
(1.27);2.799523425361515
(1.28);3.519896255287097
(1.29);2.5256590867912223
(1.30);3.4244219886272464
(1.31);4.514991280763689
(2.3);4.549703546891478
(2.4);1.7999599970259204
(2.5);4.980824825876971
(2.6);1.608182695927822
(2.7);2.1239538120698933
(2.8);0.9055371905024556
(2.9);0.8918124974540473
(2.10);0.992576791986698
(2.11);1.3262464112058363
(2.12);4.937958083985761
(2.13);3.85626240783872
(2.14);2.4613633612624173
(2.15);2.20575011479507
(2.16);2.793082410224665
(2.17);0.7867516989328861
(2.18);0.9378855865692353
(2.19);5.840859366520228
(2.20);1.7048499208205536
(2.21);2.659920904426397
(2.22);4.270497033638421
(2.23);3.0903939084439327
(2.24);2.007575640797765
(2.25);2.7642819419146734
(2.26);4.0673519752124925
(2.27);5.194639796772359
(2.28);2.317442046589451
(2.29);2.003912264304643
(2.30);1.8908951479630312
(2.31);3.3799727907102954
(3.4);3.0321469730440778
(3.5);2.5675928365865355
(3.6);2.4440416740296524
(3.7);1.7518833844941348
(3.8);1.009506024752232
(3.9);0.9501477216929229
(3.10);0.9879567937178603
(3.11);1.2104524539608126
(3.12);2.7996337146782073
(3.13);14.775171459950693
(3.14);1.748407924097836
(3.15);1.7263835238182057
(3.16);2.4856494679310703
(3.17);0.8181172678703097
(3.18);0.9400484564196903
(3.19);4.988387093750981
(3.20);1.4953318658433639
(3.21);3.9058382579267197
(3.22);6.451090030597012
(3.23);4.430281946862495
(3.24);2.4492644100004104
(3.25);2.8050199088981476
(3.26);7.340909150060975
(3.27);14.807179154050651
(3.28);2.2043380921033635
(3.29);2.0836581156727605
(3.30);1.6093924529682475
(3.31);3.3688354181702387
(4.5);1.4241142570915317
(4.6);8.511050009132644
(4.7);1.2388410823762923
(4.8);1.1030693880097322
(4.9);0.9627228372695827
(4.10);0.9043804163994034
(4.11);0.9919299737400256
(4.12);1.5887590579473452
(4.13);4.5696115330178815
(4.14);1.1887311782068488
(4.15);1.225959916046996
(4.16);1.7247223188523022
(4.17);0.8225647578036048
(4.18);0.9038598787605808
(4.19);2.8208214559959073
(4.20);1.207003796168084
(4.21);6.965521254871775
(4.23);5.114228844504042
(4.24);2.939135098720929
(4.25);2.2891598906151276
(4.26);6.607066328245272
(4.27);6.556307047931215
(4.28);1.8054348769137154
(4.29);1.9082657142028099
(4.30);1.22755634512263
(4.31);2.2783985101740707
(5.6);1.3409570961089798
(5.7);3.1777726401739477
(5.8);0.9322210442144114
(5.9);0.9550562147533566
(5.10);1.1377784075109572
(5.11);1.6867503515993945
(5.12);4.322636161863472
(5.13);2.4816676995331486
(5.14);3.0690504166301604
(5.15);2.245119042888523
(5.16);2.2357316510763443
(5.17);0.8451435563384394
(5.18);1.0296829734414468
(5.19);3.7954032792213472
(5.20);1.737795931793633
(5.21);2.2579751618278805
(5.22);3.5029980884733365
(5.23);2.6681514649267832
(5.24);1.9138723031126854
(5.25);3.087475830480733
(5.26);3.140167974692728
(5.27);3.297236203597631
(5.28);2.7895660232210546
(5.29);2.1911366830524996
(5.30);2.6376785271754457
(5.31);3.6438183343277784
(6.7);1.238904871928136
(6.8);1.270964058246209
(6.9);1.071798166682996
(6.10);0.967808631622489
(6.11);1.023359534386216
(6.12);1.4432024829588033
(6.13);3.399665841053868
(6.14);1.1224010200941372
(6.15);1.1434931929617727
(6.16);1.5370650444588319
(6.17);0.8973517734635115
(6.18);0.9590127089038208
(6.19);2.4147878433989978
(6.20);1.1447369165715091
(6.21);9.930736660911263
(6.22);4.658815876040096
(6.23);5.635128049292133
(6.24);3.5472263222969613
(6.25);2.36434268280444
(6.26);5.862743135199042
(6.27);4.640378585232507
(6.28);1.856590372567041
(6.29);2.0401801770607473
(6.30);1.2334089481250992
(6.31);2.2496682883068635
(7.8);1.1627049920135712
(7.9);1.2768636389661387
(7.10);1.7486227147373978
(7.11);3.396090812006616
(7.12);1.9779495943541157
(7.13);1.8424680165905813
(7.14);1.8503143568423732
(7.15);1.4548933663377699
(7.16);1.4414282793140003
(7.17);1.0813387662863738
(7.18);1.331965246677328
(7.19);2.227844274303374
(7.20);1.3356967823511166
(7.21);2.2020077955710082
(7.22);3.3003096255254456
(7.23);2.706055250593542
(7.24);2.213148258655713
(7.25);5.34498144498153
(7.26);2.7751785158267746
(7.27);2.383395011533385
(7.28);6.094438099137676
(7.29);3.431733065484567
(7.30);6.785128869232235
(7.31);4.769655665161229
(8.9);4.1935634925573
(8.10);1.784717940452241
(8.11);1.2787225012949388
(8.12);0.8864897477236279
(8.13);1.1850303162648135
(8.14);0.8064563802744694
(8.15);0.7607819825384581
(8.16);0.8481075373445658
(8.17);2.1986048378448246
(8.18);1.7257437328126553
(8.19);1.2343832423324295
(8.20);0.8108742673217443
(8.21);2.316967862375407
(8.22);2.1652579789090662
(8.23);2.420023328928669
(8.24);4.061087369300861
(8.25);2.547842359369755
(8.26);2.005249532243778
(8.27);1.5675123528395194
(8.28);2.299289708543677
(8.29);3.4171800198169744
(8.30);1.2981591297318116
(8.31);1.7128287472546353
(9.10);2.8393624624602496
(9.11);1.5792130257648413
(9.12);0.8843177530721024
(9.13);1.0931243197753882
(9.14);0.8275946852352579
(9.15);0.7639442919797004
(9.16);0.8232822930637144
(9.17);3.3997713419600064
(9.18);2.399077998907928
(9.19);1.1888835571875704
(9.20);0.8133524362081711
(9.21);1.9159717380542167
(9.22);1.973722430403577
(9.23);2.0835690938313394
(9.24);2.9048423932392793
(9.25);2.698959937486995
(9.26);1.7949090835920436
(9.27);1.4404034893232898
(9.28);2.718387707582325
(9.29);4.094159422072711
(9.30);1.4926529027999438
(9.31);1.715122287160955
(10.11);3.003905689487075
(10.12);0.9991149730799793
(10.13);1.1057555092732612
(10.14);0.973762923653018
(10.15);0.8612728230544479
(10.16);0.8833156867939629
(10.17);2.3259148212536753
(10.18);2.879748519679552
(10.19);1.2709863423910885
(10.20);0.9024642925061946
(10.21);1.6973167075650577
(10.22);1.9613193856554485
(10.23);1.9224142315084896
(10.24);2.19225736083103
(10.25);3.199916671852437
(10.26);1.7466604703510182
(10.27);1.4490860203083558
(10.28);4.2305070408006005
(10.29);4.620093770876971
(10.30);2.295891959611967
(10.31);1.9444830400612136
(11.12);1.3465999805537525
(11.13);1.3124528458703626
(11.14);1.3637628200434864
(11.15);1.1281589710712379
(11.16);1.0993097983598359
(11.17);1.387805518787285
(11.18);1.8445164918992514
(11.19);1.59298107402199
(11.20);1.1277097269181384
(11.21);1.7637411611884968
(11.22);2.26604760528197
(11.23);2.058459168234042
(11.24);1.9903985950712142
(11.25);3.9073124625211335
(11.26);1.984608908473567
(11.27);1.707738994177773
(11.28);6.708223901172454
(11.29);3.7553098055020895
(11.30);6.691188802627179
(11.31);2.5772500553794404
(12.13);2.685082050607794
(12.14);4.806381472806897
(12.15);4.372447926953348
(12.16);4.52342637348803
(12.17);0.7975889227839901
(12.18);0.9536763968535963
(12.19);7.78469122008743
(12.20);2.5072810095929263
(12.21);2.1800029973547885
(12.22);2.9795973401805522
(12.23);2.39776745185912
(12.24);1.7407104934293782
(12.25);2.293587511197071
(12.26);2.906129646647173
(12.27);3.7610562399889202
(12.28);2.0793182468154225
(12.29);1.7856073302891458
(12.30);1.8970955033594288
(12.31);2.4897689400598795
(13.14);1.7701246995006767
(13.15);1.7718011798180149
(13.16);2.5590540597035702
(13.17);0.9207418214240182
(13.18);1.0254229498362566
(13.19);4.740517130791037
(13.20);1.554589930092021
(13.21);5.040549107774085
(13.22);7.561890981610598
(13.23);5.46724423216881
(13.24);2.864198678781484
(13.25);2.9956731994673054
(13.26);9.984657064730712
(13.27);25.777815003947048
(13.28);2.3310207215824916
(13.29);2.275040923853794
(13.30);1.6848189463668874
(13.31);3.506930529929707
(14.15);5.649319287414695
(14.16);2.899148538870664
(14.17);0.7693558200726872
(14.18);0.9486885454900367
(14.19);3.720462283123662
(14.20);3.1068927739705603
(14.21);1.6972809775706759
(14.22);2.1979756291543726
(14.23);1.8540511728477602
(14.24);1.463650814151425
(14.25);1.9755853286463245
(14.26);2.1042325990524553
(14.27);2.42776840192792
(14.28);1.9204701316181503
(14.29);1.6049527572961813
(14.30);1.9479053307580578
(14.31);1.975911534860666
(15.16);4.362019789572162
(15.17);0.7138729914395834
(15.18);0.8651399523610135
(15.19);4.435638264246604
(15.20);4.640859776203685
(15.21);1.6614816057655761
(15.22);2.0495979559093525
(15.23);1.7605607278974278
(15.24);1.3852146424499838
(15.25);1.712016900636909
(15.26);2.0215858707316223
(15.27);2.493568485543803
(15.28);1.6223439466274703
(15.29);1.4221415322712
(15.30);1.5241577051645825
(15.31);1.7051731003628883
(16.17);0.7505342187265716
(16.18);0.8768555480786265
(16.19);10.690288611884093
(16.20);3.0043598786645043
(16.21);2.118995758135377
(16.22);2.5514408352704243
(16.23);2.18300048312309
(16.24);1.6249701806509549
(16.25);1.8540115026483237
(16.26);2.6308742462470587
(16.27);3.79975447362496
(16.28);1.6688229485210877
(16.29);1.5265597700441202
(16.30);1.4406178990516836
(16.31);1.9114319603269132
(17.18);4.231822602569453
(17.19);1.0363975087641197
(17.20);0.768781974619405
(17.21);1.465825596380758
(17.22);1.5058736796417094
(17.23);1.5501908114515073
(17.24);1.9268006650230798
(17.25);1.8955940867686822
(17.26);1.3999602716800956
(17.27);1.1935065751403768
(17.28);2.004953770075857
(17.29);2.4311272626550102
(17.30);1.2980857336552922
(17.31);1.321322867200522
(18.19);1.163969672698846
(18.20);0.9141153349258175
(18.21);1.465079884187241
(18.22);1.5678099509813925
(18.23);1.5662987528794556
(18.24);1.7853632883602684
(18.25);2.012116484719149
(18.26);1.4581198701567737
(18.27);1.281711031418734
(18.28);2.2633151197374692
(18.29);2.423258685050682
(18.30);1.6494846101676761
(18.31);1.4612115964064378
(19.20);2.9941371543470883
(19.21);3.1792305881816167
(19.22);4.064398917364898
(19.23);3.342775112450222
(19.24);2.339897584359579
(19.25);2.732225247495819
(19.26);4.238909270560134
(19.27);6.854009721717618
(19.28);2.3888016530312695
(19.29);2.175639243253433
(19.30);2.073067237397361
(19.31);3.0335081491404696
(20.21);1.5441808995038724
(20.22);1.7817574348436493
(20.23);1.59813477500308
(20.24);1.330559983111751
(20.25);1.5543491996679468
(20.26);1.7708291539525656
(20.27);2.083833137781279
(20.28);1.5025016997522564
(20.29);1.3532105848981872
(20.30);1.4266128049788667
(20.31);1.5045504307740503
(21.22);9.138402782266883
(21.23);15.888455093614006
(21.24);7.257808919046391
(21.25);4.177249353504167
(21.26);11.015465445631952
(21.27);5.870432163022988
(21.28);3.0932183051954047
(21.29);3.5390160778273096
(21.30);2.030600635193102
(21.31);4.100650153163298
(22.23);17.007262591408992
(22.24);5.630861489963518
(22.25);6.268893181797415
(22.26);24.749171097874353
(22.27);7.629296322844473
(22.28);4.197388163421418
(22.29);4.307355579166539
(22.30);2.752438048936374
(22.31);8.350814511252807
(23.24);7.790729632640535
(23.25);5.6149869638986685
(23.26);15.666411203414262
(23.27);6.009729241167609
(23.28);3.8167903134305883
(23.29);4.3396094230519715
(23.30);2.3945418079779115
(23.31);5.841296389771767
(24.25);4.988253894427689
(24.26);5.205622841867697
(24.27);3.4122063469483015
(24.28);3.674965353714644
(24.29);5.1790023656221225
(24.30);2.12962633582634
(24.31);3.8201400839345627
(25.26);4.926266345620001
(25.27);3.4910988783594274
(25.28);11.913763327903666
(25.29);10.388604466463578
(25.30);4.340684006352239
(25.31);9.895586889591018
(26.27);9.638882781743854
(26.28);3.5280549656991957
(26.29);3.6566494769319124
(26.30);2.4042112280852965
(26.31);5.935755755204214
(27.28);2.7864997342211915
(27.29);2.7171154617922597
(27.30);2.131324535244962
(27.31);4.065124414741521
(28.29);9.490476914102956
(28.30);6.170495805461124
(28.31);5.667752620715174
(29.30);3.4750009639507637
(29.31);4.706812696792652
(30.31);3.371980205968367

****Importance nodes******

0; 0.061111111111111116
1; 0.01620566061055494
2; 0.01672842385605671
3; 0.017268050432058545
4; 0.017154885978103825
5; 0.018378467735612164
6; 0.018971321533535136
7; 0.019583299647520144
8; 0.020215018990988532
9; 0.020867116377794613
10; 0.021540249164175084
11; 0.022235095911406533
12; 0.022952357069839006
13; 0.022445477170791237
14; 0.024416803335665784
15; 0.025204442152945327
16; 0.026017488674008077
17; 0.026856762502201884
18; 0.03666666666666667
19; 0.03666666666666667
20; 0.03666666666666667
21; 0.03666666666666667
22; 0.03793103448275863
23; 0.03666666666666667
24; 0.03666666666666667
25; 0.03666666666666667
26; 0.03666666666666667
27; 0.03666666666666667
28; 0.03666666666666667
29; 0.03666666666666667
30; 0.027723109679692267
31; 0.0286174035403275
