
****Mix criterion 0.5*C(weight)+0.5*C(distance) ******

(0.1);0.47031415790425013
(0.2);0.4875220274084836
(0.3);0.5474273468439251
(0.4);0.5552797110264863
(0.5);0.45928734240370755
(0.6);0.5670105516754786
(0.7);0.4654131952441417
(0.8);0.43259943402302725
(0.9);0.401938514419297
(0.10);0.38459702759078185
(0.11);0.39907301483091345
(0.12);0.4194505041647295
(0.14);0.35798363591921384
(0.15);0.3393729181551333
(0.16);0.3851634768611154
(0.17);0.30543173020070946
(0.30);0.41667992175942214
(0.31);0.6188081079007852
(1.2);0.4990097239295026
(1.3);0.4498582547597369
(1.4);0.37676765021612824
(1.5);0.6030799208922818
(1.6);0.36313942508863173
(1.7);0.5620072560781569
(1.8);0.3043513562550058
(1.9);0.31143164916618676
(1.10);0.3540151836568044
(1.11);0.43081829975433317
(1.12);0.46887281401222913
(1.13);0.43779360224801933
(1.14);0.4419172771681526
(1.15);0.39556784231326464
(1.16);0.3925389232369153
(1.17);0.24051432349293544
(1.18);0.23174719004191685
(1.19);0.4419210906639109
(1.20);0.3132520793562229
(1.21);0.40031029126001827
(1.22);0.4765522069162781
(1.23);0.43542407641264796
(1.24);0.3807646941688011
(1.25);0.4913211456484965
(1.26);0.45355325607633945
(1.27);0.4419400269003722
(1.28);0.4789079189377352
(1.29);0.42444457457258145
(1.30);0.4937364634149042
(1.31);0.5313237648661818
(2.3);0.5459091442448694
(2.4);0.42825205748892403
(2.5);0.5566728140557697
(2.6);0.40541332636190497
(2.7);0.44432832438364617
(2.8);0.286405878011075
(2.9);0.27843924892020117
(2.10);0.3007995114006404
(2.11);0.3592630741270684
(2.12);0.5502464198331201
(2.13);0.5172383975912956
(2.14);0.4530251161651989
(2.15);0.43506782025152496
(2.16);0.46746098791915147
(2.17);0.2013691660699751
(2.18);0.1794892590842376
(2.19);0.5589044025472423
(2.20);0.34673771124944974
(2.21);0.43216595710923605
(2.22);0.5066843120483416
(2.23);0.4571508896748991
(2.24);0.3807063659043761
(2.25);0.43869891955926993
(2.26);0.5007902117542711
(2.27);0.5396042702518732
(2.28);0.407873972380312
(2.29);0.3803460434100739
(2.30);0.4034780159506031
(2.31);0.4895429874407403
(3.4);0.4944874124743218
(3.5);0.4711384306815254
(3.6);0.4633910304512014
(3.7);0.41479319927512465
(3.8);0.30920057213293906
(3.9);0.2910176723217983
(3.10);0.2965935647662735
(3.11);0.3385673153836941
(3.12);0.47290216971791604
(3.13);0.7713559219204903
(3.14);0.39882515947076647
(3.15);0.39408956781475213
(3.16);0.4495428031778381
(3.17);0.21027440759392374
(3.18);0.17689536180906215
(3.19);0.5324316864964584
(3.20);0.3144194386338286
(3.21);0.4936058548785608
(3.22);0.5742216710588679
(3.23);0.5135031666542931
(3.24);0.41649763360178194
(3.25);0.44001354244105806
(3.26);0.5986761780401767
(3.27);0.7655360156445736
(3.28);0.39719049043604937
(3.29);0.38641901771792764
(3.30);0.37282022545066423
(3.31);0.4881680669032718
(4.5);0.38624807333210204
(4.6);0.6410331151517384
(4.7);0.3560011181090675
(4.8);0.3294411630604446
(4.9);0.29489804017112786
(4.10);0.27511333998628423
(4.11);0.29423950972993734
(4.12);0.38778041283174247
(4.13);0.5395313246883435
(4.14);0.32490767710752205
(4.15);0.3280067355937549
(4.16);0.39162386217257955
(4.17);0.21279246714442562
(4.18);0.1632719139439914
(4.19);0.44119950630426324
(4.20);0.2581252246185347
(4.21);0.58913596672165
(4.23);0.5365869901589029
(4.24);0.4480637948345568
(4.25);0.4045235344184503
(4.26);0.5796892058708978
(4.27);0.5783294474364022
(4.28);0.3576642345968708
(4.29);0.3692158404809057
(4.30);0.3166669820320341
(4.31);0.43036351227592834
(5.6);0.36819306452920386
(5.7);0.49395002366756924
(5.8);0.2835112010480549
(5.9);0.28569396720149093
(5.10);0.3232773589929576
(5.11);0.39628985303689535
(5.12);0.5296671871767376
(5.13);0.4549274142793703
(5.14);0.4805199249989305
(5.15);0.43355604924892227
(5.16);0.43085164839927803
(5.17);0.2131265407599798
(5.18);0.20193176644894795
(5.19);0.48733284057848525
(5.20);0.3452603957281505
(5.21);0.39876295715752424
(5.22);0.4723115740978265
(5.23);0.429014829570317
(5.24);0.36601262731458817
(5.25);0.45381765449599065
(5.26);0.4566195066094333
(5.27);0.4646339409397963
(5.28);0.43671189186654896
(5.29);0.39304245719177655
(5.30);0.45212951809260343
(5.31);0.4975991041587713
(6.7);0.3477037535877027
(6.8);0.34995704781050163
(6.9);0.31018439082947785
(6.10);0.28159756115457424
(6.11);0.2917023577833032
(6.12);0.36339986967138416
(6.13);0.4969135291171842
(6.14);0.3027416873740136
(6.15);0.303288111238032
(6.16);0.3639726410265321
(6.17);0.22803988343277098
(6.18);0.17344672525523125
(6.19);0.40976214482708617
(6.20);0.2330473977015986
(6.21);0.6592885914893943
(6.22);0.5176991207974821
(6.23);0.5505604185916247
(6.24);0.4754880748838994
(6.25);0.4058590856559821
(6.26);0.5572558728437741
(6.27);0.5186737970182863
(6.28);0.3577225577316429
(6.29);0.3773270971238959
(6.30);0.3094191329393402
(6.31);0.423777714995575
(7.8);0.32860930739384353
(7.9);0.3452693891639899
(7.10);0.40066469052617154
(7.11);0.4961015046034846
(7.12);0.41651707505980384
(7.13);0.40648826470629784
(7.14);0.4011519920648505
(7.15);0.353795314808045
(7.16);0.3487088357587315
(7.17);0.2776364802211895
(7.18);0.27459073410979057
(7.19);0.392999598329989
(7.20);0.27536501061215685
(7.21);0.39073601119180834
(7.22);0.4603349572600398
(7.23);0.4288203697062777
(7.24);0.3917170964476863
(7.25);0.54106278844596
(7.26);0.4332413542924576
(7.27);0.40582017525098263
(7.28);0.5632989845686218
(7.29);0.46904653723990414
(7.30);0.5921025637818788
(7.31);0.5352543099931729
(8.9);0.5258321876432112
(8.10);0.4020542245007688
(8.11);0.33670576323751383
(8.12);0.24128953735887887
(8.13);0.3190111636238579
(8.14);0.20206740127741377
(8.15);0.17648974592698075
(8.16);0.2075813361042514
(8.17);0.42133575763074294
(8.18);0.3373792882653212
(8.19);0.24979174132168117
(8.20);0.09839255694081123
(8.21);0.39888418242823187
(8.22);0.38223411459202494
(8.23);0.4071027888966424
(8.24);0.49544054011636157
(8.25);0.41659724232062306
(8.26);0.3701334754005487
(8.27);0.31451574172881835
(8.28);0.3974183378047207
(8.29);0.46724914251831307
(8.30);0.31594586238555233
(8.31);0.37168507512846166
(9.10);0.4704476160487774
(9.11);0.37598512794442235
(9.12);0.23639164782934324
(9.13);0.2966992039169796
(9.14);0.20602218386205567
(9.15);0.17311487099542414
(9.16);0.19329837359598395
(9.17);0.4864064748523914
(9.18);0.403858592642583
(9.19);0.23515409905882706
(9.20);0.09494240103770324
(9.21);0.35851333822439935
(9.22);0.36104959236269
(9.23);0.37613417862560433
(9.24);0.4385096570352027
(9.25);0.4255277375101519
(9.26);0.3441157195870387
(9.27);0.2903059160388588
(9.28);0.4268109329652165
(9.29);0.4958075685810348
(9.30);0.34450617100291375
(9.31);0.36979134180014017
(10.11);0.4756943167923821
(10.12);0.26705991907088594
(10.13);0.2960595303070776
(10.14);0.25147795153815644
(10.15);0.20918853508394958
(10.16);0.21207479453190387
(10.17);0.4272166745680454
(10.18);0.4356055134248464
(10.19);0.25219374159727637
(10.20);0.13378753516109307
(10.21);0.3288986248456783
(10.22);0.35764641291386345
(10.23);0.3571538549623635
(10.24);0.3845602458029778
(10.25);0.4538472852105454
(10.26);0.3356194067014422
(10.27);0.289134573574509
(10.28);0.5002001231933401
(10.29);0.5146591534297087
(10.30);0.4229545916026057
(10.31);0.39156127422889053
(11.12);0.3359859026257492
(11.13);0.3325650060559764
(11.14);0.33262730268352914
(11.15);0.28362372546072984
(11.16);0.2726210309164819
(11.17);0.32648988525409783
(11.18);0.3457943863176543
(11.19);0.31091701126963706
(11.20);0.2111330152722656
(11.21);0.33552692239151694
(11.22);0.38599152002927745
(11.23);0.3696895167243996
(11.24);0.362548261627113
(11.25);0.48610260832243535
(11.26);0.36192235230739694
(11.27);0.3279252688621076
(11.28);0.577876662081761
(11.29);0.4795241711002247
(11.30);0.5874803506347686
(11.31);0.4381907385447978
(12.13);0.45628232674369357
(12.14);0.5373844410660802
(12.15);0.5224051786588322
(12.16);0.526398063725727
(12.17);0.16163019179444915
(12.18);0.14657716266712642
(12.19);0.6054316885025891
(12.20);0.4071666375726253
(12.21);0.3795809394475116
(12.22);0.436227860002701
(12.23);0.3985813414111673
(12.24);0.3300001176151958
(12.25);0.3898415095912541
(12.26);0.43431801736746084
(12.27);0.47864363211815847
(12.28);0.36974965621370304
(12.29);0.33599429588476465
(12.30);0.3854448237028115
(12.31);0.4309334974421273
(13.14);0.3843312900745813
(13.15);0.3819869749733458
(13.16);0.44233352280354626
(13.17);0.21446544832882108
(13.18);0.1769319571292308
(13.19);0.5177629281037005
(13.20);0.3039347720215001
(13.21);0.5279982648425998
(13.22);0.5991717526405695
(13.23);0.5417198537332558
(13.24);0.43277079222053805
(13.25);0.4407096587850877
(13.26);0.6584444107770648
(13.27);0.9863557650585179
(13.28);0.3943446457473633
(13.29);0.3895465806591711
(13.30);0.3639628017706233
(13.31);0.4855206415351069
(14.15);0.5598078335632529
(14.16);0.4576648608278134
(14.17);0.13731269339692279
(14.18);0.1353413705809513
(14.19);0.47448552298073776
(14.20);0.4432945501132196
(14.21);0.3188107816853275
(14.22);0.3738738327804706
(14.23);0.339955658325019
(14.24);0.2801027849320015
(14.25);0.35437083124409197
(14.26);0.3681121767390785
(14.27);0.39740258228373315
(14.28);0.3480227300351881
(14.29);0.3047028800688562
(14.30);0.38611851730932795
(14.31);0.3862469606426714
(15.16);0.5180723131542798
(15.17);0.10063700165479215
(15.18);0.09131165602672947
(15.19);0.5030498636166312
(15.20);0.5107000661657242
(15.21);0.3106827617220477
(15.22);0.356492615661357
(15.23);0.3250723060903008
(15.24);0.26113974330563244
(15.25);0.31820246009234854
(15.26);0.3571308100245388
(15.27);0.40074958776075686
(15.28);0.3045791036700998
(15.29);0.2687557799361391
(15.30);0.33280597101026765
(15.31);0.354232379824984
(16.17);0.11539409929935089
(16.18);0.0917071795545676
(16.19);0.6724681992473536
(16.20);0.4341442215118145
(16.21);0.36510766959388696
(16.22);0.40037637287688854
(16.23);0.37150914957462833
(16.24);0.3020200347381702
(16.25);0.33481430178686056
(16.26);0.40927833864439755
(16.27);0.47555561112383155
(16.28);0.3089012721309343
(16.29);0.28531657731901755
(16.30);0.31657821672239983
(16.31);0.375121312872225
(17.18);0.49277689653305523
(17.19);0.1554541138329804
(17.20);0.023328586065022527
(17.21);0.2706103794371447
(17.22);0.2732486221983981
(17.23);0.2862779647045523
(17.24);0.34123348783395535
(17.25);0.3373992286600434
(17.26);0.2572029139670861
(17.27);0.20650231090690085
(17.28);0.3503948484597857
(17.29);0.3917036425843899
(17.30);0.2869422128369615
(17.31);0.2877477511475117
(18.19);0.1299051449708636
(18.20);0.017730659770540096
(18.21);0.21644907552954135
(18.22);0.23385686697459
(18.23);0.23857258198477402
(18.24);0.27862640232521585
(18.25);0.3118744540154095
(18.26);0.21482497117693586
(18.27);0.16826063255105414
(18.28);0.3419577523354116
(18.29);0.3583889152372094
(18.30);0.2997545308720843
(18.31);0.2625383748803663
(19.20);0.4054237981131703
(19.21);0.41790120554148436
(19.22);0.4644411050682592
(19.23);0.4281069794426485
(19.24);0.3500525091980965
(19.25);0.38571050949887203
(19.26);0.4743944197122152
(19.27);0.566257783172751
(19.28);0.3549999508511687
(19.29);0.3321191441571183
(19.30);0.3554229541994412
(19.31);0.43080339007243146
(20.21);0.23396392434961044
(20.22);0.2736156188678651
(20.23);0.24500309014475347
(20.24);0.18229995757707035
(20.25);0.23609744721006462
(20.26);0.276243348480105
(20.27);0.32108310846117205
(20.28);0.22494487654441758
(20.29);0.18848905670991956
(20.30);0.2591503311616508
(20.31);0.2710354803344705
(21.22);0.6263743483663866
(21.23);0.7794125486302628
(21.24);0.5778001763511553
(21.25);0.4716068536086365
(21.26);0.6721678241269582
(21.27);0.5360069636228499
(21.28);0.41223528403880255
(21.29);0.43949512276844804
(21.30);0.35073476816109833
(21.31);0.48482156601672977
(22.23);0.8025425589812504
(22.24);0.5266481272700003
(22.25);0.5474274152828126
(22.26);0.961260253739236
(22.27);0.5870392068013253
(22.28);0.4706450215223709
(22.29);0.47560593094206327
(22.30);0.41147724394237145
(22.31);0.6145646657040145
(23.24);0.5924447155313157
(23.25);0.5275102156492417
(23.26);0.7746979536029188
(23.27);0.5405134659849566
(23.28);0.45428195575394514
(23.29);0.4788496963198616
(23.30);0.3864664829152832
(23.31);0.5468081774485525
(24.25);0.5051266178222775
(24.26);0.5131688269562472
(24.27);0.43223586317956386
(24.28);0.44690967555099614
(24.29);0.5122011810025231
(24.30);0.361427583265523
(24.31);0.4724257858781108
(25.26);0.5027713326149147
(25.27);0.43679307311498056
(25.28);0.6927201941675412
(25.29);0.6575052094302856
(25.30);0.4959407104038012
(25.31);0.6526891320689987
(26.27);0.6395411701901393
(26.28);0.43888127340356725
(26.29);0.4459314504949391
(26.30);0.387297444883292
(26.31);0.5496984729132347
(27.28);0.39002153596140443
(27.29);0.38448717455370046
(27.30);0.3616038459053801
(27.31);0.4833047605759155
(28.29);0.6359211212908726
(28.30);0.5576030660591674
(28.31);0.5414061110204299
(29.30);0.4571644194689353
(29.31);0.5087768091689843
(30.31);0.47073325845476893
