
****Mix criterion 0.5*C(weight)+0.5*C(distance) ******

(0.1);0.4652686780071669
(0.2);0.48200477955038645
(0.3);0.5398955217251319
(0.4);0.5485016297094395
(0.5);0.45455588571644234
(0.6);0.5587993925979486
(0.7);0.4605397294917925
(0.8);0.42846543276254745
(0.9);0.3983635954601309
(0.10);0.38128945274379855
(0.11);0.3955430712733148
(0.12);0.4155719106734216
(0.13);0.567639481185929
(0.14);0.35504586065684485
(0.15);0.33664374739853614
(0.16);0.3818661957253553
(0.17);0.30302222147686014
(0.30);0.4128856693970769
(0.31);0.6083766734595584
(1.2);0.49788587119401856
(1.3);0.4490943285125547
(1.4);0.3767893661509202
(1.5);0.600676583356144
(1.6);0.3627018080255333
(1.7);0.5601693883799781
(1.8);0.3040115702913061
(1.9);0.3110756847181075
(1.10);0.3535725372648071
(1.11);0.4301090939889369
(1.12);0.4679311585889071
(1.13);0.4383500872664749
(1.14);0.4411650850807418
(1.15);0.39500041041988243
(1.16);0.39197325632709196
(1.17);0.2402216506822511
(1.18);0.23129507786405068
(1.19);0.4407569827456547
(1.20);0.3126439556927798
(1.21);0.3993923217596305
(1.22);0.47353216835444
(1.23);0.4343041714457219
(1.24);0.3808393894833249
(1.25);0.49146396861403147
(1.26);0.45230398762612545
(1.27);0.4407757867092508
(1.28);0.4790398823291866
(1.29);0.4257660883846973
(1.30);0.49260167219230183
(1.31);0.5292486765919813
(2.3);0.5442470253765489
(2.4);0.4282720458025833
(2.5);0.5549115695850954
(2.6);0.40484494984056957
(2.7);0.443578035506541
(2.8);0.28608615576166546
(2.9);0.27812452931947657
(2.10);0.30044940611235776
(2.11);0.3587955071340251
(2.12);0.5485064050074621
(2.13);0.518218504075174
(2.14);0.4522044792087456
(2.15);0.43433331264537844
(2.16);0.4665320404535576
(2.17);0.20110782026968835
(2.18);0.17909968393920916
(2.19);0.5564782498614691
(2.20);0.34602955754214637
(2.21);0.4310610898557615
(2.22);0.5030354167795787
(2.23);0.4558672142753431
(2.24);0.38077371394707105
(2.25);0.4387916527915634
(2.26);0.49910073143991707
(2.27);0.5374465416534406
(2.28);0.4079517154962997
(2.29);0.3813771280244531
(2.30);0.40285065285445165
(2.31);0.4879932267094161
(3.4);0.49450319121624964
(3.5);0.47023006153305535
(3.6);0.46252680514014066
(3.7);0.41417403493118193
(3.8);0.30884396308737605
(3.9);0.2906821992235787
(3.10);0.2962449159543991
(3.11);0.3381403602012159
(3.12);0.47191516134109057
(3.13);0.7749868044161378
(3.14);0.3982415047827431
(3.15);0.3935139786339939
(3.16);0.44871508999846965
(3.17);0.2100023110887277
(3.18);0.17650535901032496
(3.19);0.53036212836415
(3.20);0.3137990625151964
(3.21);0.49198541941951235
(3.22);0.5687404305635361
(3.23);0.5116651525107969
(3.24);0.41657002447498004
(3.25);0.4400964480839581
(3.26);0.5956306168308074
(3.27);0.7593928841155064
(3.28);0.39725564222556614
(3.29);0.3874727916469996
(3.30);0.37228561210420824
(3.31);0.48662710477410925
(4.5);0.38625548416394434
(4.6);0.6410287796220214
(4.7);0.355993420562144
(4.8);0.3294280302963544
(4.9);0.2948811125900186
(4.10);0.27509231962805797
(4.11);0.29421086050819784
(4.12);0.3877256026543501
(4.13);0.5421340531957806
(4.14);0.3248756725816407
(4.15);0.3279672406809522
(4.16);0.39155922664245907
(4.17);0.21275734186979792
(4.18);0.16311102821506313
(4.19);0.44069740423425346
(4.20);0.25791037971820346
(4.21);0.5878961141838958
(4.22);0.524730638828126
(4.23);0.5356766649471206
(4.24);0.4488496234595735
(4.25);0.4051355809249441
(4.26);0.5785131577828303
(4.27);0.5771624344255686
(4.28);0.3581469488509722
(4.29);0.3706366301400885
(4.30);0.316608191993357
(4.31);0.42995570279411793
(5.6);0.36773320003035537
(5.7);0.49286024620424224
(5.8);0.2831915074765323
(5.9);0.28536644259325095
(5.10);0.32288717208937295
(5.11);0.3957114030571223
(5.12);0.5281847930583518
(5.13);0.45552102789824467
(5.14);0.47952241018418995
(5.15);0.4328268789271163
(5.16);0.4301260690106756
(5.17);0.21285246354981052
(5.18);0.20151330224220923
(5.19);0.48579038482903786
(5.20);0.34455415369557485
(5.21);0.3978453137572726
(5.22);0.46939426575383125
(5.23);0.42793049010367745
(5.24);0.3660682538461927
(5.25);0.4539073917117825
(5.26);0.4553433391535762
(5.27);0.4632939407961044
(5.28);0.4367929703597699
(5.29);0.3941284624289665
(5.30);0.4512747601215811
(5.31);0.49597219002047344
(6.7);0.3472788866253642
(6.8);0.34952118655036457
(6.9);0.30981683102594754
(6.10);0.2812656632641393
(6.11);0.29135140940412846
(6.12);0.36290494139329943
(6.13);0.49769839832986307
(6.14);0.3023766054573188
(6.15);0.3029164485913861
(6.16);0.3634734326586485
(6.17);0.2277486588795749
(6.18);0.17305763003757724
(6.19);0.4087824055673327
(6.20);0.23258294957116757
(6.21);0.6552594455701931
(6.22);0.5138430213024262
(6.23);0.5482741075193202
(6.24);0.4755771138806412
(6.25);0.40591843306753783
(6.26);0.5548772126914522
(6.27);0.5167910804506594
(6.28);0.3577691600426076
(6.29);0.3783200529939621
(6.30);0.30901914256969865
(6.31);0.4227761714941336
(7.8);0.32821057222922684
(7.9);0.34483150471628105
(7.10);0.40006502219172513
(7.11);0.49493685764808315
(7.12);0.41583876193435443
(7.13);0.40689823494428995
(7.14);0.40054968801514257
(7.15);0.35332208353930955
(7.16);0.34824033708070057
(7.17);0.27728528274741104
(7.18);0.2740512326741063
(7.19);0.39209722855159884
(7.20);0.2748239977490098
(7.21);0.3898441062640619
(7.22);0.4576203159582895
(7.23);0.4277243045526425
(7.24);0.39176378701720155
(7.25);0.5411755509898785
(7.26);0.4321172913356323
(7.27);0.40485480094130555
(7.28);0.5634275583253103
(7.29);0.47068578671984923
(7.30);0.5899005331159193
(7.31);0.5331370705376334
(8.9);0.5243940573857332
(8.10);0.4014421777591889
(8.11);0.33626724131617086
(8.12);0.24098552676468898
(8.13);0.3192649239419468
(8.14);0.20180468919960753
(8.15);0.17624210040267657
(8.16);0.207305473271134
(8.17);0.4206211584551717
(8.18);0.33668148041049417
(8.19);0.2492926160425399
(8.20);0.09806467834432227
(8.21);0.39794731193987015
(8.22);0.38046438252572434
(8.23);0.4061242477287491
(8.24);0.4955097978599772
(8.25);0.41664069319888586
(8.26);0.369322648828861
(8.27);0.3138819150420674
(8.28);0.39745754986854775
(8.29);0.4688502976233553
(8.30);0.31552424594014367
(8.31);0.37092699136128626
(9.10);0.46947389213200386
(9.11);0.3754435565483087
(9.12);0.23608838209360916
(9.13);0.2969241154877065
(9.14);0.20575238104679894
(9.15);0.17286600770016955
(9.16);0.19303038331782854
(9.17);0.4853006356597803
(9.18);0.4028901907133672
(9.19);0.23467419922609234
(9.20);0.09461408654825565
(9.21);0.3577399449757016
(9.22);0.3594467924109214
(9.23);0.3752931337195866
(9.24);0.43854734384145366
(9.25);0.42556275324129095
(9.26);0.3433911939900765
(9.27);0.28972448870779877
(9.28);0.42684620074810514
(9.29);0.49768827275068805
(9.30);0.34402102309666227
(9.31);0.36903449526979004
(10.11);0.47466416482965906
(10.12);0.26671728506140074
(10.13);0.2962777559269983
(10.14);0.2511602551950147
(10.15);0.20890775291302713
(10.16);0.21178704468564746
(10.17);0.4264595556974403
(10.18);0.43444510810706055
(10.19);0.25168159294941184
(10.20);0.1334238838363404
(10.21);0.3282146848002314
(10.22);0.3560640995602148
(10.23);0.35637921103703984
(10.24);0.3845796645058594
(10.25);0.45387562961581773
(10.26);0.33491558340426514
(10.27);0.2885506590026623
(10.28);0.5002375964210422
(10.29);0.5167385861383007
(10.30);0.4222078098177237
(10.31);0.3907057820059939
(11.12);0.3355241029701125
(11.13);0.33281299665139347
(11.14);0.33218202756298537
(11.15);0.2832556564257667
(11.16);0.2722626466932283
(11.17);0.3260377922700886
(11.18);0.3450524374797845
(11.19);0.3102762414734276
(11.20);0.21067939887739134
(11.21);0.33481746508354804
(11.22);0.384175502530243
(11.23);0.3688615103637185
(11.24);0.3625576320870404
(11.25);0.4861210032886218
(11.26);0.36112405189656577
(11.27);0.32723833818532594
(11.28);0.5779082432652515
(11.29);0.4811792468272274
(11.30);0.5853022720297576
(11.31);0.4370602716156539
(12.13);0.45676711411397797
(12.14);0.5358139384572101
(12.15);0.5209775533788855
(12.16);0.5249222671201869
(12.17);0.16137017110965757
(12.18);0.14619423090058536
(12.19);0.6023058844345428
(12.20);0.406159883552723
(12.21);0.378705598082667
(12.22);0.4338560947712344
(12.23);0.3976185606092891
(12.24);0.33000103218269944
(12.25);0.3898427146397744
(12.26);0.433151112783202
(12.27);0.47713344699164084
(12.28);0.3697507486853721
(12.29);0.33676443079192236
(12.30);0.3848268238783017
(12.31);0.42984471646599737
(13.14);0.38465088332423714
(13.15);0.3822924589355659
(13.16);0.44275396314004
(13.17);0.21460926364145902
(13.18);0.17693195712923077
(13.19);0.5177629281037005
(13.20);0.3039347720215001
(13.21);0.5279982648425998
(13.22);0.596100187509188
(13.23);0.5417198537332558
(13.24);0.43393223962428146
(13.25);0.44192441978814256
(13.26);0.6584444107770648
(13.27);0.9863557650585179
(13.28);0.3952898867270518
(13.29);0.39145755819978684
(13.30);0.364212353540595
(13.31);0.485615926079374
(14.15);0.5580478423237623
(14.16);0.45676165890722775
(14.17);0.13707300797032712
(14.18);0.1349736806386288
(14.19);0.4730435570491388
(14.20);0.44209038966425646
(14.21);0.3181529544693093
(14.22);0.37217465607581884
(14.23);0.3392370705734875
(14.24);0.2801098709970923
(14.25);0.3543803957700675
(14.26);0.3672966243993176
(14.27);0.39646163488016123
(14.28);0.3480320277284807
(14.29);0.30538544994852695
(14.30);0.38551166608653925
(14.31);0.3854166012812007
(15.16);0.5167133677264236
(15.17);0.10041460137130284
(15.18);0.09097718503508342
(15.19);0.501335005431228
(15.20);0.50890586747313
(15.21);0.31004041778825353
(15.22);0.3549199453933282
(15.23);0.32439165726474845
(15.24);0.26114087048656603
(15.25);0.318203853199777
(15.26);0.3563492464994283
(15.27);0.3997855514544679
(15.28);0.30458042380858835
(15.29);0.2693472622820097
(15.30);0.332331134295928
(15.31);0.35351850839691085
(16.17);0.11516027756213038
(16.18);0.09136903298412906
(16.19);0.6683456451516103
(16.20);0.432985633884058
(16.21);0.3642905097436045
(16.22);0.3984334199018096
(16.23);0.3706673072344034
(16.24);0.3020147736133039
(16.25);0.33480829910069737
(16.26);0.40826378031084665
(16.27);0.474090291155702
(16.28);0.3088958690250703
(16.29);0.28593708449703953
(16.30);0.3161294060333965
(16.31);0.37432413781820256
(17.18);0.4911490985106324
(17.19);0.155055456806529
(17.20);0.02303286909021362
(17.21);0.27004654011043083
(17.22);0.27211065899480913
(17.23);0.2856816737504545
(17.24);0.3412194010299174
(17.25);0.3373853700067221
(17.26);0.25666441016488806
(17.27);0.20604322085865956
(17.28);0.3503801902798417
(17.29);0.39266877038960807
(17.30);0.2865378066770139
(17.31);0.28719879421499983
(18.19);0.12939508079083814
(18.20);0.017330084480913725
(18.21);0.2158070615773504
(18.22);0.23266605539392046
(18.23);0.23788621282258618
(18.24);0.27842761386694753
(18.25);0.31165041808028004
(18.26);0.21418600717865066
(18.27);0.16769897282605944
(18.28);0.34170574708462526
(18.29);0.35896776319842005
(18.30);0.29912166860648576
(18.31);0.26185016052938065
(19.20);0.4041117346218812
(19.21);0.4165080320928044
(19.22);0.46135403874607567
(19.23);0.4266421390033026
(19.24);0.34979197699362413
(19.25);0.38540629418979044
(19.26);0.47253688353064316
(19.27);0.5632542815089245
(19.28);0.3547339735003344
(19.29);0.3326388428372701
(19.30);0.35462757483032775
(19.31);0.42937464159602684
(20.21);0.23328724747151772
(20.22);0.27226230599596524
(20.23);0.2443027700911458
(20.24);0.18215180847520368
(20.25);0.2359243806509912
(20.26);0.27546735186991694
(20.27);0.32016995009831895
(20.28);0.22477758286341354
(20.29);0.18881230044489067
(20.30);0.2586029787302758
(20.31);0.2703268538762718
(21.22);0.6194333821764895
(21.23);0.7724500546673357
(21.24);0.5769920670689552
(21.25);0.471141744370534
(21.26);0.6673407272687577
(21.27);0.53343447635118
(21.28);0.41189087452731216
(21.29);0.4403404936130796
(21.30);0.3499556820692411
(21.31);0.48289020556851064
(22.23);0.7896248930124508
(22.24);0.5241806224749176
(22.25);0.5446803180555911
(22.26);0.9424623123580929
(22.27);0.5812444646465661
(22.28);0.4688056803418915
(22.29);0.47520133415781995
(22.30);0.4094134045011474
(22.31);0.6076288209873515
(23.24);0.5915772690331411
(23.25);0.5268850237854753
(23.26);0.7678327616895562
(23.27);0.5378799372174383
(23.28);0.45385698125890156
(23.29);0.4798863062709497
(23.30);0.38554776251963585
(23.31);0.5440569920530298
(24.25);0.5062017064563111
(24.26);0.5125892150947243
(24.27);0.43185593644788667
(24.28);0.4477017189324807
(24.30);0.36140329635323226
(24.31);0.4720291791937774
(25.26);0.5022228252616778
(25.27);0.4364043622188757
(25.28);0.6952878965767355
(25.29);0.6633824499909756
(25.30);0.4958912079112885
(26.27);0.63531730683893
(26.28);0.4384884476902295
(26.29);0.44680492063151256
(26.30);0.3863750145948221
(26.31);0.5469027982110055
(27.28);0.3897112775452366
(27.29);0.3851362165875267
(27.30);0.3607861147996841
(27.31);0.48139013235393335
(28.30);0.5575326958313502
(28.31);0.5408176853278808
(29.30);0.45851082499182794
(29.31);0.5101397859781498
(30.31);0.46933772354432235
