
****Importance edges******

(0.1);4.1455225200154695
(0.2);4.554757993042189
(0.3);6.2482256204204685
(0.4);6.55491272234857
(0.5);3.982500667457081
(0.6);6.948377744833056
(0.7);4.1465444566092
(0.8);3.5370442139117104
(0.9);3.07616832134802
(0.10);2.8627313991594785
(0.11);3.073400636154335
(0.12);3.3975046741115933
(0.14);2.6253102724089343
(0.15);2.455209999836624
(0.16);2.9865355218318967
(0.17);2.1976178665203094
(0.30);3.4851405682913787
(0.31);9.107761485905398
(1.2);3.087612435642182
(1.3);2.098769799850433
(1.4);1.307583534221224
(1.5);6.829325009269444
(1.6);1.2441667653105952
(1.7);5.227806293929986
(1.8);0.9670101166201978
(1.9);1.013565657927471
(1.10);1.2610174640914598
(1.11);2.0214102624740806
(1.12);2.685290520141415
(1.13);2.0990630385247577
(1.14);2.2677825346497724
(1.15);1.712854562039563
(1.16);1.7096160905121407
(1.17);0.8856212174106473
(1.18);1.083330576337818
(1.19);2.7893822899349754
(1.20);1.4571581812102568
(1.21);2.1995966412785433
(1.22);3.5024862760813384
(1.23);2.6834651943895347
(1.24);1.9853772128812117
(1.25);3.796188061552826
(1.26);3.141248711004408
(1.27);2.927447658694204
(1.28);3.5075441075835796
(1.29);2.516795952248005
(1.30);3.4380003547604416
(1.31);4.53290929427183
(2.3);4.566415799247302
(2.4);1.8423049886520226
(2.5);5.002199226077834
(2.6);1.6150989752673628
(2.7);2.133108061799923
(2.8);0.9094484817534928
(2.9);0.895672777314435
(2.10);0.996882409961888
(2.11);1.3320116339363726
(2.12);4.9594687424415405
(2.13);3.819526996674734
(2.14);2.471080173756645
(2.15);2.2144656247583754
(2.16);2.8041284300275353
(2.17);0.7898658691163872
(2.18);0.9346602765974523
(2.19);5.82077314040865
(2.20);1.698987084746774
(2.21);2.6507736592399316
(2.22);4.255490619050999
(2.23);3.079766302654508
(2.24);2.000671756330301
(2.25);2.7547758078619147
(2.26);4.251536278296803
(2.27);5.429871740448086
(2.28);2.3094725575079145
(2.29);1.997020977882082
(2.30);1.89838635052247
(2.31);3.39337490885605
(3.4);3.102536163516522
(3.5);2.5785872200038447
(3.6);2.454529881640747
(3.7);1.7594176745273145
(3.8);1.01385699990152
(3.9);0.9542516994312513
(3.10);0.9922332416535079
(3.11);1.2157031770141438
(3.12);2.8118037848798396
(3.13);14.637070645426395
(3.14);1.755303964424478
(3.15);1.7331988300253558
(3.16);2.4954709352667064
(3.17);0.821352739730676
(3.18);0.9368826010750271
(3.19);4.971587415144892
(3.20);1.4902959505698516
(3.21);3.8926843414027337
(3.22);6.428874338838628
(3.23);4.415361831113082
(3.24);2.4410158811400735
(3.25);2.795573281748422
(3.26);7.670275718334034
(3.27);15.471536890140264
(3.28);2.196914415714479
(3.29);2.076640860193104
(3.30);1.6157628516561475
(3.31);3.3821818105041066
(4.5);1.4571740825512136
(4.6);8.70606371029278
(4.7);1.2668539756187354
(4.8);1.1276810525660548
(4.9);0.9839148384763363
(4.10);0.924018204123768
(4.11);1.0131738032450333
(4.12);1.6223143823050115
(4.13);4.60435058066217
(4.14);1.2126551624453403
(4.15);1.2502686514261652
(4.16);1.7584109701049881
(4.17);0.8383902342041234
(4.18);0.9120989304068798
(4.19);2.8465343947014152
(4.20);1.21800612832995
(4.21);7.029014823632652
(4.22);4.930614363722873
(4.23);5.160847127460289
(4.24);2.9659265145618647
(4.25);2.310026517189234
(4.26);6.986654552186965
(4.27);6.932979057004501
(4.28);1.8218921525871519
(4.29);1.9256603349218289
(4.30);1.2508156192590068
(4.31);2.3209093944684693
(5.6);1.347465996506038
(5.7);3.193197298919112
(5.8);0.9367459719264463
(5.9);0.9596919825892245
(5.10);1.1433010945155608
(5.11);1.6949377052926042
(5.12);4.343617898200848
(5.13);2.460669939277999
(5.14);3.082689854952614
(5.15);2.255084261644739
(5.16);2.2456428036441083
(5.17);0.8488854744391899
(5.18);1.0267674038811787
(5.19);3.7846565129299177
(5.20);1.7328753251104312
(5.21);2.251581656429162
(5.22);3.492776276724885
(5.23);2.6605965364740722
(5.24);1.9084531323842955
(5.25);3.0787335760377688
(5.26);3.279687113853879
(5.27);3.443733957999428
(5.28);2.7816673068263587
(5.29);2.1849324322488344
(5.30);2.6493425269775224
(5.31);3.659911704228489
(6.7);1.2449184188463849
(6.8);1.2771332179362316
(6.9);1.0770005907821203
(6.10);0.9725062986879922
(6.11);1.0283268411695783
(6.12);1.450207674431091
(6.13);3.3715487255659484
(6.14);1.1273954655594134
(6.15);1.1485750921684572
(6.16);1.5438874842127879
(6.17);0.9013297957496249
(6.18);0.9563757798456213
(6.19);2.4081480729616236
(6.20);1.1415893148648
(6.21);9.903430820407422
(6.22);4.645598611071764
(6.23);5.61963353836241
(6.24);3.537472766292509
(6.25);2.357841617838413
(6.26);6.12075518991372
(6.27);4.844595892015329
(6.28);1.8514854380264012
(6.29);2.0345704386882457
(6.30);1.2388699319236538
(6.31);2.259616479566414
(7.8);1.1683486707010833
(7.9);1.2830614347574967
(7.10);1.7571103920205002
(7.11);3.412575170006478
(7.12);1.9875504062946387
(7.13);1.8275818918091007
(7.14);1.8585582620935794
(7.15);1.461367331922153
(7.16);1.4478342581814085
(7.17);1.0861384126079143
(7.18);1.3284130216620775
(7.19);2.221902824869161
(7.20);1.3321346056840504
(7.21);2.196135249575746
(7.22);3.291216584179849
(7.23);2.698838457829776
(7.24);2.2072460021017486
(7.25);5.330726886281687
(7.26);2.896128483318652
(7.27);2.4872699685933575
(7.28);6.078184810605069
(7.29);3.422580958797635
(7.30);6.8152078133588825
(7.31);4.7907735696094855
(8.9);4.213918720297991
(8.10);1.7933808211252724
(8.11);1.2849293198580058
(8.12);0.8907926993152105
(8.13);1.17568288011138
(8.14);0.8100540212928036
(8.15);0.7641715766134753
(8.16);0.8518814352367842
(8.17);2.208375852005668
(8.18);1.7212854809272204
(8.19);1.2311943613225538
(8.20);0.808779470937784
(8.21);2.310982253884109
(8.22);2.1594712397483637
(8.23);2.4137714890037403
(8.24);4.050596037316365
(8.25);2.5412603143149317
(8.26);2.0917813704706147
(8.27);1.63515467024363
(8.28);2.2933497694418445
(8.29);3.408352145216271
(8.30);1.303921158141456
(8.31);1.7204218351944696
(9.10);2.853144504788767
(9.11);1.5868784017267317
(9.12);0.8886101619722815
(9.13);1.0847115326196148
(9.14);0.831291307330964
(9.15);0.7673522845106951
(9.16);0.8269503515176279
(9.17);3.414899600272177
(9.18);2.3930825004531364
(9.19);1.1859124368099545
(9.20);0.8113197998050584
(9.21);1.9111835629302076
(9.22);1.9686123278254701
(9.23);2.0783620787663
(9.24);2.8975829468652945
(9.25);2.6922150087509915
(9.26);1.8715850317461722
(9.27);1.5019354656657087
(9.28);2.711594227208717
(9.29);4.083927772038873
(9.30);1.4992865335458754
(9.31);1.7227350544390911
(10.11);3.0184864117128356
(10.12);1.0039645986674472
(10.13);1.0974578808940334
(10.14);0.9781179590266976
(10.15);0.8651198754883686
(10.16);0.8872562009056703
(10.17);2.336277720583665
(10.18);2.872796660681056
(10.19);1.2679181168912106
(10.20);0.9002856979276033
(10.21);1.6932192989385237
(10.22);1.9564066255170938
(10.23);1.9177734260413388
(10.24);2.1869651403622066
(10.25);3.192191910694427
(10.26);1.8205104703362354
(10.27);1.5103543689055186
(10.28);4.2202943822164185
(10.29);4.608940630165038
(10.30);2.306108189801678
(10.31);1.9531246890710379
(11.12);1.3531362710685926
(11.13);1.3028563856646864
(11.14);1.369869832197578
(11.15);1.133204523850879
(11.16);1.1042200919650782
(11.17);1.393996586502765
(11.18);1.8402218809165176
(11.19);1.589272116121192
(11.20);1.1250840661556414
(11.21);1.7596346204257516
(11.22);2.260564133915354
(11.23);2.0536664318230464
(11.24);1.985764324950046
(11.25);3.898215017695776
(11.26);2.0676433016178275
(11.27);1.7791893794022384
(11.28);6.69260505896251
(11.29);3.746566270377787
(11.30);6.721000778253272
(11.31);2.5887182691653585
(12.13);2.665965236237863
(12.14);4.827932093311216
(12.15);4.392028012464246
(12.16);4.543656843747541
(12.17);0.801151517962348
(12.18);0.9515383449863246
(12.19);7.767238682041868
(12.20);2.5016599238011197
(12.21);2.1751156377697867
(12.22);2.9726425190424814
(12.23);2.392391885058217
(12.24);1.7368079858983803
(12.25);2.288445505924376
(12.26);3.0264265927229657
(12.27);3.916742198532427
(12.28);2.0746566128744726
(12.29);1.7816041683158241
(12.30);1.9055585383920992
(12.31);2.500861876329519
(13.14);1.7575220509952711
(13.15);1.75951623675434
(13.16);2.541785862331836
(13.17);0.9146993519909339
(13.18);1.0136322409825806
(13.19);4.686008835151717
(13.20);1.536714655059901
(13.21);4.982590928661838
(13.22);7.475703876647496
(13.23);5.404379747827267
(13.24);2.8312650168949545
(13.25);2.961227792797484
(13.26);10.309277292045444
(13.28);2.304217745635393
(13.29);2.248881625227173
(13.30);1.6740734029466766
(13.31);3.4852095461979054
(14.15);5.672683648267353
(14.16);2.911138789232071
(14.17);0.7725377090914785
(14.18);0.9464507350600836
(14.19);3.711686284571765
(14.20);3.0995640915622085
(14.21);1.6932773526800569
(14.22);2.1925981693485106
(14.23);1.849677751167916
(14.24);1.4601982868986312
(14.25);1.9709252265772903
(14.26);2.1888882248121977
(14.27);2.5254402340996522
(14.28);1.9159400378256415
(14.29);1.6011669204828947
(14.30);1.9559614452630456
(14.31);1.984083476959294
(15.16);4.380060158548483
(15.17);0.7168254154974903
(15.18);0.8631707488582877
(15.19);4.425542008279068
(15.20);4.630296401686049
(15.21);1.657699795217053
(15.22);2.0447518167091934
(15.23);1.7565533966642837
(15.24);1.38206166180391
(15.25);1.7081200632890794
(15.26);2.101987597522737
(15.27);2.592741721275348
(15.28);1.618651219949427
(15.29);1.4189044998360691
(15.30);1.530461291279667
(15.31);1.7122253269420937
(16.17);0.7536382656792128
(16.18);0.8749326028204727
(16.19);10.666844796264108
(16.20);2.997771313883083
(16.21);2.1143487979215965
(16.22);2.545618983649163
(16.23);2.178213160471409
(16.24);1.6214066191152259
(16.25);1.8499456532214804
(16.26);2.7342923225294355
(16.27);3.9491205250689663
(16.28);1.6651632178133462
(16.29);1.5232120226557087
(16.30);1.4465759826245534
(16.31);1.9193372288724306
(17.18);4.222896059202212
(17.19);1.034211347344672
(17.20);0.7671603174090514
(17.21);1.4627336057696771
(17.22);1.5025627825276004
(17.23);1.5469208621163155
(17.24);1.922736300489955
(17.25);1.891595548925448
(17.26);1.4543412811222447
(17.27);1.2398679567059294
(17.28);2.000724550550674
(17.29);2.4259990791323367
(17.30);1.3034543350665058
(17.31);1.3267875723625968
(18.19);1.1561900446450117
(18.20);0.9080056591577711
(18.21);1.4552877247904212
(18.22);1.5573311742883067
(18.23);1.5558300765862554
(18.24);1.7734304496874111
(18.25);1.998668094937817
(18.26);1.5001018804804118
(18.27);1.318613899868882
(18.28);2.2481877927862866
(18.29);2.407062342748905
(18.30);1.64614381333104
(18.31);1.458375443739919
(19.20);2.9741252296815794
(19.21);3.1579815539038782
(19.22);4.037233680519688
(19.23);3.320432995080292
(19.24);2.3242584029295554
(19.25);2.7139638643314896
(19.26);4.360955431784511
(19.27);7.051349537726385
(19.28);2.372835611311404
(19.29);2.161097915855622
(19.30);2.0688685341017132
(19.31);3.0276202323957286
(20.21);1.5338600523823824
(20.22);1.7698486966261857
(20.23);1.5874533161807083
(20.24);1.3216669148345301
(20.25);1.5439603906441226
(20.26);1.8218146520204597
(20.27);2.1438306085610077
(20.28);1.4924594240396738
(20.29);1.3441661267168932
(20.30);1.4237234033338926
(20.31);1.5016301591811845
(21.22);9.077324408560361
(21.23);15.782261372353414
(21.24);7.209299876929285
(21.25);4.149329857815734
(21.26);11.332621389750921
(21.27);6.039452933342612
(21.28);3.072544151505528
(21.29);3.5153623440507262
(21.30);2.02648794196959
(21.31);4.092690956907974
(22.23);16.893591092676324
(22.24);5.593226481902694
(22.25);6.226993759151358
(22.27);7.844370745260193
(22.28);4.169334065900757
(22.29);4.2785664920558535
(22.30);2.7466164541166176
(22.31);8.333853439258924
(23.24);7.7386587065403765
(23.25);5.577458056461609
(23.26);16.11747661328717
(23.27);6.182760636054122
(23.28);3.791280019052283
(23.29);4.310604760815386
(23.30);2.389692003591757
(23.31);5.829958669504203
(24.25);4.95491388493521
(24.26);5.355502502903219
(24.27);3.510450177936329
(24.28);3.650402975301178
(24.29);5.144387449925008
(24.30);2.125313080108712
(24.31);3.8127253463892465
(25.26);5.068102808322189
(25.27);3.5916141735363385
(25.28);11.834135267494156
(25.29);10.31917011551516
(25.30);4.3318925673125115
(25.31);9.876379955282047
(26.28);3.629634296057283
(26.29);3.761931284849376
(26.30);2.496479281043238
(26.31);6.160772058146195
(27.28);2.866728296360127
(27.29);2.7953463203808715
(27.30);2.2131198295981775
(27.31);4.21922766705313
(28.29);9.427045381325964
(28.30);6.1579983424716
(28.31);5.656751741891092
(29.30);3.467962842978848
(29.31);4.697676963532909
(30.31);3.385925985683063

****Importance nodes******

0; 0.061111111111111116
1; 0.016374631424687047
2; 0.016902845341612436
3; 0.017448098417148318
4; 0.018010940301572458
5; 0.01859193837581673
6; 0.019191678323423722
7; 0.019810764720953517
8; 0.02044982164743589
9; 0.021109493313482205
10; 0.02179044471069131
11; 0.02249336228200393
12; 0.023218954613681477
13; 0.022158955939344204
14; 0.024682758179908105
15; 0.025478976185711596
16; 0.026300878643315193
17; 0.027149294083422135
18; 0.03666666666666667
19; 0.03666666666666667
20; 0.03666666666666667
21; 0.03666666666666667
22; 0.03793103448275863
23; 0.03666666666666667
24; 0.03666666666666667
25; 0.03666666666666667
26; 0.03928571428571429
27; 0.03928571428571429
28; 0.03666666666666667
29; 0.03666666666666667
30; 0.028025077763532528
31; 0.028929112530098094
