
****Importance edges******

(0.1);4.153454718384113
(0.2);4.563598831758894
(0.3);6.26052891708754
(0.4);6.559206990926347
(0.5);3.9904009212277347
(0.6);6.91053669505223
(0.7);4.154018593117644
(0.8);3.543503533083776
(0.9);3.0818600413137096
(0.10);2.8680981878633043
(0.11);3.0792386415140554
(0.12);3.4040438856090423
(0.14);2.630506893789058
(0.15);2.4601346034013796
(0.16);2.9926055625823547
(0.17);2.202143861818064
(0.30);3.4924135842803534
(0.31);9.12702032740566
(1.2);3.106094817857624
(1.3);2.111332991129003
(1.4);1.3113712945357043
(1.5);6.869535954597729
(1.6);1.2305393692180304
(1.7);5.255781108208312
(1.8);0.9721759344101879
(1.9);1.0189709807090737
(1.10);1.267731045079157
(1.11);2.0321539421217323
(1.12);2.699538645978822
(1.13);2.1109834776582246
(1.14);2.279801294285144
(1.15);1.7219174892651699
(1.16);1.7186471789965891
(1.17);0.8902919722172684
(1.18);1.0859482702044698
(1.19);2.7961223830068365
(1.20);1.4606791692789127
(1.21);2.257387436602158
(1.22);3.5982624418192533
(1.23);2.689949355858025
(1.24);1.9901745571698946
(1.25);3.805360938625101
(1.26);3.1486034060189145
(1.27);2.934301775219649
(1.28);3.5160195230273783
(1.29);2.5228773843350467
(1.30);3.4561032027263074
(1.31);4.5567393263399065
(2.3);4.593750266870914
(2.4);1.847727814434553
(2.5);5.031659381830264
(2.6);1.597809112086331
(2.7);2.144542141374387
(2.8);0.9143150837165955
(2.9);0.9004575073679658
(2.10);1.0021987613585646
(2.11);1.339103183606091
(2.12);4.985828034456867
(2.13);3.8412336947652452
(2.14);2.48419790490571
(2.15);2.2262018162397488
(2.16);2.8189654234628305
(2.17);0.7940383547372373
(2.18);0.9369516306907412
(2.19);5.835042980151851
(2.20);1.7031522141617648
(2.21);2.7198881286118173
(2.22);4.370982254510967
(2.23);3.0873164631787686
(2.24);2.0055764768292654
(2.25);2.7615292422182103
(2.26);4.261636189035356
(2.27);5.44277089414466
(2.28);2.3151343145446517
(2.29);2.001916748363216
(2.30);1.9083984154969875
(2.31);3.411242780795373
(3.4);3.1118136299583425
(3.5);2.593777422656023
(3.6);2.428863467790013
(3.7);1.7688647749345112
(3.8);1.0192915682769355
(3.9);0.9593580504636838
(3.10);0.9975338026750081
(3.11);1.2221864946236003
(3.12);2.826773658786309
(3.13);14.72031540149402
(3.14);1.7646373872091536
(3.15);1.7423995174500713
(3.16);2.508696394449749
(3.17);0.8256986195687566
(3.18);0.9392127680659533
(3.19);4.983952495757961
(3.20);1.4940025392360776
(3.21);3.9933916762131605
(3.22);6.602011430609653
(3.23);4.426343495603435
(3.24);2.4470870523028556
(3.25);2.8025262901342867
(3.26);7.688763301888699
(3.27);15.508827770087624
(3.28);2.2023784700661273
(3.29);2.0818057762443556
(3.30);1.6242981581288536
(3.31);3.4000193934771827
(4.5);1.4615314479253005
(4.7);1.2701098723823299
(4.8);1.1306215444581307
(4.9);0.9865172662088463
(4.10);0.9264966933204671
(4.11);1.0159291341207317
(4.12);1.626786428249598
(4.13);4.618380321452495
(4.14);1.216096709001274
(4.15);1.2538628757370067
(4.16);1.7635302280117282
(4.17);0.8408614879767528
(4.18);0.9126283351933991
(4.19);2.8481865936935513
(4.20);1.218713089222953
(4.21);7.195767581486393
(4.23);5.163842610823648
(4.24);2.9676480116943877
(4.25);2.3113673137348902
(4.26);6.9907869951857515
(4.27);6.937079752201445
(4.28);1.8229496238700873
(4.29);1.9267780358252418
(4.30);1.2545476838115794
(4.31);2.3279174817453865
(5.6);1.33392441410638
(5.7);3.210116719663645
(5.8);0.9417021587754857
(5.9);0.964762167930684
(5.10);1.1493325075599123
(5.11);1.703866222596943
(5.12);4.366465749055293
(5.13);2.4744781208412188
(5.14);3.098891738112843
(5.15);2.266919693922293
(5.16);2.2574120835775866
(5.17);0.8533281914686679
(5.18);1.029331821362495
(5.19);3.794108935441431
(5.20);1.7372032924376533
(5.21);2.3087657483572426
(5.22);3.5851486216570305
(5.23);2.6672415470607667
(5.24);1.9132196165524327
(5.25);3.0864229107136287
(5.26);3.287629702013521
(5.27);3.4520738268985753
(5.28);2.788614699431409
(5.29);2.190389441210722
(5.30);2.663188731968389
(5.31);3.679012848960813
(6.7);1.2324074052895506
(6.8);1.2646047338932245
(6.9);1.0666933998751396
(6.10);0.9634317831666032
(6.11);1.018976955441312
(6.12);1.437367251215158
(6.13);3.3416442746134
(6.14);1.1179393568820446
(6.15);1.139212231574242
(6.16);1.5316646538835808
(6.17);0.8944046271882873
(6.18);0.9485439242346329
(6.19);2.3884275108198683
(6.20);1.1322407273435733
(6.22);4.718744097081509
(6.23);5.573613804920157
(6.24);3.5085040528252156
(6.25);2.3385330202205705
(6.26);6.073102012654488
(6.27);4.806878260836093
(6.28);1.8363234411188563
(6.29);2.0179091406483023
(6.30);1.2296392223512373
(6.31);2.243302232459423
(7.8);1.1739876406527314
(7.9);1.289254059492007
(7.10);1.765590987711499
(7.11);3.42904577447925
(7.12);1.9971432079124607
(7.13);1.8370062607438686
(7.14);1.8675471695500956
(7.15);1.4684354347360828
(7.16);1.4548371109456293
(7.17);1.0913919756306976
(7.18);1.3313711122799359
(7.19);2.2268505254659337
(7.20);1.3351009834705825
(7.21);2.2502311690130954
(7.22);3.3757228802755304
(7.23);2.7048481916934453
(7.24);2.2121610651007195
(7.25);5.342597270666316
(7.26);2.9023972604294968
(7.27);2.492653756342216
(7.28);6.091719623324206
(7.29);3.430202311839186
(7.30);6.848173372005497
(7.31);4.813947488175545
(8.9);4.2342569648976855
(8.10);1.8020364740273456
(8.11);1.291130959836184
(8.12);0.8950920607905581
(8.13);1.1817397496036228
(8.14);0.8139717281140734
(8.15);0.7678674885056
(8.16);0.8560016762179564
(8.17);2.2190572755541624
(8.18);1.725168480685348
(8.19);1.2339717782357833
(8.20);0.8106039739181603
(8.21);2.3673950055929818
(8.22);2.2144256362747856
(8.23);2.4192166485730455
(8.24);4.059733663588968
(8.25);2.5469930723583616
(8.26);2.0963686769492598
(8.27);1.6387405878343901
(8.28);2.298523273023161
(8.29);3.41604095146145
(8.30);1.3102281185633684
(8.31);1.7287436161963416
(9.10);2.8669150482349792
(9.11);1.594537382173799
(9.12);0.8928989895523941
(9.13);1.0902943565860463
(9.14);0.8353116065013442
(9.15);0.7710634706789294
(9.16);0.8309498926310456
(9.17);3.4314162288752157
(9.18);2.3985512254282715
(9.19);1.1886225100983923
(9.20);0.8131738457274933
(9.21);1.9574095834578769
(9.22);2.0182561442040714
(9.23);2.0831115976840016
(9.24);2.904204567401171
(9.25);2.698367317939664
(9.26);1.8757432785112447
(9.27);1.5052724330946612
(9.28);2.71779082221535
(9.29);4.093260453966623
(9.30);1.5065382495392436
(9.31);1.7310677835599797
(10.11);3.033054968687264
(10.12);1.0088101780277652
(10.13);1.103100860320558
(10.14);0.9828482027330174
(10.15);0.869303776711722
(10.16);0.8915472846841996
(10.17);2.3475771157392358
(10.18);2.8794466796492353
(10.19);1.2708531243154484
(10.20);0.9023697009654584
(10.21);1.733791525050785
(10.22);2.0052877717646846
(10.23);1.922212734202057
(10.24);2.1920275799929696
(10.25);3.1995812734873907
(10.26);1.8246081083644117
(10.27);1.5137539019479769
(10.28);4.230063621396189
(10.29);4.619609517049132
(10.30);2.3172619972185475
(10.31);1.9625715194319306
(11.12);1.3596671081075584
(11.13);1.3095490271867898
(11.14);1.3764944176998999
(11.15);1.1386847765314996
(11.16);1.1095603319994622
(11.17);1.4007384454309542
(11.18);1.844536587056203
(11.19);1.5929984288165087
(11.20);1.127722012795797
(11.21);1.8013981984747063
(11.22);2.3165145890768235
(11.23);2.0584815941978354
(11.24);1.9904202795464356
(11.25);3.907355030889342
(11.26);2.072357783571121
(11.27);1.7832461508067257
(11.28);6.70829698417971
(11.29);3.7553507178714147
(11.30);6.753506863880546
(11.31);2.6012389588530724
(12.13);2.67964679581503
(12.14);4.851278909629977
(12.15);4.41326752326542
(12.16);4.565630271380135
(12.17);0.8050260547878971
(12.18);0.953797997566637
(12.19);7.785683825132797
(12.20);2.5076007062526804
(12.21);2.226242036417438
(12.22);3.045514603136543
(12.23);2.3980731847395957
(12.24);1.7409324467438327
(12.25);2.2938799603734408
(12.26);3.0334166778238107
(12.27);3.925788630172846
(12.28);2.079583375094036
(12.29);1.7858350082785464
(12.30);1.9147744912643199
(12.31);2.5129572819061687
(13.14);1.7665415394424682
(13.15);1.7685375080255594
(13.16);2.554805751329735
(13.17);0.9193803803641806
(13.18);1.016233436577577
(13.19);4.698034128988359
(13.20);1.5406581912162025
(13.21);5.102558626421611
(13.22);7.663286005019851
(13.23);5.418248533985952
(13.24);2.838530644202818
(13.25);2.9688269321884513
(13.26);10.334966722380143
(13.28);2.3101308577164064
(13.29);2.254652733071511
(13.30);1.682632597584442
(13.31);3.5030121664426375
(14.15);5.700165312813867
(14.16);2.925241979999366
(14.17);0.7762803154991652
(14.18);0.9487605701000634
(14.19);3.7207447413090535
(14.20);3.1071286498452126
(14.21);1.7323357646873336
(14.22);2.2453545342092336
(14.23);1.8541919327560872
(14.24);1.4637619347922357
(14.25);1.9757353154502624
(14.26);2.1940852251920013
(14.27);2.5314362980863883
(14.28);1.9206159340661246
(14.29);1.605074605606678
(14.30);1.9654372206874435
(14.31);1.9936954912944724
(15.16);4.401279629161399
(15.17);0.7202981202750844
(15.18);0.8653039235451928
(15.19);4.436478956965506
(15.20);4.641739364842539
(15.21);1.6955505334390322
(15.22);2.0934574429123303
(15.23);1.7608944094325196
(15.24);1.3854771841169653
(15.25);1.7123413815925816
(15.26);2.107042109868162
(15.27);2.5989763180227925
(15.28);1.622651431742854
(15.29);1.4224110727432138
(15.30);1.537875705059152
(15.31);1.7205203077625808
(16.17);0.7572893125718311
(16.18);0.8771219479807456
(16.19);10.693536457947303
(16.20);3.0052726415242033
(16.21);2.1621298789173817
(16.22);2.605637088680704
(16.23);2.18366370651981
(16.24);1.6254638673226314
(16.25);1.8545747749956512
(16.26);2.7409509007436013
(16.27);3.95873746605098
(16.28);1.669329958223101
(16.29);1.527023558377569
(16.30);1.4535840088711212
(16.31);1.9286355760297975
(17.18);4.233594518018078
(17.19);1.0368314609708074
(17.20);0.7691038729562176
(17.21);1.4954439160818633
(17.22);1.537621800042738
(17.23);1.5508398951454834
(17.24);1.927607439830394
(17.25);1.8963877950031975
(17.26);1.457927657168731
(17.27);1.2429254458925838
(17.28);2.005793268536123
(17.29);2.432145205125391
(17.30);1.3097689996959954
(17.31);1.3332152762941016
(18.19);1.157140671243399
(18.20);0.9087522270209691
(18.21);1.4815960691313272
(18.22);1.5869157067400435
(18.23);1.5571092896881358
(18.24);1.7748885751605297
(18.25);2.000311412194522
(18.26);1.5013352735151297
(18.27);1.3196980723645924
(18.28);2.2500362666802545
(18.29);2.409041444279481
(18.30);1.6503657255570672
(18.31);1.4621616038409135
(19.20);2.976570573821468
(19.21);3.2150707911227916
(19.22);4.113928780963666
(19.23);3.323163075604602
(19.24);2.326169422549196
(19.25);2.716195302189344
(19.26);4.36454103628529
(19.27);7.0571472008840415
(19.28);2.374786571411917
(19.29);2.1628747839146807
(19.30);2.0741746205368297
(19.31);3.0354803859481394
(20.21);1.5615888085186629
(20.22);1.803470412459319
(20.23);1.588758530105572
(20.24);1.3227535975380087
(20.25);1.5452298444168828
(20.26);1.8233125592836845
(20.27);2.1455932793333203
(20.28);1.493686533399486
(20.29);1.345271308411396
(20.30);1.4273748675585478
(20.31);1.505528614972899
(21.22);9.403745283126234
(21.23);16.067569328704003
(21.24);7.339627880380577
(21.25);4.224340453194142
(21.26);11.530746689205078
(21.27);6.1450391326698
(21.28);3.1280888717443283
(21.29);3.5789122259434354
(21.30);2.0713245926705435
(21.31);4.182268244866455
(22.23);17.2145176895102
(22.24);5.699480689803839
(22.25);6.345287608260597
(22.27);7.988554127202799
(22.28);4.2485386699125804
(22.29);4.359846178304339
(22.30);2.8100284713611177
(22.31);8.524204119495346
(23.24);7.745021479543267
(23.25);5.582043876936728
(23.26);16.130728502142674
(23.27);6.187844140050127
(23.28);3.7943972329088957
(23.29);4.314148966683397
(23.30);2.3958209151757255
(23.31);5.8450941114781285
(24.25);4.958987845746023
(24.26);5.359905830150819
(24.27);3.5133364917624297
(24.28);3.653404359181991
(24.29);5.148617197071646
(24.30);2.130763931488999
(24.31);3.8226237498795923
(25.26);5.072269833765166
(25.27);3.5945672209011046
(25.28);11.843865366629933
(25.29);10.327654600942557
(25.30);4.343002696356926
(25.31);9.902020510249882
(26.28);3.6326186038016988
(26.29);3.765024367995391
(26.30);2.502712808842876
(26.31);6.176346737217337
(27.28);2.8690853380778716
(27.29);2.797644671396922
(27.30);2.2186458293877553
(27.31);4.229894043965345
(28.29);9.434796356284794
(28.30);6.173791937344289
(28.31);5.671437512855157
(29.30);3.4768572266940545
(29.31);4.709872833370842
(30.31);3.4023293122014184

****Importance nodes******

0; 0.061111111111111116
1; 0.016459116831753096
2; 0.016990056084390297
3; 0.017538122409693206
4; 0.01799773113187822
5; 0.018684440265872928
6; 0.018688735272182653
7; 0.019890026573552138
8; 0.020531640333989305
9; 0.021193951312505087
10; 0.021877627161295574
11; 0.022583357069724464
12; 0.023311852459070415
13; 0.02226146390666993
14; 0.02478195943861042
15; 0.02558137748501721
16; 0.026406583210340347
17; 0.02725840847519003
18; 0.03666666666666667
19; 0.03666666666666667
20; 0.03666666666666667
21; 0.03793103448275863
22; 0.03928571428571429
23; 0.03666666666666667
24; 0.03666666666666667
25; 0.03666666666666667
26; 0.03928571428571429
27; 0.03928571428571429
28; 0.03666666666666667
29; 0.03666666666666667
30; 0.02813771197438971
31; 0.02904538010259583
