
****Importance edges******

(0.1);4.133199541400841
(0.2);4.468612940661633
(0.3);6.14268805437072
(0.4);6.548774911872138
(0.5);3.920496468144983
(0.6);6.838111525242729
(0.7);4.121062197773864
(0.8);3.545066049999079
(0.9);3.0308902680032617
(0.10);2.8220056455770113
(0.11);3.030343184526536
(0.12);3.3618363130237343
(0.14);2.6161238208307367
(0.15);2.412256887772485
(0.16);2.943716459256934
(0.17);2.170392149662119
(0.30);3.4565505913082015
(0.31);9.000539287923418
(1.2);3.1947809970145418
(1.3);2.179660849023766
(1.4);1.4047975650611118
(1.6);1.291607963965216
(1.8);1.0409452579151088
(1.9);1.0519710537570104
(1.10);1.3089652796088913
(1.11);2.097301770892659
(1.12);2.8036521765490874
(1.13);2.1854523860742723
(1.14);2.39649646015584
(1.15);1.7585129317223276
(1.16);1.7647906727370233
(1.17);0.916897858522398
(1.18);1.0903123807848076
(1.19);2.9418680403395903
(1.20);1.4665492144661745
(1.21);2.264977929798212
(1.22);3.6079506777686148
(1.23);2.7632290969225415
(1.24);2.0939108245108575
(1.25);3.9090267803749446
(1.26);3.157080945720841
(1.27);2.9422023128832064
(1.28);3.611803110797953
(1.29);2.654380363240584
(1.30);3.5850694560336223
(1.31);4.690049079148637
(2.3);4.5741845237005485
(2.4);1.9114977204964683
(2.5);5.022557506305916
(2.6);1.6200665327073513
(2.7);2.184706060588167
(2.8);0.9476826368609303
(2.9);0.8998001462092377
(2.10);1.0021896205923333
(2.11);1.3392503026739029
(2.13);3.8528445713347903
(2.14);2.535562036943601
(2.15);2.207699354078045
(2.16);2.812703049959418
(2.17);0.7951003096154097
(2.18);0.9188994759849952
(2.19);6.000539884112603
(2.20);1.6703377483447668
(2.21);2.6671748353810534
(2.22);4.28576155906052
(2.23);3.098821792144248
(2.25);2.7718204782344875
(2.26);4.178547405178689
(2.27);5.336653620321878
(2.28);2.323761995641095
(2.29);2.058696282801652
(2.30);1.9260268133934426
(2.31);3.417464365348736
(3.4);3.2302674030740683
(3.5);2.599552477412195
(3.6);2.47191944312096
(3.7);1.8083690880536316
(3.8);1.0598418181240485
(3.9);0.9622636262533856
(3.10);1.0011990975774876
(3.11);1.2267414909242023
(3.12);2.8566495509204635
(3.13);14.817894864097418
(3.14);1.806704835500983
(3.15);1.7339687151893202
(3.16);2.5114808829787263
(3.17);0.8294654306376513
(3.18);0.9238156006131703
(3.19);5.13723001074468
(3.20);1.4695103176078834
(3.21);3.9272138062559105
(3.22);6.491401834684083
(3.23);4.454527627203946
(3.24);2.522345278109062
(3.25);2.8203709896822304
(3.26);7.559946348006097
(3.27);15.248994052597343
(3.28);2.2164018111593187
(3.29);2.145830065468486
(3.30);1.6442850903863908
(3.31);3.416744042063017
(4.5);1.518715548588588
(4.7);1.3435409422104554
(4.8);1.2148136823036253
(4.9);1.0235670657557088
(4.10);0.9613352128236078
(4.11);1.0535839015666564
(4.12);1.6971324337418774
(4.13);4.804038093507208
(4.14);1.2832826190522013
(4.15);1.28683409658107
(4.17);0.8698267299596762
(4.18);0.9204076864741632
(4.19);3.005621844245305
(4.20);1.2291015429515142
(4.21);7.251780300160573
(4.22);5.088510147792449
(4.23);5.324406118084567
(4.24);3.1316865649636934
(4.25);2.3832365147216974
(4.26);7.039914858964553
(4.27);6.985830187499149
(4.28);1.8796320611998083
(4.29);2.0332818665431533
(4.30);1.3066658303816692
(4.31);2.406287803193829
(5.6);1.3597910196162408
(5.7);3.28654631947369
(5.8);0.9800524125911875
(5.9);0.9695967436086905
(5.10);1.1557747290880458
(5.11);1.7134475274344663
(5.12);4.419935735253715
(5.13);2.4954095110602266
(5.14);3.1767023211525256
(5.15);2.260461495279931
(5.16);2.263985720708203
(5.17);0.858656810916313
(5.18);1.0143415092260992
(5.19);3.9140343634852206
(5.20);1.7119041429723774
(5.21);2.274645485491352
(5.22);3.531375132223841
(5.23);2.687850064475366
(5.24);1.9736932838511105
(5.25);3.1102702448159167
(5.26);3.238318686014481
(5.27);3.400296320568161
(5.28);2.810161009948044
(5.29);2.259623982387445
(5.30);2.6998511085221195
(5.31);3.703036668755856
(6.7);1.2796849146340286
(6.8);1.3342053020065467
(6.9);1.0870569247348767
(6.10);0.9821676510200011
(6.11);1.0385702607958
(6.12);1.4741840873437428
(6.13);3.4157308469063508
(6.14);1.1604481881067958
(6.15);1.1504171992975556
(6.16);1.5551970891592197
(6.17);0.9109200675821616
(6.18);0.9443534345080294
(6.19);2.488144545495743
(6.20);1.1272386994830255
(6.21);9.997857016370471
(6.22);4.693678535493169
(6.23);5.67321503222618
(6.24);3.6549843704028357
(6.25);2.3803229193886857
(6.26);6.040842218650271
(6.27);4.781344538172651
(6.28);1.8691387876548506
(6.29);2.1021570044998277
(6.30);1.2613109794051576
(6.31);2.284339448277969
(7.8);1.242306427846687
(7.9);1.3192252322569917
(7.10);1.8071270419342171
(7.11);3.5087543382784667
(7.12);2.0558302376832844
(7.13);1.8850149881692773
(7.14);1.9447475432880879
(7.15);1.4887523177316235
(7.16);1.4826961307309245
(7.17);1.1155151857404704
(7.18);1.3301741315735613
(7.19);2.325473736186377
(7.20);1.3339006493912746
(7.21);2.247061082083944
(7.22);3.3692052215693558
(7.23);2.761421395422839
(7.24);2.31013370600141
(7.25);5.454340267839208
(7.26);2.8967934726056357
(7.27);2.487841078574313
(7.28);6.219130875597442
(7.29);3.5821198121588282
(7.31);4.918903419634467
(8.10);1.872624712853489
(8.11);1.3410192967573145
(8.13);1.230901113593617
(8.14);0.8593334620657003
(8.15);0.789644172707239
(8.16);0.8845454587761851
(8.17);2.298958206645831
(8.18);1.7441032131685694
(8.19);1.3026496692408427
(8.20);0.8195008263518885
(8.21);2.3915770991923027
(8.22);2.2353188404232904
(8.23);2.4979510794954547
(8.24);4.285682061255044
(8.25);2.629886041135564
(8.26);2.1161480084474786
(8.27);1.6542021780035063
(8.28);2.373329686896899
(8.29);3.606164009598733
(8.30);1.366181854072497
(8.31);1.7896105288101782
(9.10);2.8844883055548665
(9.11);1.6043250840950387
(9.12);0.9039519708401789
(9.13);1.0999041760721278
(9.14);0.8558067561041811
(9.15);0.7695889167671179
(9.16);0.833881978093071
(9.17);3.454330005416942
(9.18);2.3666553321084804
(9.19);1.2253164244900407
(9.20);0.8023602737850649
(9.21);1.9309232499845426
(9.22);1.9904637568258765
(9.23);2.099828471537878
(9.24);2.9938601417039252
(9.25);2.7200215903826637
(9.26);1.8499133639247645
(9.27);1.4845440856594632
(9.28);2.7396009673783404
(9.29);4.219623321407304
(9.30);1.5273422154496095
(9.31);1.7430700200278189
(10.11);3.0532638321716763
(10.12);1.0217234450393635
(10.13);1.113360749609499
(10.14);1.0071896639937183
(10.15);0.8681693999398596
(10.16);0.895156812640517
(10.17);2.3643501538455327
(10.18);2.8429565979066744
(10.19);1.3102248357989514
(10.20);0.8909343288910391
(10.21);1.7113970216552454
(10.22);1.9788849254849301
(10.23);1.9383618717281623
(10.24);2.2599377702361205
(10.25);3.2264620016670165
(10.26);1.8005842011306161
(10.27);1.4938228914759295
(10.28);4.265601768631729
(10.29);4.7627274978698315
(10.30);2.350099009497285
(10.31);1.9770568406456765
(11.12);1.3769431938422294
(11.13);1.3216747141285183
(11.14);1.4102137293611634
(11.15);1.13733181624474
(11.16);1.1140942960341622
(11.17);1.4107369238015348
(11.18);1.821586316484009
(11.19);1.6418889644619492
(11.20);1.1136905614787
(11.21);1.7785417819822908
(11.22);2.286537916051471
(11.23);2.0757329464045364
(11.24);2.051508044522368
(11.25);3.940101088966565
(11.26);2.045540602292581
(11.27);1.7601701956461087
(11.28);6.764516672666325
(11.29);3.870605764462783
(11.30);6.848502678908934
(11.31);2.6204126210948187
(12.13);2.7206557233237363
(12.14);4.996785030778702
(12.15);4.4335750987993245
(12.16);4.609928546215424
(12.17);0.8151820409565569
(12.18);0.9465624915127352
(12.19);8.058364138900108
(12.20);2.4885780619012046
(12.21);2.2085897497240605
(12.22);3.0202931542147535
(12.23);2.429209786786443
(12.24);1.8019056401701279
(12.25);2.3236637167341296
(12.26);3.0082954179488968
(12.27);3.8932771861916966
(12.28);2.106584702820643
(12.29);1.8483808374351436
(12.30);1.9518294919690384
(12.31);2.5447675348656453
(13.14);1.814403772465956
(13.15);1.7706471100699066
(13.16);2.571314429200752
(13.17);0.9281076184252103
(13.18);1.0054911880720232
(13.19);4.852120942803698
(13.20);1.5243724319049379
(13.21);5.047159448011756
(13.22);7.577832510031524
(13.23);5.474414154287284
(13.24);2.9316291894397803
(13.25);2.9996018228505816
(13.26);10.219721248514633
(13.28);2.334077698062883
(13.29);2.3286011647688016
(13.30);1.7102678742562667
(13.31);3.536798526975315
(14.15);5.790949554051782
(14.16);2.9857903877290606
(14.17);0.7944060595091728
(14.18);0.9506463770377584
(14.19);3.882885689785273
(14.20);3.1133045438998854
(14.21);1.7348640924196321
(14.22);2.2474129299490975
(14.23);1.8951056706508962
(14.24);1.527549097027691
(14.25);2.0193309731693074
(14.26);2.196096620547
(14.27);2.533756955074997
(14.28);1.9629953531191318
(14.29);1.6750198281420454
(14.31);2.039619754478156
(15.16);4.387904916222994
(15.17);0.7202654364260599
(15.18);0.8500772270463822
(15.19);4.540553642256031
(15.20);4.560058981093131
(15.21);1.6654908458349198
(15.22);2.0560600970205436
(15.23);1.7648090509545742
(15.24);1.4179788827191386
(15.25);1.7161480849567403
(15.26);2.0694020886400835
(15.27);2.55254842589691
(15.28);1.6262587455241324
(15.30);1.5480467426950222
(15.31);1.7212253634997723
(16.17);0.7608879623479654
(16.18);0.8654689352932504
(16.20);2.965346060845558
(16.21);2.13294072213211
(16.22);2.5698850725433657
(16.23);2.197366657772155
(16.24);1.669730331901554
(16.25);1.866212623653262
(16.26);2.703342240174277
(16.27);3.904419523470036
(16.28);1.679805356505956
(16.29);1.568609185481936
(16.30);1.4699121164211255
(16.31);1.9383671044401807
(17.18);4.188402518087222
(17.19);1.0672148684998026
(17.20);0.7608939836941417
(17.21);1.4790880558825357
(17.22);1.5203891834341685
(17.23);1.5642165883977317
(17.24);1.984094231179735
(17.25);1.9127449946731772
(17.26);1.4415881981689167
(17.27);1.228995585063668
(17.28);2.0230941397379922
(17.29);2.5034170190302523
(17.30);1.3279339928239522
(17.31);1.343524733696563
(18.19);1.1694530057415868
(18.20);0.8867519202405728
(18.21);1.445727581466244
(18.22);1.5484974984046873
(18.23);1.5456094458018017
(18.24);1.7937739383471045
(18.25);1.985538352193771
(18.26);1.4649889124109154
(18.27);1.2877490310459307
(18.28);2.2334188937207786
(18.29);2.4346743900561556
(18.30);1.6420967167185962
(18.31);1.4475294857796657
(19.20);3.0082422050009097
(19.21);3.2473810850859146
(19.22);4.152758494993976
(19.23);3.4144313760127525
(19.24);2.4319868114409355
(19.25);2.7907936662080353
(19.26);4.405736178285977
(19.27);7.123756766160945
(19.29);2.261263903776304
(19.30);2.1455798397662056
(19.31);3.123158261821811
(20.21);1.5237837480954641
(20.22);1.7598095540165948
(20.23);1.5770249445504085
(20.24);1.3368281047749457
(20.25);1.53381773474868
(20.26);1.7791713352315701
(20.27);2.093649846384572
(20.28);1.4826550906722682
(20.29);1.3595854110538848
(20.30);1.4202231343318603
(20.31);1.490462515315376
(21.22);9.17608665961817
(21.23);15.944322520831156
(21.24);7.4133884753416
(21.26);11.251594730038876
(21.27);5.996271688611413
(21.28);3.104094765336688
(21.29);3.6148789942048776
(21.30);2.06018537531806
(21.31);4.139294232351029
(22.24);5.753275788622861
(22.25);6.294744110829519
(22.27);7.7951563711319265
(22.28);4.214696862163944
(22.29);4.400997007434649
(22.30);2.793853417370757
(22.31);8.434260685063776
(23.24);7.957732962844138
(23.25);5.6347305370580845
(23.26);16.002238907195384
(23.27);6.138554761269349
(23.28);3.830211017569684
(23.29);4.432633986809933
(23.30);2.429428971844398
(23.31);5.896344128987269
(24.25);5.095182905130394
(24.26);5.410495818868464
(24.27);3.5464974574793504
(24.28);3.753742500579281
(24.30);2.204117285708828
(24.31);3.933037749655448
(25.26);5.031866581282348
(25.27);3.5659346339622666
(25.28);11.955654833508357
(25.29);10.611296258359252
(25.30);4.403925397134272
(25.31);9.988841819684339
(26.28);3.6036829179187904
(26.29);3.8005609140345196
(26.30);2.488306721780779
(26.31);6.111176801115614
(27.28);2.846231589537632
(27.29);2.8240505107618215
(27.30);2.205874885448368
(27.31);4.185262170741455
(28.29);9.693916299707512
(28.30);6.260396552896549
(28.31);5.721164902404803
(29.30);3.5965509834506926
(29.31);4.845914445623289
(30.31);3.4495157157500826

****Importance nodes******

0; 0.061111111111111116
1; 0.01799596096861258
2; 0.017261831543884935
3; 0.017972279374266525
4; 0.01983148068884582
5; 0.019231615323225402
6; 0.019811485176658473
7; 0.021241088282642963
8; 0.02259408998096212
9; 0.02184095364826338
10; 0.02256979526055248
11; 0.023297853172183206
12; 0.024333633792586736
13; 0.02308510723812496
14; 0.026431668084685802
15; 0.02600319987798485
16; 0.02711267984581671
17; 0.02814508355964714
18; 0.03666666666666667
19; 0.03928571428571429
20; 0.03666666666666667
21; 0.03793103448275863
22; 0.03928571428571429
23; 0.03793103448275863
24; 0.03928571428571429
25; 0.03793103448275863
26; 0.03928571428571429
27; 0.03928571428571429
28; 0.03793103448275863
29; 0.03928571428571429
30; 0.029412755777288958
31; 0.03000178805438701
