
****Importance edges******

(0.1);4.178128312664087
(0.2);4.559500805885749
(0.3);6.25511154286952
(0.4);6.554381286491018
(0.5);3.990063371088184
(0.6);6.905869125154881
(0.7);4.1511092361766195
(0.8);3.541150155375532
(0.9);3.079926699916711
(0.10);2.866406156222169
(0.11);3.0775388914980315
(0.12);3.402295912237711
(0.14);2.6293761948448062
(0.15);2.4591762172522245
(0.16);2.9648266602142
(0.17);2.2008383119855477
(0.30);3.490467143249507
(0.31);9.122261544311598
(1.2);3.16735275053495
(1.3);2.1524300709412296
(1.4);1.336931725585812
(1.6);1.2542033648463533
(1.7);5.353103118681453
(1.8);0.9899315353247756
(1.9);1.0373239678978832
(1.10);1.2902457241255822
(1.11);2.067735894197739
(1.12);2.746133692296594
(1.13);2.1493377611648117
(1.14);2.318104305040725
(1.15);1.7504262922687812
(1.16);1.7153365853096554
(1.17);0.904087446154243
(1.18);1.096467397656354
(1.19);2.889607139860665
(1.20);1.4748281584799032
(1.21);2.27862999718127
(1.22);3.6311076413204377
(1.23);2.716005772070242
(1.24);2.009452547100691
(1.25);3.932588288990886
(1.26);3.1773440853587216
(1.27);2.961086293792741
(1.28);3.5500777360204094
(1.29);2.54731544412062
(1.30);3.508806441184438
(1.31);4.625114280335775
(2.3);4.611154585603736
(2.4);1.8551568011069948
(2.5);5.058757201724745
(2.6);1.6043015336212396
(2.7);2.1528076091393107
(2.8);0.9178399002491151
(2.9);0.9039297597700056
(2.10);1.0060642905351294
(2.11);1.3442694371249324
(2.12);5.005068033285308
(2.13);3.8581219190287794
(2.14);2.493829331534747
(2.15);2.2348355052073274
(2.16);2.7791129132939045
(2.17);0.796666998854094
(2.18);0.9366664424451473
(2.19);5.9704613300769
(2.20);1.7026338106753667
(2.21);2.718941495487893
(2.22);4.36926600960657
(2.23);3.086376749391112
(2.24);2.0049660217981877
(2.25);2.825618184582989
(2.26);4.259962878331273
(2.27);5.4406338166483525
(2.28);2.3144296366596335
(2.29);2.001307407276024
(2.30);1.9147050369949454
(2.31);3.422496145355275
(3.4);3.1243138782360145
(3.5);2.6076834517687146
(3.6);2.438722643717521
(3.7);1.7756806152716316
(3.8);1.023220109217265
(3.9);0.9630565141302077
(3.10);1.0013803907861767
(3.11);1.2269005271452196
(3.12);2.837679337706694
(3.13);14.78491096928571
(3.14);1.7714770024961621
(3.15);1.7491549345920194
(3.16);2.473791109080577
(3.17);0.8284369052118593
(3.18);0.9389657610846331
(3.19);5.098640347722589
(3.20);1.493609626075345
(3.21);3.9921650343636723
(3.22);6.599685435852805
(3.23);4.425179395431132
(3.24);2.4464434839801408
(3.25);2.867016415303712
(3.26);7.68605442697765
(3.27);15.50336376075392
(3.28);2.2017992585433377
(3.29);2.081258274572776
(3.30);1.6296753565625486
(3.31);3.4112553257784533
(4.5);1.4696616541033276
(4.7);1.2752749095550224
(4.8);1.1352163913977893
(4.9);0.9905239080127206
(4.10);0.930257164610388
(4.11);1.0200499676838657
(4.12);1.6333808431899213
(4.13);4.639545867443428
(4.14);1.2210397363784844
(4.15);1.2589564889481066
(4.16);1.739638355541872
(4.17);0.8438048523768708
(4.18);0.9125548746297231
(4.19);2.9136898684257226
(4.20);1.2186149908547113
(4.21);7.19484342601135
(4.23);5.163426955540662
(4.24);2.9674091355962826
(4.25);2.3645246906054127
(4.26);6.989546527293131
(4.27);6.935848814296014
(4.28);1.8228028884447685
(4.29);1.926622942897341
(4.30);1.2589274529895726
(4.31);2.3360230057221596
(5.6);1.3413611350468373
(5.7);3.2272203404490996
(5.8);0.9466977368359097
(5.9);0.9698577281860622
(5.10);1.1553763387416023
(5.11);1.7127868105418396
(5.12);4.38922598307583
(5.13);2.4887375681760795
(5.14);3.1149568873744693
(5.15);2.278620736804329
(5.16);2.229870823765093
(5.17);0.857226193395287
(5.18);1.030206809545694
(5.19);3.8838110118974445
(5.20);1.7386800099753328
(5.21);2.310571012600582
(5.22);3.5877020064904683
(5.23);2.6695088478349005
(5.24);1.9148459575647332
(5.25);3.1593935471985857
(5.26);3.2899711903881927
(5.27);3.4545324343047685
(5.28);2.7909851740041938
(5.29);2.1922513916895543
(5.30);2.675276372999751
(5.31);3.695604306895565
(6.7);1.2374667976867717
(6.8);1.2697922682609764
(6.9);1.0710656817447455
(6.10);0.967377739586891
(6.11);1.0231471760291668
(6.12);1.443245209624918
(6.13);3.3570513497778856
(6.14);1.1225218230409815
(6.15);1.143878576454011
(6.16);1.5113781386220315
(6.17);0.8975720824270662
(6.18);0.9485422510873306
(6.19);2.4428570871248025
(6.20);1.1322387301714127
(6.22);4.718266961916194
(6.23);5.5736039735600444
(6.24);3.5084978641354345
(6.25);2.391825557209483
(6.26);6.072487931773395
(6.27);4.80639221399684
(6.28);1.8363202020072735
(6.29);2.0179055812356608
(6.30);1.2339816665233705
(6.31);2.251202263507593
(7.8);1.178578086569281
(7.9);1.2942952122502247
(7.10);1.7724946804414585
(7.11);3.4424537939745554
(7.12);2.0049523002453484
(7.13);1.8451112135890568
(7.14);1.874878055271864
(7.15);1.4741999603655875
(7.16);1.4359791537293711
(7.17);1.095093014719277
(7.18);1.3313021506058653
(7.19);2.2764085437877335
(7.20);1.335031828598568
(7.21);2.250008861545069
(7.22);3.375226928704316
(7.23);2.70470808736214
(7.24);2.2120464807230387
(7.25);5.461495477078386
(7.26);2.9019708485074727
(7.27);2.492287542766399
(7.28);6.0914040875736415
(7.29);3.430024635989347
(7.30);6.871348854087917
(7.31);4.830205577972823
(8.9);4.250813465938301
(8.10);1.8090826733971046
(8.11);1.2961794515213392
(8.12);0.8985919883478084
(8.13);1.1869447445938124
(8.14);0.8171667236610184
(8.15);0.7708816821492614
(8.16);0.8451033945884393
(8.17);2.226597823481356
(8.18);1.725155791866896
(8.19);1.2611795963723518
(8.20);0.810598011829949
(8.21);2.3672652813698667
(8.22);2.2141966638350903
(8.23);2.4191988549481374
(8.24);4.059703803767162
(8.25);2.603151669767211
(8.26);2.0961519116433505
(8.27);1.6385711414441946
(8.28);2.298506367112321
(8.29);3.4160158260757605
(8.30);1.3146712568583487
(8.31);1.734594003522404
(9.10);2.87812506273645
(9.11);1.6007722328326317
(9.12);0.8963903419129718
(9.13);1.09508836320964
(9.14);0.8385901839438623
(9.15);0.7740900430648514
(9.16);0.8205629688985194
(9.17);3.4431004945929
(9.18);2.3986411399858434
(9.19);1.2145836303343072
(9.20);0.8132043291984289
(9.21);1.9573892625185616
(9.22);2.018136162286912
(9.23);2.083189687347334
(9.24);2.9043134373998636
(9.25);2.7573033029025407
(9.26);1.8756317687431208
(9.27);1.5051829471922455
(9.28);2.7178927041167085
(9.29);4.093413898136939
(9.30);1.5116575963897951
(9.31);1.7369380388623736
(10.11);3.0449146121056043
(10.12);1.0127547583639998
(10.13);1.1079428585411382
(10.14);0.9867056439058467
(10.15);0.8727157725834903
(10.16);0.8806100485814712
(10.17);2.355587313427376
(10.18);2.8796848429370927
(10.19);1.2983441562700229
(10.20);0.9024443372962381
(10.21);1.7338512264897952
(10.22);2.005257538308958
(10.23);1.9223717232564383
(10.24);2.1922088858317665
(10.25);3.268794457409081
(10.26);1.8245805989918222
(10.27);1.5137310792827117
(10.28);4.230413496206179
(10.29);4.619991611775516
(10.30);2.3251524724937855
(10.31);1.969240506648192
(11.12);1.3649835851369152
(11.13);1.315287339916502
(11.14);1.3818965249553155
(11.15);1.1431538385165063
(11.16);1.0962071616097853
(11.17);1.4055278003854674
(11.18);1.8447732412133446
(11.19);1.6271218332837025
(11.20);1.1278666995991389
(11.21);1.8015416494467011
(11.22);2.316583383334189
(11.23);2.058745697512503
(11.24);1.9906756505902632
(11.25);3.991053955950441
(11.26);2.0724193270275655
(11.27);1.7832991084247014
(11.28);6.709157659093826
(11.29);3.7558325295986243
(11.30);6.776550590412554
(11.31);2.6100963999686884
(12.13);2.6913685318284726
(12.14);4.8703168884476185
(12.15);4.4305875677210755
(12.16);4.511751174976571
(12.17);0.8077842648650669
(12.18);0.9539641815601686
(12.19);7.9508040155146436
(12.20);2.5080376154311548
(12.21);2.2265207565943443
(12.22);3.045742580822702
(12.23);2.3984910105052584
(12.24);1.7412357762823791
(12.25);2.34252898135568
(12.26);3.033643749897165
(12.27);3.9260825024160892
(12.28);2.079945709121824
(12.29);1.786146161367797
(12.30);1.921321419940709
(12.31);2.5215317753594246
(13.14);1.7742690256225369
(13.15);1.7762608207338246
(13.16);2.524900722688996
(13.17);0.9229137457098603
(13.18);1.0167076739643592
(13.19);4.8008061480092
(13.20);1.5413771576349693
(13.21);5.104653876001529
(13.22);7.665992255695597
(13.23);5.420777023930494
(13.24);2.839855278195911
(13.25);3.033771615340456
(13.26);10.338616463582277
(13.28);2.3112089076817552
(13.29);2.2557048935119655
(13.30);1.6890749066488708
(13.31);3.516373589661095
(14.15);5.722610683400129
(14.16);2.892080054901322
(14.17);0.7789608276166796
(14.18);0.9490212121048069
(14.19);3.798156494009701
(14.20);3.1079822353185276
(14.21);1.7327252036289285
(14.22);2.2457441344665043
(14.23);1.854701313434167
(14.24);1.4641640571581676
(14.25);2.0168413692850007
(14.26);2.194465929510711
(14.27);2.5318755375107074
(14.28);1.921143562640892
(14.29);1.6055155491662572
(14.30);1.9722095269683015
(14.31);2.0005506001279527
(15.16);4.352418373563871
(15.17);0.722790606149717
(15.18);0.8655823435039721
(15.19);4.527820832359984
(15.20);4.6432328896578765
(15.21);1.696010941155063
(15.22);2.093917800787821
(15.23);1.7614609943462691
(15.24);1.3859229748848048
(15.25);1.7475964734407392
(15.26);2.10750545505464
(15.27);2.5995478410887465
(15.28);1.6231735356331127
(15.29);1.4228687473491695
(15.30);1.543186021938682
(15.31);1.7264487039300909
(16.17);0.7488821878761663
(16.18);0.8665727909168973
(16.20);2.969128188420379
(16.21);2.1365434268500705
(16.22);2.5753198129437607
(16.23);2.157400754751548
(16.24);1.6059143922724721
(16.26);2.7090592130637408
(16.27);3.9126765100376457
(16.28);1.6492529051277778
(16.29);1.508658026202019
(16.30);1.43777763221826
(16.31);1.9081018362021687
(17.18);4.233687977071692
(17.19);1.057316601722076
(17.20);0.7691208513701376
(17.21);1.4954124505091582
(17.22);1.537521210281941
(17.23);1.550874130835342
(17.24);1.9276499928822508
(17.25);1.9338555729034312
(17.26);1.4578322809232267
(17.27);1.2428441348879615
(17.28);2.00583754758548
(17.29);2.4321988961409464
(17.30);1.3137145509507908
(17.31);1.3372314571683745
(18.19);1.1745006335839239
(18.20);0.9067520936507084
(18.21);1.4783351255528656
(18.22);1.5834229581486627
(18.23);1.5536821440274777
(18.24);1.7709821045493812
(18.25);2.030321014006984
(18.26);1.4980308846055685
(18.27);1.3167934608822545
(18.28);2.245084011832927
(18.29);2.403739224334623
(18.30);1.6504691210902611
(18.31);1.4623127832302039
(19.20);3.0212264694697732
(19.21);3.262367316044762
(19.22);4.173207381075894
(19.23);3.3730187131062443
(19.24);2.3610676977344784
(19.25);2.803672807073998
(19.26);4.427430769321155
(19.27);7.1588353508564255
(19.28);2.4104142236680564
(19.29);2.195323237010434
(19.30);2.114683745982931
(19.31);3.0940714740435453
(20.21);1.5581518035863253
(20.22);1.799501034176679
(20.23);1.5852617255213701
(20.24);1.3198422609465803
(20.25);1.5684121009680312
(20.26);1.8192995090970636
(20.27);2.140870900020898
(20.28);1.4903989791120484
(20.29);1.3423104110886699
(20.30);1.4274642926982086
(20.31);1.505684278270289
(21.22);9.38304795310937
(21.23);16.03220514401455
(21.24);7.323473603986702
(21.25);4.286484224359321
(21.26);11.505367899969308
(21.27);6.131514106303589
(21.28);3.1212040523716955
(21.29);3.5710351593905316
(21.30);2.0713646332168576
(21.31);4.182518734136205
(22.23);17.176629109697192
(22.24);5.686936322723493
(22.25);6.436718400273251
(22.27);7.970971585763168
(22.28);4.2391877778697715
(22.29);4.350250302144546
(22.30);2.8099574349554457
(22.31);8.524332588551998
(23.24);7.727974945346149
(23.25);5.6657882944435904
(23.26);16.09522530621707
(23.27);6.17422490128902
(23.28);3.7860458910360455
(23.29);4.30465366856366
(23.30);2.3959710135309726
(23.31);5.845698461746797
(24.25);5.033384886994921
(24.26);5.348108856021266
(24.27);3.505603755215346
(24.28);3.645363337926053
(24.29);5.137285262182948
(24.30);2.130897424004867
(24.31);3.8230189879452583
(25.26);5.145357403129128
(25.27);3.6463622140109293
(25.28);12.021552541439894
(25.29);10.482594876912339
(25.30);4.427822575694735
(25.31);10.093150111588866
(26.28);3.624623331300731
(26.29);3.756737674819454
(26.30);2.502649541255312
(26.31);6.176439821501541
(27.28);2.862770576852331
(27.29);2.791487148698203
(27.30);2.2185897429008086
(27.31);4.229957793083731
(28.29);9.41403068389059
(28.30);6.174178725859893
(28.31);5.67202390799598
(29.30);3.477075052053141
(29.31);4.710359808064141
(30.31);3.4125784971264705

****Importance nodes******

0; 0.061111111111111116
1; 0.017092045247217667
2; 0.017092045247217667
3; 0.01764340154551501
4; 0.018113901212785034
5; 0.018853690180734923
6; 0.018810741557050228
7; 0.020011844593775818
8; 0.020657387967768587
9; 0.021323755321567574
10; 0.022011618396456847
11; 0.022721670602794165
12; 0.02345462771901333
13; 0.0224190090210897
14; 0.02493442245256504
15; 0.025738758660712298
16; 0.02578545545438884
17; 0.02740083008378007
18; 0.03666666666666667
19; 0.03793103448275863
20; 0.03666666666666667
21; 0.03793103448275863
22; 0.03928571428571429
23; 0.03666666666666667
24; 0.03666666666666667
25; 0.03793103448275863
26; 0.03928571428571429
27; 0.03928571428571429
28; 0.03666666666666667
29; 0.03666666666666667
30; 0.028284727828418142
31; 0.029197138403528406
