
****Mix criterion 0.5*C(weight)+0.5*C(distance) ******

(0.1);0.5112289335190157
(0.2);0.5325447714667579
(0.3);0.6092873765111089
(0.4);0.6196737176745706
(0.5);0.4980039983049263
(0.6);0.6329574417507884
(0.7);0.5057603742535874
(0.8);0.46693314320225776
(0.9);0.4318107051637468
(0.10);0.41240805287966403
(0.11);0.4289431812206097
(0.12);0.45248465944382654
(0.14);0.38372242210045643
(0.15);0.36327303439933734
(0.16);0.413479571526207
(0.17);0.326825435224566
(0.30);0.45136578785526865
(0.31);0.7076119175488162
(1.2);0.533307237624564
(1.3);0.47320647187191467
(1.4);0.39105735532684316
(1.6);0.37575558897888955
(1.7);0.617758550323052
(1.8);0.3145980781588382
(1.9);0.3221646069725896
(1.10);0.3673597110436816
(1.11);0.4521955686461282
(1.12);0.4972523913222707
(1.13);0.4595051903408458
(1.14);0.4662000289066273
(1.15);0.41363234597774845
(1.16);0.4096558918088933
(1.17);0.2498277739496822
(1.18);0.2426027874046108
(1.19);0.47180516602130956
(1.20);0.3278536449858459
(1.21);0.4238756921091723
(1.22);0.514149924671932
(1.23);0.4623139457871205
(1.24);0.4006593192323378
(1.25);0.5319916448165924
(1.26);0.4878459215328256
(1.27);0.4738986498675025
(1.28);0.5164860281874613
(1.29);0.4496643219870978
(1.30);0.5313400300718794
(1.31);0.5789926834049766
(2.3);0.5967781196280753
(2.4);0.44841819783608794
(2.5);0.6101890862713941
(2.6);0.4218372961556877
(2.7);0.46712083275972405
(2.8);0.2960620750275618
(2.9);0.2879426788864284
(2.10);0.31136960332887875
(2.11);0.3733769944503205
(2.12);0.6027611018457093
(2.13);0.5568365772743386
(2.14);0.47952860581306206
(2.15);0.4584655717963022
(2.16);0.4956081826385653
(2.17);0.20969068086339288
(2.18);0.18887431300559757
(2.19);0.621345231911742
(2.20);0.3637974770288293
(2.21);0.46060144183745394
(2.22);0.5524214305801882
(2.23);0.48807525175522803
(2.24);0.40079538945896187
(2.25);0.46825006027664917
(2.26);0.5472512869420978
(2.27);0.5989422748411879
(2.28);0.43264823834238014
(2.29);0.4003984089901534
(2.31);0.5252905227513726
(3.4);0.5285051202756033
(3.5);0.4987817531804752
(3.6);0.4884231331807191
(3.7);0.43363020779072203
(3.8);0.31998752814214476
(3.9);0.30116327018906686
(3.10);0.30713553250073317
(3.11);0.35147444078139073
(3.12);0.5027341488574624
(3.13);0.9234597491474341
(3.15);0.4124369428177985
(3.16);0.47465710640574593
(3.17);0.21894374807108324
(3.18);0.18632253086074413
(3.19);0.5858337996386422
(3.20);0.32941520421527737
(3.21);0.5354189725546457
(3.22);0.6434059000337892
(3.23);0.5579317453881549
(3.24);0.44105980323001803
(3.25);0.4700420842774977
(3.26);0.6825867100783103
(3.27);0.9347900215724405
(3.28);0.4207885613126247
(3.29);0.407314746196829
(3.30);0.3905380337401049
(3.31);0.523861476271069
(4.5);0.40160969872730085
(4.7);0.3693462467933797
(4.8);0.34124916534476596
(4.9);0.30519615190560834
(4.10);0.28478032299883915
(4.11);0.30483461332020106
(4.12);0.40473814149859577
(4.13);0.5866515560518725
(4.14);0.3377504353334364
(4.15);0.3410564727176063
(4.16);0.4090761509141936
(4.17);0.2215222265387249
(4.18);0.17234703184620004
(4.19);0.4714351213820397
(4.20);0.2702440297741071
(4.21);0.6637974874041129
(4.23);0.5879359114169116
(4.24);0.4775738972057202
(4.25);0.42906041432518915
(4.26);0.6553103977106216
(4.27);0.6533696738243542
(4.28);0.3770161981429234
(4.29);0.3883755982620342
(4.30);0.3302018820670384
(4.31);0.45453893664558265
(5.6);0.38141481269916705
(5.7);0.526876534776231
(5.8);0.2931156712747479
(5.9);0.29553284765861854
(5.10);0.3349976054995495
(5.11);0.41366355106850133
(5.12);0.5741869306014362
(5.13);0.4796038559056768
(5.14);0.5125561594356552
(5.15);0.4566590172438596
(5.16);0.452729788495969
(5.17);0.22180823636972233
(5.18);0.21199526034785093
(5.19);0.5269440824478588
(5.20);0.362244554161589
(5.21);0.42232862164431667
(5.22);0.5089579392440887
(5.23);0.4550917160307171
(5.24);0.3847176489012631
(5.25);0.48604051538578463
(5.26);0.4916237620352412
(5.27);0.5013890760791025
(5.28);0.46582557658652035
(5.29);0.4144572918644946
(5.30);0.4803023533017872
(5.31);0.5350689074836572
(6.7);0.359938011129606
(6.8);0.3624443513603623
(6.9);0.32072231182541994
(6.10);0.29111976051723887
(6.11);0.30177819261034916
(6.12);0.3776193625511348
(6.13);0.5291989443166616
(6.14);0.3139715063378274
(6.15);0.31457063159931303
(6.16);0.378384753412338
(6.17);0.23689168419043186
(6.18);0.18250227046597256
(6.19);0.4341484801362117
(6.20);0.24385665685549116
(6.22);0.5648966111678965
(6.23);0.6037705130407476
(6.24);0.5089830098686591
(6.25);0.42973598797108936
(6.26);0.6205840306468884
(6.27);0.5687982218029003
(6.28);0.37647179712378165
(6.29);0.39659164248383094
(6.30);0.3220926752023142
(6.31);0.4460269104784874
(7.8);0.34058985118997837
(7.9);0.35842509136237755
(7.10);0.41867943823553544
(7.11);0.5310858676739123
(7.12);0.4368909002960168
(7.13);0.4248299789650488
(7.14);0.4204616776570367
(7.15);0.3687687145338791
(7.16);0.3628354424848618
(7.17);0.288746484246771
(7.18);0.28762482750222695
(7.19);0.4162463729914906
(7.20);0.2884356193600732
(7.21);0.4137131912474097
(7.22);0.49485278673514843
(7.23);0.45530077296703453
(7.24);0.41337410376569683
(7.25);0.5968357976524701
(7.26);0.46412922626465003
(7.27);0.43234747774902504
(7.29);0.502628141103082
(7.31);0.5843084764127944
(8.9);0.5688114688403687
(8.10);0.420345564158901
(8.11);0.34981122212798443
(8.12);0.2503750542977381
(8.13);0.3307522833677601
(8.14);0.21044169465343646
(8.15);0.18428230044733424
(8.16);0.2158580755178943
(8.17);0.44382161015295446
(8.18);0.3542090222682181
(8.19);0.26262191307141813
(8.20);0.10630033488567271
(8.21);0.4229667319909808
(8.22);0.4047937878891996
(8.23);0.4307032506177431
(8.24);0.5350449256855123
(8.25);0.4430794999703632
(8.26);0.3923549884555786
(8.27);0.3318863959304269
(8.28);0.42131714074640336
(8.29);0.5005740387239636
(8.30);0.3297335642887699
(8.31);0.38922310202211624
(9.10);0.499547868831719
(9.11);0.3921702747354564
(9.12);0.24545490428042108
(9.13);0.3075353436324025
(9.14);0.21461436754006588
(9.15);0.18093988186869367
(9.16);0.20133845029634734
(9.17);0.5211780516935501
(9.18);0.42726829828915613
(9.19);0.2475093918017
(9.20);0.10287892545551026
(9.21);0.37842478503314364
(9.22);0.38160994744132265
(9.23);0.39646521379957184
(9.24);0.4668545067676304
(9.25);0.4535762708819335
(9.26);0.36398936692182415
(9.27);0.30625439567400436
(9.28);0.45506136650242457
(9.29);0.535757527267036
(9.30);0.36035213055625315
(9.31);0.3873530708679148
(10.11);0.5064809514879917
(10.12);0.2772997171453652
(10.13);0.307026566531824
(10.14);0.26158577029994695
(10.15);0.21801054704792455
(10.16);0.2207071887332255
(10.17);0.45100593994565685
(10.18);0.4637218565457385
(10.19);0.26540016621432316
(10.20);0.14259871972427873
(10.21);0.3465349159702092
(10.22);0.3780738315027831
(10.23);0.375923291871248
(10.24);0.40596428846337146
(10.25);0.4870966262130209
(10.26);0.35494220299013973
(10.27);0.30516539035345097
(10.28);0.5441580088627578
(10.29);0.5597673081261916
(10.30);0.4473161971304077
(10.31);0.41147175572924566
(11.12);0.34978702888198077
(11.13);0.3455888454542673
(11.14);0.34678071739022637
(11.15);0.2951795475954216
(11.16);0.28337181204987594
(11.17);0.34068465742777154
(11.18);0.3638138327091214
(11.19);0.3274665181170833
(11.20);0.2221498346168374
(11.21);0.35385045862193476
(11.22);0.4095883747120409
(11.23);0.38979901143150536
(11.24);0.38199285913494385
(11.25);0.5266957424205954
(11.26);0.38385844939061947
(11.27);0.34680109281368954
(11.28);0.64756851165682
(11.29);0.5162105352616635
(11.30);0.6584465542867186
(11.31);0.46458075165724433
(12.13);0.4829409648231744
(12.14);0.5872566563880238
(12.15);0.5671928877986675
(12.16);0.5706663380339814
(12.17);0.1697883393987968
(12.18);0.1558993194649524
(12.19);0.6862938492912787
(12.20);0.4316752306181809
(12.21);0.4022253511406896
(12.22);0.46724929666741766
(12.23);0.42201944287273235
(12.24);0.3470155079644872
(12.25);0.41366576117297127
(12.26);0.46641166436732406
(12.27);0.5201786033649151
(12.28);0.39134822212354736
(12.29);0.3534485514029058
(12.30);0.40555567682017607
(12.31);0.4564280597261782
(13.14);0.40215148735007256
(13.15);0.39959479411480603
(13.16);0.4665970279416795
(13.17);0.2236113946435224
(13.18);0.18669891229415908
(13.19);0.5658432409731959
(13.20);0.3187419402728859
(13.21);0.5791216278532918
(13.22);0.6760890663459017
(13.23);0.5937942970640125
(13.24);0.4600517303773959
(13.25);0.471093032731701
(13.26);0.7663201184560441
(13.28);0.4179868355141707
(13.29);0.4112159052097921
(13.30);0.3813407840314582
(13.31);0.5204312495292351
(14.15);0.618362656057569
(14.16);0.48642300634474456
(14.17);0.1452730445825501
(14.18);0.14471926316040332
(14.19);0.5134863587660503
(14.20);0.47400653333329906
(14.21);0.33660302674800063
(14.22);0.3969619154669398
(14.23);0.3582831619282086
(14.24);0.2945711372423475
(14.25);0.37508048319565485
(14.26);0.3915179038340211
(14.27);0.42440705160468073
(14.28);0.3681546207880092
(14.29);0.3205680179210735
(14.30);0.4069741640081977
(14.31);0.40670506886796337
(15.16);0.5608262891562112
(15.17);0.10793572277379657
(15.18);0.09977945523629686
(15.19);0.5490822604352281
(15.20);0.556123778985141
(15.21);0.32792537169768127
(15.22);0.3778107741042239
(15.23);0.34230428653392764
(15.24);0.2746979189769884
(15.25);0.33596951787194596
(15.26);0.3793886162210015
(15.27);0.42820395657703414
(15.28);0.3214155488169831
(15.29);0.2826753878677745
(15.30);0.34893262428107247
(15.31);0.3716848436912889
(16.17);0.1227503983360436
(16.18);0.09998196947701016
(16.20);0.46249603715789006
(16.21);0.3863385435542606
(16.22);0.4260168016794826
(16.23);0.3921098864212114
(16.24);0.3173547006413327
(16.26);0.4372795996885743
(16.27);0.515997649382227
(16.28);0.325621725461812
(16.29);0.29972255493853145
(16.30);0.33121405642491825
(16.31);0.3939026032832165
(17.18);0.5341985447900301
(17.19);0.16619415415997066
(17.20);0.030853527332563527
(17.21);0.2858005221037718
(17.22);0.2888883949765906
(17.23);0.30145144066362284
(17.24);0.36009327164422944
(17.25);0.3570430012119258
(17.26);0.272572564765606
(17.27);0.2196053822273681
(17.28);0.37117189989253546
(17.29);0.41549984289781866
(17.30);0.3006462428974863
(17.31);0.3012544394719985
(18.19);0.1415170948558535
(18.20);0.026394937209734442
(18.21);0.23106494962980295
(18.22);0.24953917028649292
(18.23);0.25341846239953925
(18.24);0.2955486464546845
(18.25);0.33194765380002783
(18.26);0.23014917551500277
(18.27);0.181730856878841
(18.28);0.36453695036846134
(18.29);0.38135733590802146
(18.30);0.3163930563767853
(18.31);0.2768712134659639
(19.20);0.43529379507318566
(19.21);0.4512004794853871
(19.22);0.5070851258033332
(19.23);0.4614550451122309
(19.24);0.373395706295829
(19.25);0.41432784770989123
(19.26);0.5210538163027709
(19.27);0.6417026529325813
(19.28);0.3800202689550633
(19.29);0.3538236734528851
(19.30);0.37750961284676876
(19.31);0.46225509618529165
(20.21);0.24936892298400082
(20.22);0.29143797068031885
(20.23);0.26015072255699695
(20.24);0.19491143055285792
(20.25);0.25160388645299514
(20.26);0.29485399110172816
(20.27);0.34298328653525734
(20.28);0.23993407673481582
(20.29);0.2013152193321272
(20.30);0.2735407252245338
(20.31);0.2857934240307903
(21.22);0.7222552512146492
(21.23);0.9379183487592089
(21.24);0.6502052530636689
(21.25);0.5153593801071579
(21.26);0.7934195278203913
(21.27);0.6006251955710531
(21.28);0.44463366498540424
(21.29);0.4748009200772553
(21.30);0.3723689835254117
(21.31);0.5273375037192511
(22.23);0.9726607868294044
(22.24);0.58297184031803
(22.25);0.6132011782095712
(22.27);0.6710869454812687
(22.28);0.5146843767907129
(22.29);0.518691036137641
(22.30);0.4408489863228902
(22.31);0.7013327800039311
(23.24);0.6662877421297353
(23.25);0.5835262345876769
(23.26);0.9393451074061849
(23.27);0.6036731010691465
(23.28);0.4923588738048314
(23.29);0.5199819020519925
(23.30);0.4106204790777955
(23.31);0.6041047103334072
(24.25);0.5548902462004942
(24.26);0.567877654240188
(24.27);0.46809666473263684
(24.28);0.48357172484431094
(24.29);0.561289421446094
(24.30);0.3829093490763161
(24.31);0.5098970537848675
(25.26);0.5569967478006985
(25.27);0.475221016886632
(25.28);0.8175049990928087
(25.29);0.7611436093551334
(25.30);0.5421867772050778
(25.31);0.7552875347645297
(26.28);0.4777160078436572
(26.29);0.48436124280766935
(26.30);0.41437267870410993
(26.31);0.6147974817994438
(27.28);0.4206936706781082
(27.29);0.4130428738475787
(27.30);0.3856059425039225
(27.31);0.527888059032356
(28.29);0.7305996553592855
(28.30);0.6233441245648659
(28.31);0.6001699187911906
(29.30);0.4922171212711532
(29.31);0.5549453358913835
(30.31);0.5063316144862792
