
****Mix criterion 0.5*C(weight)+0.5*C(distance) ******

(0.1);0.5186853267731658
(0.2);0.5384045694114745
(0.3);0.6176297908472144
(0.4);0.6332871369813391
(0.5);0.5042275629598009
(0.6);0.6453627314231072
(0.7);0.5134362446598378
(0.8);0.4744980934206832
(0.9);0.4367492068917416
(0.10);0.4170404118695757
(0.11);0.43392897632976335
(0.12);0.45835972652151025
(0.14);0.3886204534645157
(0.15);0.3669544265802472
(0.16);0.41901262475934997
(0.17);0.3304762621436612
(0.30);0.45685809647001335
(0.31);0.7228037039041697
(1.2);0.5391628965380517
(1.3);0.47740327502303476
(1.4);0.3958893395493889
(1.6);0.3794675814119798
(1.8);0.31820054926347247
(1.9);0.3247264064562799
(1.10);0.3705611355352202
(1.11);0.45731153600927454
(1.12);0.5046157648524066
(1.13);0.46496591380313745
(1.14);0.4729833365148304
(1.15);0.41742113231265127
(1.16);0.4146510475137908
(1.17);0.25205318553685163
(1.18);0.24472783888058763
(1.19);0.47954675112910694
(1.20);0.3307119933158454
(1.21);0.42826617293115965
(1.22);0.5211045166754779
(1.23);0.469529709252392
(1.24);0.4075452215912173
(1.25);0.5395689844833855
(1.26);0.4939314287530175
(1.27);0.47956996261689033
(1.28);0.5234872232464194
(1.29);0.4583933489306744
(1.30);0.5393323267758001
(1.31);0.5902921570621931
(2.3);0.6005839783792819
(2.4);0.45306503693604183
(2.5);0.6169950893849918
(2.6);0.42484016837014443
(2.7);0.4713935162059777
(2.8);0.2984525433151531
(2.9);0.2892560070799862
(2.10);0.31286101593377663
(2.11);0.37538422057882864
(2.13);0.5628248595930099
(2.14);0.4845084508952703
(2.15);0.4612648880374348
(2.16);0.5011695711757849
(2.17);0.21095232638031067
(2.18);0.19000913002683215
(2.19);0.6331026708339499
(2.20);0.3658603008279183
(2.21);0.46391029025149366
(2.22);0.5577628253513648
(2.23);0.4940326231156171
(2.25);0.47168873016500645
(2.26);0.5524590594589681
(2.27);0.6055934086829446
(2.28);0.4355310550561125
(2.29);0.4058023693511112
(2.30);0.4269811402143495
(2.31);0.5307640844511595
(3.4);0.5366060346067327
(3.5);0.5025607043566228
(3.6);0.4932217929030518
(3.7);0.4373163790179846
(3.8);0.32273508750411783
(3.9);0.30265464056650754
(3.10);0.30871373169199057
(3.11);0.35341905362291076
(3.12);0.5078568164521404
(3.13);0.9477633852360554
(3.14);0.421363750447882
(3.15);0.4147826698552006
(3.16);0.4798026410915228
(3.17);0.22032294468149888
(3.18);0.18752688799539954
(3.19);0.5961902945039546
(3.20);0.331330970991987
(3.21);0.5405544311585535
(3.22);0.6519208755815844
(3.23);0.5667556098403445
(3.24);0.447802680000357
(3.25);0.4737301693117536
(3.26);0.6925033290052065
(3.27);0.9547926057280802
(3.28);0.4236868602880213
(3.29);0.4130511010991957
(3.30);0.392980326415571
(3.31);0.5295826832710251
(4.5);0.4060784280576057
(4.7);0.3739516878198872
(4.8);0.34600306761679706
(4.9);0.30820655933860874
(4.10);0.28760902599298965
(4.11);0.3079194068601407
(4.12);0.4099919783503183
(4.13);0.6010019321760864
(4.14);0.3419473956288203
(4.15);0.3444353141635382
(4.17);0.22401585252201411
(4.18);0.1744988903184643
(4.19);0.4803979173333144
(4.20);0.27311759613751396
(4.21);0.6806154962823874
(4.22);0.5919435066624239
(4.23);0.6037531406367245
(4.24);0.4889063038223858
(4.25);0.4345875112868456
(4.26);0.6715016462081844
(4.27);0.6694365318465846
(4.28);0.381375357878147
(4.29);0.3957332876092844
(4.30);0.33368425039929056
(4.31);0.4613564744939065
(5.6);0.38467068242762237
(5.7);0.5350024841660189
(5.8);0.2960517063135436
(5.9);0.2974648555992601
(5.10);0.3373213200747913
(5.11);0.41711050344861955
(5.12);0.5839267390052408
(5.13);0.4847623245538698
(5.14);0.5202490740028078
(5.15);0.4606380829105886
(5.16);0.45822588146466037
(5.17);0.22356296480398644
(5.18);0.2136532334422527
(5.19);0.5360116715789943
(5.20);0.3650427153168085
(5.21);0.42603881448142467
(5.22);0.5147056214209181
(5.23);0.4612455289625038
(5.24);0.39055944343550664
(5.25);0.49111370259556797
(5.26);0.4968944642114719
(5.27);0.5069234137877563
(5.28);0.47040925317117155
(5.29);0.42114539236002857
(5.30);0.4853262666993473
(5.31);0.5426254007126609
(6.7);0.3636578643359633
(6.8);0.36699284551953637
(6.9);0.32336100828278214
(6.10);0.2935138828895458
(6.11);0.3043035200644941
(6.12);0.38146856571015847
(6.13);0.537698484537686
(6.14);0.31722994147631256
(6.15);0.31705382596688
(6.16);0.38275203176271283
(6.17);0.23909664781786955
(6.18);0.18435212838114806
(6.19);0.44066729340741406
(6.20);0.24606476173903738
(6.21);0.7790561409491774
(6.22);0.5739912204625273
(6.23);0.6185216887773831
(6.24);0.520886496462968
(6.25);0.4343737405976702
(6.26);0.6322889438346345
(6.27);0.5780626953174096
(6.28);0.3801135733093912
(6.29);0.40343790916689154
(6.30);0.32490574036357855
(6.31);0.451517590741325
(7.8);0.3448735166359407
(7.9);0.3617226938326855
(7.10);0.42321230741659827
(7.11);0.539862380542742
(7.12);0.44238743516532364
(7.13);0.4296492667479284
(7.14);0.4260271835632967
(7.15);0.3720924418537509
(7.16);0.3670779093196098
(7.17);0.2915172394377331
(7.18);0.2903173643701537
(7.19);0.4224480507284673
(7.20);0.2911356994408583
(7.21);0.41823554886200975
(7.22);0.5015933555011591
(7.23);0.4626146498405343
(7.24);0.4209712915893899
(7.25);0.6078130147114771
(7.26);0.46992466890436374
(7.27);0.43732475362455786
(7.28);0.6394087197035458
(7.29);0.514408427650672
(7.31);0.5964337959492179
(8.10);0.4259482353334689
(8.11);0.35380398166542304
(8.13);0.33448597298122984
(8.14);0.2132753644392719
(8.15);0.18640614803442238
(8.16);0.2187691762742691
(8.17);0.45052285908633444
(8.18);0.35840145877843466
(8.19);0.2665511041393448
(8.20);0.10827023274413061
(8.21);0.4286693881105156
(8.22);0.4100795772407329
(8.23);0.4382127985685791
(8.24);0.5505783889806568
(8.25);0.4493503978357199
(8.26);0.39735897822519994
(8.27);0.33579803667699637
(8.28);0.42697628636509455
(8.29);0.5136445874671359
(8.30);0.33345329768809256
(8.31);0.3943796561094742
(9.10);0.5055015025487738
(9.11);0.39548202940341703
(9.12);0.24748350434314334
(9.13);0.3098635885689604
(9.14);0.2167099432488399
(9.15);0.18234329623134024
(9.16);0.20338472494763113
(9.17);0.528395438860204
(9.18);0.4312724508574364
(9.19);0.2503796718204592
(9.20);0.10423644165458443
(9.21);0.3816830560488028
(9.22);0.3849595280260666
(9.23);0.4013306400414428
(9.24);0.4757108521833333
(9.25);0.458166079156282
(9.26);0.36710242731592146
(9.27);0.30875260747488187
(9.28);0.45968421333310633
(9.29);0.5482398877948291
(9.30);0.36327665988308966
(9.31);0.39098724866744006
(10.11);0.5128301339648348
(10.12);0.27960495222653636
(10.13);0.3093993728799243
(10.14);0.26406060920939955
(10.15);0.21960933423915402
(10.16);0.22291127740895458
(10.17);0.455977617351314
(10.18);0.46857836653146423
(10.19);0.26847982235106366
(10.20);0.1441206674979701
(10.21);0.3494502553430828
(10.22);0.3814351366749984
(10.23);0.38043103521565463
(10.24);0.4126512482164346
(10.25);0.49259285624586446
(10.26);0.3580006491434886
(10.27);0.30770277620485975
(10.28);0.5514243980335556
(10.29);0.5738598055004602
(10.30);0.4518525875823848
(10.31);0.41561944490821284
(11.12);0.35288999863312676
(11.13);0.3484045394277471
(11.14);0.3502380580354986
(11.15);0.29727800978031715
(11.16);0.2861088179924292
(11.17);0.3436506433684753
(11.18);0.36693378639547036
(11.19);0.33132056747677396
(11.20);0.22405732752084878
(11.21);0.3568881295853611
(11.22);0.4134823864705757
(11.23);0.39462014359885855
(11.24);0.3880421047564641
(11.25);0.5334252613962914
(11.26);0.38734203875162276
(11.27);0.34979869166860145
(11.28);0.6591220079459367
(11.29);0.5276237222758821
(11.30);0.6716803136787819
(11.31);0.470077484030814
(12.13);0.4892096650335844
(12.14);0.6002850338533245
(12.15);0.5761247258806117
(12.16);0.5826994280988285
(12.17);0.1716306139373556
(12.18);0.15765509506910594
(12.19);0.7062243867791906
(12.20);0.4362912857537854
(12.21);0.40630523277830205
(12.22);0.4728049851189259
(12.23);0.4279751728876644
(12.24);0.35253805811801403
(12.25);0.41795821654231924
(12.26);0.47194528354230414
(12.27);0.5273401052448441
(12.28);0.3952396719721157
(12.29);0.3591135405399561
(12.30);0.40963390351570894
(12.31);0.46215349425075547
(13.14);0.4066892092210691
(13.15);0.4029451718449605
(13.16);0.4730391035242423
(13.17);0.22560556290951025
(13.18);0.18845951993119806
(13.19);0.577420939921603
(13.20);0.32141110513195303
(13.21);0.5879307998341219
(13.22);0.6892714886302029
(13.23);0.606725828131222
(13.24);0.46881588897120696
(13.25);0.47632845447806793
(13.26);0.7840983790533087
(13.28);0.4220606699294784
(13.29);0.41817730059474767
(13.30);0.38472156447017164
(13.31);0.5280078705377643
(14.15);0.6311725321040863
(14.16);0.49472435242852253
(14.17);0.1472115810037009
(14.18);0.14664365352705527
(14.19);0.5236446889259342
(14.20);0.48030878558760576
(14.21);0.3400963485778131
(14.22);0.401462574169606
(14.23);0.3632072771101586
(14.24);0.2994422776571587
(14.25);0.37914660745346357
(14.26);0.3959157967336514
(14.27);0.42948114152306416
(14.28);0.37210730765773825
(14.29);0.3259094218709361
(14.31);0.41165034529367145
(15.16);0.5705671364661775
(15.17);0.10929549295310448
(15.18);0.10109214501728739
(15.19);0.5588863497083324
(15.20);0.563165424890647
(15.21);0.33049510134033927
(15.22);0.3809804287222407
(15.23);0.34606611483226285
(15.24);0.27857703496681724
(15.25);0.33861740790156264
(15.26);0.3825788390633672
(15.27);0.4321390054200032
(15.28);0.3239247462199326
(15.30);0.3516123021952677
(15.31);0.37493871632382125
(16.17);0.12461076655630032
(16.18);0.10174135030123369
(16.20);0.4685241830379854
(16.21);0.39065158993137694
(16.22);0.4311849625398031
(16.23);0.3978246295483432
(16.24);0.3226730344829756
(16.25);0.3571639086450227
(16.26);0.4427161492475368
(16.27);0.5238496223669562
(16.28);0.32901848109217774
(16.29);0.30471880322849326
(16.30);0.33456356429102685
(16.31);0.3986116745082868
(17.18);0.5415635150034256
(17.19);0.16869740348423273
(17.20);0.03219149843282405
(17.21);0.28839349329540465
(17.22);0.29154542211699314
(17.23);0.3050845811056686
(17.24);0.36585452280494335
(17.25);0.36039621108229286
(17.26);0.2750918795631285
(17.27);0.22175317087288665
(17.28);0.3747185615003001
(17.29);0.42276906125448066
(17.30);0.30325599333358
(17.31);0.3040979545178851
(18.19);0.14386847289692634
(18.20);0.027707120403065787
(18.21);0.23320428464699797
(18.22);0.251830580483576
(18.23);0.25648536846703845
(18.24);0.3000441537041885
(18.25);0.3348857811341718
(18.26);0.23231701274817262
(18.27);0.1836364209911902
(18.28);0.3678418822993829
(18.29);0.38745905036417233
(18.30);0.3190686062501632
(18.31);0.2794249169649044
(19.20);0.4413423619060035
(19.21);0.4577016445825575
(19.22);0.515361441141912
(19.23);0.4699548144457669
(19.24);0.38065558481042777
(19.25);0.41991493770665267
(19.26);0.5298343081021459
(19.27);0.655900073144509
(19.29);0.360573916157177
(19.30);0.38225264534317627
(19.31);0.4695489177646275
(20.21);0.2516237626735274
(20.22);0.29404207276065947
(20.23);0.26327996544832144
(20.24);0.19826175263519025
(20.25);0.2538735740705023
(20.26);0.29748674404069486
(20.27);0.34608139332075066
(20.28);0.24212805573512008
(20.29);0.2047225751538673
(20.30);0.27585476543211873
(20.31);0.28842286914938176
(21.22);0.7358336900321668
(21.23);0.9694221187912246
(21.24);0.6686598901850865
(21.26);0.8100692278841104
(21.27);0.6094982600131462
(21.28);0.44922699135844163
(21.29);0.48379967689376113
(21.30);0.3757199601137768
(21.31);0.5346180547971654
(22.24);0.5971937024664001
(22.25);0.6225159112707762
(22.27);0.6826219339556259
(22.28);0.5209211316950806
(22.29);0.5295701205157788
(22.30);0.4453852179135254
(22.31);0.7161216636914126
(23.24);0.6899760053289334
(23.25);0.5946596806654223
(23.26);0.9708240371942656
(23.27);0.6157486072186891
(23.28);0.49992683957534056
(23.29);0.533176790726384
(23.30);0.415929729244541
(23.31);0.6177423072260179
(24.25);0.5675740212237772
(24.26);0.581252178340431
(24.27);0.47686346121570433
(24.28);0.4929161637504673
(24.30);0.3889892637605165
(24.31);0.521218581589602
(25.26);0.5644427206915755
(25.27);0.4804977570756287
(25.28);0.8351965416536009
(25.29);0.7875590093422294
(25.30);0.549349943723734
(25.31);0.7728567794219967
(26.28);0.48304860656834386
(26.29);0.4937560737512457
(26.30);0.41841281033318956
(26.31);0.6255130010701944
(27.28);0.42490542051577057
(27.29);0.42002381106312325
(27.30);0.38918750454226897
(27.31);0.5352266222752876
(28.29);0.7547313608798509
(28.30);0.6335269180813956
(28.31);0.6102328017270263
(29.30);0.5021379740672081
(29.31);0.5688946439396714
(30.31);0.5131108483880686
