
****Mix criterion 0.5*C(weight)+0.5*C(distance) ******

(0.1);0.4651320845554973
(0.2);0.4818593854363989
(0.3);0.5397026112637299
(0.4);0.5483062351576664
(0.5);0.45444148951370855
(0.6);0.5586074642030425
(0.7);0.4604298421448817
(0.8);0.4283757278971202
(0.9);0.3982891400509685
(0.10);0.38122352879571986
(0.11);0.3954759638887975
(0.12);0.41550184113323535
(0.13);0.5674959929469741
(0.14);0.35499817955607094
(0.15);0.336602256796126
(0.16);0.38181954808314683
(0.17);0.3029907442324721
(0.30);0.41284032266254417
(0.31);0.6082918269176294
(1.2);0.49825304623114375
(1.3);0.44934391161122395
(1.4);0.376944862361254
(1.5);0.6014887182066428
(1.6);0.36284976279244946
(1.7);0.5607910726133679
(1.8);0.3041265659336904
(1.9);0.31119621668765857
(1.10);0.35372249589589966
(1.11);0.4303494775874745
(1.12);0.4682504900033823
(1.13);0.43861142379818346
(1.14);0.4414351502620576
(1.15);0.39520439411610975
(1.16);0.39217685797572877
(1.17);0.24032712297207381
(1.18);0.23127663497201023
(1.19);0.44070949560040423
(1.20);0.3126191486656277
(1.21);0.3993548752735129
(1.22);0.4750239748559713
(1.23);0.43677712061679225
(1.24);0.3817657517329333
(1.25);0.49139230711897575
(1.26);0.45225302654990407
(1.27);0.44072829416822845
(1.28);0.47897366963090937
(1.29);0.42571358159503986
(1.30);0.4930111250319958
(1.31);0.529809873157896
(2.3);0.5447900578735239
(2.4);0.42849113042434334
(2.5);0.5555064249061004
(2.6);0.4050370154053273
(2.7);0.44383170206868533
(2.8);0.2861943062459026
(2.9);0.2782310416140463
(2.10);0.30056795413077547
(2.11);0.358953908303646
(2.12);0.549096178872409
(2.13);0.5186937526315472
(2.14);0.45249874934897794
(2.15);0.43459702843440595
(2.16);0.4668659838568855
(2.17);0.20120188699849753
(2.18);0.1790850249085054
(2.19);0.5563869579832098
(2.20);0.3460029109578588
(2.21);0.4310195156352319
(2.22);0.5048353635657524
(2.23);0.45868100102791676
(2.24);0.38170035384605344
(2.25);0.43874339322774397
(2.26);0.49903715925335024
(2.27);0.5373653501036755
(2.28);0.4079112569813236
(2.29);0.38133821754609126
(2.30);0.40307673952832695
(2.31);0.4884131521962459
(3.4);0.49487214096456367
(3.5);0.47053670392356595
(3.6);0.4628186947860084
(3.7);0.4143832626964629
(3.8);0.3089645297029529
(3.9);0.2907956776508323
(3.10);0.2963629110994942
(3.11);0.33828493011355354
(3.12);0.4722495375559238
(3.13);0.7768069271882931
(3.14);0.3984505324710451
(3.15);0.39372037770925605
(3.16);0.4490122700853183
(3.17);0.21010012591286384
(3.18);0.17649193576023436
(3.19);0.5302908976025325
(3.20);0.31377771019716794
(3.21);0.4919296467161038
(3.22);0.571440408714157
(3.23);0.5156638321511793
(3.24);0.4176921492481703
(3.25);0.440051316949536
(3.26);0.5955257936605328
(3.27);0.7591814477075598
(3.28);0.39722017571125334
(3.29);0.38743522577236744
(3.30);0.37247803658022305
(3.31);0.4870454530753064
(4.5);0.38642876949654703
(4.6);0.642064093908601
(4.7);0.3561440732639405
(4.8);0.329562132726945
(4.9);0.2949981185209364
(4.10);0.27520220272558893
(4.11);0.29433134587887666
(4.12);0.3879185262663537
(4.13);0.542706254741351
(4.14);0.3250200771339911
(4.15);0.32811612701133186
(4.16);0.3917686281213161
(4.17);0.21285718389924924
(4.18);0.16309921110309922
(4.19);0.4406605246650204
(4.20);0.2578945992865953
(4.21);0.5878050465898029
(4.22);0.5267864477137388
(4.23);0.5403086837968812
(4.24);0.450202643276942
(4.25);0.4051015000075186
(4.26);0.578426776647448
(4.27);0.5770767169197075
(4.28);0.35812006961147064
(4.29);0.3706045113018748
(4.30);0.3167571515133127
(4.31);0.4302426475231302
(5.6);0.36789343901358423
(5.7);0.4932399772622093
(5.8);0.283302904144407
(5.9);0.2854805679722228
(5.10);0.3230231320359576
(5.11);0.3959129629445232
(5.12);0.5287013307055703
(5.13);0.45582663757251046
(5.14);0.47988949417028204
(5.15);0.43309541729103057
(5.16);0.43039348794979454
(5.17);0.21295355361166174
(5.18);0.20150142315761158
(5.19);0.48574659861736014
(5.20);0.34453410536475876
(5.21);0.3978192643045201
(5.22);0.4708398713066215
(5.23);0.43029667638240854
(5.24);0.36693209951950007
(5.25);0.45386629670619727
(5.26);0.4553071121575159
(5.27);0.4632559017600018
(5.28);0.43675584060148226
(5.29);0.39409513415144254
(5.30);0.45159026443426703
(5.31);0.4964244707605513
(6.7);0.34742693077798553
(6.8);0.3496730616468943
(6.9);0.30994490659894997
(6.10);0.28138131250567083
(6.11);0.2914736967552625
(6.12);0.3630773982892983
(6.13);0.49811687895790635
(6.14);0.3025108522426628
(6.15);0.3030532198992366
(6.16);0.36365728078624615
(6.17);0.22785599235994167
(6.18);0.1730479052487544
(6.19);0.4087579186115178
(6.20);0.23257134146142308
(6.21);0.6551587437588557
(6.22);0.5157513751147348
(6.23);0.5532254113160574
(6.24);0.4771656467612634
(6.25);0.40589030896723727
(6.26);0.5548177620310148
(6.27);0.5167440250765436
(6.28);0.3577470757084564
(6.29);0.37829194925872567
(6.30);0.30916667417651117
(6.31);0.4230552768311936
(7.8);0.32834951080247127
(7.9);0.3449840847889944
(7.10);0.40027397557783523
(7.11);0.49534267685009026
(7.12);0.41607511896083715
(7.13);0.40712493632859886
(7.14);0.40077099532779165
(7.15);0.3534960986675502
(7.16);0.34841274390581145
(7.17);0.2774146215208072
(7.18);0.2740396045873525
(7.19);0.3920777794206547
(7.20);0.27481233708586505
(7.21);0.38982488268616194
(7.22);0.45896200733612025
(7.23);0.43007962916682585
(7.24);0.392746982249795
(7.25);0.5411196124531281
(7.26);0.4320930639643702
(7.27);0.4048339938489044
(7.28);0.5633637762611273
(7.29);0.47064348997316396
(7.30);0.5907121117162051
(7.31);0.5337285416825214
(8.9);0.524895171367756
(8.10);0.4016554443796931
(8.11);0.3364200435154611
(8.12);0.24109145872644244
(8.13);0.31941067049195
(8.14);0.20190114436992962
(8.15);0.17633309392247756
(8.16);0.2074069126929415
(8.17);0.4208841299017612
(8.18);0.33666887218863384
(8.19);0.24928359768281239
(8.20);0.0980587541259874
(8.21);0.39793038425570904
(8.22);0.38133788333757324
(8.23);0.4082104315455521
(8.24);0.4972992964008216
(8.25);0.4166177058395691
(8.26);0.36930799854764773
(8.27);0.3138704628529981
(8.28);0.39743680502202716
(8.29);0.46881318294871127
(8.30);0.31567951856584375
(8.31);0.3711392943219606
(9.10);0.4698131845339181
(9.11);0.3756322661575009
(9.12);0.23619405451073172
(9.13);0.2970585010459014
(9.14);0.20585136315289632
(9.15);0.17295737826726013
(9.16);0.19312885220294296
(9.17);0.48570727140350445
(9.18);0.40287611107637533
(9.19);0.23466722194193634
(9.20);0.09460931316987717
(9.21);0.3577287005782411
(9.22);0.36023680975626876
(9.23);0.377071740964229
(9.24);0.4398167751123545
(9.25);0.42554233388863655
(9.26);0.3433806600814908
(9.27);0.2897160353110102
(9.28);0.4268256344119838
(9.29);0.49764985434627546
(9.30);0.34419955681329417
(9.31);0.36924698187264315
(10.11);0.47502311948584863
(10.12);0.26683667528490573
(10.13);0.29641363609676563
(10.14);0.25127671782281186
(10.15);0.20901076299691398
(10.16);0.21189269251372825
(10.17);0.4267377473229005
(10.18);0.4344323825222711
(10.19);0.25167597647132156
(10.20);0.13341989585412764
(10.21);0.3282071843717985
(10.22);0.35684291939611995
(10.23);0.3580039296980007
(10.24);0.38552964280697044
(10.25);0.4538561221690815
(10.26);0.3349078649261543
(10.27);0.2885442555035746
(10.28);0.5002118062523506
(10.29);0.516702118429929
(10.30);0.42248241408977716
(10.31);0.3909465694600147
(11.12);0.33568501625535185
(11.13);0.3329742075513257
(11.14);0.3323451322865257
(11.15);0.28339058491313507
(11.16);0.2723941265118357
(11.17);0.3262037789507855
(11.18);0.3450469828696076
(11.19);0.31027153070460767
(11.20);0.2106760640105143
(11.21);0.33481224934244225
(11.22);0.3850680621536525
(11.23);0.37058358575435246
(11.24);0.3634127692979849
(11.25);0.48610297236439437
(11.26);0.3611181830046384
(11.27);0.3272332880540108
(11.28);0.5778772870829592
(11.29);0.48115524848411967
(11.30);0.5861025733444294
(11.31);0.4373792626359602
(12.13);0.4570967859687733
(12.14);0.536388769564963
(12.15);0.5215004939517172
(12.16);0.5254632716186196
(12.17);0.16146556446196586
(12.18);0.14619281564437453
(12.19);0.6022943319491976
(12.20);0.4061561627465535
(12.21);0.37870236295721793
(12.22);0.4350200784758959
(12.23);0.39960381030632874
(12.24);0.3307424007476292
(12.25);0.3898355551645983
(12.26);0.43314680008547196
(12.27);0.4771278655824537
(12.28);0.36974425805560607
(12.29);0.33675572416788585
(12.30);0.38505372352764367
(12.31);0.4301527317166829
(13.14);0.3848682175739564
(13.15);0.3825099086362045
(13.16);0.4430679005435467
(13.17);0.2147221708297029
(13.18);0.17693195712923077
(13.19);0.5177629281037005
(13.20);0.3039347720215001
(13.21);0.5279982648425998
(13.22);0.5990901317332721
(13.23);0.5462934983861806
(13.24);0.4351668488837917
(13.25);0.44191947225628153
(13.26);0.6584444107770648
(13.27);0.9863557650585179
(13.28);0.39528603690815606
(13.29);0.3914497750866937
(13.30);0.3644188713533058
(13.31);0.48606015979170913
(14.15);0.5587240256756361
(14.16);0.45710866637429737
(14.17);0.13716509439184685
(14.18);0.1349750990661091
(14.19);0.4730491196818563
(14.20);0.44209503492123775
(14.21);0.31815549215145156
(14.22);0.3730194688293069
(14.23);0.34074080110279814
(14.24);0.28072260324271
(14.25);0.3543801920605737
(14.26);0.3672997705333757
(14.27);0.39646526474734317
(14.28);0.34803182970210705
(14.29);0.30538253610236915
(14.30);0.3857448165049656
(14.31);0.38566099508407187
(15.16);0.5172354704811437
(15.17);0.10050004689271974
(15.18);0.0909797803167846
(15.19);0.5013483116376849
(15.20);0.5089197893113505
(15.21);0.3100454019677455
(15.22);0.3557009603889818
(15.23);0.3258040671849455
(15.24);0.2617154952050217
(15.25);0.3182062875638424
(15.26);0.3563553109342094
(15.27);0.39979303176172165
(15.28);0.3045827306642064
(15.29);0.2693468801622797
(15.30);0.3325135651364291
(15.31);0.35372931582154243
(16.17);0.1152501111717911
(16.18);0.09137299059329301
(16.19);0.6683938948140187
(16.20);0.4329991937939127
(16.21);0.3643000736416138
(16.22);0.3993971875007323
(16.23);0.3723992930884148
(16.24);0.30268263498841547
(16.25);0.33481377949248353
(16.26);0.4082756545266727
(16.27);0.47410744100798785
(16.28);0.3089008020061045
(16.29);0.2859390495943182
(16.30);0.31630183775307646
(16.31);0.3745603327091059
(17.18);0.4911746382627862
(17.19);0.1550617116376012
(17.20);0.023037508817096354
(17.21);0.2700553866113238
(17.22);0.27267444593571505
(17.23);0.2868977921104326
(17.24);0.3420038987079118
(17.25);0.33739389695142485
(17.26);0.2566728591576086
(17.27);0.20605042386903727
(17.28);0.35038920915685146
(17.29);0.3926757031161933
(17.30);0.2866931783099039
(17.31);0.2873619920616622
(18.19);0.12930520574844065
(18.20);0.017259501753193535
(18.21);0.21569393653655639
(18.22);0.23304877832334717
(18.23);0.2388214665701737
(18.24);0.27891009622524254
(18.25);0.3114923753293234
(18.26);0.21407341955010264
(18.27);0.16760000647324802
(18.28);0.34152797380433975
(18.29);0.35877397059911675
(18.30);0.2991341459683088
(18.31);0.2618681987988424
(19.20);0.4038805445745779
(19.21);0.4162625501952892
(19.22);0.462346211718979
(19.23);0.42863814579671544
(19.24);0.3504243184963485
(19.25);0.3851916901161065
(19.26);0.4722095793410697
(19.27);0.5627250543058617
(19.28);0.3545463438140802
(19.29);0.3324648528350068
(19.30);0.3546432563406887
(19.31);0.4294120894492627
(20.21);0.23316801470534906
(20.22);0.27269725630646957
(20.23);0.24525703346824662
(20.24);0.18251138331506406
(20.25);0.23580229347297324
(20.26);0.2753306186293324
(20.27);0.32000904849065664
(20.28);0.22465956807463305
(20.29);0.18870408162439495
(20.30);0.2586137702005566
(20.31);0.270345427152145
(21.22);0.6216641859042762
(21.23);0.7819372212390774
(21.24);0.5789534408611385
(21.25);0.47081364011599747
(21.26);0.6664901763934425
(21.27);0.532981195349176
(21.28);0.41164791606343837
(21.29);0.4400574717760263
(21.30);0.349971042345225
(21.31);0.4829408270066467
(22.24);0.5274785136837572
(22.25);0.5462024327309407
(22.26);0.9485039089543716
(22.27);0.5831068757355604
(22.28);0.4698248245410993
(22.29);0.47624113917059724
(22.30);0.4104346443704218
(22.31);0.6107256050605485
(23.25);0.5302303174716123
(23.26);0.7771873434781864
(23.27);0.5414684108623643
(23.28);0.45613094638454144
(23.29);0.4824655663678733
(23.30);0.3874048522183282
(23.31);0.5485536876495265
(24.25);0.5075431075836818
(24.26);0.513995999473855
(24.27);0.4327780621440954
(24.28);0.44868996106546993
(24.30);0.36226213790718254
(24.31);0.4735673293028433
(25.26);0.5018358890722875
(25.27);0.43613015201544675
(25.28);0.6943362631936343
(25.29);0.6625378234190266
(25.30);0.4959174612758332
(26.27);0.6345730477581369
(26.28);0.43821133475142116
(26.29);0.4465124914281231
(26.30);0.3863932010108741
(26.31);0.5469760735408995
(27.28);0.38949241045335564
(27.29);0.38491892370369374
(27.30);0.36080223699156433
(27.31);0.4814403152362544
(28.30);0.5575700162802852
(28.31);0.5408791765504284
(29.30);0.45852619741816936
(29.31);0.5101833102310964
(30.31);0.4697540020633931
