
****Importance edges******

(0.1);3.9617703571034593
(0.2);4.354110152635643
(0.3);5.974713852278832
(0.4);6.269830975255214
(0.5);3.8104431987777496
(0.6);6.65021923879728
(0.7);3.969848700347114
(0.8);3.3873913031819614
(0.9);2.946960878085262
(0.10);2.74338270209568
(0.11);2.9462431827253965
(0.12);3.25803067562146
(0.13);7.096781834620236
(0.14);2.520974896874994
(0.15);2.358495048991271
(0.16);2.86995095542183
(0.17);2.1126201357230356
(0.30);3.35161340550069
(0.31);8.731993095151212
(1.2);3.0752886381296016
(1.3);2.090392837204377
(1.4);1.3023644871282325
(1.5);6.802066659876144
(1.6);1.239200837880529
(1.7);5.206940195109531
(1.8);0.963150423372342
(1.9);1.0095201443812074
(1.10);1.2559842793212808
(1.11);2.01334207021102
(1.12);2.6745725374533484
(1.13);2.18883416744263
(1.14);2.2619413077684274
(1.15);1.7084732891515029
(1.16);1.7052734348704837
(1.17);0.8833872179025516
(1.18);1.0800184110914488
(1.19);2.7808540573886438
(1.20);1.4527030787773665
(1.21);2.1928716141165654
(1.22);3.4104807365774277
(1.23);2.7390587931381334
(1.24);2.07708130012922
(1.25);3.8748340437363957
(1.26);2.9842879548053225
(1.27);2.7811700345658807
(1.28);3.5802102260477597
(1.29);2.6330461409239607
(1.30);3.429387998758261
(1.31);4.491785605700866
(2.3);4.548189553291514
(2.4);1.8349516714498784
(2.5);4.982233608091539
(2.6);1.6086525208794338
(2.7);2.1245940425134946
(2.8);0.905818538173828
(2.9);0.8920978176408264
(2.10);0.9929034853979091
(2.11);1.3266950853075554
(2.12);4.939673677540816
(2.13);3.98046255307761
(2.14);2.464670871643852
(2.15);2.2087617285789505
(2.16);2.7969558117928095
(2.17);0.7878595031891438
(2.18);0.9317940470000222
(2.19);5.802923155047444
(2.20);1.6937769702379168
(2.21);2.642644795621312
(2.22);4.144617895788296
(2.23);3.1428197727256353
(2.24);2.0920923559464786
(2.25);2.811175598262886
(2.26);4.040934642593537
(2.27);5.160900762584193
(2.28);2.356755449933682
(2.29);2.0882747553527747
(2.30);1.8935976281094697
(2.31);3.362788068332714
(3.4);3.090152799913868
(3.5);2.5682951294548433
(3.6);2.4447329495838828
(3.7);1.7523951910994617
(3.8);1.0098103235022204
(3.9);0.9504429297216619
(3.10);0.9882728736312029
(3.11);1.2108508582399429
(3.12);2.8005808411936592
(3.13);15.244508246082763
(3.14);1.7507194386701863
(3.15);1.7287033891080006
(3.16);2.4890432413913115
(3.17);0.8192518196818477
(3.18);0.9340008267802816
(3.19);4.956295218661998
(3.20);1.4857119220512438
(3.21);3.8807107625789397
(3.22);6.262772702091779
(3.23);4.504671156204479
(3.24);2.5513359320753604
(3.25);2.8521192167332234
(3.26);7.293682755024703
(3.27);14.71191987787554
(3.28);2.241351304752304
(3.29);2.1704932301186135
(3.30);1.6116585959099212
(3.31);3.351895569051969
(4.5);1.4513579645285495
(4.6);8.671314606079202
(4.7);1.261797495183138
(4.8);1.1231800624838246
(4.9);0.9799876722623933
(4.10);0.9203301074202742
(4.11);1.009129853735015
(4.12);1.6158391285722309
(4.13);4.792496041100368
(4.14);1.2094658793103246
(4.15);1.247003183479634
(4.16);1.7538501358327772
(4.17);0.8362307557275652
(4.18);0.909284793508925
(4.19);2.837751863328581
(4.20);1.2142481631866957
(4.21);7.007327910829637
(4.22);4.804306696503332
(4.23);5.263948754765232
(4.24);3.098467868913923
(4.25);2.356175431729352
(4.26);6.6467215584525645
(4.27);6.595657623871997
(4.28);1.8582892868301648
(4.29);2.0117142636215024
(4.30);1.2476161855872443
(4.31);2.3002645961656234
(5.6);1.3420877638287974
(5.7);3.1804520733605783
(5.8);0.9330070740176662
(5.9);0.955861498707456
(5.10);1.1387377590975292
(5.11);1.688172585151443
(5.12);4.326280920660689
(5.13);2.5596455748476066
(5.14);3.07452603670173
(5.15);2.2491533899291554
(5.16);2.239777604523669
(5.17);0.8466836990687979
(5.18);1.0235896944574245
(5.19);3.7729435011793013
(5.20);1.7275123049853476
(5.21);2.244613308757682
(5.22);3.4040781500666673
(5.23);2.713078509900198
(5.24);1.9927613152340644
(5.25);3.1394635707997196
(5.26);3.121585634283092
(5.27);3.277724392114928
(5.28);2.8365374788632858
(5.29);2.281454416407957
(5.30);2.6425184992984914
(5.31);3.627575728399574
(6.7);1.239949491290439
(6.8);1.272035709261649
(6.9);1.072701885073945
(6.10);0.9686246681548365
(6.11);1.0242224103086859
(6.12);1.4444193619069636
(6.13);3.505000587117509
(6.14);1.1243891112700208
(6.15);1.1455333465692719
(6.16);1.53982706005574
(6.17);0.8989756908507167
(6.18);0.9534067175584862
(6.19);2.4006719931863483
(6.20);1.1380452583824114
(6.21);9.872685684884576
(6.22);4.528668812901828
(6.23);5.729053404287491
(6.24);3.69191536669846
(6.25);2.4037511441331896
(6.26);5.828471965515157
(6.27);4.613252852751209
(6.28);1.8875357048290522
(6.29);2.123397793701191
(6.30);1.2356566441653363
(6.31);2.2397887748753593
(7.8);1.1636853611886586
(7.9);1.2779402643879187
(7.10);1.7500971178062428
(7.11);3.398954326630496
(7.12);1.9796173611784613
(7.13);1.8987461589761572
(7.14);1.8535679044341387
(7.15);1.457470395948118
(7.16);1.4439999912595494
(7.17);1.0832818685309995
(7.18);1.3242760578928086
(7.19);2.21498334174499
(7.20);1.3279860521019657
(7.21);2.1892960122212806
(7.22);3.2091239408855885
(7.23);2.750693427743508
(7.24);2.3024592982950676
(7.25);5.4331504609511905
(7.26);2.759157924019169
(7.27);2.3696361133658255
(7.28);6.1949698999718015
(7.29);3.5702197875758115
(7.30);6.797407764834843
(7.31);4.749026523434177
(8.9);4.197099419907843
(8.10);1.7862227782804634
(8.11);1.2798006940715858
(8.12);0.8872372178288297
(8.13);1.2207058322395965
(8.14);0.807863986895408
(8.15);0.7621197230029327
(8.16);0.8496097768124645
(8.17);2.202527459876161
(8.18);1.7159081348673493
(8.19);1.2273480742184373
(8.20);0.8062528202749264
(8.21);2.303762677901477
(8.22);2.106102921483548
(8.23);2.4595225371254648
(8.24);4.223189481986341
(8.25);2.5894278079901665
(8.26);1.993820936094674
(8.27);1.5585785691127183
(8.28);2.336818323171835
(8.29);3.553579966497832
(8.30);1.3004918454334105
(8.31);1.7055351442182398
(9.10);2.8417565550755013
(9.11);1.5805445860333454
(9.12);0.8850633917956388
(9.13);1.1255514086183902
(9.14);0.8290284346201042
(9.15);0.7652776970710617
(9.16);0.824729932548343
(9.17);3.4057933031699186
(9.18);2.385582742145023
(9.19);1.1821958676365238
(9.20);0.808777178559041
(9.21);1.9051940432200842
(9.22);1.9204166213467322
(9.23);2.1172112170629287
(9.24);3.019505472799503
(9.25);2.7425384024790516
(9.26);1.784812388544958
(9.27);1.432300953707753
(9.28);2.76227986096494
(9.29);4.25576850924314
(9.30);1.4953160067197007
(9.31);1.7079342172735192
(10.11);3.006438521601043
(10.12);0.9999574064820064
(10.13);1.1380695852972884
(10.14);0.9754372160903155
(10.15);0.8627649174362382
(10.16);0.8848574453310915
(10.17);2.3300046530908203
(10.18);2.8637648171036636
(10.19);1.2639318834562312
(10.20);0.8974552714968241
(10.21);1.6878959525076596
(10.22);1.908966829716779
(10.23);1.9531140683873933
(10.24);2.277813155978465
(10.25);3.2510174794941222
(10.26);1.7369658385912077
(10.27);1.4410430402365875
(10.28);4.298065777070317
(10.29);4.800399150749547
(10.30);2.2999586367300116
(10.31);1.9364650902243428
(11.12);1.3477354062388371
(11.13);1.350228089539856
(11.14);1.366089881970237
(11.15);1.1300987327806362
(11.16);1.1012142750019327
(11.17);1.3902278249213815
(11.18);1.834417840786315
(11.19);1.5842595688651049
(11.20);1.1215355630443935
(11.21);1.754084751653211
(11.22);2.2062816983878752
(11.23);2.0909642526003043
(11.24);2.067180033770494
(11.25);3.9690127494151204
(11.26);1.9737432572038058
(11.27);1.6983891941787497
(11.28);6.814153320235187
(11.29);3.900174301659778
(11.30);6.702954425660007
(11.31);2.566797833343662
(12.13);2.7611792928545946
(12.14);4.814520040240848
(12.15);4.379908870269859
(12.16);4.531203973542253
(12.17);0.7989706893030399
(12.18);0.9485275489780908
(12.19);7.742662088421538
(12.20);2.493744333481271
(12.21);2.168233277732327
(12.22);2.9019673097385654
(12.23);2.435199348000424
(12.24);1.8070697857926759
(12.25);2.329393039144977
(12.26);2.890439608069675
(12.27);3.740750498445129
(12.28);2.111778786138853
(12.29);1.853678177982644
(12.30);1.900406735381888
(12.31);2.4798411433078673
(13.14);1.8202913631355768
(13.15);1.8212583267488789
(13.16);2.6293947912336835
(13.17);0.945658495436304
(13.18);1.0414867406822703
(13.19);4.814779829615101
(13.20);1.5789434005232272
(13.21);5.119511965616572
(13.22);7.519514775412605
(13.23);5.668743771530165
(13.24);3.0347892588120366
(13.25);3.1060810656859257
(13.26);10.141071978969386
(13.27);26.181638059357272
(13.28);2.4169323036693084
(13.29);2.41054149288505
(13.30);1.7296978791733115
(13.31);3.578512355274748
(14.15);5.663399656988447
(14.16);2.906374379861355
(14.17);0.7712733633605082
(14.18);0.9443340140169236
(14.19);3.703385161044546
(14.20);3.0926319689548802
(14.21);1.6894903665522514
(14.22);2.1435180843486035
(14.23);1.883560865721464
(14.24);1.5191048234586757
(14.25);2.00702939941844
(14.26);2.0945740581931984
(14.27);2.416624814323873
(14.28);1.9510369706499588
(14.29);1.6657603380936545
(14.30);1.952760292135946
(14.31);1.9697965807101545
(15.16);4.372891692468857
(15.17);0.7156522492646068
(15.18);0.8612469160835179
(15.19);4.415678371480777
(15.20);4.619976408815295
(15.21);1.6540051181198667
(15.22);1.9995138954833085
(15.23);1.7882815320859595
(15.24);1.437072740294435
(15.25);1.7389733608816464
(15.26);2.0124889528152177
(15.27);2.4823476968746996
(15.28);1.6478884667103528
(15.29);1.4753820572188276
(15.30);1.5279565174967529
(15.31);1.700035435020755
(16.17);0.7524048510346021
(16.18);0.8729893181820517
(16.19);10.643153010672647
(16.20);2.991113060521637
(16.21);2.109652685871343
(16.22);2.489967259107114
(16.23);2.2169975319527144
(16.24);1.6850674602276365
(16.25);1.882885027905655
(16.26);2.6192742002791034
(16.27);3.7830006030726637
(16.28);1.694812432127478
(16.29);1.583017476396679
(16.30);1.4442084966796844
(16.31);1.905829439740261
(17.18);4.213549533268678
(17.19);1.031922329797662
(17.20);0.7654623632796295
(17.21);1.4594961409141578
(17.22);1.4701102792673866
(17.23);1.5740648553865975
(17.24);1.9971826869554965
(17.25);1.9247875874502132
(17.26);1.39391522360856
(17.27);1.18835299702365
(17.28);2.0358314878645443
(17.29);2.519931286561983
(17.30);1.3013210839582923
(17.31);1.3175584086451257
(18.19);1.153137362003469
(18.20);0.9056082564755982
(18.21);1.4514453360788993
(18.22);1.5268936089031022
(18.23);1.578476057909237
(18.24);1.831917644313845
(18.25);2.027759832544608
(18.26);1.4445500943841643
(18.27);1.2697829782746792
(18.28);2.2809114298544833
(18.29);2.4864465236978277
(18.30);1.642513258589921
(18.31);1.4485383230948077
(19.20);2.96627266210026
(19.21);3.1496435514132286
(19.22);3.9583271729283753
(19.23);3.368763763794951
(19.24);2.4009117352314933
(19.25);2.753467133941595
(19.26);4.19946049169139
(19.27);6.79022389932361
(19.28);2.4073735674448704
(19.29);2.232370265122945
(19.30);2.0643056639536694
(19.31);3.007198148616479
(20.21);1.5298102095575368
(20.22);1.7352575407340571
(20.23);1.6105595915319424
(20.24);1.3652550860497419
(20.25);1.566433602016066
(20.26);1.7543491957251585
(20.27);2.064440254517035
(20.28);1.5141830098931295
(20.29);1.3884963150687437
(20.30);1.4205833947209412
(20.31);1.491501274260905
(21.22);8.899910856600526
(21.23);16.01198105810273
(21.24);7.447060385155931
(21.25);4.209725686304383
(21.26);10.91295165428496
(21.27);5.815799858936787
(21.28);3.1172667587594654
(21.29);3.6312979205686378
(21.30);2.022018541820006
(21.31);4.06508469483117
(22.23);16.84898703080882
(22.24);5.679762444412139
(22.25);6.210552659484743
(22.26);24.103272945384067
(22.27);7.430188709088901
(22.28);4.158325794562739
(22.29);4.344762608152472
(22.30);2.6880227558267955
(22.31);8.12110402060683
(23.25);5.754550264735366
(23.26);15.788210871322597
(23.27);6.056452323837218
(23.28);3.9116585398697192
(23.29);4.526891732357767
(23.30);2.4310035804267893
(23.31);5.902710656066327
(24.25);5.203529422172079
(24.26);5.34136239712816
(24.27);3.5011815543464437
(24.28);3.8335639580974394
(24.30);2.206441919271105
(24.31);3.9388365625371886
(25.26);4.964565966198949
(25.27);3.518240683747931
(25.28);12.209885856080463
(25.29);10.836940167969061
(25.30);4.406779754601359
(26.27);9.549179952282607
(26.28);3.5554840889109536
(26.29);3.7519986769834577
(26.30);2.3940501137379093
(26.31);5.884274193477093
(27.28);2.8081635816619404
(27.29);2.7879657818363213
(27.30);2.1223167442235122
(27.31);4.029867075639848
(28.30);6.264454162423567
(28.31);5.727342281214133
(29.30);3.600344185917176
(29.31);4.853059190448979
(30.31);3.3626503663509015

****Importance nodes******

0; 0.05789473684210527
1; 0.016352449533176664
2; 0.016879947905214618
3; 0.017424462353769928
4; 0.0179865417845367
5; 0.018566752809844336
6; 0.019165680319839312
7; 0.019783928072092193
8; 0.0204221193002242
9; 0.02108089734216691
10; 0.021760926288688424
11; 0.022462891652839663
12; 0.02318750106099578
13; 0.023935484966189195
14; 0.02470759738445336
15; 0.025504616654919595
16; 0.02632734622443313
17; 0.027176615457479358
18; 0.03666666666666667
19; 0.03666666666666667
20; 0.03666666666666667
21; 0.03666666666666667
22; 0.03666666666666667
23; 0.03793103448275863
24; 0.03928571428571429
25; 0.03793103448275863
26; 0.03666666666666667
27; 0.03666666666666667
28; 0.03793103448275863
29; 0.03928571428571429
30; 0.028053280472236757
31; 0.02865913135429392
