
****Mix criterion 0.5*C(weight)+0.5*C(distance) ******

(0.1);0.5183904532975443
(0.2);0.5393906621075073
(0.3);0.6172488981310249
(0.4);0.6328493484054567
(0.5);0.5039726990618919
(0.6);0.6449060175022368
(0.7);0.5131475278621838
(0.8);0.4723249518303348
(0.9);0.4365058080768246
(0.10);0.4167829152447349
(0.11);0.4336460120821704
(0.12);0.45895187456918896
(0.14);0.38837605512075535
(0.15);0.36713774954192757
(0.16);0.41873476919761987
(0.17);0.33027605734750304
(0.30);0.4565295595506894
(0.31);0.7219367264813799
(1.2);0.5402186099519224
(1.3);0.4767641024395954
(1.4);0.395478799024383
(1.6);0.3790901342127369
(1.8);0.3167399097925987
(1.9);0.3244014621335043
(1.10);0.37013264400548357
(1.11);0.45662457631939707
(1.12);0.5052387856798084
(1.13);0.46423060598624133
(1.14);0.47223775828877346
(1.15);0.41746016680847253
(1.16);0.41410445459636686
(1.17);0.2517774264498098
(1.18);0.2446152682533095
(1.19);0.4792569019169136
(1.20);0.33056057765927194
(1.21);0.4280376092968675
(1.22);0.5207490412947864
(1.23);0.46925086605640964
(1.24);0.4043475134969851
(1.25);0.5391745164597843
(1.26);0.49362037556762645
(1.27);0.4792800804703057
(1.28);0.5231227486815722
(1.29);0.45433972187390215
(1.30);0.5382549023568337
(1.31);0.5888831060222186
(2.3);0.6021925925386522
(2.4);0.4536774230396967
(2.5);0.6186565056730855
(2.6);0.42535974268937693
(2.7);0.4720474669670962
(2.8);0.2976436958479053
(2.9);0.2895006863402228
(2.10);0.31310404467314346
(2.11);0.3756950232492474
(2.13);0.5636954085003018
(2.14);0.4850374801450051
(2.15);0.46248520700007145
(2.16);0.5017379644506066
(2.17);0.2111109949894724
(2.18);0.19030381692952977
(2.19);0.6349378890956021
(2.20);0.3663959705832972
(2.21);0.46474604662089625
(2.22);0.5590735920540577
(2.23);0.4950036355952163
(2.24);0.40385529068487674
(2.25);0.4725572771341795
(2.26);0.5537370355499974
(2.27);0.6072255825155124
(2.28);0.4362592033811004
(2.29);0.4034527265807648
(2.30);0.42733975562435683
(2.31);0.5313800030839542
(3.4);0.5357246513402925
(3.5);0.501853120958319
(3.6);0.49254737932410864
(3.7);0.436824169393912
(3.8);0.32126639641333715
(3.9);0.30237511334346245
(3.10);0.30840406959205513
(3.11);0.35303900527596904
(3.12);0.5085419334408323
(3.13);0.9430419967898562
(3.14);0.4208314704421838
(3.15);0.41485035660332276
(3.16);0.4790655929632111
(3.17);0.22008666164228208
(3.18);0.18744397693578663
(3.19);0.5957503252056935
(3.20);0.33119908465291226
(3.21);0.5402099412693037
(3.22);0.6513649305481787
(3.23);0.5663648646951448
(3.24);0.44398169299067725
(3.25);0.4734827701789814
(3.26);0.6918558703002883
(3.27);0.9534866316528536
(3.28);0.42349244051560075
(3.29);0.40980047999022445
(3.30);0.3925115973653632
(3.31);0.5286083693170953
(4.5);0.4056649948209884
(4.7);0.3735859565282955
(4.8);0.3443788694695854
(4.9);0.307910029573345
(4.10);0.28731322946568894
(4.11);0.3075946815247301
(4.12);0.4103623776844934
(4.13);0.5994807604058146
(4.14);0.3415704453016306
(4.15);0.34446926675859224
(4.17);0.2237684769310807
(4.18);0.17441073926693035
(4.19);0.4801228101143984
(4.20);0.2729998802654658
(4.21);0.6799361675086166
(4.22);0.591477750839593
(4.23);0.6032543634910386
(4.24);0.4842845777617336
(4.25);0.43436425560725533
(4.26);0.6708572765906414
(4.27);0.6687971126467335
(4.28);0.3811992786134116
(4.29);0.39273258124984606
(4.30);0.33331236752661136
(4.31);0.46067140569742704
(5.6);0.3843005413347697
(5.7);0.534109855113491
(5.8);0.2947269978677684
(5.9);0.29718429971492805
(5.10);0.33696579391357007
(5.11);0.416582531888715
(5.12);0.5849237592631398
(5.13);0.48397205975457697
(5.14);0.5193167814395092
(5.15);0.4607079160439392
(5.16);0.45756392906492316
(5.17);0.22331908350512647
(5.18);0.21355845718431143
(5.19);0.5356623270433841
(5.20);0.36488276142835047
(5.21);0.42583098115613705
(5.22);0.5143904308806558
(5.23);0.46099994132243527
(5.24);0.3876231637119198
(5.25);0.4908295186154065
(5.26);0.4966054302295331
(5.27);0.5066199225997055
(5.28);0.4701524900355461
(5.29);0.4177837311856698
(5.30);0.48455884283013795
(5.31);0.5415724526199952
(6.7);0.363309541380946
(6.8);0.3652083777086789
(6.9);0.3230460978334208
(6.10);0.2932116790994825
(6.11);0.30398342468782963
(6.12);0.38179066168337333
(6.13);0.5366169076539151
(6.14);0.3168890823993218
(6.15);0.3170843499659133
(6.16);0.3822969096329077
(6.17);0.23883759652512992
(6.18);0.18426175678242834
(6.19);0.440439738302095
(6.20);0.2459568886062795
(6.21);0.7781203279613211
(6.22);0.5735619566099059
(6.23);0.617990668149526
(6.24);0.5154910531067798
(6.25);0.4341509391413573
(6.26);0.631736474127933
(6.27);0.5776254139054754
(6.28);0.3799386193816916
(6.29);0.40033473063200137
(6.30);0.3245467805432251
(6.31);0.4508672670830119
(7.8);0.3432558135999675
(7.9);0.3613420397225542
(7.10);0.42265937136400483
(7.11);0.5387869342553926
(7.12);0.4428060733726697
(7.13);0.42905612510761504
(7.14);0.4254582035218868
(7.15);0.37211925459936934
(7.16);0.3666456493070835
(7.17);0.2912009494971207
(7.18);0.2901848356954509
(7.19);0.42222638334648854
(7.20);0.29100279948358737
(7.21);0.4180164521734435
(7.22);0.501272198186332
(7.23);0.46234540113684
(7.24);0.4176277265153229
(7.25);0.6072811965510697
(7.26);0.4696485425326857
(7.27);0.4370876091622982
(7.28);0.6388023316567466
(7.29);0.5092238573100275
(7.31);0.5950375015562025
(8.9);0.5762331345489234
(8.10);0.4235041141514324
(8.11);0.3520742738155197
(8.12);0.25258276781641714
(8.13);0.33288291930978003
(8.14);0.2122326130742589
(8.15);0.1856799713929835
(8.16);0.2177078830680561
(8.17);0.447824915572144
(8.18);0.35689130516423173
(8.19);0.2654709273556912
(8.20);0.10756065768835782
(8.21);0.42664186958338435
(8.22);0.40822601709136763
(8.23);0.4360950988735724
(8.24);0.5413569782705963
(8.25);0.44712084701988086
(8.26);0.39560423632991215
(8.27);0.3344263472424995
(8.28);0.4249642375322138
(8.29);0.5058852812598503
(8.30);0.33187935477795466
(8.31);0.3923351168392931
(9.10);0.504572902805617
(9.11);0.3949651271755406
(9.12);0.2476477253029305
(9.13);0.3095002725240462
(9.14);0.2164468541263356
(9.15);0.18234263393513403
(9.16);0.20312940155512388
(9.17);0.5273661157966005
(9.18);0.4310029885487832
(9.19);0.250246137475938
(9.20);0.10414508663181773
(9.21);0.38146785580600734
(9.22);0.3847426083245522
(9.23);0.4010966154125989
(9.24);0.4713765300602124
(9.25);0.4578629343748082
(9.26);0.36690082472288055
(9.27);0.3085908226351219
(9.28);0.45937888644176184
(9.29);0.5421309829537355
(9.30);0.36282174954356194
(9.31);0.3904681880113102
(10.11);0.5117971900252085
(10.12);0.27976646737810396
(10.13);0.30901373068674354
(10.14);0.26373556811791893
(10.15);0.21959118966117455
(10.16);0.2226236643478238
(10.17);0.45523780414465764
(10.18);0.46821191110542537
(10.19);0.26831808606110374
(10.20);0.1440058265892813
(10.21);0.34923426741464286
(10.22);0.3811908598933647
(10.23);0.3801864030467634
(10.24);0.40938241858540786
(10.25);0.49218565859674374
(10.26);0.35777838209397594
(10.27);0.3075183762715635
(10.28);0.55088605510208
(10.29);0.566970879188159
(10.30);0.45111840424519145
(10.31);0.4150022396732636
(11.12);0.3530972198622413
(11.13);0.3479469095257999
(11.14);0.3497826308647874
(11.15);0.29724890867815984
(11.16);0.28575058683707244
(11.17);0.3432087117608169
(11.18);0.36669435355517516
(11.19);0.3311137859246628
(11.20);0.22391094187228974
(11.21);0.356659182022342
(11.22);0.41319441702229026
(11.23);0.39435293930578424
(11.24);0.3851011992719059
(11.25);0.5329180613116454
(11.26);0.3870844208068021
(11.27);0.34957701363012655
(11.28);0.6582512273868864
(11.29);0.5220750792902185
(11.30);0.6695383550346117
(11.31);0.46925849841125805
(12.13);0.48960393773736116
(12.14);0.6009614233176985
(12.16);0.5833018264138371
(12.17);0.17173650284404635
(12.18);0.15788863245376025
(12.19);0.7081307110144119
(12.20);0.4369052716419814
(12.21);0.40683907444641976
(12.22);0.4735194797654955
(12.23);0.4285623409685395
(12.24);0.3506465278846172
(12.25);0.41851987291822196
(12.26);0.47265693994838015
(12.27);0.5282611170688996
(12.28);0.39574885784148117
(12.29);0.3571732234895529
(12.30);0.40986799394470774
(12.31);0.4624473162625411
(13.14);0.40608987113784645
(13.15);0.40288897846692606
(13.16);0.47219362437191403
(13.17);0.22530824417990908
(13.18);0.188321897964809
(13.19);0.576784715338035
(13.20);0.3212024636897637
(13.21);0.5872543079728823
(13.22);0.6882778606085863
(13.23);0.6059920695371896
(13.24);0.4645850338443205
(13.25);0.475926405317343
(13.26);0.7827583386931938
(13.28);0.421747823746887
(13.29);0.4148167206783229
(13.30);0.3841748322294296
(13.31);0.5268783004471548
(14.15);0.6310004796849481
(14.16);0.4938039495461191
(14.17);0.14697269826521756
(14.18);0.1465204391479924
(14.19);0.5231614803405442
(14.20);0.479905266576251
(14.21);0.3398759080309753
(14.22);0.40118289320307005
(14.23);0.3629664754634019
(14.24);0.2973500183758844
(14.25);0.37889002111571124
(14.26);0.3956425018632446
(14.27);0.4291658262622506
(14.28);0.37185787960687683
(14.29);0.32361517431544473
(14.31);0.4110375678768399
(15.16);0.5704261202866653
(15.17);0.10927403814310753
(15.18);0.10118194627677424
(15.19);0.5593467675883186
(15.20);0.5636471447001039
(15.21);0.330667562617159
(15.22);0.3811889158155732
(15.23);0.346248860491317
(15.24);0.2769435107102939
(15.25);0.3387951147263606
(15.26);0.3827886790515183
(15.27);0.43239783705759827
(15.28);0.3240931450198382
(15.29);0.2849808423226958
(15.30);0.3515568874639878
(15.31);0.3748724527015695
(16.17);0.12438272912095813
(16.18);0.10162834983052019
(16.20);0.4681370108507012
(16.21);0.3903785147154718
(16.22);0.43086265908604926
(16.23);0.39754330603650456
(16.24);0.32040573793741367
(16.25);0.35692498197920347
(16.26);0.4423771081946914
(16.27);0.523359947590927
(16.28);0.32880341969565285
(16.29);0.3025888172543332
(16.30);0.3341232710265338
(16.31);0.39803119938955756
(17.18);0.5410314443607753
(17.19);0.16856709634702088
(17.20);0.03209483882354711
(17.21);0.28820919380075993
(17.22);0.2913597823102505
(17.23);0.30488967430102637
(17.24);0.3632043745125193
(17.25);0.3601578764310864
(17.26);0.2749158613715849
(17.27);0.22160311027959603
(17.28);0.3744664769634198
(17.29);0.4194252551821937
(17.30);0.30286753287545154
(17.31);0.3037049317570517
(18.19);0.14386847289692636
(18.20);0.02770712040306579
(18.21);0.23320428464699797
(18.22);0.251830580483576
(18.23);0.2564853684670385
(18.24);0.29811147809251853
(18.25);0.3348857811341718
(18.26);0.23231701274817262
(18.27);0.1836364209911902
(18.28);0.3678418822993829
(18.29);0.38483584589262393
(18.30);0.3188547918976386
(18.31);0.279234359418619
(19.20);0.4413423619060035
(19.21);0.45770164458255747
(19.22);0.515361441141912
(19.23);0.4699548144457669
(19.24);0.378122619657296
(19.25);0.41991493770665267
(19.26);0.5298343081021459
(19.27);0.6559000731445092
(19.29);0.35821876248473317
(19.30);0.3819839241157263
(19.31);0.46915331601128896
(20.21);0.2516237626735274
(20.22);0.29404207276065947
(20.23);0.26327996544832144
(20.24);0.1968214066585538
(20.25);0.2538735740705023
(20.26);0.29748674404069486
(20.27);0.34608139332075066
(20.28);0.2421280557351201
(20.29);0.2032577096489378
(20.30);0.2756698408251721
(20.31);0.2882266597577673
(21.22);0.7358336900321668
(21.23);0.9694221187912246
(21.24);0.6608032313283422
(21.26);0.8100692278841104
(21.27);0.6094982600131462
(21.28);0.44922699135844163
(21.29);0.4799686526380721
(21.30);0.37545674361731873
(21.31);0.5340832863671288
(22.24);0.5912015453459821
(22.25);0.6225159112707762
(22.27);0.6826219339556259
(22.28);0.5209211316950806
(22.29);0.5249863900422305
(22.30);0.44503530424183796
(22.31);0.7150533193952195
(23.24);0.681542453874009
(23.25);0.5946596806654223
(23.26);0.9708240371942656
(23.27);0.6157486072186891
(23.28);0.49992683957534056
(23.29);0.5284791152724382
(23.30);0.41561933689343333
(23.31);0.6169805399981242
(24.25);0.5621741809170838
(24.26);0.5756170337311396
(24.27);0.4731697099037294
(24.28);0.48893797289196717
(24.29);0.5687237129438338
(24.30);0.3860876611167755
(24.31);0.516075179252888
(25.26);0.5644427206915755
(25.27);0.4804977570756287
(25.28);0.835196541653601
(25.29);0.7763132294930983
(25.30);0.5487872827964291
(25.31);0.7715662895563457
(26.28);0.48304860656834386
(26.29);0.4897977100330229
(26.30);0.4181011645840284
(26.31);0.6247389153355596
(27.28);0.42490542051577057
(27.29);0.4170825033632655
(27.30);0.3889112317157666
(27.31);0.5346964867797008
(28.29);0.744457814092715
(28.30);0.6327270678995461
(28.31);0.6094936664539337
(29.30);0.4974033068561691
(29.31);0.5625574335517675
(30.31);0.5121017617448297
