
****Importance edges******

(0.1);4.17288485371413
(0.2);4.587018348919902
(0.3);6.295597521372408
(0.4);6.549953676945423
(0.5);3.9872567857580985
(0.6);6.901396392388507
(0.7);4.152353882700055
(0.8);3.538998038534189
(0.9);3.0781421817632153
(0.10);2.864827847566918
(0.11);3.0759342324002694
(0.12);3.4006227682793173
(0.14);2.6351224125035477
(0.15);2.4584067939354224
(0.16);2.964350370590388
(0.17);2.200305422775546
(0.30);3.515231189572743
(0.31);9.122807579374525
(1.2);3.22229444919495
(1.3);2.191514071972138
(1.4);1.3394940768193657
(1.6);1.2566218094238675
(1.7);5.374068474302788
(1.8);0.9918012620530057
(1.9);1.0393013746063047
(1.10);1.2927277835093318
(1.11);2.071749564006548
(1.12);2.751511719436746
(1.13);2.154377566978349
(1.14);2.3351502089087055
(1.15);1.7542605631942985
(1.16);1.7196185261329735
(1.17);0.9061105285647153
(1.18);1.0953595656133486
(1.19);2.886635619921988
(1.20);1.473338044049339
(1.21);2.276286773988024
(1.22);3.6273068905220005
(1.23);2.713261615490923
(1.24);2.0074222670163624
(1.25);3.928544222117523
(1.26);3.1740182976756706
(1.27);2.957986867334736
(1.28);3.629836539771776
(1.29);2.5447417263076946
(1.30);3.567205849452345
(1.31);4.637743795122219
(2.3);4.770567557710614
(2.4);1.8887542907189776
(2.5);5.148103390691491
(2.6);1.6328704514020957
(2.7);2.1943177759006565
(2.8);0.9334352596937996
(2.9);0.9190677932841413
(2.10);1.0226676795216492
(2.11);1.3661281638673064
(2.12);5.0852448491084585
(2.13);3.922838396259804
(2.14);2.5459977843368806
(2.15);2.2694784905630234
(2.16);2.8230024756440257
(2.17);0.8086579097802752
(2.18);0.9456534943467482
(2.19);6.026183909839743
(2.20);1.718970104720465
(2.21);2.7443174967676587
(2.22);4.408876474441395
(2.23);3.1159896689724564
(2.24);2.0242031086439694
(2.25);2.8519898041221
(2.26);4.298582433519443
(2.27);5.489956983056549
(2.28);2.3909721321476485
(2.29);2.0205093907412333
(2.31);3.4739945450365397
(3.4);3.1833233304028687
(3.5);2.655741927590538
(3.6);2.4840201456696755
(3.7);1.8111985126937726
(3.8);1.0413646044804177
(3.9);0.9798898380165324
(3.10);1.01863031262803
(3.11);1.2477260687499816
(3.12);2.885134067317748
(3.13);15.043437646226835
(3.15);1.7774472100782817
(3.16);2.5145139079528613
(3.17);0.8414478977101347
(3.18);0.9485363015802366
(3.19);5.149218645986327
(3.20);1.5088334521224895
(3.21);4.031767143956733
(3.22);6.663314581251877
(3.23);4.470283658397401
(3.24);2.4713792030489503
(3.25);2.8954570978172436
(3.26);7.760157515591923
(3.27);15.652835397924491
(3.28);2.275408582492653
(3.29);2.1024717920663214
(3.30);1.6780429843871592
(3.31);3.4647305744580534
(4.5);1.4740097785568835
(4.7);1.2816283173090635
(4.8);1.1386106319608327
(4.9);0.9934839934401938
(4.10);0.9330357137793164
(4.11);1.0230951469550218
(4.12);1.6382545109157185
(4.13);4.6552584633909415
(4.14);1.2310711415871656
(4.15);1.2629310815693875
(4.16);1.745648279471382
(4.17);0.8464779624012099
(4.18);0.9123934437447386
(4.19);2.9130682107600556
(4.20);1.2183994179594277
(4.21);7.193308352008616
(4.23);5.162513545721529
(4.24);2.9668842011554206
(4.25);2.364020201464169
(4.26);6.987794688822064
(4.27);6.934110434454785
(4.28);1.8644763692347885
(4.29);1.9262821234514647
(4.30);1.2806299729875261
(4.31);2.3444674744328116
(5.6);1.3453187468709156
(5.7);3.2427657032074797
(5.8);0.9494099362209268
(5.9);0.9726368179578858
(5.10);1.1586876660027914
(5.11);1.7176966332841554
(5.12);4.401810427558666
(5.13);2.496850474761813
(5.14);3.1399212325612433
(5.15);2.28555568497178
(5.16);2.2373103756950323
(5.17);0.8598478167966543
(5.18);1.0299763615044641
(5.19);3.8828065347238496
(5.20);1.7382910828211813
(5.21);2.309973425376843
(5.22);3.5866458517308137
(5.23);2.668911702602187
(5.24);1.9144176236650847
(5.25);3.1585764274440873
(5.26);3.289002682210655
(5.27);3.4535154822651983
(5.28);2.8538061405238757
(5.29);2.191761004677532
(5.30);2.72051653279598
(5.31);3.7085479686242646
(6.7);1.2435771251374872
(6.8);1.2735783122105737
(6.9);1.0742577180578559
(6.10);0.970259426947538
(6.11);1.0261935859559015
(6.12);1.4475404781826255
(6.13);3.368371299582939
(6.14);1.1316419874586554
(6.15);1.1474784348727793
(6.16);1.5165773808523964
(6.17);0.90040673177138
(6.18);0.9484065670237667
(6.19);2.4424178392145817
(6.20);1.1320767692765155
(6.22);4.71724109924985
(6.23);5.572806698335919
(6.24);3.5079959916604175
(6.25);2.3913954852322257
(6.26);6.071167629486282
(6.27);4.805347190819486
(6.28);1.877833474467486
(6.29);2.017616930278008
(6.30);1.2549853758634233
(6.31);2.2593042849605567
(7.8);1.184193339287475
(7.9);1.3004228565393956
(7.10);1.7808330216400725
(7.11);3.458544824300434
(7.12);2.0142639908251003
(7.13);1.8544654280503943
(7.14);1.8928776844100808
(7.15);1.481169262780721
(7.16);1.4431751651132392
(7.17);1.1002212234479638
(7.18);1.3329029215185288
(7.19);2.2789969310880975
(7.20);1.3366370841130493
(7.21);2.2525672311219287
(7.22);3.3788387989560946
(7.23);2.707960255197612
(7.24);2.2147062673553894
(7.25);5.467705463230672
(7.26);2.905076281831115
(7.27);2.4949545691396606
(7.29);3.4341489316381697
(7.31);4.8546334892663605
(8.9);4.263134134587086
(8.10);1.8143261658146819
(8.11);1.2999363318595438
(8.12);0.9011964908101255
(8.13);1.1908325358302978
(8.14);0.8235741291450823
(8.15);0.7732455076601397
(8.16);0.8479326542123454
(8.17);2.233455351713633
(8.18);1.7249792232703693
(8.19);1.2610045029219066
(8.20);0.8105150476397169
(8.21);2.3669366266347076
(8.22);2.2138064894687854
(8.23);2.4189512514861478
(8.24);4.059288295668517
(8.25);2.6027902661977254
(8.26);2.0957825385171223
(8.27);1.638282400851635
(8.28);2.3488772178379422
(8.29);3.415666199031659
(8.30);1.3362596421389077
(8.31);1.7406775040268818
(9.10);2.886467095505444
(9.11);1.6054119528346837
(9.12);0.8989884630658235
(9.13);1.098668992629811
(9.14);0.845105863396729
(9.15);0.7764618656779754
(9.16);0.8233048552430484
(9.17);3.453696094563056
(9.18);2.3984783502498788
(9.19);1.214456491750861
(9.20);0.8131491390677217
(9.21);1.957184369506772
(9.22);2.0178487576985282
(9.23);2.0830483065073597
(9.24);2.904116328958025
(9.25);2.75701467754377
(9.26);1.8753646583337593
(9.27);1.5049685927331835
(9.28);2.7768603397786236
(9.29);4.093136088440206
(9.30);1.5362061359580497
(9.31);1.7430158140967955
(10.11);3.0537400720558483
(10.12);1.0156901531773144
(10.13);1.1115591498152737
(10.14);0.9943017236168085
(10.15);0.8753877040589628
(10.16);0.8835469656711592
(10.17);2.3628303957221743
(10.18);2.8795895404625003
(10.19);1.2982529930115394
(10.20);0.9024144711187857
(10.21);1.7337294840944768
(10.22);2.005040394180988
(10.23);1.9223081028284035
(10.24);2.1921363352079872
(10.25);3.2685649389469607
(10.26);1.824383019900105
(10.27);1.5135671612777115
(10.28);4.32126470953515
(10.29);4.619838714268598
(10.30);2.362487513446529
(10.31);1.976115249052978
(11.12);1.3689398891710158
(11.13);1.3195728343968398
(11.14);1.3924361222090436
(11.15);1.1466510172846565
(11.16);1.0998561083482408
(11.17);1.4098460774660764
(11.18);1.8447768473090134
(11.19);1.627064132976229
(11.20);1.1278689043119616
(11.21);1.8014777639373476
(11.22);2.316412286852278
(11.23);2.0587497218737507
(11.24);1.9906795418906573
(11.25);3.990912426880096
(11.26);2.0722662638318057
(11.27);1.7831673988536838
(11.28);6.851751526472251
(11.29);3.7558398713635164
(11.30);6.884120539586255
(11.31);2.6191872556975984
(12.13);2.7001221286650248
(12.14);4.907113518609182
(12.15);4.444131170388275
(12.16);4.526740552245325
(12.17);0.810264038108287
(12.18);0.9539997324976506
(12.19);7.950800593721326
(12.20);2.508131081297266
(12.21);2.226519798364983
(12.22);3.0456233890986653
(12.23);2.398580393949222
(12.24);1.741300666102585
(12.25);2.342527973199775
(12.26);3.0335250316473235
(12.27);3.9259288595753845
(12.28);2.1236866413732947
(12.29);1.7862127248423423
(12.30);1.951467022206914
(12.31);2.530293646085502
(13.14);1.7884633739910887
(13.15);1.7822956667601813
(13.16);2.534162888505862
(13.17);0.9260511079835001
(13.18);1.0169740463333967
(13.19);4.8018572512028
(13.20);1.5417809908070534
(13.21);5.105771504546792
(13.22);7.667332070277937
(13.23);5.422197240630794
(13.24);2.8405993061968275
(13.25);3.034435838584476
(13.26);10.340423382848186
(13.28);2.3611830620612246
(13.29);2.256295877008717
(13.30);1.7165588935117615
(13.31);3.5297394694595825
(14.15);5.7655254693504565
(14.16);2.914501724419951
(14.17);0.7847023292245888
(14.18);0.9525933903151784
(14.19);3.8120285075348543
(14.20);3.119680884703406
(14.21);1.739053638883775
(14.22);2.25368831547338
(14.23);1.8616825310656493
(14.24);1.4696752668916038
(14.25);2.024207482502541
(14.26);2.202228717038417
(14.27);2.5408318906625076
(14.28);1.9677358168112007
(14.29);1.611558815204984
(14.30);2.0108028367619446
(14.31);2.0157986018090637
(15.16);4.367454913035396
(15.17);0.7251101342576988
(15.18);0.8658133378212
(15.19);4.528843947003364
(15.20);4.644472009678202
(15.21);1.696394174876863
(15.22);2.0943028750877053
(15.23);1.7619310680287625
(15.24);1.3862928303164876
(15.25);1.7479913635233855
(15.26);2.107893028142419
(15.27);2.6000259014331144
(15.28);1.656434119496288
(15.29);1.4232484623436645
(15.30);1.5667866665837984
(15.31);1.7326513353193498
(16.17);0.7514693924165012
(16.18);0.8669872287194692
(16.20);2.97054817180188
(16.21);2.13746893613236
(16.22);2.576316040366307
(16.23);2.1584325300824116
(16.24);1.6066824196543932
(16.26);2.7101071757531874
(16.27);3.9141900756986026
(16.28);1.6833715681939312
(16.29);1.509379540798098
(16.30);1.4600985961636064
(16.31);1.9154098412511165
(17.18);4.235167937338231
(17.19);1.0576423649265303
(17.20);0.7693897111222874
(17.21);1.4958731926852147
(17.22);1.5379293036600814
(17.23);1.5514162662275746
(17.24);1.9283238369191071
(17.25);1.9344514010473892
(17.26);1.4582192230325814
(17.27);1.2431740142145793
(17.28);2.046052821450785
(17.29);2.433049114141447
(17.30);1.3333415767378316
(17.31);1.3420303259783413
(18.19);1.1723948289228139
(18.20);0.9051263450298206
(18.21);1.4756845650431003
(18.22);1.5805839818633938
(18.23);1.5508964911234067
(18.24);1.767806846687559
(18.25);2.0266807780355487
(18.26);1.4953450108571114
(18.27);1.3144325342651408
(18.28);2.2796976629558356
(18.29);2.3994294733494312
(18.30);1.66769944177611
(18.31);1.4634058565565466
(19.20);3.0158096032716983
(19.21);3.2565180997021392
(19.22);4.1657250866406565
(19.23);3.366971105872184
(19.24);2.35683445407252
(19.25);2.7986460007049385
(19.26);4.419492668579286
(19.27);7.146000016060605
(19.28);2.4468737337306736
(19.29);2.191387162586163
(19.30);2.1362663632866887
(19.31);3.0962362314969987
(20.21);1.5553581368679883
(20.22);1.796274643694557
(20.23);1.5824194524435808
(20.24);1.3174758680255731
(20.25);1.5656000381914608
(20.26);1.8160376212132558
(20.27);2.137032455160854
(20.28);1.5133772507602465
(20.29);1.339903734208725
(20.30);1.442366520929259
(20.31);1.5068097716266657
(21.22);9.366224747101569
(21.23);16.00346042361613
(21.24);7.3103430833127945
(21.25);4.278798831775167
(21.26);11.484739509776267
(21.27);6.120520692919626
(21.28);3.168414846864003
(21.29);3.5646325213087744
(21.30);2.0925051324807216
(21.31);4.185445020319277
(22.23);17.145832510183247
(22.24);5.6767400089256155
(22.25);6.425177775073086
(22.27);7.956680142541331
(22.28);4.302029777645311
(22.29);4.342450581053465
(22.30);2.8379601002073938
(22.31);8.529876305981965
(23.24);7.714119179588752
(23.25);5.655629897710424
(23.26);16.066367594690746
(23.27);6.163154910176114
(23.28);3.844417368859119
(23.29);4.296935699325903
(23.30);2.420984113376104
(23.31);5.850068099443776
(24.25);5.024360349201483
(24.26);5.338520038241945
(24.27);3.499318431464425
(24.28);3.70156583820229
(24.29);5.128074437649336
(24.30);2.153143248234525
(24.31);3.8258766803143245
(25.26);5.136132105762091
(25.27);3.639824519328782
(25.28);12.20338847301929
(25.29);10.463800253460352
(25.30);4.473013257432226
(25.31);10.100211752574271
(26.28);3.678354987105437
(26.29);3.750002083981957
(26.30);2.527589725926766
(26.31);6.180456609530153
(27.28);2.9052084770763162
(27.29);2.7864821904367334
(27.30);2.240699126170823
(27.31);4.23270870531081
(28.29);9.559171788648856
(28.30);6.358608344299227
(28.31);5.784952653050472
(29.30);3.5133745001494883
(29.31);4.713880784371479
(30.31);3.463562758597066

****Importance nodes******

0; 0.061111111111111116
1; 0.017134190841087398
2; 0.017705330535790313
3; 0.018295508220316656
4; 0.018202587604969036
5; 0.01894097171978993
6; 0.0189024376574775
7; 0.020181921287217037
8; 0.020754473325782893
9; 0.021423972465324275
10; 0.02211506835130248
11; 0.022828457652957393
12; 0.023564859512730213
13; 0.022540644103811774
14; 0.025277354676362062
15; 0.025867532360888408
16; 0.025927550571824543
17; 0.027538341487750112
18; 0.03666666666666667
19; 0.03793103448275863
20; 0.03666666666666667
21; 0.03793103448275863
22; 0.03928571428571429
23; 0.03666666666666667
24; 0.03666666666666667
25; 0.03793103448275863
26; 0.03928571428571429
27; 0.03928571428571429
28; 0.03793103448275863
29; 0.03666666666666667
30; 0.029080678475344693
31; 0.02936476148655962
