
****Importance edges******

(0.1);3.986255018514226
(0.2);4.380769979751601
(0.3);6.010947993592764
(0.4);6.307482875538677
(0.5);3.833095972940189
(0.6);6.689346429223213
(0.7);3.992958314514231
(0.8);3.4068958837657823
(0.9);2.963740098285648
(0.10);2.7588238906177023
(0.11);2.9626312480435177
(0.12);3.275934420576357
(0.13);7.1352978711503265
(0.14);2.5344831370190035
(0.15);2.3709680471175743
(0.16);2.884926005327897
(0.17);2.123492452527678
(0.30);3.368619596836601
(0.31);8.774541256428089
(1.2);3.06930619818514
(1.3);2.086326340988751
(1.4);1.2998309632067884
(1.5);6.788834420538866
(1.6);1.2367901878687446
(1.7);5.19681099727573
(1.8);0.9612767814989037
(1.9);1.0075562982688115
(1.10);1.253540980039039
(1.11);2.0094254628807806
(1.12);2.669369621088348
(1.13);2.1845761707158324
(1.14);2.257541093797015
(1.15);1.7051497510867037
(1.16);1.7019561215664534
(1.17);0.8816687414924731
(1.18);1.0857007315080938
(1.19);2.7954850151794837
(1.20);1.4603462117824024
(1.21);2.2044090092350275
(1.22);3.510444748443987
(1.23);2.6893361898581922
(1.24);1.9897209027657579
(1.25);3.895510848561326
(1.26);3.0717599036505074
(1.27);2.795802654813163
(1.28);3.515218056776136
(1.29);2.5223023018969872
(1.30);3.4227167200059316
(1.31);4.481732808929761
(2.3);4.5393418404227965
(2.4);1.831382091658462
(2.5);4.972541537896847
(2.6);1.605523166782928
(2.7);2.1204610137928377
(2.8);0.9040564255259232
(2.9);0.8903623962717714
(2.10);0.9909719641096659
(2.11);1.3241142304329725
(2.12);4.930064400299412
(2.13);3.972719254487774
(2.14);2.4598762825149945
(2.15);2.2044649662428837
(2.16);2.791514820022508
(2.17);0.7863268593572563
(2.18);0.9366303600157957
(2.19);5.833042206435083
(2.20);1.7025682215164077
(2.21);2.6563609783574846
(2.22);4.264823903362466
(2.23);3.0862578554434204
(2.24);2.004888786144645
(2.25);2.8259795337435
(2.26);4.158133533412383
(2.27);5.187687509732408
(2.28);2.3143404797943186
(2.29);2.0012303125602733
(2.30);1.8899139627947132
(2.31);3.3552734154045556
(3.4);3.0841414443241892
(3.5);2.5632989573293656
(3.6);2.4399771462196727
(3.7);1.7489862106025635
(3.8);1.0078459128967414
(3.9);0.9485940080701459
(3.10);0.9863503603939296
(3.11);1.208495358189864
(3.12);2.795132797558235
(3.13);15.214852702881288
(3.14);1.7473137180586025
(3.15);1.7253404968972006
(3.16);2.484201240049983
(3.17);0.8176581075502869
(3.18);0.9387815027108457
(3.19);4.981663976994159
(3.20);1.493316526910093
(3.21);3.900574150280744
(3.22);6.4424602479475475
(3.23);4.424311018336979
(3.24);2.4459634050288055
(3.25);2.8669364460327187
(3.26);7.5029485254498685
(3.27);14.787222724763804
(3.28);2.2013671874630063
(3.29);2.080849857907336
(3.30);1.6085233940165236
(3.31);3.344416715783185
(4.5);1.4485345996732781
(4.6);8.654446069504385
(4.7);1.2593428872990478
(4.8);1.1209951107406562
(4.9);0.9780812764454498
(4.10);0.9185397650346985
(4.11);1.0071667668652875
(4.12);1.6126957941785929
(4.13);4.783173072389569
(4.14);1.207113073496217
(4.15);1.2445773553595596
(4.16);1.7504383249935875
(4.17);0.8346040140247456
(4.18);0.9138729032141881
(4.19);2.8520707180572766
(4.20);1.2203750706439467
(4.21);7.042685798067112
(4.22);4.9406350986125975
(4.23);5.17088463782411
(4.24);2.971695047787706
(4.25);2.368247035204
(4.26);6.835330859767268
(4.27);6.6289382868421765
(4.28);1.825435613749962
(4.29);1.9294056184172708
(4.30);1.2451891649780324
(4.31);2.2951400992597923
(5.6);1.3394769651714757
(5.7);3.174265056217142
(5.8);0.9311920707952486
(5.9);0.9540020361710486
(5.10);1.136522542557583
(5.11);1.6848885385805497
(5.12);4.317864892496753
(5.13);2.554666228928406
(5.14);3.068545080265901
(5.15);2.2447780526309566
(5.16);2.235420506187636
(5.17);0.8450366229801237
(5.18);1.028679396271222
(5.19);3.7917041017258772
(5.20);1.7361021946253579
(5.21);2.255774433660286
(5.22);3.4995889940749145
(5.23);2.665550959755805
(5.24);1.912006953680219
(5.25);3.155320360940431
(5.26);3.209170368073225
(5.27);3.294022563026582
(5.28);2.7868471817446507
(5.29);2.1890010987914486
(5.30);2.637377938497733
(5.31);3.619506855175472
(6.7);1.2375373849034679
(6.8);1.2695611847101915
(6.9);1.070615129858126
(6.10);0.9667403770889139
(6.11);1.0222299634913454
(6.12);1.4416094948980305
(6.13);3.4981822172065504
(6.14);1.1222018075324205
(6.15);1.1433049103941237
(6.16);1.5368315939399986
(6.17);0.897226889773847
(6.18);0.958076690617958
(6.19);2.412430955365174
(6.20);1.1436196272212584
(6.21);9.921044035338735
(6.22);4.654275608558749
(6.23);5.629628035738252
(6.24);3.543764148468672
(6.25);2.4157155962149077
(6.26);5.990129997358613
(6.27);4.635849469852932
(6.28);1.854778298001245
(6.29);2.0381889146567627
(6.30);1.2332528887668863
(6.31);2.2348146033610417
(7.8);1.161421613421621
(7.9);1.2754542535499376
(7.10);1.7466926078118177
(7.11);3.3923422513017214
(7.12);1.9757663594125037
(7.13);1.895052478088771
(7.14);1.8499621099946268
(7.15);1.4546351404190971
(7.16);1.4411909400633764
(7.17);1.0811745317948442
(7.18);1.330663366740091
(7.19);2.225666750699632
(7.20);1.3343912551629915
(7.21);2.1998555248733718
(7.22);3.297088757452161
(7.23);2.703410317440375
(7.24);2.210985099126392
(7.25);5.459790565979428
(7.26);2.8347887893691603
(7.27);2.3810654506414872
(7.28);6.088481317074635
(7.29);3.428378845515951
(7.30);6.784184588568734
(7.31);4.73849647971773
(8.9);4.188934691918015
(8.10);1.782747992087713
(8.11);1.2773110640907648
(8.12);0.8855112519125438
(8.13);1.2183311610491645
(8.14);0.8062924278147503
(8.15);0.7606371514430389
(8.16);0.8479570085477268
(8.17);2.198242825227118
(8.18);1.7240545466593888
(8.19);1.2331750078529253
(8.20);0.8100805703444025
(8.21);2.3146999763873124
(8.22);2.163141832977688
(8.23);2.4176545705666457
(8.24);4.0571123106516565
(8.25);2.601930474251179
(8.26);2.0478189505074544
(8.27);1.5659780461454569
(8.28);2.2970391262213004
(8.29);3.4138352281987623
(8.30);1.2979619644111526
(8.31);1.7017594829635827
(9.10);2.836228411239916
(9.11);1.5774699110424342
(9.12);0.8833416546803611
(9.13);1.1233618438331607
(9.14);0.8274157037821356
(9.15);0.7637889822210796
(9.16);0.8231255636996121
(9.17);3.3991679238000456
(9.18);2.396726344032924
(9.19);1.1877181745637686
(9.20);0.8125551614957292
(9.21);1.914093639768035
(9.22);1.9717907073085255
(9.23);2.081526711124672
(9.24);2.901994971530486
(9.25);2.7555729558272386
(9.26);1.8325588535856951
(9.27);1.4389915586194184
(9.28);2.715723054866741
(9.29);4.090146192837003
(9.30);1.4924071291277632
(9.31);1.7041593173661433
(10.11);3.0005900176007363
(10.12);0.9980121630153839
(10.13);1.1358556685734256
(10.14);0.9735396723955543
(10.15);0.8610865581301372
(10.16);0.8831361088488926
(10.17);2.3254720337019905
(10.18);2.8769215811082876
(10.19);1.2697386638905868
(10.20);0.9015783779548926
(10.21);1.6956505169114373
(10.22);1.9593970252798087
(10.23);1.9205270712568705
(10.24);2.1901053059383475
(10.25);3.266220625030899
(10.26);1.7828521921741314
(10.27);1.4476635081911011
(10.28);4.226354114443344
(10.29);4.615558402182622
(10.30);2.295484466647767
(10.31);1.9321920064449039
(11.12);1.3451136210740617
(11.13);1.3476014552926356
(11.14);1.3634323913606412
(11.15);1.127900321966006
(11.16);1.0990720538834002
(11.17);1.3875233781359337
(11.18);1.8427031435164303
(11.19);1.5914150106839127
(11.20);1.1266010729057836
(11.21);1.7620072232180841
(11.22);2.2638233337553575
(11.23);2.056435492316687
(11.24);1.9884418296590354
(11.25);3.9872680707640287
(11.26);2.02522009939401
(11.27);1.7060601120658627
(11.28);6.701629030909045
(11.29);3.751617951841411
(11.30);6.68991499196107
(11.31);2.5611430414048884
(12.13);2.755807898088397
(12.14);4.80515422766474
(12.15);4.3713885182437995
(12.16);4.522389303168965
(12.17);0.797416430588304
(12.18);0.9527374507384893
(12.19);7.777026769543697
(12.20);2.5048124555097955
(12.21);2.177856666217685
(12.22);2.97666838337867
(12.23);2.3954067198107216
(12.24);1.7389966695780972
(12.25);2.339926246472943
(12.26);2.9648439410509924
(12.27);3.7573532762195665
(12.28);2.077271045273726
(12.29);1.783849303067949
(12.30);1.8967098241315055
(12.31);2.474386853947653
(13.14);1.8167503024278557
(13.15);1.8177153849813854
(13.16);2.624279760327705
(13.17);0.9438188810707531
(13.18);1.0460271687623985
(13.19);4.835770170331007
(13.20);1.5858269052983072
(13.21);5.141830805576081
(13.22);7.710508965272156
(13.23);5.577099679718801
(13.24);2.921750127805523
(13.25);3.1198834883966353
(13.26);10.39865320392607
(13.27);26.295778585573274
(13.28);2.377858820219282
(13.29);2.3207541988185305
(13.30);1.7263330523548075
(13.31);3.5706545253323747
(14.15);5.652382496547197
(14.16);2.900720533270155
(14.17);0.769772984983058
(14.18);0.9483759958805702
(14.19);3.719236560478276
(14.20);3.105869194495742
(14.21);1.6967218008954468
(14.22);2.1972256232541776
(14.23);1.8534403475429122
(14.24);1.4631686079600112
(14.25);2.0157899297514783
(14.26);2.1470552658594277
(14.27);2.4269685629612696
(14.28);1.9198374242955174
(14.29);1.6044239985587747
(14.30);1.9489615361334065
(14.31);1.9654783677692194
(15.16);4.364384991143499
(15.17);0.7142600721046285
(15.18);0.8648645284622021
(15.19);4.434226144992233
(15.20);4.639382323116576
(15.21);1.660952660430877
(15.22);2.048921169723702
(15.23);1.760000239968916
(15.24);1.384773648809044
(15.25);1.7464259754068339
(15.26);2.0622168360883015
(15.27);2.492774639007914
(15.28);1.6218274610649048
(15.29);1.4216887826733915
(15.30);1.5249841434599425
(15.31);1.6963147719811267
(16.17);0.7509411780708914
(16.18);0.8765861820904637
(16.19);10.687004604430417
(16.20);3.0034369531389866
(16.21);2.118344812392314
(16.22);2.5506266393434194
(16.23);2.1823298754231266
(16.24);1.6244709972912725
(16.25);1.890804183418331
(16.26);2.6830836937882063
(16.27);3.798587206541109
(16.28);1.6683102937929715
(16.29);1.5260908179095882
(16.30);1.4413990398724283
(16.31);1.9016653166792563
(17.18);4.230570098151551
(17.19);1.036090763283427
(17.20);0.7685544360597713
(17.21);1.465391751863215
(17.22);1.5054099394207854
(17.23);1.5497319971243766
(17.24);1.9262303844201325
(17.25);1.9327285409858592
(17.26);1.4273853206277793
(17.27);1.1931533296481742
(17.28);2.004360358278967
(17.29);2.430407715092901
(17.30);1.2987895897965023
(17.31);1.3146844244336946
(18.19);1.1629105560935102
(18.20);0.9132835652043888
(18.21);1.4637467820713683
(18.22);1.5663833729596086
(18.23);1.56487354992357
(18.24);1.7837387547065047
(18.25);2.0449457212899143
(18.26);1.4819102235132755
(18.27);1.2805447798672909
(18.28);2.261255689253457
(18.29);2.421053719085881
(18.30);1.6490150100403267
(18.31);1.453900774381699
(19.20);2.991412735959563
(19.21);3.176337750002829
(19.22);4.060700648857515
(19.23);3.339733462214361
(19.24);2.337768470135637
(19.25);2.776803615446111
(19.26);4.308070353579964
(19.27);6.847773136968316
(19.28);2.3866280401297297
(19.29);2.173659590601137
(19.30);2.0724770453866657
(19.31);3.018330718134925
(20.21);1.542775821974219
(20.22);1.7801361822198176
(20.23);1.5966806038872245
(20.24);1.3293492830346247
(20.25);1.579709608956876
(20.26);1.7997216011160468
(20.27);2.0819370211291535
(20.28);1.501134546864103
(20.29);1.3519792746376211
(20.30);1.4262066553544526
(20.31);1.4970227732782544
(21.22);9.130087587842183
(21.23);15.873997907127555
(21.24);7.251204910260927
(21.25);4.24540440729093
(21.26);11.1951912834739
(21.27);5.865090552901876
(21.28);3.0904037311151664
(21.29);3.535795864463944
(21.30);2.030022533214457
(21.31);4.080133532894735
(22.23);16.99178738217944
(22.24);5.625737869437788
(22.25);6.369344750789782
(22.27);7.622354291095642
(22.28);4.193568885645381
(22.29);4.303436240092692
(22.30);2.751621302567163
(22.31);8.309682657411408
(23.24);7.783640709866044
(23.25);5.706599818710761
(23.26);15.922020818224196
(23.27);6.004260882169788
(23.28);3.813317348374148
(23.29);4.335660735634739
(23.30);2.3938600937436356
(23.31);5.812070863226266
(24.25);5.069641114511056
(24.26);5.290556604436473
(24.27);3.4091015200033636
(24.28);3.671621437699094
(24.29);5.174289899710716
(24.30);2.1290200417194742
(24.31);3.8010269285695895
(25.26);5.091500533123617
(25.27);3.548058856491903
(25.28);12.108145590416889
(25.29);10.558102582631168
(25.30);4.424605035373684
(26.27);9.796148608808492
(26.28);3.58561791097757
(26.29);3.716310541112956
(26.30);2.450693275603744
(26.31);6.020911823431664
(27.28);2.783964248797044
(27.29);2.7146431103455706
(27.30);2.130717757669103
(27.31);4.044785538990956
(28.29);9.481841361194626
(28.30);6.1687390957602934
(28.31);5.639395378826184
(29.30);3.474011648327477
(29.31);4.683263287511575
(30.31);3.3553276979856226

****Importance nodes******

0; 0.05789473684210527
1; 0.016183478719044558
2; 0.0167055264196589
3; 0.017244414368680152
4; 0.0178006857999279
5; 0.018374901470893313
6; 0.018967640228018903
7; 0.019579499590213063
8; 0.020211096351187674
9; 0.020863067201225986
10; 0.02153606936900747
11; 0.02223078128413674
12; 0.022947903261044376
13; 0.023688158204949034
14; 0.02445229234059255
15; 0.02524107596448263
16; 0.026055304221401423
17; 0.02689579790596276
18; 0.03666666666666667
19; 0.03666666666666667
20; 0.03666666666666667
21; 0.03666666666666667
22; 0.03793103448275863
23; 0.03666666666666667
24; 0.03666666666666667
25; 0.03793103448275863
26; 0.03793103448275863
27; 0.03666666666666667
28; 0.03666666666666667
29; 0.03666666666666667
30; 0.02776340429002607
31; 0.02834993009326919
