
****Importance edges******

(0.1);4.164092376906754
(0.2);4.574969449700857
(0.3);6.275684169070583
(0.4);6.5276938896949055
(0.5);3.998567586336691
(0.6);6.97605029854918
(0.7);4.162840124131887
(0.8);3.550755305059684
(0.9);3.087925620311951
(0.10);2.854595156421177
(0.11);3.0841556826710046
(0.12);3.409183854606042
(0.14);2.6345576021922934
(0.15);2.4637116369113783
(0.16);2.99669638492951
(0.17);2.2049600779939764
(0.30);3.496568330699328
(0.31);9.137054515143763
(1.2);3.082263496210161
(1.3);2.0951339184776407
(1.4);1.2797332267921255
(1.5);6.813255044174158
(1.6);1.2412276692092925
(1.7);5.215408572789132
(1.8);0.9647079910882014
(1.9);1.011143440101585
(1.10);1.2398893686581811
(1.11);2.015623624036235
(1.12);2.677562917398133
(1.13);2.122962294258204
(1.14);2.2621688743836272
(1.15);1.7085985066618914
(1.16);1.7053521609903581
(1.17);0.8834042151674616
(1.18);1.0873523513588477
(1.19);2.7997376406125922
(1.20);1.4625677602463174
(1.21);2.2077624615936493
(1.22);3.515687249969207
(1.23);2.693427336624162
(1.24);1.9927477613144329
(1.25);3.810281095253301
(1.26);3.0045529700832954
(1.27);2.8000557634548655
(1.28);3.5205655745163478
(1.29);2.586501876845233
(1.30);3.429362372547923
(1.31);4.52147912152399
(2.3);4.558505000194404
(2.4);1.8036109842745727
(2.5);4.990474843238765
(2.6);1.6112985141496459
(2.7);2.128069018994011
(2.8);0.9072917284166592
(2.9);0.8935404819707459
(2.10);0.9803842807454368
(2.11);1.328218705060448
(2.12);4.945271400620793
(2.13);3.8623373578368327
(2.14);2.464986592326554
(2.15);2.208983944968311
(2.16);2.79716080641909
(2.17);0.7878958757264881
(2.18);0.9380799457313458
(2.19);5.842069774856532
(2.20);1.705203218927359
(2.21);2.660472123045883
(2.22);4.2713041685000634
(2.23);3.091034334503612
(2.24);2.0079916731209044
(2.25);2.7648547873979195
(2.26);4.068194857471514
(2.27);5.195716288247252
(2.28);2.317922292901864
(2.29);2.051751571623565
(2.30);1.8936340628459767
(2.31);3.384849048158416
(3.4);3.038292831575804
(3.5);2.572567263630007
(3.6);2.448776842483037
(3.7);1.7552776196054434
(3.8);1.0114619647351972
(3.9);0.9519886954478269
(3.10);0.9760163552820063
(3.11);1.2122599453827025
(3.12);2.8037971192491598
(3.13);14.798519584164392
(3.14);1.7509921220172706
(3.15);1.7289248334478833
(3.16);2.489293655999146
(3.17);0.8193118643274933
(3.18);0.9402595094781716
(3.19);4.989507051287037
(3.20);1.4956675872219543
(3.21);3.9067151692227706
(3.22);6.452419385186358
(3.23);4.431276602561821
(3.24);2.449814301595073
(3.25);2.8056496722117634
(3.26);7.34255727927982
(3.27);14.81050355762432
(3.28);2.2048329945661975
(3.29);2.1329438331433077
(3.30);1.6117330001815322
(3.31);3.37371509300306
(4.5);1.4270007942003555
(4.6);8.528288931515492
(4.7);1.2413485625321716
(4.8);1.105300493462606
(4.9);0.9646687102011177
(4.10);0.8934873284312802
(4.11);0.993489988839985
(4.12);1.5912457152542971
(4.13);4.577194913189583
(4.14);1.1905776198370408
(4.15);1.2278551098077382
(4.16);1.7273758522499603
(4.17);0.823824283765969
(4.18);0.9041129658361686
(4.19);2.8216113056947703
(4.20);1.2073417656566892
(4.21);6.967471649447047
(4.23);5.115660864281174
(4.24);2.9399580770656617
(4.25);2.289800871364337
(4.26);6.608916352938839
(4.27);6.558142859671959
(4.28);1.805940411282371
(4.29);1.9536026961961561
(4.30);1.2294270907609788
(4.31);2.281854280741326
(5.6);1.3435586781898803
(5.7);3.1839378160634966
(5.8);0.9340296401576402
(5.9);0.9569091130614116
(5.10);1.1244738926547395
(5.11);1.6892936795314308
(5.12);4.329127147520551
(5.13);2.4856194489244885
(5.14);3.073630271047123
(5.15);2.248455691992236
(5.16);2.2390407970106727
(5.17);0.84638937334764
(5.18);1.029951589146494
(5.19);3.7963933945812034
(5.20);1.738249274513176
(5.21);2.2585642048690087
(5.22);3.5038457204729787
(5.23);2.6688475115794037
(5.24);1.9143715792698437
(5.25);3.0882812672204016
(5.26);3.140987157350153
(5.27);3.2980963609959577
(5.28);2.7902937435616164
(5.29);2.2420087144863845
(5.30);2.6415508938841272
(5.31);3.6491461151968974
(6.7);1.241308463157192
(6.8);1.2734298472927013
(6.9);1.0738775552875046
(6.10);0.9566847364617949
(6.11);1.0249089481222704
(6.12);1.4453785828084416
(6.13);3.405096310414387
(6.14);1.1240828144057928
(6.15);1.1451995944995819
(6.16);1.5393493984752429
(6.17);0.8986799596845143
(6.18);0.9592800483500145
(6.19);2.415461002407983
(6.20);1.145056029478431
(6.21);9.933505005495828
(6.22);4.660025610530324
(6.23);5.636698927339881
(6.24);3.5482151658354484
(6.25);2.365001779454113
(6.26);5.864377464429915
(6.27);4.6416721616675085
(6.28);1.8571079255018483
(6.29);2.0870848747411337
(6.30);1.2352271029644162
(6.31);2.2529710185279512
(7.8);1.1649607483546
(7.9);1.2793408737505523
(7.10);1.72887380093352
(7.11);3.4012538249242175
(7.12);1.9809443016566215
(7.13);1.8454202850270356
(7.14);1.8530982164541423
(7.15);1.4570733638108362
(7.16);1.443579280690836
(7.17);1.0829458294114975
(7.18);1.33236062710103
(7.19);2.228505587363391
(7.20);1.3360932704434754
(7.21);2.202661439333396
(7.22);3.301225613781285
(7.23);2.706858515749453
(7.24);2.2138052093519915
(7.25);5.34656804871137
(7.26);2.776002299525466
(7.27);2.3841024982578776
(7.28);6.0962471715018935
(7.29);3.509844280136767
(7.30);6.795171658401813
(7.31);4.776686563179822
(8.9);4.201699397627649
(8.10);1.7649187032594744
(8.11);1.2806745077487507
(8.12);0.8878374613956641
(8.13);1.1869350698587833
(8.14);0.8076746925154786
(8.15);0.7619266043843184
(8.16);0.8493783330819563
(8.17);2.201885751714208
(8.18);1.7262874967473962
(8.19);1.234772183677582
(8.20);0.811129765385446
(8.21);2.3176979148956964
(8.22);2.165898047921047
(8.23);2.420785853156619
(8.24);4.06236697577155
(8.25);2.548645158047269
(8.26);2.005881365554285
(8.27);1.5680062597090783
(8.28);2.300014190861216
(8.29);3.4941698014740403
(8.30);1.3000884267596984
(8.31);1.7153639353584713
(9.10);2.8084323182757385
(9.11);1.5816336205115302
(9.12);0.8856676894026739
(9.13);1.094886824887912
(9.14);0.8288500484054309
(9.15);0.7650983812833914
(9.16);0.8245209487095886
(9.17);3.404865524878121
(9.18);2.399878109845892
(9.19);1.1892800589847208
(9.20);0.8136236954923319
(9.21);1.916610729343847
(9.22);1.974341876717677
(9.23);2.0842639801262974
(9.24);2.9058111804871096
(9.25);2.6998600613546193
(9.26);1.795507699556629
(9.27);1.4408838749495232
(9.28);2.719294310760484
(9.29);4.185446230236363
(9.30);1.4948803451882595
(9.31);1.7176712661384135
(10.11);2.9711831197831686
(10.12);0.9884252591424871
(10.13);1.093862494726478
(10.14);0.963714557150991
(10.15);0.8525517725501905
(10.16);0.8745417909294497
(10.17);2.303258952530104
(10.18);2.8538369171139664
(10.19);1.2595501726195732
(10.20);0.8943440362000451
(10.21);1.6820444726272485
(10.22);1.944022663086407
(10.23);1.905116598332237
(10.24);2.1725317142799017
(10.25);3.1711242379029407
(10.26);1.7309442466545855
(10.27);1.4360473328031862
(10.28);4.192441488776518
(10.30);2.2739684581792594
(10.31);1.9262862560952945
(11.12);1.348149292894542
(11.13);1.314066467578532
(11.14);1.3653352046061848
(11.15);1.1294597518611325
(11.16);1.1005773561609087
(11.17);1.389405777162971
(11.18);1.844650711395514
(11.19);1.5930969900998617
(11.20);1.127791786705699
(11.21);1.7638695029253324
(11.22);2.266181375056749
(11.23);2.058608955646543
(11.24);1.9905434299360503
(11.25);3.9075967850049733
(11.26);1.9847533220416447
(11.27);1.707863260818138
(11.28);6.708712036917937
(11.29);3.8361466180101593
(11.30);6.698904560074699
(11.31);2.580222033275958
(12.13);2.68837993047022
(12.14);4.8119229334464855
(12.15);4.377489250503527
(12.16);4.528641938210747
(12.17);0.7985085817032798
(12.18);0.9537581585199504
(12.19);7.7853586260631955
(12.20);2.5074959666517764
(12.21);2.1801898958439496
(12.22);2.9798115467172868
(12.23);2.3979730199774467
(12.24);1.7408597299954216
(12.25);2.2937841476425818
(12.26);2.9063787982496825
(12.27);3.7613786871276433
(12.28);2.0794965132853713
(12.29);1.823606610647763
(12.30);1.899283016615162
(12.31);2.492639947560718
(13.14);1.7722988075876698
(13.15);1.7739752082222704
(13.16);2.5621909765814115
(13.17);0.9218693701601964
(13.18);1.025562679668436
(13.19);4.74116310001109
(13.20);1.5548017671589354
(13.21);5.0412359610194075
(13.22);7.56280785409063
(13.23);5.4679892292640755
(13.24);2.864588970417515
(13.25);2.996081406552483
(13.26);9.986017629613961
(13.27);25.78132763233618
(13.28);2.3313383594257697
(13.29);2.323984220375019
(13.30);1.6868801712866537
(13.31);3.511216755341494
(14.15);5.655845357600957
(14.16);2.9024976232262283
(14.17);0.7702445767218623
(14.18);0.9487958647165351
(14.19);3.7208831558498474
(14.20);3.107244237399629
(14.21);1.6974729803966078
(14.22);2.198193341726936
(14.23);1.8542609101094827
(14.24);1.4638163878520725
(14.25);1.9758088143101495
(14.26);2.1044706377807363
(14.27);2.4280430402465245
(14.28);1.9206873824430057
(14.29);1.6383359659525656
(14.30);1.9501555429089341
(14.31);1.978194099662247
(15.16);4.367058776723062
(15.17);0.7146976545554723
(15.18);0.8652492971222719
(15.19);4.43619888314498
(15.20);4.641446332983174
(15.21);1.6616915998931416
(15.22);2.049827976556071
(15.23);1.7607832446034795
(15.24);1.385389719284613
(15.25);1.712233281904194
(15.26);2.021841378321805
(15.27);2.4938836468653784
(15.28);1.6225489941588425
(15.29);1.4513665878298307
(15.30);1.5259184058176674
(15.31);1.7071429092489754
(16.17);0.7514012327400144
(16.18);0.8769780744692971
(16.19);10.691782406935868
(16.20);3.0047796893995966
(16.21);2.1192918535443184
(16.22);2.5517610094274707
(16.23);2.183305522157872
(16.24);1.6251972439701288
(16.25);1.8542705707903673
(16.26);2.63124186840148
(16.27);3.800285427899137
(16.28);1.6690561395558012
(16.29);1.5575466005494079
(16.30);1.4422820948675832
(16.31);1.9136400385916956
(17.18);4.232470706869963
(17.19);1.0365562332064109
(17.20);0.7688997137003397
(17.21);1.4660500878025478
(17.22);1.5060827350113954
(17.23);1.5504282234193205
(17.24);1.9270957548494982
(17.25);1.8958843973027082
(17.26);1.400174675816996
(17.27);1.1936893608610177
(17.28);2.005260829062668
(17.29);2.479860546218106
(17.30);1.2995852769054836
(17.31);1.32284925389091
(18.19);1.1632936328490417
(18.20);0.9135844118199826
(18.21);1.4642289579061802
(18.22);1.566899358524696
(18.23);1.5653890381347493
(18.24);1.7843263397544593
(18.25);2.010947836636623
(18.26);1.4572729862893172
(18.27);1.2809666067541603
(18.28);2.2620005741358997
(18.29);2.4636072992857394
(18.30);1.6497594677704173
(18.31);1.4614748691110169
(19.20);2.9923981433748996
(19.21);3.1773840739469774
(19.22);4.062038292601137
(19.23);3.3408336106757726
(19.24);2.338538559250429
(19.25);2.7306383563686083
(19.26);4.2364472892441105
(19.27);6.850028875986403
(19.28);2.387414224175857
(19.29);2.2118648551050417
(19.30);2.073412677595881
(19.31);3.0340547091984047
(20.21);1.5432840309274338
(20.22);1.7807225805369677
(20.23);1.5972065697253988
(20.24);1.3297871867131534
(20.25);1.5534464252880522
(20.26);1.769800646850236
(20.27);2.0826228362807115
(20.28);1.50162903867933
(20.29);1.3757422989928019
(20.30);1.426850524914657
(20.31);1.5048215120206403
(21.22);9.133095148752645
(21.23);15.879226993391942
(21.24);7.253593544568323
(21.25);4.174823184599791
(21.26);11.009067604021421
(21.27);5.867022584430984
(21.28);3.0914217473575984
(21.29);3.5979426775241694
(21.30);2.030938999079175
(21.31);4.101388984732259
(22.23);16.997384681771347
(22.24);5.6275910553076764
(22.25);6.26525217490139
(22.26);24.734796646113086
(22.27);7.62486518648312
(22.28);4.194950297787866
(22.29);4.377817468338442
(22.30);2.7528570752980985
(22.31);8.352198376819121
(23.24);7.786204734944102
(23.25);5.611725749252995
(23.26);15.657312067478555
(23.27);6.006238758082992
(23.28);3.8145735010764974
(23.29);4.411866350313487
(23.30);2.3949408162602244
(23.31);5.842348840972241
(24.25);4.985356689721526
(24.26);5.202599388107091
(24.27);3.410224519139211
(24.28);3.672830914060387
(24.29);5.265235655473539
(24.30);2.129981200603975
(24.31);3.82082837481197
(25.26);4.923405143615772
(25.27);3.489071229343534
(25.28);11.906843750048925
(25.29);10.56158054889498
(25.30);4.3414073050074
(25.31);9.897369819544643
(26.27);9.633284466752588
(26.28);3.526005852388896
(26.29);3.717534738603621
(26.30);2.4046118476064255
(26.31);5.9368252255500815
(27.28);2.7848813201800127
(27.29);2.762356955932483
(27.30);2.1316796829976665
(27.31);4.065856845487178
(28.29);9.648498669797542
(28.30);6.1715240100738615
(28.31);5.668773803797084
(29.30);3.5437760477713334
(29.31);4.7987654494263605
(30.31);3.3758755035026833

****Importance nodes******

0; 0.061111111111111116
1; 0.01624644666913855
2; 0.01677052559394947
3; 0.01731151029052849
4; 0.01720124316047177
5; 0.01842482491798011
6; 0.01901917410888269
7; 0.019632695854330518
8; 0.020266008623825053
9; 0.020919750837496826
10; 0.021050033077237996
11; 0.022273614834746335
12; 0.02299211853909299
13; 0.022487889404662155
14; 0.024459215569536702
15; 0.025248222523392726
16; 0.026062681314469906
17; 0.026903412969775387
18; 0.03666666666666667
19; 0.03666666666666667
20; 0.03666666666666667
21; 0.03666666666666667
22; 0.03793103448275863
23; 0.03666666666666667
24; 0.03666666666666667
25; 0.03666666666666667
26; 0.03666666666666667
27; 0.03666666666666667
28; 0.03666666666666667
29; 0.03793103448275863
30; 0.027771265001058462
31; 0.02866711225915712
