
****Importance edges******

(0.1);3.997829600728534
(0.2);4.393308111666624
(0.3);6.02789772764304
(0.4);6.324997522683484
(0.5);3.8435720900763037
(0.6);6.707331464703344
(0.7);4.003513410584684
(0.8);3.4157454027773286
(0.9);2.9713003824191366
(0.10);2.7657309410789184
(0.11);2.9699063548753823
(0.12);3.283819406439739
(0.13);7.152119970210425
(0.14);2.540331644269464
(0.15);2.376319108575818
(0.16);2.8912890279253847
(0.17);2.1280657954494875
(0.30);3.3756976126616562
(0.31);8.824020910376271
(1.2);3.0599992016863906
(1.3);2.0800000148756017
(1.4);1.295889511477181
(1.5);6.768248772153606
(1.6);1.2330398934357587
(1.7);5.181052810039505
(1.8);0.9583619209206304
(1.9);1.004501105226871
(1.10);1.2497398925101504
(1.11);2.0033323217798418
(1.12);2.661275344364824
(1.13);2.1779519235865865
(1.14);2.250695596574165
(1.15);1.6999792592105294
(1.16);1.6967953136699296
(1.17);0.8789952747999094
(1.18);1.0881296047159004
(1.19);2.8017389288585903
(1.20);1.4636132223728744
(1.21);2.2093405984162753
(1.22);3.4360942532756162
(1.23);2.69535263290623
(1.24);1.994172202881424
(1.25);3.8130047328753642
(1.26);3.0067006629443274
(1.27);2.8020572790991367
(1.28);3.52308211978164
(1.29);2.5279450654185305
(1.30);3.4123380837694626
(1.31);4.499152455783774
(2.3);4.525577283911484
(2.4);1.8258288279518247
(2.5);4.957463398508064
(2.6);1.600654770628531
(2.7);2.114031181786251
(2.8);0.9013150731017121
(2.9);0.8876625679817105
(2.10);0.9879670594162919
(2.11);1.3200991450322814
(2.12);4.9151150634951115
(2.13);3.960672856440589
(2.14);2.452417248299946
(2.15);2.1977804107122005
(2.16);2.7830501648272983
(2.17);0.7839424959688013
(2.18);0.938677465232757
(2.19);5.8457909402379755
(2.20);1.7062893653499687
(2.21);2.6621667376506557
(2.22);4.175235325126292
(2.23);3.093003200060116
(2.24);2.0092706837093095
(2.25);2.766615889595613
(2.26);4.070786135298037
(2.27);5.199025752243529
(2.28);2.319398716930612
(2.29);2.005604214142018
(2.30);1.884183214052516
(2.31);3.368045735645095
(3.4);3.0747894632018933
(3.5);2.5555263165823403
(3.6);2.4325784517621685
(3.7);1.7436827942969295
(3.8);1.0047898416620908
(3.9);0.9457176052149784
(3.10);0.9833594696981253
(3.11);1.2048308616094712
(3.12);2.786657171641279
(3.13);15.168717005856852
(3.14);1.742015373219041
(3.15);1.7201087810217148
(3.16);2.476668445747152
(3.17);0.8151787390374144
(3.18);0.9407843451748364
(3.19);4.992292103055063
(3.20);1.4965024415703605
(3.21);3.908895826325242
(3.22);6.308258351148436
(3.23);4.433750060282138
(3.24);2.4511817432244487
(3.25);2.807215734650345
(3.26);7.346655760737466
(3.27);14.818770510390303
(3.28);2.206063692101365
(3.29);2.0852892449687253
(3.30);1.603645900332407
(3.31);3.356877377711718
(4.5);1.4441422368469667
(4.6);8.628203363802648
(4.7);1.2555242067614893
(4.8);1.1175959394305577
(4.9);0.9751154599294071
(4.10);0.9157544950664578
(4.11);1.00411275499172
(4.12);1.607805648607961
(4.13);4.768669151254569
(4.14);1.20345276839037
(4.15);1.2408034480525585
(4.16);1.7451305054701964
(4.17);0.8320732607747233
(4.18);0.915774391032401
(4.19);2.8580049980955557
(4.20);1.2229142949959533
(4.21);7.0573394563662335
(4.22);4.838595202219272
(4.23);5.181643654875197
(4.24);2.977878229182995
(4.25);2.319335169161944
(4.26);6.6941594437805625
(4.27);6.6427310641045105
(4.28);1.8292337825875213
(4.29);1.9334201167866927
(4.30);1.2414134024928218
(4.31);2.303504398351149
(5.6);1.3354152956539875
(5.7);3.1646397950484184
(5.8);0.9283684354904106
(5.9);0.9511092346591976
(5.10);1.133076287722993
(5.11);1.6797794843784553
(5.12);4.304771916155619
(5.13);2.5469197650330258
(5.14);3.0592403916899693
(5.15);2.2379712565254857
(5.16);2.2286420847852284
(5.17);0.8424742351362386
(5.18);1.0307648906676306
(5.19);3.7993912175421873
(5.20);1.7396218834726391
(5.21);2.2603476806389002
(5.22);3.4279401806965772
(5.23);2.670954967661536
(5.24);1.915883263249797
(5.25);3.0907199292689826
(5.26);3.1434674386176047
(5.27);3.300700703584016
(5.28);2.792497099690167
(5.29);2.19343897277027
(5.30);2.629380669520793
(5.31);3.632400628528428
(6.7);1.2337848247596874
(6.8);1.2657115194314286
(6.9);1.0673687247679498
(6.10);0.9638089493577588
(6.11);1.0191302757844767
(6.12);1.4372381309300066
(6.13);3.4875747484350152
(6.14);1.1187989771794993
(6.15);1.1398380895196432
(6.16);1.532171489883771
(6.17);0.8945062464158638
(6.18);0.9599674021656642
(6.19);2.417191754902433
(6.20);1.1458764975287659
(6.21);9.940622668976944
(6.22);4.5598319746717575
(6.23);5.640737796408449
(6.24);3.5507575717128335
(6.25);2.3666963763551143
(6.26);5.868579472210144
(6.27);4.644998063292174
(6.28);1.8584386007523788
(6.29);2.042211168151796
(6.30);1.2295133204160285
(6.31);2.242591069823174
(7.8);1.1578998576267518
(7.9);1.2715867188350487
(7.10);1.7413961463525773
(7.11);3.3820557189661424
(7.12);1.9697752821455075
(7.13);1.8893061479282458
(7.14);1.8443525064657513
(7.15);1.4502242790437014
(7.16);1.4368208452709017
(7.17);1.0778961076389548
(7.18);1.3332168983014077
(7.19);2.229937786060595
(7.20);1.336951940510144
(7.21);2.2040770287138685
(7.22);3.2307903184024696
(7.23);2.7085981385988442
(7.24);2.215227960524201
(7.25);5.350004139622382
(7.26);2.777786359165864
(7.27);2.385634694771706
(7.28);6.100165060380597
(7.29);3.434957875047382
(7.30);6.763613039777019
(7.31);4.7545910729996645
(8.9);4.176232668074901
(8.10);1.7773422005996162
(8.11);1.273437899005986
(8.12);0.8828261336516071
(8.13);1.214636839558234
(8.14);0.8038475232278188
(8.15);0.758330686447958
(8.16);0.8453857652764266
(8.17);2.1915771369716133
(8.18);1.72726820194156
(8.19);1.235473658661571
(8.20);0.811590568800609
(8.21);2.3190146007825625
(8.22);2.120046249781303
(8.23);2.4221611033768875
(8.24);4.064674809432654
(8.25);2.550093045232507
(8.26);2.0070209082305666
(8.27);1.5688970452162871
(8.28);2.3013208306114765
(8.29);3.420198651928493
(8.30);1.2940261800096398
(8.31);1.707397320391244
(9.10);2.827628171906131
(9.11);1.5726865802207537
(9.12);0.8806631152462144
(9.13);1.1199554959251008
(9.14);0.8249067475031355
(9.15);0.7614729599918484
(9.16);0.8206296163275603
(9.17);3.3888606941127075
(9.18);2.4010608756653085
(9.19);1.189866188670937
(9.20);0.8140246851479931
(9.21);1.9175553196755373
(9.22);1.9328766649053357
(9.23);2.0852911973771326
(9.24);2.907243292446404
(9.25);2.701190671515476
(9.26);1.7963926049719592
(9.27);1.4415940060974541
(9.28);2.7206344989769216
(9.29);4.097543311034526
(9.30);1.4878817324978302
(9.31);1.7096618516736066
(10.11);2.991491387817724
(10.12);0.9949859104660669
(10.13);1.1324114358876323
(10.14);0.9705876272956758
(10.15);0.8584755023852344
(10.16);0.8804581926873067
(10.17);2.3184205508331908
(10.18);2.88196352194925
(10.19);1.2719639408216152
(10.20);0.9031584366102934
(10.21);1.6986222244648703
(10.22);1.9210979669130117
(10.23);1.923892885584355
(10.24);2.1939435688442708
(10.25);3.202377936314441
(10.26);1.748003940754694
(10.27);1.4502006068085433
(10.28);4.233760999482516
(10.29);4.623647386103709
(10.30);2.2885239144856344
(10.31);1.9382676233918048
(11.12);1.3410348596363277
(11.13);1.3435151500443896
(11.14);1.3592980822779641
(11.15);1.1244802121204382
(11.16);1.0957393594251497
(11.17);1.3833160184303825
(11.18);1.8458285685553029
(11.19);1.5941142237064387
(11.20);1.1285119109126922
(11.21);1.7649957791954791
(11.22);2.2200055508724397
(11.23);2.059923430675683
(11.24);1.991814443367665
(11.25);3.9100918865558274
(11.26);1.9860206383397059
(11.27);1.7089537756550495
(11.28);6.712995722960413
(11.29);3.7579811041072695
(11.30);6.6696292950032605
(11.31);2.5689790674392725
(12.13);2.7474515162865747
(12.14);4.79058365350721
(12.15);4.358133243270575
(12.16);4.508676151501184
(12.17);0.7949984405122671
(12.18);0.9542992061374662
(12.19);7.789775101768813
(12.20);2.50891841814702
(12.21);2.181426673257952
(12.22);2.9196253739851667
(12.23);2.399333341331173
(12.24);1.7418472843360362
(12.25);2.295085364766746
(12.26);2.9080275278677146
(12.27);3.7635124408041545
(12.28);2.080676169390113
(12.29);1.786773441588869
(12.30);1.890958468433344
(12.31);2.481746719490652
(13.14);1.8112414064064042
(13.15);1.8122035625591886
(13.16);2.6163222086974534
(13.17);0.9409569577387724
(13.18);1.047681913937803
(13.19);4.843420036030182
(13.20);1.5883355776339156
(13.21);5.149964838775563
(13.22);7.564243810369596
(13.23);5.585922279229943
(13.24);2.9263721415276365
(13.25);3.060700593497794
(13.26);10.201395068503285
(13.27);26.337376752473144
(13.28);2.381620434188837
(13.29);2.32442547708785
(13.30);1.721098326773032
(13.31);3.5809700501763344
(14.15);5.635242888861245
(14.16);2.8919247357498694
(14.17);0.7674388175805664
(14.18);0.9498215527651176
(14.19);3.7249055863062317
(14.20);3.1106032984968017
(14.21);1.6993080197486234
(14.22);2.1559740992445224
(14.23);1.8562654437770292
(14.24);1.4653988346461335
(14.25);1.9779447463504176
(14.26);2.1067456586382622
(14.27);2.430667856416617
(14.28);1.9227637259079131
(14.29);1.6068695329954583
(14.30);1.9430517386020572
(14.31);1.9709881596970389
(15.16);4.351150952827028
(15.17);0.7120942354102626
(15.18);0.8661325829312425
(15.19);4.440727556594685
(15.20);4.64618453235838
(15.21);1.6633879302039003
(15.22);2.010856703879246
(15.23);1.7625807321689753
(15.24);1.3868039880774428
(15.25);1.713981207461121
(15.26);2.023905365895561
(15.27);2.496429516641669
(15.28);1.6242053659185962
(15.29);1.4237732464883883
(15.30);1.5203599641935592
(15.31);1.700924323662162
(16.17);0.7486641139841591
(16.18);0.877820232634285
(16.19);10.702049678278684
(16.20);3.007665166041586
(16.21);2.121327000135109
(16.22);2.50374614341541
(16.23);2.1854021407914233
(16.24);1.6267579136933183
(16.25);1.8560512186158367
(16.26);2.63376863832657
(16.27);3.8039348251823317
(16.28);1.670658926782381
(16.29);1.5282392355349623
(16.30);1.4370283140630176
(16.31);1.9066692488014194
(17.18);4.236277475198858
(17.19);1.0374885324975278
(17.20);0.7695912773946755
(17.21);1.467368682408238
(17.22);1.4780400735641752
(17.23);1.5518227093982917
(17.24);1.9288290230973806
(17.25);1.8975895934348832
(17.26);1.4014340207670197
(17.27);1.1947629888122022
(17.28);2.00706440053284
(17.29);2.433686529268508
(17.30);1.2948512958028973
(17.31);1.3180305294249006
(18.19);1.1682168040209842
(18.20);0.9174507894158029
(18.21);1.4704257164812546
(18.22);1.5468606175189408
(18.23);1.5720139159538988
(18.24);1.7918777814104254
(18.25);2.0194583623869975
(18.26);1.463440306519704
(18.27);1.2863877813334004
(18.28);2.271573579354048
(18.29);2.4321007520772726
(18.30);1.6511423731457326
(18.31);1.462610149762146
(19.20);3.00506226175261
(19.21);3.190831070675338
(19.22);4.0100897530487725
(19.23);3.3549723416529664
(19.24);2.3484354806245964
(19.25);2.742194682009409
(19.26);4.254376343935813
(19.27);6.879018860747719
(19.28);2.3975179920914105
(19.29);2.1835777882107683
(19.30);2.075150708862324
(19.31);3.036411577372207
(20.21);1.5498153582180103
(20.22);1.7579493000449278
(20.23);1.60396610241574
(20.24);1.3354149747088728
(20.25);1.5600207608145045
(20.26);1.777290614368857
(20.27);2.0914366975622305
(20.28);1.5079840780136997
(20.29);1.3581482247657657
(20.30);1.4280465776115652
(20.31);1.5059904645507916
(21.22);9.016293946894288
(21.23);15.946429417920934
(21.24);7.284291454041228
(21.25);4.192491440120146
(21.26);11.055659042956181
(21.27);5.891852391486717
(21.28);3.104504943205264
(21.29);3.551929357602752
(21.30);2.0326414269261632
(21.31);4.104574963263626
(22.23);16.780008761894845
(22.24);5.55562099607567
(22.25);6.185127203896996
(22.26);24.418468618326948
(22.27);7.52735241526111
(22.28);4.141301975008199
(22.29);4.2497999881251465
(22.30);2.702144563469658
(22.31);8.199996491936997
(23.24);7.819156706490644
(23.25);5.635475115409074
(23.26);15.723575326576713
(23.27);6.031657741451083
(23.28);3.830717145091604
(23.29);4.355443934499125
(23.30);2.3969483674172696
(23.31);5.8468872054261825
(24.25);5.006455201433118
(24.26);5.224617291930706
(24.27);3.4246569191527474
(24.28);3.6883746897374157
(24.29);5.197899682004481
(24.30);2.13176665024629
(24.31);3.823796412522976
(25.26);4.944241470392081
(25.27);3.5038373162609773
(25.28);11.957234664469642
(25.29);10.426510752561668
(25.30);4.3450464752111895
(25.31);9.905058143641542
(26.27);9.67405345837999
(26.28);3.54092825020351
(26.29);3.6699919813732422
(26.30);2.406627505473264
(26.31);5.941436979710317
(27.28);2.796667207290228
(27.29);2.7270297632163563
(27.30);2.1334665563871864
(27.31);4.069015222483253
(28.29);9.525106082464756
(28.30);6.17669726950601
(28.31);5.673177334334009
(29.30);3.4784934051116205
(29.31);4.711317676569694
(30.31);3.3635782490459993

****Importance nodes******

0; 0.05789473684210527
1; 0.01606112054329372
2; 0.016579221205980616
3; 0.017114034793270314
4; 0.0176661004317629
5; 0.018235974639239125
6; 0.01882423188566619
7; 0.019431465172300585
8; 0.020058286629471574
9; 0.020705328133648074
10; 0.021373241944410912
11; 0.022062701361972553
12; 0.02277440140590715
13; 0.023509059515775123
14; 0.024267416274348513
15; 0.025050236154166208
16; 0.025858308288171566
17; 0.02669244726520936
18; 0.03666666666666667
19; 0.03666666666666667
20; 0.03666666666666667
21; 0.03666666666666667
22; 0.03666666666666667
23; 0.03666666666666667
24; 0.03666666666666667
25; 0.03666666666666667
26; 0.03666666666666667
27; 0.03666666666666667
28; 0.03666666666666667
29; 0.03666666666666667
30; 0.027553493951183852
31; 0.028442316336705912
