
****Mix criterion 0.5*C(weight)+0.5*C(distance) ******

(0.1);0.5165140652409562
(0.2);0.5383007777138192
(0.3);0.617111020122865
(0.4);0.6326908748661313
(0.5);0.5038187654848517
(0.6);0.6447371330892593
(0.7);0.5118188231360266
(0.8);0.47220135728341783
(0.9);0.43639574067374687
(0.10);0.4166780490535508
(0.11);0.43353077413330543
(0.12);0.4575598113003478
(0.14);0.3874500811490305
(0.15);0.36694339438166557
(0.16);0.4185289262563249
(0.17);0.3301293481644483
(0.30);0.45586653852397985
(0.31);0.7212661691137232
(1.2);0.5352324123130897
(1.3);0.47448021947632024
(1.4);0.39407235712159117
(1.5);0.6835244512246978
(1.6);0.37779496873148755
(1.7);0.6235943444345732
(1.8);0.31574406890186874
(1.9);0.32337356102140447
(1.10);0.36887347324720005
(1.11);0.4546375347737804
(1.12);0.500516722413068
(1.13);0.46206675659640883
(1.14);0.46862913908717235
(1.15);0.41574431388255745
(1.16);0.4124580697478072
(1.17);0.25094388445480187
(1.18);0.24389894007186824
(1.19);0.4774124850909359
(1.20);0.3295970643118068
(1.21);0.42658317507672594
(1.22);0.5184870210932937
(1.23);0.46747648454752977
(1.24);0.4030347270960088
(1.25);0.5366643717727085
(1.26);0.4916410300846153
(1.27);0.4774354540707184
(1.28);0.5208034633712618
(1.29);0.45267554668406573
(1.30);0.5342260780499211
(1.31);0.5847106155493902
(2.3);0.5994805881918559
(2.4);0.45259144986644806
(2.5);0.6155915705278672
(2.6);0.4244371010867356
(2.7);0.4694562722133396
(2.8);0.2971197952551769
(2.9);0.28899150933835027
(2.10);0.3125448598905689
(2.11);0.37495787230265276
(2.12);0.6086861901958334
(2.13);0.5614153280757368
(2.14);0.48213010734806333
(2.15);0.4611516704837064
(2.16);0.5001353154769654
(2.17);0.21067063401820854
(2.18);0.18997811260419956
(2.19);0.6329095039849192
(2.20);0.36580391863026385
(2.21);0.4638223222817932
(2.22);0.5576248599229119
(2.23);0.49393041869395615
(2.24);0.40315810962249654
(2.25);0.47159731080373696
(2.26);0.552324545423336
(2.27);0.6054216133805028
(2.28);0.4354544134268829
(2.29);0.40275681771787913
(2.30);0.4258344543270887
(2.31);0.5295070445070726
(3.4);0.5354056025267107
(3.5);0.5015086704489617
(3.6);0.4923004944036884
(3.7);0.43551784080748734
(3.8);0.32114377663182325
(3.9);0.3022594017246973
(3.10);0.30828344060783475
(3.11);0.35289082769733837
(3.12);0.5060330311824048
(3.13);0.9406827162377568
(3.14);0.4194985028216864
(3.15);0.4145036107105561
(3.16);0.478623054345252
(3.17);0.2199462194472284
(3.18);0.1874139642543465
(3.19);0.5955910622743815
(3.20);0.3311513435831511
(3.21);0.5400852405918107
(3.22);0.65116368597039
(3.23);0.5662234202410286
(3.24);0.4439034959658346
(3.25);0.4733932150412818
(3.26);0.6916214990119818
(3.27);0.9530138867130132
(3.28);0.4234220631893121
(3.29);0.4097339555820104
(3.30);0.3918474640797224
(3.31);0.527998494046722
(4.5);0.40546619776539305
(4.7);0.3726533364034597
(4.8);0.344239221188462
(4.9);0.30778792719951836
(4.10);0.2871983188423051
(4.11);0.30746841971599503
(4.12);0.40892753168143486
(4.13);0.5987284500903589
(4.14);0.3406566085769873
(4.15);0.34421721810052447
(4.17);0.22362357891622622
(4.18);0.17437882977933422
(4.19);0.4800232250245232
(4.20);0.2729572687129814
(4.21);0.6796902596867233
(4.22);0.5913091535353882
(4.23);0.6030738129148793
(4.24);0.4841808157769616
(4.25);0.43428344007284386
(4.26);0.6706240235101562
(4.27);0.6685656515504526
(4.28);0.38113554030267977
(4.29);0.39266521264264453
(4.30);0.3327996531799285
(4.31);0.4602490503833939
(5.6);0.38412106776677374
(5.7);0.5316975764534391
(5.8);0.2945847000873059
(5.9);0.29703871628548745
(5.10);0.3367925951181293
(5.11);0.4163261172361384
(5.12);0.581014132592259
(5.13);0.4835052220292406
(5.14);0.5169417150006236
(5.15);0.4601995364062611
(5.16);0.4571084520785357
(5.17);0.22315256178834442
(5.18);0.2135012138928014
(5.19);0.5354513287245672
(5.20);0.364786151926519
(5.21);0.4257054532667335
(5.22);0.5142000610098743
(5.23);0.46085161045163414
(5.24);0.38751676557483705
(5.25);0.49065787619385254
(5.26);0.49643085848715973
(5.27);0.5064366189440674
(5.28);0.4699974093503523
(5.29);0.4176619190559936
(5.30);0.48342003048250204
(5.31);0.5408246273965726
(6.7);0.36241957176590694
(6.8);0.36505367835585945
(6.9);0.3229153191298932
(6.10);0.29309329917245214
(6.11);0.3038579440724987
(6.12);0.38054241240766434
(6.13);0.5360785822994147
(6.14);0.31606135952777714
(6.15);0.31685792164511994
(6.16);0.38202620795139425
(6.17);0.23868503265518046
(6.18);0.1842283390263623
(6.19);0.44035559260688917
(6.20);0.24591699910462575
(6.21);0.7777742815197993
(6.22);0.5734032227276012
(6.23);0.6177943064821532
(6.24);0.5153674464612692
(6.25);0.43406855125817606
(6.26);0.6315321809854637
(6.27);0.5774637152771093
(6.28);0.37987392463509545
(6.29);0.4002636385152287
(6.30);0.3240506402651597
(6.31);0.45046432743158016
(7.8);0.3424206187514494
(7.9);0.36043674580226015
(7.10);0.4214358860797366
(7.11);0.5364423201375255
(7.12);0.4400123536428651
(7.13);0.4277244739032219
(7.14);0.42311103679601275
(7.15);0.3710613841165625
(7.16);0.3656423090214736
(7.17);0.2904649286845328
(7.18);0.2895749249529524
(7.19);0.42120624700366655
(7.20);0.29039118006010106
(7.21);0.41700814642902984
(7.22);0.49979419882668974
(7.23);0.46110629060355196
(7.24);0.41661431952061095
(7.25);0.6048337140736691
(7.26);0.46837778025613525
(7.27);0.4359962456865786
(7.28);0.6360116708077278
(7.29);0.5076524568044606
(7.30);0.6725964826962889
(7.31);0.5918371379160543
(8.9);0.575645864793848
(8.10);0.4232541809217035
(8.11);0.3518952005639813
(8.12);0.2518197974035468
(8.13);0.33267596163942287
(8.14);0.2116383377827552
(8.15);0.1855185066472584
(8.16);0.2175461696314313
(8.17);0.4474193236988715
(8.18);0.35680541717950426
(8.19);0.26540949373316114
(8.20);0.10752030154777713
(8.21);0.42652655715512866
(8.22);0.40812059831522274
(8.23);0.4359746575109511
(8.24);0.5411548633196221
(8.25);0.4469940442730484
(8.26);0.39550443771095994
(8.27);0.33434833422442445
(8.28);0.4248498049223097
(8.29);0.5057152127266303
(8.30);0.33134655642538186
(8.31);0.39200485106093946
(9.10);0.5041752763714736
(9.11);0.394743973007135
(9.12);0.24689610761117126
(9.13);0.30930993510292676
(9.14);0.21584411513175217
(9.15);0.18218127866606257
(9.16);0.20297300149095004
(9.17);0.5267410006672313
(9.18);0.4308811349705277
(9.19);0.25018575189629516
(9.20);0.1041037749675951
(9.21);0.3813705400821232
(9.22);0.3846445150440643
(9.23);0.4009907871111675
(9.24);0.47122898777936717
(9.25);0.45772584924206106
(9.26);0.36680965799358767
(9.27);0.30851766189612734
(9.28);0.45924081453688614
(9.29);0.5419230330764263
(9.30);0.3622145422103249
(9.31);0.3901386728634093
(10.11);0.5113765208349923
(10.12);0.2789280094893818
(10.13);0.3088217706175434
(10.14);0.2630347646772679
(10.15);0.21941016002115363
(10.16);0.22245648391333125
(10.17);0.45481155662659034
(10.18);0.4680626711501787
(10.19);0.26825221852317077
(10.20);0.14395905732116468
(10.21);0.3491463057514124
(10.22);0.3810913775187882
(10.23);0.38008677593977286
(10.24);0.4092688071404557
(10.25);0.49201982626185864
(10.26);0.35768786324184526
(10.27);0.30744327890408796
(10.28);0.5506668134991675
(10.29);0.5667314476604096
(10.30);0.4501928097645557
(10.31);0.41463001808442995
(11.12);0.35198162960148477
(11.13);0.3477197516069321
(11.14);0.34881292391097624
(11.15);0.2970129417711758
(11.16);0.28554330558072116
(11.17);0.34295523126153327
(11.18);0.3665968438887023
(11.19);0.33102957358288776
(11.20);0.2238513259242443
(11.21);0.3565659425131658
(11.22);0.41307714069201706
(11.23);0.39424411964067196
(11.24);0.38499597760324317
(11.25);0.5327115027166429
(11.26);0.38697950520773083
(11.27);0.349486734654321
(11.28);0.6578965996684021
(11.29);0.5218765562581691
(11.30);0.6668652722805366
(11.31);0.4687669592473554
(12.13);0.4873007398206106
(12.14);0.5944290283047141
(12.15);0.5742989426933631
(12.16);0.5795786758658603
(12.17);0.1710931931577458
(12.18);0.15733961634815466
(12.19);0.7036491899543384
(12.20);0.4354618704420701
(12.21);0.40558408191460815
(12.22);0.4718397955088771
(12.23);0.42718198495583887
(12.24);0.3496444289554182
(12.25);0.4171994916154892
(12.26);0.47098392802709205
(12.27);0.52609593770968
(12.28);0.3945518278951099
(12.29);0.356145278176184
(12.30);0.40795254070573733
(12.31);0.46047236087176424
(13.14);0.4047799981929559
(13.15);0.40246403810975173
(13.16);0.4716336909337199
(13.17);0.22511267148984554
(13.18);0.18824176407865145
(13.19);0.5764142574112378
(13.20);0.3210809769096018
(13.21);0.5868604034006875
(13.22);0.687699295450303
(13.23);0.6055648199549893
(13.24);0.46436120486634147
(13.25);0.47569230197962303
(13.26);0.7819780661503615
(13.28);0.421565661109349
(13.29);0.41463893270271246
(13.30);0.38345401778889365
(13.31);0.5261088017199191
(14.15);0.626803237153256
(14.16);0.49173208746025876
(14.17);0.14643385861658276
(14.18);0.14605360575542922
(14.19);0.5213307045419001
(14.20);0.4783764178293174
(14.21);0.3390407051177968
(14.22);0.4001232407872045
(14.23);0.36205412862088865
(14.24);0.29662978086659175
(14.25);0.37791786939568217
(14.26);0.39460704502377125
(14.27);0.42797116299281657
(14.28);0.370912849131784
(14.29);0.32282540453888947
(14.30);0.4092119782667237
(14.31);0.40967234782955125
(15.16);0.5693366638845343
(15.17);0.109100422443947
(15.18);0.101086740864319
(15.19);0.5588586422054862
(15.20);0.5631364354582817
(15.21);0.33048472278745056
(15.22);0.38096788217054706
(15.23);0.3460551173751951
(15.24);0.2767910730254851
(15.25);0.33860671367666845
(15.26);0.3825662110957715
(15.27);0.4321234291823133
(15.28);0.3239146121429766
(15.29);0.2848243409719258
(15.30);0.35087575600040466
(15.31);0.37444812018825263
(16.17);0.12421470334975807
(16.18);0.10154463601491558
(16.20);0.4678501831862774
(16.21);0.3901762131841052
(16.22);0.4306238879400007
(16.23);0.39733489394364685
(16.24);0.32025060126254845
(16.25);0.35674797862055263
(16.26);0.4421259373809674
(16.27);0.5229971832267796
(16.28);0.3286440963762129
(16.29);0.3024430758681049
(16.30);0.33351130695919173
(16.31);0.3975914528644216
(17.18);0.540641545363306
(17.19);0.16847160785716747
(17.20);0.03202400709232223
(17.21);0.2880741399518234
(17.22);0.2912237462865774
(17.23);0.3047468474625611
(17.24);0.3630268487232389
(17.25);0.3599832258600556
(17.26);0.27478687602468177
(17.27);0.22149314654509597
(17.28);0.3742817505373994
(17.29);0.4192012632592209
(17.30);0.30232772812877295
(17.31);0.3034086837436111
(18.19);0.14386847289692636
(18.20);0.02770712040306579
(18.21);0.23320428464699797
(18.22);0.251830580483576
(18.23);0.2564853684670385
(18.24);0.29811147809251853
(18.25);0.33488578113417183
(18.26);0.23231701274817262
(18.27);0.1836364209911902
(18.28);0.36784188229938297
(18.29);0.38483584589262393
(18.30);0.3184232927168834
(18.31);0.27908697407355076
(19.20);0.4413423619060035
(19.21);0.45770164458255747
(19.22);0.515361441141912
(19.23);0.469954814445767
(19.24);0.378122619657296
(19.25);0.41991493770665267
(19.26);0.5298343081021459
(19.27);0.6559000731445092
(19.29);0.35821876248473317
(19.30);0.38144161725873993
(19.31);0.468847340718985
(20.21);0.2516237626735274
(20.22);0.29404207276065947
(20.23);0.26327996544832144
(20.24);0.1968214066585538
(20.25);0.2538735740705023
(20.26);0.29748674404069486
(20.27);0.34608139332075066
(20.28);0.2421280557351201
(20.29);0.2032577096489378
(20.30);0.27529664409886817
(20.31);0.28807490303412947
(21.22);0.7358336900321668
(21.23);0.9694221187912246
(21.24);0.6608032313283421
(21.26);0.8100692278841105
(21.27);0.6094982600131462
(21.28);0.4492269913584417
(21.29);0.47996865263807215
(21.30);0.37492554586917015
(21.31);0.533669673623215
(22.24);0.5912015453459821
(22.25);0.6225159112707762
(22.27);0.6826219339556259
(22.28);0.5209211316950806
(22.29);0.5249863900422305
(22.30);0.44432914274760055
(22.31);0.714227016287232
(23.24);0.681542453874009
(23.25);0.5946596806654223
(23.26);0.9708240371942656
(23.27);0.6157486072186891
(23.28);0.49992683957534056
(23.29);0.5284791152724382
(23.30);0.41499293345683413
(23.31);0.6163913566887598
(24.25);0.5621741809170839
(24.26);0.5756170337311396
(24.27);0.4731697099037294
(24.28);0.48893797289196717
(24.29);0.568723712943834
(24.30);0.3855305586051429
(24.31);0.5156898602026804
(25.26);0.5644427206915755
(25.27);0.4804977570756287
(25.28);0.8351965416536011
(25.29);0.7763132294930983
(25.30);0.5476517756318804
(25.31);0.7705681695770339
(26.28);0.48304860656834386
(26.29);0.4897977100330229
(26.30);0.41747223166226216
(26.31);0.6241402043669544
(27.28);0.42490542051577057
(27.29);0.4170825033632655
(27.30);0.38835368496133627
(27.31);0.5342864573451648
(28.29);0.744457814092715
(28.30);0.631112888616819
(28.31);0.6089219876650299
(29.30);0.4964942592301256
(29.31);0.56208268012441
(30.31);0.5106995347010408
