
****Importance edges******

(0.1);4.150151818652341
(0.2);4.559909229121096
(0.3);6.255382804491788
(0.4);6.553463751995509
(0.5);3.9870050787358897
(0.6);6.96005664717193
(0.7);4.151424281491759
(0.8);3.541260135628184
(0.9);3.0798820765117956
(0.10);2.8662320565478585
(0.11);3.0772074919724575
(0.12);3.4017674809565017
(0.14);2.6286957244602878
(0.15);2.4584173022287255
(0.16);2.9904876855971265
(0.17);2.2005638736723934
(0.30);3.489873304753765
(0.31);9.12029023617623
(1.2);3.097562629310723
(1.3);2.1055333320001064
(1.4);1.307641340087286
(1.5);6.850644739484617
(1.6);1.2495533686634404
(1.7);5.24431120767023
(1.8);0.9700621942169452
(1.9);1.0167637255113469
(1.10);1.2649951320377892
(1.11);2.0277845860268
(1.12);2.6937558469590526
(1.13);2.1061641559908977
(1.14);2.274943409447239
(1.15);1.7182617614647986
(1.16);1.7150116746177708
(1.17);0.8884155406955253
(1.18);1.0848220514599534
(1.19);2.7932225713619308
(1.20);1.4591643234015335
(1.21);2.202624935449183
(1.22);3.594660498220303
(1.23);2.687159654479527
(1.24);1.9881105805030113
(1.25);3.8014144625945963
(1.26);3.1454515814737847
(1.27);2.931364471543907
(1.28);3.5123731181280236
(1.29);2.5202609504971627
(1.30);3.448845220101732
(1.31);4.547204347375549
(2.3);4.581131610418774
(2.4);1.8424750234782343
(2.5);5.017822555631065
(2.6);1.6220653630775526
(2.7);2.139844591028011
(2.8);0.9123197374769434
(2.9);0.8984996999811934
(2.10);1.0000278374882645
(2.11);1.3362132410760994
(2.12);4.975107951859241
(2.13);3.8324401498413225
(2.14);2.4788850313501034
(2.15);2.2214581431501954
(2.16);2.8129806011173444
(2.17);0.79235870230428
(2.18);0.9359640815708368
(2.19);5.828892831765423
(2.20);1.7013570879086426
(2.21);2.654471357715805
(2.22);4.366534802549751
(2.23);3.0840624247031316
(2.24);2.0034625947250917
(2.25);2.758618584204058
(2.26);4.257299996133324
(2.27);5.437232902755509
(2.28);2.3126941577853284
(2.29);1.9998067236210522
(2.30);1.9043761631857992
(2.31);3.404079007210229
(3.4);3.102971851235002
(3.5);2.586644776061723
(3.6);2.4650771382054115
(3.7);1.764975720682251
(3.8);1.0170588429938832
(3.9);0.9572644051628852
(3.10);0.9953649284844414
(3.11);1.2195390419051995
(3.12);2.820673147997299
(3.13);14.686524143676055
(3.14);1.760849514098139
(3.15);1.738673104066789
(3.16);2.5033507714745995
(3.17);0.8239456148997734
(3.18);0.9382067590779953
(3.19);4.978614087703083
(3.20);1.4924022841782183
(3.21);3.8981861290523097
(3.22);6.595183794396571
(3.23);4.42160235334923
(3.24);2.4444659299622793
(3.25);2.7995244499413885
(3.26);7.680811773887641
(3.27);15.492788925681122
(3.28);2.200019459827868
(3.29);2.079575913753881
(3.30);1.6208622329787996
(3.31);3.3928533134005883
(4.5);1.457378712833665
(4.7);1.267196436865717
(4.8);1.1280389691674708
(4.9);0.9842733421809744
(4.10);0.9243981784058369
(4.11);1.0136377693190302
(4.12);1.6231328129759153
(4.13);4.607369798649334
(4.14);1.2133830574410915
(4.15);1.2510766765566341
(4.16);1.7596279016203558
(4.17);0.8390086091160484
(4.18);0.911581913366741
(4.19);2.844920856149467
(4.20);1.2173157098870082
(4.21);7.025030474656838
(4.23);5.157921736565182
(4.24);2.9642452994033897
(4.25);2.3087170944580544
(4.26);6.983051665288553
(4.27);6.929403849553658
(4.28);1.8208594254818116
(4.29);1.9245687875320843
(4.30);1.2517947496657063
(4.31);2.3228304154193453
(5.6);1.3530865767079479
(5.7);3.2029975914478674
(5.8);0.9396214736973969
(5.9);0.9626384528248086
(5.10);1.146811918250376
(5.11);1.7001434174635577
(5.12);4.356960968692975
(5.13);2.468760015371556
(5.14);3.0921830442912994
(5.15);2.262030254981196
(5.16);2.2525611306319475
(5.17);0.8515012340340385
(5.18);1.0281915472188143
(5.19);3.789905893985213
(5.20);1.7352788517902622
(5.21);2.2547046373526167
(5.22);3.5813128320523213
(5.23);2.6642868277875995
(5.24);1.9111001883810104
(5.25);3.083003830327198
(5.26);3.2841122311452455
(5.27);3.4483804154678976
(5.28);2.7855255252968334
(5.29);2.1879629695981984
(5.30);2.6575078733568853
(5.31);3.6711939175550476
(6.7);1.2501112503064022
(6.8);1.282438431723213
(6.9);1.0814559255423164
(6.10);0.9765126567454705
(6.11);1.0325455305933688
(6.12);1.4561323233395203
(6.13);3.3861276500104407
(6.14);1.13197167293892
(6.15);1.1532179327255458
(6.16);1.5501024042942098
(6.17);0.9049430673955925
(6.18);0.9584555241081019
(6.19);2.413384855660945
(6.20);1.1440718263187
(6.21);9.924966919356876
(6.22);4.765766596456245
(6.23);5.631854049227438
(6.24);3.5451653896780213
(6.25);2.3629690036211533
(6.26);6.13362075020785
(6.27);4.8547790211579755
(6.28);1.8555116966351497
(6.29);2.0389948357564753
(6.30);1.243815793163639
(6.31);2.268600143786822
(7.8);1.1719740783162373
(7.9);1.2870427982091186
(7.10);1.7625627381870554
(7.11);3.423164454112226
(7.12);1.993717812103522
(7.13);1.833637419796837
(7.14);1.8643373010957618
(7.15);1.4659114693468251
(7.16);1.452336444636075
(7.17);1.0895159666891563
(7.18);1.3303353705445469
(7.19);2.225118144459297
(7.20);1.3340623400774783
(7.21);2.1993132808611446
(7.22);3.373172688490929
(7.23);2.702743951835611
(7.24);2.2104401117771912
(7.25);5.338440990784946
(7.26);2.9002046427556807
(7.27);2.490770679633395
(7.28);6.0869805628203615
(7.29);3.4275337818835405
(7.30);6.836401606398302
(7.31);4.805672243370077
(8.9);4.226994588316945
(8.10);1.798945715106687
(8.11);1.2889164793917711
(8.12);0.8935568455984283
(8.13);1.1795746895715438
(8.14);0.8125727463744603
(8.15);0.7665477073141795
(8.16);0.8545303697152573
(8.17);2.215243019149648
(8.18);1.7238082473517065
(8.19);1.232998835845332
(8.20);0.8099648418229183
(8.21);2.3143692971737218
(8.22);2.212729952042341
(8.23);2.41730918320747
(8.24);4.056532709527527
(8.25);2.5449848598757177
(8.26);2.094763394183082
(8.27);1.6374857312565316
(8.28);2.2967109700457295
(8.29);3.413347525965166
(8.30);1.3079759491130079
(8.31);1.7257719676209726
(9.10);2.8619978651547173
(9.11);1.5918025148671109
(9.12);0.8913675358016062
(9.13);1.0882987766036913
(9.14);0.8338759905592674
(9.15);0.769738235811053
(9.16);0.8295216878226332
(9.17);3.425518267280891
(9.18);2.396634611526288
(9.19);1.1876727157379827
(9.20);0.8125240616908099
(9.21);1.9140203795863084
(9.22);2.01668969209864
(9.23);2.0814470425954226
(9.24);2.9018839003297012
(9.25);2.6962111295458566
(9.26);1.8742874365378108
(9.27);1.5041041288737917
(9.28);2.715619113053036
(9.29);4.089989646235964
(9.30);1.5039487160331668
(9.31);1.7280922269195744
(10.11);3.0278528310854838
(10.12);1.0070799194553504
(10.13);1.101083808148059
(10.14);0.981159072235942
(10.15);0.867809739815022
(10.16);0.8900149730225102
(10.17);2.343542190222606
(10.18);2.8771149919530763
(10.19);1.2698240263937766
(10.20);0.9016389896298401
(10.21);1.695764512788522
(10.22);2.003710337265964
(10.23);1.92065618522568
(10.24);2.1902525432214834
(10.25);3.196990350605929
(10.26);1.823172803258927
(10.27);1.5125631264088608
(10.28);4.226638245482932
(10.29);4.615868698805095
(10.30);2.313279058002787
(10.31);1.9591981270144496
(11.12);1.3573350780382019
(11.13);1.307156815135271
(11.14);1.3741288347437974
(11.15);1.1367278240974956
(11.16);1.1076533759738107
(11.17);1.398330981584916
(11.18);1.8430230463488837
(11.19);1.5916912885918972
(11.20);1.126796656701001
(11.21);1.7623131168198263
(11.22);2.3146677968653315
(11.23);2.056792500194524
(11.24);1.9887870334840334
(11.25);3.90414883756214
(11.26);2.0707056402035935
(11.27);1.7818244955674225
(11.28);6.702792468501577
(11.29);3.75226925219508
(11.30);6.7418991952808165
(11.31);2.596767916445604
(12.13);2.6747565448123853
(12.14);4.842941964851514
(12.15);4.4056830751924645
(12.16);4.557783744003563
(12.17);0.8036424893866199
(12.18);0.9530049917358335
(12.19);7.779210659236166
(12.20);2.505515839240526
(12.21);2.1784682365344605
(12.22);3.0430540973278313
(12.23);2.3960793809959897
(12.24);1.7394850023323063
(12.25);2.291972784862085
(12.26);3.0309659460662477
(12.27);3.922616940988244
(12.28);2.077854369847328
(12.29);1.784350231021694
(12.30);1.9114835482791601
(12.31);2.508638107302283
(13.14);1.7633176699578916
(13.15);1.7653130485560382
(13.16);2.550152140098633
(13.17);0.9177072964128391
(13.18);1.0153182238053227
(13.19);4.693803112093444
(13.20);1.5392706851535916
(13.21);4.990878513033
(13.22);7.6565902812383815
(13.23);5.413368897001901
(13.24);2.8359742832265855
(13.25);2.966153227280549
(13.26);10.325936642800912
(13.28);2.3080503699165944
(13.29);2.2526222084852954
(13.30);1.679573431799589
(13.31);3.496649374809557
(14.15);5.690351554130463
(14.16);2.920205701697446
(14.17);0.7749438230872941
(14.18);0.9479492007654318
(14.19);3.717562802387655
(14.20);3.104471468481769
(14.21);1.6959582297174367
(14.22);2.2434880861014066
(14.23);1.8526062487361439
(14.24);1.462510142101308
(14.25);1.9740456889008196
(14.26);2.192261394632248
(14.27);2.5293320448752965
(14.28);1.9189734449897269
(14.29);1.6037019639141086
(14.30);1.9620534018799691
(14.31);1.990263021292984
(15.16);4.393702112754694
(15.17);0.7190580102879933
(15.18);0.8645542965935
(15.19);4.432635562631716
(15.20);4.637718150057838
(15.21);1.660356867181514
(15.22);2.0916942867235084
(15.23);1.7593689177844662
(15.24);1.3842769225557854
(15.25);1.71085795222723
(15.26);2.1052675123721873
(15.27);2.596787402649692
(15.28);1.6212457022490434
(15.29);1.421178814749807
(15.30);1.5352280027160996
(15.31);1.717558153126061
(16.17);0.7559855162502759
(16.18);0.8763522672391948
(16.19);10.684152803724876
(16.20);3.00263549342796
(16.21);2.1177795373265527
(16.22);2.603413778347569
(16.23);2.181747526101795
(16.24);1.6240375112296788
(16.25);1.8529473724533179
(16.26);2.738612131278463
(16.27);3.955359596602977
(16.28);1.6678651093237022
(16.29);1.5256835843551617
(16.30);1.451081428348228
(16.31);1.9253151172197973
(17.18);4.229831886407411
(17.19);1.035909971013897
(17.20);0.7684203274414177
(17.21);1.4651360488785354
(17.22);1.536292701911798
(17.23);1.5494615772202014
(17.24);1.9258942675709352
(17.25);1.8947023693836216
(17.26);1.456667445506712
(17.27);1.241851079044385
(17.28);2.0040106081692555
(17.29);2.429983622009296
(17.30);1.3075140200263482
(17.31);1.3309199300582357
(18.19);1.1568287478506962
(18.20);0.9085072601947025
(18.21);1.4560916557179724
(18.22);1.5864879314976024
(18.23);1.556689549180764
(18.24);1.7744101292120016
(18.25);1.9997722003790017
(18.26);1.5009305676710287
(18.27);1.3193423293591782
(18.28);2.2494297380502886
(18.29);2.408392053588154
(18.30);1.6488803021012792
(18.31);1.4608289812521533
(19.20);2.9757681977447477
(19.21);3.1597260879891813
(19.22);4.11281981413311
(19.23);3.322267270689255
(19.24);2.3255423711661494
(19.25);2.715463113895425
(19.26);4.363364513429028
(19.27);7.055244848514613
(19.28);2.374146414598914
(19.29);2.1622917508769905
(19.30);2.0723077448588914
(19.31);3.0327138314719257
(20.21);1.5347073882827957
(20.22);1.802984261878259
(20.23);1.588330258104413
(20.24);1.3223970308732051
(20.25);1.5448133061795242
(20.26);1.8228210599754475
(20.27);2.1450149047660085
(20.28);1.4932838893798686
(20.29);1.344908671783842
(20.30);1.4260901486167765
(20.31);1.5041564674379975
(21.22);9.247272424923263
(21.23);15.790979818752566
(21.24);7.213282442739693
(21.25);4.15162203313233
(21.26);11.338881763332207
(21.27);6.042789251594937
(21.28);3.074241488209181
(21.29);3.517304302648871
(21.30);2.0298567007932817
(21.31);4.099576406626604
(22.23);17.209877276382482
(22.24);5.697944315361572
(22.25);6.343577147564132
(22.27);7.986400701117215
(22.28);4.247393417110668
(22.29);4.35867092101247
(22.30);2.8075681066027496
(22.31);8.516644814384069
(23.24);7.74293370107649
(23.25);5.580539159223851
(23.26);16.126380239493027
(23.27);6.186176120434495
(23.28);3.793374400259794
(23.29);4.312986027711711
(23.30);2.39366453945357
(23.31);5.8397668587135065
(24.25);4.957651081468648
(24.26);5.35846099284395
(24.27);3.5123894229526895
(24.28);3.6524195331267397
(24.29);5.147229315560134
(24.30);2.1288461221976602
(24.31);3.819139788363957
(25.26);5.070902532749334
(25.27);3.593598255216374
(25.28);11.840672687675951
(25.29);10.324870637728882
(25.30);4.339093745768691
(25.31);9.892995751172865
(26.28);3.6316393808364604
(26.29);3.7640094532113384
(26.30);2.5005215191609564
(26.31);6.170869523297401
(27.28);2.868311936144254
(27.29);2.796890527290535
(27.30);2.216703259031063
(27.31);4.226142953632633
(28.29);9.432253075452957
(28.30);6.1682351718268835
(28.31);5.6662685317243975
(29.30);3.473727856520535
(29.31);4.705580227880826
(30.31);3.396471650712836

****Importance nodes******

0; 0.061111111111111116
1; 0.016418330773169485
2; 0.016947954346497537
3; 0.01749466255122326
4; 0.01794977542598035
5; 0.01863803151822983
6; 0.019282241105245804
7; 0.019861266118987104
8; 0.020501952122825396
9; 0.021163305417110086
10; 0.021845992688629766
11; 0.02255070213019847
12; 0.02327814413439842
13; 0.022224268513928416
14; 0.02474596389724767
15; 0.025544220797158883
16; 0.02636822791964788
17; 0.027218815917055873
18; 0.03666666666666667
19; 0.03666666666666667
20; 0.03666666666666667
21; 0.03666666666666667
22; 0.03928571428571429
23; 0.03666666666666667
24; 0.03666666666666667
25; 0.03666666666666667
26; 0.03928571428571429
27; 0.03928571428571429
28; 0.03666666666666667
29; 0.03666666666666667
30; 0.0280968422369609
31; 0.029003191986540285
