
****Importance edges******

(0.1);4.159751475688917
(0.2);4.572581562836209
(0.3);6.275783300505714
(0.4);6.529338917443877
(0.5);3.9747076375101305
(0.6);6.879675532383849
(0.7);4.139285122082944
(0.8);3.5895410204304694
(0.9);3.069283980934916
(0.10);2.8574203892775354
(0.11);3.0680214990448134
(0.12);3.391920295374438
(0.14);2.6285053632962647
(0.15);2.4557324743774234
(0.16);2.9572319780229996
(0.17);2.194939946235864
(0.30);3.5068699830839085
(0.31);9.100860846393804
(1.2);3.2121528774542014
(1.3);2.1846166895224
(1.4);1.335278268645856
(1.6);1.2526668262799636
(1.7);5.357154594509633
(1.8);1.0260297053980232
(1.9);1.0366299992200103
(1.10);1.2901987625941036
(1.11);2.067730634105254
(1.12);2.746219256197866
(1.13);2.1505815350332993
(1.14);2.3308269143129308
(1.15);1.7560470432801651
(1.16);1.7167992145958741
(1.17);0.9045332147970009
(1.18);1.0919121253524628
(1.19);2.877550471841821
(1.20);1.4687009869126666
(1.21);2.269122585244601
(1.22);3.6158906175413827
(1.23);2.704722129804941
(1.24);2.001104279242151
(1.25);3.916179860730481
(1.26);3.1640286661321078
(1.27);2.948677154489977
(1.28);3.618412305191202
(1.29);2.5367326255920624
(1.30);3.561330507615448
(1.31);4.629839646167921
(2.3);4.755553084671785
(2.4);1.8828097883024593
(2.5);5.131900693921017
(2.6);1.6277312957205348
(2.7);2.187411569314894
(2.8);0.9651273936925464
(2.9);0.9166977212788112
(2.10);1.0206495200589496
(2.11);1.363454806990772
(2.12);5.075377381644772
(2.13);3.915849201231567
(2.14);2.5412402854790717
(2.15);2.271665732196182
(2.16);2.818318451043478
(2.17);0.807235878390318
(2.18);0.9426772260677263
(2.19);6.007217618146614
(2.20);1.7135599664130927
(2.21);2.7356802684784154
(2.22);4.395000356735014
(2.23);3.1061826717319625
(2.24);2.0178323062955723
(2.25);2.843013697295608
(2.26);4.2850534457685105
(2.27);5.472678365762218
(2.28);2.3834469925955
(2.29);2.014150213682111
(2.31);3.468012957831313
(3.4);3.1733044130015298
(3.5);2.64738347441122
(3.6);2.47620215482186
(3.7);1.805498102646575
(3.8);1.076137279960814
(3.9);0.9773546416626232
(3.10);1.0166026571338538
(3.11);1.2452630950403454
(3.12);2.879486627256886
(3.13);15.016338328233958
(3.15);1.7790625987905127
(3.16);2.5102918023660563
(3.17);0.8399531573352605
(3.18);0.9455509602022681
(3.19);5.13301243915749
(3.20);1.504084679798668
(3.21);4.019077907644811
(3.22);6.642343039413475
(3.23);4.45621427301443
(3.24);2.463600997214106
(3.25);2.8863441857780883
(3.26);7.735733864865794
(3.27);15.603571013295136
(3.28);2.26824715769343
(3.29);2.095854653611619
(3.30);1.6752174641081556
(3.31);3.4587037789513846
(4.5);1.4693706072609352
(4.7);1.2775946308381665
(4.8);1.176729726174523
(4.9);0.990914930731936
(4.10);0.9311809278089401
(4.11);1.0210783064967472
(4.12);1.635052083600465
(4.13);4.646886748784693
(4.14);1.228752736245448
(4.15);1.2640896659975802
(4.16);1.742722568315478
(4.17);0.8449766440788621
(4.18);0.9095218552814816
(4.19);2.9038998710223587
(4.20);1.214564732675093
(4.21);7.1706687534693065
(4.23);5.146265495671479
(4.24);2.957546485609274
(4.25);2.356579888095005
(4.26);6.965801906268002
(4.27);6.912286613094553
(4.28);1.8586082770552397
(4.29);1.9202195091696492
(4.30);1.2784773073487006
(4.31);2.3403957908338118
(5.6);1.3410846066330568
(5.7);3.232559702006772
(5.8);0.9805480345377897
(5.9);0.9701116756805862
(5.10);1.1563601448438343
(5.11);1.714274807068507
(5.12);4.393114668527054
(5.13);2.4923003461124624
(5.14);3.13394172168441
(5.15);2.2874993140570803
(5.16);2.233506466000097
(5.17);0.8583040210512354
(5.18);1.0267347027032079
(5.19);3.8705861241908566
(5.20);1.7328201353330839
(5.21);2.3027032141711183
(5.22);3.5753575517981147
(5.23);2.660511800008424
(5.24);1.9083923506870044
(5.25);3.1486353963115774
(5.26);3.2786511587285334
(5.27);3.442646185379581
(5.28);2.844824317116787
(5.29);2.1848628450530865
(5.30);2.7158821607769776
(5.31);3.7020272960396663
(6.7);1.2396631977082646
(6.8);1.3153927455370036
(6.9);1.0714693151636436
(6.10);0.9683114500137836
(6.11);1.0241503987261473
(6.12);1.4446824068624218
(6.13);3.3622371070453765
(6.14);1.1294881712046017
(6.15);1.1484581951176813
(6.16);1.5140007589612583
(6.17);0.8987911253773436
(6.18);0.9454216339611561
(6.19);2.4347307838793792
(6.20);1.1285137684543773
(6.22);4.702394461308863
(6.23);5.555267326990566
(6.24);3.4969552275165423
(6.25);2.3838690132550777
(6.26);6.052059759912188
(6.27);4.790223255361919
(6.28);1.8719233432865046
(6.29);2.0112668566995753
(6.30);1.252848976298621
(6.31);2.25533429665665
(7.8);1.221741372080721
(7.9);1.297025345391327
(7.10);1.7771962749681898
(7.11);3.45153977637465
(7.12);2.010217865076403
(7.13);1.8510145772564184
(7.14);1.8892087554291186
(7.15);1.4822692763246257
(7.16);1.4406652505906627
(7.17);1.098207175684685
(7.18);1.3287078577789595
(7.19);2.271824212629873
(7.20);1.3324302677920692
(7.21);2.2454776952227533
(7.22);3.368204533025308
(7.23);2.6994374545559627
(7.24);2.2077358917894068
(7.25);5.450496878451435
(7.26);2.895933095201508
(7.27);2.487102164230122
(7.29);3.4233405873643172
(7.31);4.845928783642957
(8.10);1.870980930705762
(8.11);1.339842155622395
(8.12);0.9283865257571894
(8.13);1.2278415284953348
(8.14);0.847493565915709
(8.16);0.8723604165891631
(8.17);2.295320638872616
(8.18);1.7624135861354115
(8.19);1.2876949013779284
(8.20);0.8281043113198898
(8.21);2.4170351643787433
(8.22);2.2594494318009932
(8.23);2.4714457381903436
(8.24);4.147380296420724
(8.25);2.6578808778024445
(8.26);2.138992133394287
(8.27);1.6720595306512163
(8.28);2.398593510462671
(8.29);3.4897907369944967
(8.30);1.3721717903007715
(8.31);1.7870845410707803
(9.10);2.8819563137737836
(9.11);1.6029168142402808
(9.12);0.8975989116795261
(9.13);1.0971405563946162
(9.14);0.8438432065532339
(9.15);0.7773244452223482
(9.16);0.8222293852764043
(9.17);3.4488276648657568
(9.18);2.3918481079295075
(9.19);1.2110893973303407
(9.20);0.8109013072980255
(9.21);1.9517580536072254
(9.22);2.0122373730876677
(9.23);2.0772900243716284
(9.24);2.896088324458617
(9.25);2.749370823028515
(9.26);1.8701495041536567
(9.27);1.500783463610462
(9.28);2.7691614629393615
(9.29);4.081821212859283
(9.30);1.5341568501639948
(9.31);1.7405962091191431
(10.11);3.0505836899385983
(10.12);1.0146403237352173
(10.13);1.1105923757204472
(10.14);0.9933061632923201
(10.15);0.8767534353369054
(10.16);0.8828199481890395
(10.17);2.3606083205866963
(10.18);2.872816488049895
(10.19);1.295177646838077
(10.20);0.9002919114883601
(10.21);1.7296225662876779
(10.22);2.0002563481789997
(10.23);1.917786662063779
(10.24);2.18698023428273
(10.25);3.2608222503247783
(10.26);1.820030024161077
(10.27);1.5099557752190234
(10.28);4.311028349626469
(10.29);4.608972439992402
(10.30);2.360408646804574
(10.31);1.9742657898199207
(11.12);1.3675249365935815
(11.13);1.3184217411626367
(11.14);1.3910412555991916
(11.15);1.1483963878887815
(11.16);1.0989477111884607
(11.17);1.4085183560350363
(11.18);1.8404669319878568
(11.19);1.6232353953740053
(11.20);1.1252338867064227
(11.21);1.79723860365192
(11.22);2.310921284059021
(11.23);2.053939905997281
(11.24);1.9860287570167998
(11.25);3.981521182757452
(11.26);2.067354003649256
(11.27);1.77894044097424
(11.28);6.835628278360013
(11.29);3.7470651776497417
(11.30);6.878048332158617
(11.31);2.616732443332802
(12.13);2.697759795187836
(12.14);4.902195482110083
(12.15);4.450726584497308
(12.16);4.522987821626793
(12.17);0.8094999000026675
(12.18);0.9517861159996753
(12.19);7.932216743485363
(12.20);2.5023113308806613
(12.21);2.2213156293014436
(12.22);3.0384515135416756
(12.23);2.3930148398396156
(12.24);1.737260233227066
(12.25);2.3370526517507786
(12.26);3.026381645467712
(12.27);3.9166840286723743
(12.28);2.1187228299902547
(12.29);1.782068080119799
(12.30);1.9497415742784743
(12.31);2.5279187559807528
(13.14);1.786945819023223
(13.15);1.7853050823040668
(13.16);2.5324555874549595
(13.17);0.9253148037467225
(13.18);1.014717360126154
(13.19);4.791108631763935
(13.20);1.538359747257046
(13.21);5.094342594445304
(13.22);7.650016595334625
(13.23);5.410165274062919
(13.24);2.8342959582424636
(13.25);3.0276434675633612
(13.26);10.31707114763158
(13.28);2.3558977199879605
(13.29);2.2512891103134787
(13.30);1.7152895658042255
(13.31);3.5269307531240095
(14.15);5.773768703427308
(14.16);2.9121528730809025
(14.17);0.783982769830893
(14.18);0.950440498002189
(14.19);3.8033455405383263
(14.20);3.1126303035594027
(14.21);1.7350924551408484
(14.22);2.2485137885024806
(14.23);1.8574750674708915
(14.24);1.4663537525741102
(14.25);2.019596780685922
(14.26);2.197172342643535
(14.27);2.5349980745768996
(14.28);1.9632537450949252
(14.29);1.6079166394136557
(14.30);2.009072166019835
(14.31);2.0139571567136616
(15.16);4.374288791718026
(15.17);0.7261132431097274
(15.18);0.8655685045401729
(15.19);4.527306186736105
(15.20);4.643158653471852
(15.21);1.695818167491698
(15.22);2.093469493906303
(15.23);1.7614328320401433
(15.24);1.385900816694978
(15.25);1.7473978364118772
(15.26);2.1070542390623106
(15.27);2.5989912790376684
(15.28);1.6558716804712077
(15.29);1.4228459984689115
(15.30);1.568940233782473
(15.31);1.7349224251575268
(16.17);0.7509000181814984
(16.18);0.8651578762334984
(16.20);2.9642802828379238
(16.21);2.1329149539228074
(16.22);2.5707726577001475
(16.23);2.153878213958819
(16.24);1.6032923022671954
(16.26);2.7042759186767573
(16.27);3.9057680292269294
(16.28);1.6797850626573905
(16.29);1.5061947335440045
(16.30);1.4590670134800021
(16.31);1.9139550744678655
(17.18);4.225983311228585
(17.19);1.0553287119094537
(17.20);0.7677211688274314
(17.21);1.4926008847291503
(17.22);1.5345350728214406
(17.23);1.5480517766591446
(17.24);1.9241419641522028
(17.25);1.9302196782374468
(17.26);1.4550009134233313
(17.27);1.2404303122987617
(17.28);2.04157696416629
(17.29);2.4277726654266787
(17.30);1.3322576389965932
(17.31);1.3408709353791706
(18.19);1.1687049345157483
(18.20);0.9022776284065293
(18.21);1.471040122668556
(18.22);1.575609388108205
(18.23);1.5460153332170792
(18.24);1.7622430038289565
(18.25);2.0203021776841195
(18.26);1.4906386908904288
(18.27);1.310295602629997
(18.28);2.272522739074544
(18.29);2.39187771589073
(18.30);1.6642093648793654
(18.31);1.4602871071994596
(19.20);3.0063179041330117
(19.21);3.246268815394361
(19.22);4.152614242649054
(19.23);3.3563741912954423
(19.24);2.349416756505181
(19.25);2.78983778356631
(19.26);4.405583138378747
(19.27);7.123509311699191
(19.28);2.4391726542972343
(19.29);2.184490179560085
(19.30);2.1317531871784916
(19.31);3.0895785497700436
(20.21);1.5504629367625031
(20.22);1.7906212037459928
(20.23);1.577439081886532
(20.24);1.3133293580641314
(20.25);1.560672603608751
(20.26);1.8103219809731055
(20.27);2.1303065434547603
(20.28);1.508614177676334
(20.29);1.3356866367148663
(20.30);1.4393480093526336
(20.31);1.5035985216610748
(21.22);9.336746298837342
(21.23);15.953092512009892
(21.24);7.287335139750275
(21.25);4.26533210922673
(21.26);11.448593430794782
(21.27);6.1012574937686335
(21.28);3.158442851138426
(21.29);3.553413504234376
(21.30);2.088084408392896
(21.31);4.176445267475004
(22.23);17.091869195160836
(22.24);5.658873526839077
(22.25);6.404955724487596
(22.27);7.9316379734422515
(22.28);4.288489940020687
(22.29);4.328783526477057
(22.30);2.8319063094908734
(22.31);8.511367114254696
(23.24);7.689840425952187
(23.25);5.637829855767925
(23.26);16.015801694477783
(23.27);6.143757527765419
(23.28);3.8323177810770646
(23.29);4.283411894364199
(23.30);2.41591760048426
(23.31);5.837600678979173
(24.25);5.008547110611345
(24.26);5.321718040531656
(24.27);3.488304978325378
(24.28);3.6899158490119444
(24.29);5.111934778278881
(24.30);2.1486372591349294
(24.31);3.8177231319438802
(25.26);5.119967086381704
(25.27);3.62836884944246
(25.28);12.164980580248887
(25.29);10.430867390674383
(25.30);4.463563360681506
(25.31);10.078493773002997
(26.28);3.6667780497467213
(26.29);3.7381996507275534
(26.30);2.5221980013507688
(26.31);6.16704548230576
(27.28);2.896064874386792
(27.29);2.777712256625845
(27.30);2.23591938188635
(27.31);4.223524044930996
(28.29);9.529086075500903
(28.30);6.345174851288212
(28.31);5.7725135590376455
(29.30);3.506021888002827
(29.31);4.703834758793697
(30.31);3.460747061210373

****Importance nodes******

0; 0.061111111111111116
1; 0.017134190841087398
2; 0.017705330535790313
3; 0.018295508220316656
4; 0.018202587604969036
5; 0.01894097171978993
6; 0.0189024376574775
7; 0.020181921287217037
8; 0.022185816313767922
9; 0.02144628910330899
10; 0.0221619605973015
11; 0.02287686255205316
12; 0.02361482586018391
13; 0.022595779383760676
14; 0.02533248995631097
15; 0.026047229351739625
16; 0.02599268473283376
17; 0.027601374546791287
18; 0.03666666666666667
19; 0.03793103448275863
20; 0.03666666666666667
21; 0.03793103448275863
22; 0.03928571428571429
23; 0.03666666666666667
24; 0.03666666666666667
25; 0.03793103448275863
26; 0.03928571428571429
27; 0.03928571428571429
28; 0.03793103448275863
29; 0.03666666666666667
30; 0.029150232195665995
31; 0.02943207153848346
