
****Mix criterion 0.5*C(weight)+0.5*C(distance) ******

(0.1);0.4649965992381644
(0.2);0.4817151708534071
(0.3);0.5395112658166354
(0.4);0.5481124257727472
(0.5);0.45432802136688577
(0.6);0.558417092855286
(0.7);0.46032084627513026
(0.8);0.42828675077552203
(0.9);0.3982152886721929
(0.10);0.38115813966530326
(0.11);0.39540940092274335
(0.12);0.41543234004243296
(0.13);0.5673536687773252
(0.14);0.3549508852751946
(0.15);0.33656110279229084
(0.16);0.3817732788767523
(0.17);0.3029595223518288
(0.30);0.4127953438100217
(0.31);0.6082076687056701
(1.2);0.498617242507126
(1.3);0.4495914699305344
(1.4);0.3770990970858593
(1.5);0.602294264494492
(1.6);0.3629965172546988
(1.7);0.5614077133425693
(1.8);0.30424062865712187
(1.9);0.31131577082399364
(1.10);0.3538712379656845
(1.11);0.4305879110389424
(1.12);0.4685672307950946
(1.13);0.4388706401990902
(1.14);0.4417030245001261
(1.15);0.3954067229647939
(1.16);0.39237880787623924
(1.17);0.24043173960253295
(1.18);0.23125834170062642
(1.19);0.44066239370155874
(1.20);0.3125945428891083
(1.21);0.4003103383901105
(1.22);0.47661394728476547
(1.23);0.43672159085904827
(1.24);0.38172466772115177
(1.25);0.4913212269882704
(1.26);0.4550006501941048
(1.27);0.44068118691738506
(1.28);0.47890799409282236
(1.29);0.42566150077438614
(1.30);0.49341725612569554
(1.31);0.5303665169346636
(2.3);0.5453286849400153
(2.4);0.42870843769009515
(2.5);0.5560964543763891
(2.6);0.4052275228101249
(2.7);0.4440833107237767
(2.8);0.2863015793435326
(2.9);0.2783366898120621
(2.10);0.30068554041107065
(2.11);0.3591110244206316
(2.12);0.5496811681106948
(2.13);0.51916514566456
(2.14);0.4527906321796968
(2.15);0.43485860479055893
(2.16);0.4671972180955557
(2.17);0.20129519059722356
(2.18);0.1790704848013303
(2.19);0.5562964067236531
(2.20);0.34597648054788005
(2.21);0.43216269087613224
(2.22);0.5067533926257037
(2.23);0.4586214808721518
(2.24);0.38166168847898696
(2.25);0.43869552517668814
(2.26);0.5027256970639375
(2.27);0.5372848172322222
(2.28);0.40787112669196235
(2.29);0.38129962273467105
(2.30);0.40330099204102304
(2.31);0.48882967097620134
(3.4);0.4952380975541309
(3.5);0.4708408586328747
(3.6);0.463108216434471
(3.7);0.4145907930709243
(3.8);0.30908411820424286
(3.9);0.29090823546776257
(3.10);0.2964799489917324
(3.11);0.33842832718135174
(3.12);0.47258120109485274
(3.13);0.7786122839484901
(3.14);0.39865786439168105
(3.15);0.3939251023418596
(3.16);0.4493070392552863
(3.17);0.21019714719994578
(3.18);0.17647862140822163
(3.19);0.5302202447108773
(3.20);0.3137565311029396
(3.21);0.4935961209957466
(3.22);0.5743169591997337
(3.23);0.5155846074222155
(3.24);0.4176483501601279
(3.25);0.4400065519480367
(3.26);0.6021250934279145
(3.27);0.7589717266083691
(3.28);0.39718499692422055
(3.29);0.38739796465638265
(3.30);0.37266889998455777
(3.31);0.487460407464778
(4.5);0.3866006490265674
(4.6);0.6430910090567431
(4.7);0.35629350377367924
(4.8);0.3296951472319714
(4.9);0.2951141752241418
(4.10);0.2753111943804343
(4.11);0.2944508537943796
(4.12);0.38810988475736363
(4.13);0.5432738142182689
(4.14);0.3251633101833092
(4.15);0.3282638054796
(4.16);0.39197633080007654
(4.17);0.21295621594564704
(4.18);0.1630874898591829
(4.19);0.44062394428668195
(4.20);0.25787894687604446
(4.21);0.5907917558729978
(4.22);0.5289762680931388
(4.23);0.5402233023537621
(4.24);0.45015357476556306
(4.25);0.40506769557651584
(4.26);0.5843869533890719
(4.27);0.5769916948096385
(4.28);0.3580934084337273
(4.29);0.3705726530324294
(4.30);0.3169049025773957
(4.31);0.4305272643710979
(5.6);0.36805237803464635
(5.7);0.49361662769647957
(5.8);0.2834133970905355
(5.9);0.28559376749238097
(5.10);0.32315798898760817
(5.11);0.3961128876478842
(5.12);0.5292136778656458
(5.13);0.45612976794363586
(5.14);0.48025360013389606
(5.15);0.4333617770982269
(5.16);0.4306587374136927
(5.17);0.2130538235656142
(5.18);0.2014896404438236
(5.19);0.4857031676277229
(5.20);0.34451421967895607
(5.21);0.39876872050148926
(5.22);0.4723793982355984
(5.23);0.43025642171596234
(5.24);0.3669032247377663
(5.25);0.45382553508984996
(5.26);0.4580807459523401
(5.27);0.4632181713211381
(5.28);0.4367190120637844
(5.29);0.39406207625444023
(5.30);0.4519032091721125
(5.31);0.49687308230703475
(6.7);0.3475737739007855
(6.8);0.34982370463451035
(6.9);0.3100719431401511
(6.10);0.2814960235258309
(6.11);0.29159499203239103
(6.12);0.3632484561035278
(6.13);0.49853196460070315
(6.14);0.30264400993134355
(6.15);0.3031888816298662
(6.16);0.3638396374190434
(6.17);0.2279624550817646
(6.18);0.17303825935370198
(6.19);0.40873363030971
(6.20);0.23255982752416512
(6.21);0.6593025671510601
(6.22);0.5177832912817285
(6.23);0.5531484164683695
(6.24);0.47711717969041595
(6.25);0.40586241302781007
(6.26);0.559948405587143
(6.27);0.5166973514460264
(6.28);0.357725170536693
(6.29);0.3782640735191481
(6.30);0.30931300891160496
(6.31);0.4233321178854218
(7.8);0.32848732221623755
(7.9);0.34513542703357175
(7.10);0.4004812337990668
(7.11);0.4957452037845199
(7.12);0.41630955850640433
(7.13);0.4073497985648003
(7.14);0.40099050725252783
(7.15);0.3536687020726347
(7.16);0.3485837520553603
(7.17);0.27754291101450435
(7.18);0.27402807083515157
(7.19);0.3920584880736274
(7.20);0.274800771021554
(7.21);0.3907365629439459
(7.22);0.4603902649849321
(7.23);0.4300465471119453
(7.24);0.3927199260793286
(7.25);0.5410641277259315
(7.26);0.43449885307857977
(7.27);0.40481335555708076
(7.28);0.5633005116382603
(7.29);0.4706015363650169
(7.30);0.5915171062665026
(7.31);0.5343152144313165
(8.9);0.5253922199893734
(8.10);0.4018669808435745
(8.11);0.3365716060845811
(8.12);0.2411965312996766
(8.13);0.31955523465176877
(8.14);0.20199681703358777
(8.15);0.17642334924405256
(8.16);0.20750752917261653
(8.17);0.42114496795406303
(8.18);0.3366563662528158
(8.19);0.24927465248584602
(8.20);0.09805287796873946
(8.21);0.3988820568769455
(8.22);0.3822675384713723
(8.23);0.4081843604245555
(8.24);0.49725554595473415
(8.25);0.4165949049685638
(8.26);0.3710296737034783
(8.27);0.31385910357148605
(8.28);0.39741622847110536
(8.29);0.4687763693722888
(8.30);0.3158335315196783
(8.31);0.37134987494384314
(9.10);0.470149724376642
(9.11);0.375819444832413
(9.12);0.23629886964492877
(9.13);0.2971917963816182
(9.14);0.20594954225219403
(9.15);0.17304800757727348
(9.16);0.19322652224483794
(9.17);0.4861106082553371
(9.18);0.40286214566249595
(9.19);0.23466030126201762
(9.20);0.09460457851622832
(9.21);0.358509322135266
(9.22);0.3610774251879648
(9.23);0.377052347971516
(9.24);0.43978973805006966
(9.25);0.42552208019096444
(9.26);0.3449066847170801
(9.27);0.28970765049363834
(9.28);0.4268052349232695
(9.29);0.49761174761678256
(9.30);0.3443766421490613
(9.31);0.3694577446468805
(10.11);0.4753791620699368
(10.12);0.2669550969377764
(10.13);0.29654841391879994
(10.14);0.25139223563052265
(10.15);0.2091129373964427
(10.16);0.21199748325836573
(10.17);0.42701368207814777
(10.18);0.4344197601756479
(10.19);0.2516704055577305
(10.20);0.13341594022500333
(10.21);0.3288930488924711
(10.22);0.3576714287332562
(10.23);0.35798887864070483
(10.24);0.38551247908096153
(10.25);0.4538367729793575
(10.26);0.3363780896256845
(10.27);0.28853790395380896
(10.28);0.5001862253101714
(10.29);0.5166659465711703
(10.30);0.4227547905945464
(10.31);0.3911854034906292
(11.12);0.3358446241080509
(11.13);0.33313411060427495
(11.14);0.33250691379916225
(11.15);0.2835244187734329
(11.16);0.2725245396812019
(11.17);0.3263684190402801
(11.18);0.3450415725107529
(11.19);0.31026685815258814
(11.20);0.21067275619823211
(11.21);0.3355190136792452
(11.22);0.38601734310264557
(11.23);0.37057053787005517
(11.24);0.3634001528269007
(11.25);0.4860850877186746
(11.26);0.36277176551957235
(11.27);0.3272282788926239
(11.28);0.5778465820372194
(11.29);0.48113144483107717
(11.30);0.5868963820977401
(11.31);0.437695665795001
(12.13);0.4574237833124726
(12.14);0.5369589372713556
(12.15);0.522019192092736
(12.16);0.5259998871390034
(12.17);0.161560183921764
(12.18);0.1461914118696365
(12.19);0.6022828731850779
(12.20);0.4061524721259677
(12.21);0.3795685301866491
(12.22);0.43625773166016063
(12.23);0.39959221363776176
(12.24);0.3307339818984002
(12.25);0.38982845377171077
(12.26);0.43554320947039005
(12.27);0.47712232945326416
(12.28);0.3697378200820224
(12.29);0.3367470881776091
(12.30);0.38527878242042407
(12.31);0.4304582481486378
(13.14);0.38508378866781634
(13.15);0.38272559424437136
(13.16);0.44337929108399265
(13.17);0.21483416204188335
(13.18);0.17693195712923077
(13.19);0.5177629281037005
(13.20);0.3039347720215001
(13.21);0.5300256516256409
(13.22);0.6022685207439527
(13.23);0.5462749462058902
(13.24);0.43515712970388687
(13.25);0.44191456486199565
(13.26);0.6667632336256555
(13.27);0.9863557650585179
(13.28);0.3952822183214787
(13.29);0.3914420551152429
(13.30);0.36462371376008307
(13.31);0.4865007895931383
(14.15);0.5593947233912588
(14.16);0.4574528586925831
(14.17);0.13725643374881563
(14.18);0.13497650598638924
(14.19);0.4730546371869031
(14.20);0.44209964249289296
(14.21);0.31881865023357003
(14.22);0.37391729786802713
(14.23);0.3407374623179391
(14.24);0.28071996749281874
(14.25);0.35437999000370285
(14.26);0.36899947557530477
(14.27);0.39646886516669716
(14.28);0.3480316332822513
(14.29);0.30537964589521416
(14.30);0.3859760754565528
(14.31);0.3859034062065047
(15.16);0.5177533376009726
(15.17);0.10058479922485825
(15.18);0.09098235454388373
(15.19);0.5013615098955975
(15.20);0.5089335982066241
(15.21);0.3106888195546385
(15.22);0.35653077114717574
(15.23);0.32580359797197833
(15.24);0.2617151260268035
(15.25);0.31820870217877356
(15.26);0.35797052507211097
(15.27);0.3998004513838897
(15.28);0.30458501880512107
(15.29);0.2693465011425518
(15.30);0.3326945159800786
(15.31);0.35393841304013696
(16.17);0.11533921599316632
(16.18);0.09137691609577431
(16.19);0.6684417530439901
(16.20);0.43301264369701736
(16.21);0.3651132855114779
(16.22);0.4004208946811898
(16.23);0.3724020804058167
(16.24);0.3026847097967799
(16.25);0.3348192154237905
(16.26);0.4103544670033306
(16.27);0.474124451729591
(16.28);0.3089056949676091
(16.29);0.2859409987494581
(16.30);0.31647287059523355
(16.31);0.3747946114344423
(17.18);0.4911999708199686
(17.19);0.15506791572544235
(17.20);0.023042110903516752
(17.21);0.2706127967578121
(17.22);0.2732731323117771
(17.23);0.2869021768508815
(17.24);0.3420093486955846
(17.25);0.3374023547200427
(17.26);0.25776663309089043
(17.27);0.20605756844394077
(17.28);0.35039815486690357
(17.29);0.39268257960002106
(17.30);0.28684728946771804
(17.31);0.28752386594194584
(18.19);0.12921605983045778
(18.20);0.017189491638166028
(18.21);0.21605673114306748
(18.22);0.23346408872883814
(18.23);0.2386972228733158
(18.24);0.2787684756469381
(18.25);0.31133561472327825
(18.26);0.21494100354680312
(18.27);0.16750184299943546
(18.28);0.34135164273576807
(18.29);0.3585817501705936
(18.30);0.2991465221057108
(18.31);0.2618860907302073
(19.20);0.40365123009031645
(19.21);0.417049816284119
(19.22);0.46342286463943744
(19.23);0.42837298646043176
(19.24);0.3502387105300424
(19.25);0.3849788270493298
(19.26);0.4747317381305305
(19.27);0.5622001205358184
(19.28);0.3543602363010735
(19.29);0.3322922743520616
(19.30);0.3546588106325053
(19.31);0.4294492335013169
(20.21);0.23355039692755
(20.22);0.2731692410660307
(20.23);0.24513026443892924
(20.24);0.18240583915186462
(20.25);0.23568119674502722
(20.26);0.2763842652233499
(20.27);0.31984945222079864
(20.28);0.22454251069807174
(20.29);0.1885967407448942
(20.30);0.2586244741234577
(20.31);0.27036384974960354
(21.22);0.6269975310146256
(21.23);0.7858281861107472
(21.24);0.5807308244634405
(21.25);0.471842527488865
(21.27);0.5344348779432929
(21.28);0.4124097985814328
(21.29);0.4409241505788405
(21.30);0.3507360739273616
(21.31);0.48448445434515164
(22.24);0.5289549791598808
(22.25);0.5478549150929698
(22.27);0.5851278644067115
(22.28);0.47093125747997655
(22.29);0.4773705688000355
(22.30);0.4115187964704448
(22.31);0.6140103733593447
(23.25);0.5297775047346669
(23.26);0.7864660348550978
(23.27);0.5409917004157365
(23.28);0.4558231466907428
(23.29);0.48210946498226387
(23.30);0.38741535906195446
(23.31);0.5486072643551282
(24.25);0.5071408368548205
(24.26);0.5170791157758046
(24.27);0.4325073953059795
(24.28);0.4483935986463416
(24.30);0.3622714823466148
(24.31);0.4736023678468543
(25.26);0.5047605215460973
(25.27);0.43585816638236274
(25.28);0.6933923500754129
(25.29);0.6617000490035654
(25.30);0.4959435016561217
(26.27);0.6403082006894345
(26.28);0.4403058752001413
(26.29);0.4486782026129924
(26.30);0.38825015269498636
(26.31);0.5515266527807241
(27.28);0.38927531895274003
(27.29);0.3847033936401332
(27.30);0.36081822838980704
(27.31);0.48149009100260964
(28.30);0.5576070339616248
(28.31);0.5409401689164475
(29.30);0.4585414451334557
(29.31);0.5102264813871807
(30.31);0.4701669034621482
