
****Importance edges******

(0.1);4.1228277077761515
(0.2);4.530067585629822
(0.3);6.214697156904176
(0.4);6.520103601801772
(0.5);3.961577707737716
(0.6);6.912273322258954
(0.7);4.125241582422141
(0.8);3.5190832799786587
(0.9);3.0607338016538526
(0.10);2.8485436807482216
(0.11);3.058360540585535
(0.12);3.3810935796340864
(0.14);2.6129902062749766
(0.15);2.443850754546685
(0.16);2.972918408372593
(0.17);2.1877471305215943
(0.30);3.4697265354158926
(0.31);9.068113612199214
(1.2);3.0952164281344015
(1.3);2.1039385281586678
(1.4);1.3108037749685384
(1.5);6.846143874065412
(1.6);1.2472308269244432
(1.7);5.240681031494501
(1.8);0.9693916129446062
(1.9);1.0160618085337725
(1.10);1.264123024627109
(1.11);2.0263884742088556
(1.12);2.69190369759817
(1.13);2.1061304235280107
(1.14);2.2734295765363552
(1.15);1.7171203605780259
(1.16);1.7138744103298824
(1.17);0.8878274285346748
(1.18);1.078461661822031
(1.19);2.7768457067181935
(1.20);1.450609138124742
(1.21);2.241744943246533
(1.22);3.57319835881621
(1.23);2.7348853044275176
(1.24);1.9764541453132425
(1.25);3.868929980567851
(1.26);3.1266714712620316
(1.27);2.91386258145898
(1.28);3.491779822153819
(1.29);2.505484479450294
(1.30);3.4465660748813898
(1.31);4.5442044806249235
(2.3);4.57766170273344
(2.4);1.8468421103258366
(2.5);5.014518351665166
(2.6);1.6190765471738482
(2.7);2.1383613563843666
(2.8);0.9116882186283304
(2.9);0.8978785881848554
(2.10);0.9993374740345263
(2.11);1.3352920347882027
(2.12);4.971682633876745
(2.13);3.8323403518333303
(2.14);2.477232591172064
(2.15);2.2199799013472186
(2.16);2.811112004245438
(2.17);0.7918332707467781
(2.18);0.930523662471974
(2.19);5.795011595816776
(2.20);1.6914677173897343
(2.21);2.701130866334668
(2.22);4.340678531366133
(2.23);3.1382731574233276
(2.24);1.9918171946730867
(2.25);2.8071087618176476
(2.26);4.232090554736965
(2.27);5.40503653314452
(2.28);2.299251307024723
(2.29);1.9881825738193177
(2.30);1.9031155067372116
(2.31);3.4018294454282936
(3.4);3.1101769092985667
(3.5);2.5849376147733114
(3.6);2.460574755205989
(3.7);1.7637506661402993
(3.8);1.016353868007906
(3.9);0.9566017750671705
(3.10);0.9946768560245891
(3.11);1.2186971401566908
(3.12);2.8187285318535893
(3.13);14.685993849248707
(3.14);1.7596736508670152
(3.15);1.7375140937628422
(3.16);2.501684947714058
(3.17);0.823398287201171
(3.18);0.9328011785102845
(3.19);4.949929259645495
(3.20);1.4838036456494477
(3.21);3.9659858250261615
(3.22);6.5564585859281825
(3.23);4.498505632297387
(3.24);2.4303818729017435
(3.25);2.848215533510437
(3.26);7.635712039532556
(3.27);15.40181928789582
(3.28);2.1873438077655036
(3.29);2.0675942103183673
(3.30);1.6197874013841025
(3.31);3.390607316789553
(4.5);1.4607627262085814
(4.6);8.727504498108523
(4.7);1.2699739099758272
(4.8);1.1304582399352812
(4.9);0.9863379667674368
(4.10);0.9262938224642449
(4.11);1.0156689888143928
(4.12);1.6263097238966782
(4.13);4.619683492064665
(4.14);1.2156735423599672
(4.15);1.2533810935367016
(4.16);1.7627890062330076
(4.17);0.8404779232561
(4.18);0.9081894998102168
(4.19);2.8343336034428006
(4.20);1.2127855209306055
(4.21);7.160190910725213
(4.22);5.027602567563318
(4.23);5.257159306229212
(4.24);2.953213985825195
(4.25);2.353136433330844
(4.26);6.955649687701279
(4.27);6.9022123897048795
(4.28);1.8140831741006107
(4.29);1.9174065861439786
(4.30);1.253930727545941
(4.31);2.3266903265294725
(5.6);1.3507844574639862
(5.7);3.2010613196773097
(5.8);0.9390529354738855
(5.9);0.9620554562383823
(5.10);1.1461167500164542
(5.11);1.6991118993841448
(5.12);4.354315107962578
(5.13);2.468833767914946
(5.14);3.0903617869264
(5.15);2.2606973174020024
(5.16);2.25123314874259
(5.17);0.8509990026978449
(5.18);1.0224393410540336
(5.19);3.7687033076516747
(5.20);1.7255708535715628
(5.21);2.2932173742814568
(5.22);3.5608635253619876
(5.23);2.709795661184969
(5.24);1.9004085596520497
(5.25);3.1356647924332637
(5.26);3.2653599407507534
(5.27);3.428690153263008
(5.28);2.7699419337548603
(5.29);2.175722435121837
(5.30);2.655939697558544
(5.31);3.6690265738413603
(6.7);1.247984331588884
(6.8);1.280278467413999
(6.9);1.0796529652549935
(6.10);0.9749013306902266
(6.11);1.0308593447602288
(6.12);1.4537791616233426
(6.13);3.382692791579668
(6.14);1.1302008296704555
(6.15);1.1514335665491167
(6.16);1.547730323559956
(6.17);0.9035735829617351
(6.18);0.9524130062637547
(6.19);2.398169834526627
(6.20);1.13685910308652
(6.21);10.084858346654716
(6.22);4.7353279868060305
(6.23);5.722583337252354
(6.24);3.5228151349301804
(6.25);2.4010364843210312
(6.26);6.0944457541228845
(6.27);4.823771895531437
(6.28);1.8438137489940778
(6.29);2.026140131109585
(6.30);1.2419544311744486
(6.31);2.2652431870274503
(7.8);1.1712260119171478
(7.9);1.286221283903176
(7.10);1.7614377013921978
(7.11);3.42097946183803
(7.12);1.992445229943135
(7.13);1.833599930262028
(7.14);1.863182358928962
(7.15);1.4650037377719756
(7.16);1.4514375028997315
(7.17);1.0888418838589742
(7.18);1.3230048978841464
(7.19);2.2128572002753932
(7.20);1.3267113309051033
(7.21);2.2359859814536156
(7.22);3.3541915098895987
(7.23);2.7478111646725973
(7.24);2.198260047136647
(7.25);5.4274574350493
(7.26);2.883884902443429
(7.27);2.476754865000961
(7.28);6.053439813932449
(7.29);3.4086472339971894
(7.30);6.832173718859398
(7.31);4.802701486419318
(8.9);4.224296514460913
(8.10);1.7977974552021756
(8.11);1.288093769122572
(8.12);0.8929864918131049
(8.13);1.179539644163434
(8.14);0.8120691476541684
(8.15);0.7660728370911141
(8.16);0.8540012216633603
(8.17);2.2138718668843365
(8.18);1.7144037624821158
(8.19);1.2262720326096792
(8.20);0.8055459616420592
(8.21);2.352511467032581
(8.22);2.2003969931078426
(8.23);2.457147863049911
(8.24);4.034401709430294
(8.25);2.5869277101080237
(8.26);2.083087938308268
(8.27);1.6283589761996058
(8.28);2.2841809316259685
(8.29);3.3947255155345335
(8.30);1.3071667052317386
(8.31);1.72470468541361
(9.10);2.8601710632852906
(9.11);1.5907864736445358
(9.12);0.8907985794440302
(9.13);1.0882563472825906
(9.14);0.8333589662913101
(9.15);0.7692611841350723
(9.16);0.8290078057182638
(9.17);3.4233970947841517
(9.18);2.3836914606593314
(9.19);1.181258626970995
(9.20);0.808135982897773
(9.21);1.9451898470660538
(9.22);2.0055582840776545
(9.23);2.1153430222813925
(9.24);2.8862121241900582
(9.25);2.740118428557517
(9.26);1.8639420381919707
(9.27);1.4958020103921328
(9.28);2.700953269662311
(9.29);4.067901442727208
(9.30);1.5030178282384306
(9.31);1.7270230573665322
(10.11);3.0259201646500813
(10.12);1.0064371043428995
(10.13);1.10103065810552
(10.14);0.9805504660546644
(10.15);0.8672716757616931
(10.16);0.889463378837922
(10.17);2.342090384428895
(10.18);2.861736842394592
(10.19);1.2630368302457406
(10.20);0.8968197386547945
(10.21);1.7230448990183675
(10.22);1.9927597976390232
(10.23);1.951554486347419
(10.24);2.17854566627193
(10.25);3.248421507986504
(10.26);1.8132089249190624
(10.27);1.50429677066575
(10.28);4.2040469082404375
(10.29);4.591196928858088
(10.30);2.311846613761579
(10.31);1.9579854569250605
(11.12);1.3564686964492463
(11.13);1.3070815790852708
(11.14);1.3732761035427774
(11.15);1.136022719696229
(11.16);1.1069666027816973
(11.17);1.3974643543247562
(11.18);1.833275337844709
(11.19);1.5832728682468205
(11.20);1.1208370538763053
(11.21);1.7903133208665771
(11.22);2.302145159907061
(11.23);2.089471488472838
(11.24);1.978268382446169
(11.25);3.9661792242381995
(11.26);2.0595028684646723
(11.27);1.7721846062876034
(11.28);6.66734154602051
(11.29);3.7324235823473617
(11.30);6.737722642218039
(11.31);2.595159928323809
(12.13);2.674577760797287
(12.14);4.839935321416612
(12.15);4.4029490786958965
(12.16);4.554956582294497
(12.17);0.8031442106563547
(12.18);0.9480183539008195
(12.19);7.738505619350452
(12.20);2.4924056245107726
(12.21);2.212643548446359
(12.22);3.0267596386660838
(12.23);2.4336685268177685
(12.24);1.730383075478523
(12.25);2.3279287301922085
(12.26);3.0147362151006654
(12.27);3.9016127400945
(12.28);2.066981911354265
(12.29);1.7750135450126086
(12.30);1.9102988904462856
(12.31);2.507084025897774
(13.14);1.763199807637472
(13.15);1.7651791948491267
(13.16);2.5499359186557906
(13.17);0.9176212826916412
(13.18);1.0103703556032573
(13.19);4.670929180925303
(13.20);1.5317694817881107
(13.21);5.072836076988852
(13.22);7.618210018878415
(13.23);5.502264374307967
(13.24);2.822153959067268
(13.25);3.014861824813606
(13.26);10.274175722743037
(13.28);2.2968027346764086
(13.29);2.241644686822326
(13.30);1.6794010450635493
(13.31);3.496259446910713
(14.15);5.686912306286399
(14.16);2.918440729697342
(14.17);0.7744754471271325
(14.18);0.9431060562053946
(14.19);3.6985694913025857
(14.20);3.088610487648379
(14.21);1.7219254216628042
(14.22);2.2317469575921134
(14.23);1.8809719131830414
(14.24);1.4550380665586549
(14.25);2.0042707395031294
(14.26);2.180788357213508
(14.27);2.516094973207508
(14.28);1.9091692637177209
(14.29);1.5955085286159092
(14.30);1.9608675370229107
(14.31);1.9890601065451015
(15.16);4.3910465596882435
(15.17);0.7186234117068488
(15.18);0.8601871955627995
(15.19);4.4102451038594195
(15.20);4.614291762851138
(15.21);1.6854398794470575
(15.22);2.0808667813981883
(15.23);1.7859477051624568
(15.24);1.3772845599024648
(15.25);1.7367038844171963
(15.26);2.0943697462186357
(15.27);2.5833453190673175
(15.28);1.6130563452529503
(15.29);1.4140000505112185
(15.30);1.534300111082646
(15.31);1.7165200611700548
(16.17);0.7555285986886502
(16.18);0.8719765143048657
(16.19);10.630805291851594
(16.20);2.9876429024776563
(16.21);2.1493378779085264
(16.22);2.5900867840620947
(16.23);2.214259093183758
(16.24);1.6159284583169595
(16.25);1.8805592854167301
(16.26);2.7245930504365217
(16.27);3.935111929797441
(16.28);1.6595372189090631
(16.29);1.5180656267476216
(16.30);1.4502043948949286
(16.31);1.9241514569778861
(17.18);4.208958888606058
(17.19);1.0307980547183924
(17.20);0.7646283952237943
(17.21);1.4866664667986005
(17.22);1.5285170578474778
(17.23);1.5722311728042901
(17.24);1.916390536006136
(17.25);1.922545335829087
(17.26);1.4492948090538746
(17.27);1.2355656934798211
(17.28);1.9941213950417496
(17.29);2.4179923551784523
(17.30);1.3067237586986113
(17.31);1.3301155222010883
(18.19);1.1474014766699259
(18.20);0.9011036195716053
(18.21);1.4691260620222888
(18.22);1.5735592659686424
(18.23);1.5706244714736193
(18.24);1.7599500412300368
(18.25);2.0176734384456148
(18.26);1.4886991293434186
(18.27);1.3085906965507383
(18.28);2.2310986028826263
(18.29);2.3887654968994734
(18.30);1.6408403566262402
(18.31);1.4537920977740946
(19.20);2.9515179586117966
(19.21);3.1880108140773147
(19.22);4.0793034723430965
(19.23);3.3520070067063146
(19.24);2.3065909761423944
(19.25);2.7397709583857806
(19.26);4.327806423603659
(19.27);6.997749988919143
(19.28);2.354798933725137
(19.29);2.144670723784318
(19.30);2.062203165857654
(19.31);3.0181051030524824
(20.21);1.5484455342151344
(20.22);1.7882913165283383
(20.23);1.6025484165893364
(20.24);1.3116205045793616
(20.25);1.5586419166368306
(20.26);1.8079664598642946
(20.27);2.127534670780128
(20.28);1.4811147656429158
(20.29);1.3339486928017912
(20.30);1.4191365286221913
(20.31);1.496910873374648
(21.22);9.324597684819684
(21.23);16.202374539251256
(21.24);7.277853140454529
(21.26);11.433696962776462
(21.27);6.0933187729400125
(21.28);3.1017609870522302
(21.29);3.5487899396941844
(21.30);2.0592647442622276
(21.31);4.158116093717898
(22.24);5.651510418958459
(22.25);6.396621843239621
(22.27);7.921317632160284
(22.28);4.212780403188846
(22.29);4.323151080382242
(22.30);2.79352120258071
(22.31);8.474531319586475
(23.24);7.812245645452307
(23.25);5.72592623298317
(23.26);16.261228277477336
(23.27);6.237904636076403
(23.28);3.8273313170536056
(23.29);4.35159432001891
(23.30);2.428343337616423
(23.31);5.923155504438615
(24.25);5.002030182370117
(24.26);5.314793626360386
(24.27);3.4837661304868304
(24.28);3.622655102160876
(24.29);5.105283325993786
(24.30);2.118465861892891
(24.31);3.800742808277966
(25.26);5.11330518276724
(25.27);3.6236477558992997
(25.28);11.946666110632208
(25.29);10.41729514850963
(25.30);4.401957423505907
(25.31);10.034262267082422
(26.28);3.6020442922483538
(26.29);3.733335649583677
(26.30);2.488010839294601
(26.31);6.140355525446147
(27.28);2.8449373835120593
(27.29);2.7740980046179415
(27.30);2.2056125866973373
(27.31);4.205245328667564
(28.29);9.35538741339783
(28.30);6.138158837968381
(28.31);5.638973843622743
(29.30);3.456789948701539
(29.31);4.682913221554136
(30.31);3.3944188236263173

****Importance nodes******

0; 0.061111111111111116
1; 0.016540688948920322
2; 0.017074259560175817
3; 0.0176250421266331
4; 0.018193591872653524
5; 0.0187804819330617
6; 0.019386303930902397
7; 0.020011668573834733
8; 0.020657206269764885
9; 0.021323567762337944
10; 0.022011424786929492
11; 0.02272147074779818
12; 0.023454421417081994
13; 0.022418781377579258
14; 0.024934202152393642
15; 0.02573853125408376
16; 0.026568806455828396
17; 0.027425864728597052
18; 0.03666666666666667
19; 0.03666666666666667
20; 0.03666666666666667
21; 0.03793103448275863
22; 0.03928571428571429
23; 0.03793103448275863
24; 0.03666666666666667
25; 0.03793103448275863
26; 0.03928571428571429
27; 0.03928571428571429
28; 0.03666666666666667
29; 0.03666666666666667
30; 0.028310570042422763
31; 0.029223814237339628
