
****Times edges******

(0.1);0.60441050814152
(0.2);0.553855512708303
(0.3);0.40656490510519006
(0.4);0.3903193762693177
(0.5);0.6471553810544314
(0.6);0.37371170159934936
(0.7);0.6310577451989066
(0.8);0.7456434051140517
(0.9);0.8642911289700228
(0.10);0.9364219074996115
(0.11);0.8796295787735476
(0.12);0.8026234823812
(0.13);0.37187208406533645
(0.14);1.0567325934219982
(0.15);1.1404310129956345
(0.16);0.9464393909370764
(0.17);1.2986832091860465
(0.30);0.8270337784227204
(0.31);0.31967921645139913
(1.2);0.3319156990065737
(1.3);0.49629972796936106
(1.4);0.8098544882276606
(1.5);0.15767957319826478
(1.6);0.8803601933006471
(1.7);0.21316408336454717
(1.8);1.1727500886889302
(1.9);1.1389264370650027
(1.10);0.9320628936049005
(1.11);0.5921583317802377
(1.12);0.4540814349489543
(1.13);0.5653457709599524
(1.14);0.5575580805712402
(1.15);0.7525105558846855
(1.16);0.7687414715272651
(1.17);1.513492357916822
(1.18);1.5832249632720172
(1.19);0.6148873957229714
(1.20);1.177055472803478
(1.21);0.7797593339372163
(1.22);0.5013698188922585
(1.23);0.6391571672030121
(1.24);0.8638942770199486
(1.25);0.45181007477071955
(1.26);0.5729715547321927
(1.27);0.6148175364978236
(1.28);0.48899057554988296
(1.29);0.6814839361140563
(1.30);0.39771722006429305
(1.31);0.3077919465062665
(2.3);0.23166658997213807
(2.4);0.5836273018935911
(2.5);0.21852631196006475
(2.6);0.6882438828205578
(2.7);0.5300470486100877
(2.8);1.264863616773473
(2.9);1.3069994411298838
(2.10);1.1953412663619918
(2.11);0.9108494204026574
(2.12);0.2491411343995662
(2.13);0.3149509111274911
(2.14);0.5182703445415895
(2.15);0.5894009913307471
(2.16);0.4744860723174385
(2.17);1.7175676193580933
(2.18);1.853332709189169
(2.19);0.2975955978377542
(2.20);1.0195701180718721
(2.21);0.6534833544009737
(2.22);0.4166667299506108
(2.23);0.56245711277015
(2.24);0.8658274187741721
(2.25);0.6288121369638091
(2.26);0.42735766308373724
(2.27);0.33461685565683624
(2.28);0.7500571751617005
(2.29);0.8674102484566576
(2.30);0.7288395426805597
(2.31);0.41594580876020326
(3.4);0.35197376376521444
(3.5);0.4304310441207959
(3.6);0.4597107736255225
(3.7);0.6521700276372528
(3.8);1.1511683964422499
(3.9);1.2443631601509992
(3.10);1.2178653894144924
(3.11);1.0118044345825932
(3.12);0.4454078610122902
(3.13);0.08333329654034338
(3.14);0.7391764846646806
(3.15);0.7627515392331672
(3.16);0.539902792252698
(3.17);1.6721681378688962
(3.18);1.8677557823503268
(3.19);0.3519736754925988
(3.20);1.1741747636583129
(3.21);0.44952730354466125
(3.22);0.2785484206310402
(3.23);0.3963135893440848
(3.24);0.7168605124863107
(3.25);0.6259424165217679
(3.26);0.23917758744539042
(3.27);0.11857632854310837
(3.28);0.7965116360585242
(3.29);0.8426434869333055
(3.30);0.866718082427082
(3.31);0.42228714829979797
(4.5);0.7735777874080757
(4.6);0.13159877782735244
(4.7);0.919421661078686
(4.8);1.0503445520244454
(4.9);1.2244648889887373
(4.10);1.3265323463884227
(4.11);1.2311682110507012
(4.12);0.7826676730752385
(4.13);0.2686782511649944
(4.14);1.0842430460407928
(4.15);1.0712366394668613
(4.16);0.7760672916184286
(4.17);1.6588616348027656
(4.18);1.9384608680523492
(4.19);0.6211300617611542
(4.20);1.4516085291051848
(4.21);0.2515385340263641
(4.22);0.3668818627701216
(4.23);0.3425926094532906
(4.24);0.5961267333177079
(4.25);0.765388653000169
(4.26);0.26518532100846254
(4.27);0.2672383999667596
(4.28);0.9704570503119078
(4.29);0.918161968817784
(4.30);1.1334559401087252
(4.31);0.622853019777559
(5.6);0.8635468395870404
(5.7);0.37037036382939437
(5.8);1.283535072249612
(5.9);1.2740148447867452
(5.10);1.0877560610759902
(5.11);0.7465053338809219
(5.12);0.2964408268739971
(5.13);0.510016195387532
(5.14);0.43231906179530677
(5.15);0.6018516782015219
(5.16);0.6156535205199152
(5.17);1.6594300358565408
(5.18);1.7402727914254346
(5.19);0.47213145235038495
(5.20);1.031150568193978
(5.21);0.7936000770812651
(5.22);0.5232915392417896
(5.23);0.6715995272492375
(5.24);0.9362846515725363
(5.25);0.5803864907325209
(5.26);0.5706475822044305
(5.27);0.5434640261801703
(5.28);0.6423684714961807
(5.29);0.8178080702742055
(5.30);0.5418842742240371
(5.31);0.39986704653452565
(6.7);0.964830681681125
(6.8);0.9559035290321103
(6.9);1.1523964649391853
(6.10);1.2977834058350588
(6.11);1.2483870181293406
(6.12);0.9006265417764818
(6.13);0.3777051632657356
(6.14);1.1984928700611779
(6.15);1.1977415303972068
(6.16);0.9074545609917305
(6.17);1.5833670442604477
(6.18);1.8886391181585631
(6.19);0.7500571620807582
(6.20);1.5822228589181904
(6.21);0.18238615912314052
(6.22);0.39760938516109223
(6.23);0.32141752609765234
(6.24);0.510604272826361
(6.25);0.7660602373842853
(6.26);0.3089388150015675
(6.27);0.3903192128786654
(6.28);0.9755673322503797
(6.29);0.8877789016930717
(6.30);1.1737365289489776
(6.31);0.6558404660531536
(7.8);1.0612258342120515
(7.9);0.9821800282219777
(7.10);0.7291335734916773
(7.11);0.38176903266675893
(7.12);0.6667308467396235
(7.13);0.707227955303684
(7.14);0.7372602182051942
(7.15);0.9544224103335707
(7.16);0.9808259293688658
(7.17);1.3315075873004238
(7.18);1.374773962972056
(7.19);0.8219385716662022
(7.20);1.3709332573912607
(7.21);0.8315824968461575
(7.22);0.5673137833610445
(7.23);0.6766865311837222
(7.24);0.8273965079175943
(7.25);0.3425926094532906
(7.26);0.6598318379421837
(7.27);0.7682952812498964
(7.28);0.3004626695568109
(7.29);0.5335936990941573
(7.30);0.21615959141753463
(7.31);0.3133134025009861
(8.9);0.30372630905576053
(8.10);0.7253611877668423
(8.11);1.02923652258052
(8.12);1.5097135727950806
(8.13);1.1161153148256353
(8.14);1.7158383227533025
(8.15);1.8509487109695932
(8.16);1.6900873591981844
(8.17);0.6637829331863875
(8.18);1.0729959389446597
(8.19);1.500114351413477
(8.20);2.283604365795518
(8.21);0.7991979720723258
(8.22);0.8742034596380733
(8.23);0.7651645316109088
(8.24);0.455965569951764
(8.25);0.7267780952606603
(8.26);0.9234342096542947
(8.27);1.181308723732115
(8.28);0.8053426282414912
(8.29);0.5418842455558884
(8.30);1.1448952955602907
(8.31);0.8839077719044893
(9.10);0.46305553882657813
(9.11);0.846196978266641
(9.12);1.5362837502986764
(9.13);1.2284493630651354
(9.14);1.6964417217928411
(9.15);1.869751282610102
(9.16);1.7656072895248323
(9.17);0.435209785959507
(9.18);0.7806933651912001
(9.19);1.5753807553317065
(9.20);2.302746254815711
(9.21);0.9775427471731327
(9.22);0.9697940531264494
(9.23);0.898911527277248
(9.24);0.6447662292049596
(9.25);0.6939503807779753
(9.26);1.043475847019165
(9.27);1.3002914046004717
(9.28);0.6889908570066913
(9.29);0.45746735367119706
(9.30);1.0092591972025
(9.31);0.8945134950363375
(10.11);0.45181007477071955
(10.12);1.3806544742520857
(10.13);1.2332902044550356
(10.14);1.4632265019412838
(10.15);1.6826902518087576
(10.16);1.669236495789478
(10.17);0.6451153361526509
(10.18);0.6579940245791885
(10.19);1.4908557669275508
(10.20);2.0996479683177074
(10.21);1.1163840606731785
(10.22);0.9870994655962099
(10.23);0.9856654654252339
(10.24);0.8643407257264795
(10.25);0.5921583317802377
(10.26);1.0848458245918329
(10.27);1.307622385202982
(10.28);0.4479031236599284
(10.29);0.4101339522985988
(10.30);0.665250482592312
(10.31);0.799734203484709
(11.12);1.040379736796112
(11.13);1.0554742731753488
(11.14);1.060579208277462
(11.15);1.3037153421454215
(11.16);1.3608589311174153
(11.17);1.0967142561650398
(11.18);1.039555482912338
(11.19);1.2037037123327607
(11.20);1.7003287164297813
(11.21);1.0871647578854517
(11.22);0.8643407257264795
(11.23);0.9315109388937294
(11.24);0.9633634374663997
(11.25);0.49074069475336374
(11.26);0.9661738513261524
(11.27);1.1228163314261659
(11.28);0.28583977826693646
(11.29);0.510604272826361
(11.30);0.23148143853997422
(11.31);0.6117421037221775
(12.13);0.5241917717028868
(12.14);0.30555547951670964
(12.15);0.34146452687629136
(12.16);0.3356400956949644
(12.17);1.9361650554925598
(12.18);2.035099985454514
(12.19);0.2493132696589178
(12.20);0.7740763057429184
(12.21);0.8902863086518977
(12.22);0.6651861289582965
(12.23);0.8094307977448932
(12.24);1.1149624413083414
(12.25);0.846196978266641
(12.26);0.6678390358820419
(12.27);0.5160323849267366
(12.28);0.9333957533136344
(12.29);1.0869281215656672
(12.30);0.8281732313930946
(12.31);0.642168053699491
(13.14);0.8207902394149726
(13.15);0.833796003597797
(13.16);0.5871420087446183
(13.17);1.660127351239504
(13.18);1.8766168105734482
(13.19);0.4059316510242049
(13.20);1.2378350768659783
(13.21);0.38176910976675676
(13.22);0.2599198996116679
(13.23);0.3519736569088973
(13.24);0.6718549100194399
(13.25);0.6423684485853526
(13.26);0.19272829633858157
(13.27);0.07465046767213915
(13.28);0.8255293176047527
(13.29);0.8458423430690778
(13.30);0.923190350432798
(13.31);0.45143037226494664
(14.15);0.2723229017551566
(14.16);0.5393467766565522
(14.17);2.066231148305246
(14.18);2.096051593930453
(14.19);0.5344766286001508
(14.20);0.6400285695655606
(14.21);1.1715798174820187
(14.22);0.923422493953173
(14.23);1.0725163183407096
(14.24);1.3585891653200215
(14.25);1.0065372065100722
(14.26);0.9450001576885485
(14.27);0.8190650048574907
(14.28);1.0354236211122343
(14.29);1.2389773648340432
(14.30);0.8298795872544731
(14.31);0.8321492151911759
(15.16);0.3640666854124503
(15.17);2.261027726113829
(15.18);2.3281097847534284
(15.19);0.45408138993383246
(15.20);0.4340016474103419
(15.21);1.2122558451946965
(15.22);1.0027824147419089
(15.23);1.1440336912877773
(15.24);1.4540279365733857
(15.25);1.1764724913191478
(15.26);0.9963172069182806
(15.27);0.8077342972328837
(15.28);1.2415004798826954
(15.29);1.4162730941808237
(15.30);1.0766251637508184
(15.31);0.9785944310703589
(16.17);2.184169600619148
(16.18);2.3271889661329133
(16.19);0.19088432786674447
(16.20);0.679215752704066
(16.21);0.9630073814667064
(16.22);0.8159188043113821
(16.23);0.934772379647681
(16.24);1.2557821556845739
(16.25);1.1006450356247215
(16.26);0.7756389570090381
(16.27);0.5370369508202119
(16.28);1.2227831347773572
(16.29);1.3367367570036452
(16.30);1.156555071403717
(16.31);0.8861839361180807
(17.18);0.4886618172994454
(17.19);1.9953059573892813
(17.20);2.689878524381652
(17.21);1.4107613679051207
(17.22);1.4005757263559728
(17.23);1.3339842477353934
(17.24);1.0732454897900336
(17.25);1.0909139978303835
(17.26);1.4771348625334417
(17.27);1.732650801037467
(17.28);1.031410376799969
(17.29);0.8506054599552685
(17.30);1.303592230702551
(17.31);1.3016507024842554
(18.19);2.148647005414622
(18.20);2.7359347951872746
(18.21);1.707046816102612
(18.22);1.622696647136013
(18.23);1.5967323903183177
(18.24);1.40081291462802
(18.25);1.2429498841797408
(18.26);1.7151950280801782
(18.27);1.9512666196447455
(18.28);1.1049985615471474
(18.29);1.0320647841134245
(18.30);1.2707805932183627
(18.31);1.4544407639641879
(19.20);0.8352857009261425
(19.21);0.7866557276263043
(19.22);0.6259424831392792
(19.23);0.7481687722045512
(19.24);1.0688330841293279
(19.25);0.9153564311471141
(19.26);0.5900008214394581
(19.27);0.3648900502304907
(19.28);1.0469517000141977
(19.29);1.1495287922357469
(19.30);1.0111264090232965
(19.31);0.7005900779244283
(20.21);1.619602957426389
(20.22);1.427848651591134
(20.23);1.564924304730803
(20.24);1.8796296171397504
(20.25);1.6090077777709728
(20.26);1.41231012944166
(20.27);1.2001728479568483
(20.28);1.664530530681057
(20.29);1.848167594569902
(20.30);1.469307596355474
(20.31);1.4125453471821006
(21.22);0.2783943771597354
(21.23);0.15740737138395638
(21.24);0.3445888393499365
(21.25);0.5987097585016883
(21.26);0.22704078769813021
(21.27);0.4260265483333582
(21.28);0.8085300502189491
(21.29);0.7066822802266598
(21.30);1.0322724198370525
(21.31);0.5182704281542442
(22.23);0.14958785619556983
(22.24);0.45181007477071955
(22.25);0.40582601697394766
(22.26);0.1027945518152116
(22.27);0.33346193975795907
(22.28);0.6061102408813737
(22.29);0.5906361580894267
(22.30);0.776509041300103
(22.31);0.25942447971698174
(23.24);0.32101742321536003
(23.25);0.4454079711524949
(23.26);0.15963834468309923
(23.27);0.416151851651791
(23.28);0.6552521218777442
(23.29);0.5763099182043281
(23.30);0.8753795922166564
(23.31);0.36383117184604086
(24.25);0.5013698188922585
(24.26);0.48043433564243915
(24.27);0.7329451086317043
(24.28);0.6805397360031844
(24.29);0.48290380561303103
(24.30);0.9842726849074653
(24.31);0.5563266434988446
(25.26);0.507678589863791
(25.27);0.7163818725217802
(25.28);0.20992190987882245
(25.29);0.2407407038848572
(25.30);0.4829038530208415
(25.31);0.21476702031955439
(26.27);0.259465750156715
(26.28);0.7088778309728428
(26.29);0.6839485073467384
(26.30);0.8718589310818544
(26.31);0.358041300592159
(27.28);0.897527432327861
(27.29);0.9204466968025473
(27.30);0.9834884348912738
(27.31);0.5227996719814645
(28.29);0.26352310576946436
(28.30);0.3397025291806019
(28.31);0.37497150154774045
(29.30);0.6032035827208302
(29.31);0.45152544779164655
(30.31);0.5180222432932718
