
****Importance edges******

(0.1);4.185516952601596
(0.2);4.5675638683932736
(0.3);6.266003895382066
(0.4);6.565091110542766
(0.5);3.996768573444156
(0.6);6.91694796392174
(0.7);4.157850555427537
(0.8);3.546796302338312
(0.9);3.084745028430939
(0.10);2.8708031003609316
(0.11);3.082164513010731
(0.12);3.4073028747577023
(0.14);2.633066426303808
(0.15);2.4625468731450377
(0.16);2.9955627578760664
(0.17);2.204336949579702
(0.30);3.4959189276409766
(0.31);9.136253304146518
(1.2);3.1607129466214636
(1.3);2.1479178758262005
(1.4);1.3338746594230664
(1.6);1.2513479017486733
(1.7);5.341818908177364
(1.8);0.9878446154131042
(1.9);1.0351369618611943
(1.10);1.2875252611561594
(1.11);2.0633757571872393
(1.12);2.740342589585943
(1.13);2.1438702484892094
(1.14);2.313184498691365
(1.15);1.746710705700191
(1.16);1.7429761133323425
(1.17);0.9026802953200913
(1.18);1.0978674850980448
(1.19);2.82681222751068
(1.20);1.4767113776141456
(1.21);2.2816219294204827
(1.22);3.636009472761274
(1.23);2.7194738602059796
(1.24);2.012018432125528
(1.25);3.8471280430255237
(1.26);3.1816333564777417
(1.27);2.9650836266530427
(1.28);3.5546108569010233
(1.29);2.5505681303117105
(1.30);3.5033682397134434
(1.31);4.6179760487213635
(2.3);4.601488102368482
(2.4);1.8509147467262703
(2.5);5.048120968117734
(2.6);1.600648996915306
(2.7);2.148269543330051
(2.8);0.9159049600080932
(2.9);0.9020239907889167
(2.10);1.0039430196825447
(2.11);1.3414348396594924
(2.12);4.994513243787675
(2.13);3.848307579525026
(2.14);2.4885365768675722
(2.15);2.2300916751912716
(2.16);2.8238932613043404
(2.17);0.7954270406655946
(2.18);0.9378624788488958
(2.19);5.840715458833922
(2.20);1.7048079165550492
(2.21);2.722511574319009
(2.22);4.375164321530884
(2.23);3.090317767004937
(2.24);2.007526177945225
(2.25);2.7642138352554304
(2.26);4.265713635961308
(2.27);5.447978426760442
(2.28);2.3173849492169336
(2.29);2.003862891710745
(2.30);1.911737488934588
(2.31);3.4172139904280243
(3.4);3.1171789009673505
(3.5);2.602200940722076
(3.6);2.4331770219008866
(3.7);1.7719378268329127
(3.8);1.0210631862422284
(3.9);0.961026250678964
(3.10);0.9992691651445774
(3.11);1.2243136265348527
(3.12);2.8316956573251786
(3.13);14.747391978083547
(3.14);1.767717922095878
(3.15);1.7454426324602703
(3.16);2.513079858273836
(3.17);0.8271420246099559
(3.18);0.9401325785323816
(3.19);4.988833489528116
(3.20);1.4954656786004301
(3.21);3.9972718737446464
(3.22);6.608374434996224
(3.23);4.430678399486447
(3.24);2.4494835873154757
(3.25);2.8052709217042073
(3.26);7.696173715386378
(3.27);15.523775144864063
(3.28);2.204535351697938
(3.29);2.083844575978737
(3.30);1.6271388773235789
(3.31);3.4059683160668763
(4.5);1.4663055333084407
(4.7);1.2723629572947805
(4.8);1.1326273751537814
(4.9);0.9882676060039431
(4.10);0.9281406944086882
(4.11);1.017731994373352
(4.12);1.629673579016245
(4.13);4.627029190899136
(4.14);1.2182589932679448
(4.15);1.2560925636522062
(4.16);1.7666665888864828
(4.17);0.8423570911055052
(4.18);0.9135510946953447
(4.19);2.8510663982550524
(4.20);1.2199453313524808
(4.21);7.202983201981212
(4.23);5.169063777701707
(4.24);2.970648603825511
(4.25);2.3137043397387824
(4.26);6.997737442831746
(4.27);6.943976802514516
(4.28);1.8247928102167374
(4.29);1.9287262031921044
(4.30);1.2567793412893007
(4.31);2.3320589665021347
(5.6);1.3383106024411355
(5.7);3.2204005989650457
(5.8);0.9446971080154807
(5.9);0.9678080811588194
(5.10);1.1529345372859778
(5.11);1.7091668321144964
(5.12);4.3799490086325195
(5.13);2.482440754576943
(5.14);3.1083332619458
(5.15);2.2737749251768578
(5.16);2.264187544118715
(5.17);0.8558702134917185
(5.18);1.031407879610898
(5.19);3.80176126969098
(5.20);1.7407070558981517
(5.21);2.3133514095793357
(5.22);3.592156820554024
(5.23);2.672621103681225
(5.24);1.9170783871485777
(5.25);3.0926479137776224
(5.26);3.2940563150449007
(5.27);3.4588218930289076
(5.28);2.7942390534329298
(5.29);2.1948072353294554
(5.30);2.6710627277144403
(5.31);3.689808550607639
(6.7);1.2346524497109272
(6.8);1.2669076503940282
(6.9);1.068635250928751
(6.10);0.9651850597746388
(6.11);1.020830688991173
(6.12);1.4399812450626301
(6.13);3.348046929433613
(6.14);1.1199744080762175
(6.15);1.141285363375257
(6.16);1.534451107183865
(6.17);0.8960312565457941
(6.18);0.9495435929733842
(6.19);2.39094467028538
(6.20);1.133433993813315
(6.22);4.723629386671515
(6.23);5.579487826502391
(6.24);3.512201658947381
(6.25);2.3409975959720186
(6.26);6.0793894614822
(6.27);4.811854795236977
(6.28);1.8382587390965481
(6.29);2.020035811468712
(6.30);1.231874850216961
(6.31);2.247379579150031
(7.8);1.1760819461084224
(7.9);1.29155399155012
(7.10);1.7687406689432594
(7.11);3.4351629336593184
(7.12);2.0007059608506443
(7.13);1.8404556165138628
(7.14);1.8708840638104975
(7.15);1.4710592636330946
(7.16);1.4574367004590305
(7.17);1.093342183340211
(7.18);1.332760603813081
(7.19);2.2291745881725493
(7.20);1.3364943677008063
(7.21);2.252559873868109
(7.22);3.3791859730897205
(7.23);2.7076711188443623
(7.24);2.2144697970850324
(7.25);5.348173096673149
(7.26);2.9053747770838547
(7.27);2.49521092457492
(7.28);6.098077274290816
(7.29);3.433782258125623
(7.30);6.860410641320798
(7.31);4.822549909828878
(8.9);4.241810560144612
(8.10);1.8052511712594315
(8.11);1.29343424014303
(8.12);0.8966888375549347
(8.13);1.1839570465676181
(8.14);0.8154260828910729
(8.15);0.7692394980895728
(8.16);0.8575311966046355
(8.17);2.2230224191291827
(8.18);1.726983286217317
(8.19);1.2352698652542444
(8.20);0.8114566956045189
(8.21);2.3698644217463674
(8.22);2.2167153806686315
(8.23);2.4217615639282792
(8.24);4.064004334652976
(8.25);2.549672403200162
(8.26);2.0985363489391644
(8.27);1.640435066534643
(8.28);2.300941223964152
(8.29);3.419634484548538
(8.30);1.312569364454027
(8.31);1.7318327758976688
(9.10);2.872029408572864
(9.11);1.5973819166673078
(9.12);0.8944918540429956
(9.13);1.0923385396463898
(9.14);0.8368040562024839
(9.15);0.7724411596123645
(9.16);0.8324346165366112
(9.17);3.4375475499030386
(9.18);2.4010944980468336
(9.19);1.1898828505287704
(9.20);0.8140360840462103
(9.21);1.9594675901089558
(9.22);2.020359621285229
(9.23);2.085320397992969
(9.24);2.9072840029690554
(9.25);2.701228496655293
(9.26);1.877698225115923
(9.27);1.5068412657093941
(9.28);2.720672596391295
(9.29);4.09760068948999
(9.30);1.5092302217233287
(9.31);1.7341610276121342
(10.11);3.0384657101196018
(10.12);1.0106098193412167
(10.13);1.105167499921998
(10.14);0.9846042158556674
(10.15);0.8708569601604558
(10.16);0.8931402467093126
(10.17);2.3517717174773267
(10.18);2.882524194841737
(10.19);1.2722113956198489
(10.20);0.9033341419754627
(10.21);1.735628939338295
(10.22);2.007394357964659
(10.23);1.9242671701930187
(10.24);2.194370390584841
(10.25);3.203000944373605
(10.26);1.8265248877491778
(10.27);1.515344124122022
(10.28);4.234584658424623
(10.29);4.624546895668652
(10.30);2.3214025258699427
(10.31);1.966078358996876
(11.12);1.3620926517366632
(11.13);1.3120005980619187
(11.14);1.3789536857389406
(11.15);1.1407192162390665
(11.16);1.1115427813908036
(11.17);1.4032411990022104
(11.18);1.8465237156247996
(11.19);1.5947145740585411
(11.20);1.128936913408117
(11.21);1.8033224733371636
(11.22);2.318967503582228
(11.23);2.0606992068017087
(11.24);1.9925645693527514
(11.25);3.911564444171798
(11.26);2.074552164945484
(11.27);1.7851343972139126
(11.28);6.715523866355665
(11.29);3.759396376140787
(11.30);6.765573888831298
(11.31);2.6058869030437526
(12.13);2.6846595134305398
(12.14);4.8599460881545875
(12.15);4.4211523411245714
(12.16);4.573787488992598
(12.17);0.8064643933498502
(12.18);0.9548337149865058
(12.19);7.794138202667511
(12.20);2.510323678769049
(12.21);2.2286390876823883
(12.22);3.048765139966749
(12.23);2.4006772226783335
(12.24);1.7428229037027567
(12.25);2.2963708561816816
(12.26);3.0366543023035852
(12.27);3.929978700552688
(12.28);2.081841568897283
(12.29);1.787774224372315
(12.30);1.9181956929253392
(12.31);2.51744738146957
(13.14);1.7698461443281284
(13.15);1.7718434355342256
(13.16);2.5595779747500473
(13.17);0.9210964802794206
(13.18);1.0173924777927257
(13.19);4.703392361644047
(13.20);1.5424153527873565
(13.21);5.108324807048566
(13.22);7.671863646581105
(13.23);5.424428190292043
(13.24);2.8417680637647775
(13.25);2.9722129581261902
(13.26);10.346534819934377
(13.28);2.312765623293002
(13.29);2.2572242243740197
(13.30);1.6857710957052516
(13.31);3.509541372769378
(14.15);5.710363308242215
(14.16);2.930475443013461
(14.17);0.7776691354147526
(14.18);0.9498086305224268
(14.19);3.7248549092776404
(14.20);3.110560978999396
(14.21);1.7342332556664974
(14.22);2.2477924347786713
(14.23);1.8562401894411036
(14.24);1.4653788980176952
(14.25);1.9779178365777697
(14.26);2.1964674599519896
(14.27);2.534184812808039
(14.28);1.9227375668684272
(14.29);1.6068476716700153
(14.30);1.9689535256876187
(14.31);1.9972623523221746
(15.16);4.4091538270265325
(15.17);0.7215867841180609
(15.18);0.8662673980894943
(15.19);4.441418764153543
(15.20);4.646907719680207
(15.21);1.697422537553639
(15.22);2.095748566076422
(15.23);1.7628550811601362
(15.24);1.3870198467147936
(15.25);1.7142479918452649
(15.26);2.109348100372999
(15.27);2.6018206915090123
(15.28);1.6244581765249106
(15.29);1.4239948594600307
(15.30);1.540627072528145
(15.31);1.72359843923247
(16.17);0.7586441562515718
(16.18);0.8781063344798961
(16.19);10.705537722927172
(16.20);3.008645433439162
(16.21);2.1645360150073416
(16.22);2.6085114885497234
(16.23);2.186114413717745
(16.24);1.627288111590527
(16.25);1.8566561484858177
(16.26);2.7439745715933572
(16.27);3.9631045340910127
(16.28);1.6712034330315757
(16.29);1.5287373239243234
(16.30);1.4561845725852758
(16.31);1.9320860403072253
(17.18);4.238383460914853
(17.19);1.0380043004194213
(17.20);0.7699738652319537
(17.21);1.497121341484153
(17.22);1.5393315234078013
(17.23);1.5525941688881109
(17.24);1.9297879041893344
(17.25);1.8985329444315988
(17.26);1.4595487664557898
(17.27);1.2443074883921212
(17.28);2.0080621748720677
(17.29);2.43489639077967
(17.30);1.3121122682747264
(17.31);1.335600491905671
(18.19);1.157883661045639
(18.20);0.9093357287975627
(18.21);1.482547388878148
(18.22);1.5879346512957255
(18.23);1.558109095806754
(18.24);1.7760282154343774
(18.25);2.00159579448053
(18.26);1.502299267630699
(18.27);1.3205454388379778
(18.28);2.251480995089132
(18.29);2.4105882685081625
(18.30);1.6522473128771253
(18.31);1.4638417259312364
(19.20);2.9784818034903893
(19.21);3.217135159674211
(19.22);4.116570298289396
(19.23);3.3252968492569446
(19.24);2.327663035384858
(19.25);2.7179393471966375
(19.26);4.367343469526127
(19.27);7.061678532755323
(19.28);2.3763114008893558
(19.29);2.164263546705503
(19.30);2.076539393753549
(19.31);3.0389683572077977
(20.21);1.5625914908967478
(20.22);1.80462840487839
(20.23);1.5897786579218567
(20.24);1.323602925937114
(20.25);1.5462220228486414
(20.26);1.8244832921699357
(20.27);2.146970945822725
(20.28);1.4946456163266
(20.29);1.3461350952337203
(20.30);1.4290022222776733
(20.31);1.507258568677732
(21.22);9.40978334489509
(21.23);16.077886173020932
(21.24);7.344340590600586
(21.25);4.227052864879179
(21.26);11.53815047978577
(21.27);6.148984808008505
(21.28);3.130097389973757
(21.29);3.5812102138657935
(21.30);2.0736663757314235
(21.31);4.187033925751646
(22.23);17.225570979236885
(22.24);5.703140276002669
(22.25);6.349361861376384
(22.27);7.993683507232951
(22.28);4.251266619058793
(22.29);4.362645597018344
(22.30);2.8131778334750366
(22.31);8.53383336329045
(23.24);7.749994489411847
(23.25);5.585628057995511
(23.26);16.14108590040689
(23.27);6.191817300105909
(23.28);3.796833581850523
(23.29);4.316919043621532
(23.30);2.398552398376883
(23.31);5.851810518003176
(24.25);4.962171968031572
(24.26);5.363347378332241
(24.27);3.5155923740852
(24.28);3.6557501778450003
(24.29);5.151923078688399
(24.30);2.1331932223627983
(24.31);3.827016201841328
(25.26);5.075526693414431
(25.27);3.5968752607574217
(25.28);11.851470207947152
(25.29);10.3342858967221
(25.30);4.347954167826491
(25.31);9.913398598249456
(26.28);3.6349510761148105
(26.29);3.767441856879952
(26.30);2.5055177444449597
(26.31);6.183323757905959
(27.28);2.870927552426501
(27.29);2.799441014324619
(27.30);2.2211323946273924
(27.31);4.234672282544082
(28.29);9.440854355673405
(28.30);6.180830697569429
(28.31);5.677954376260818
(29.30);3.480821202902535
(29.31);4.7152847942438205
(30.31);3.408416317905194

****Importance nodes******

0; 0.061111111111111116
1; 0.0170077540594782
2; 0.017007754059478204
3; 0.017556391287203304
4; 0.01801788989326867
5; 0.01876048856747654
6; 0.018711516388800815
7; 0.01991272309806618
8; 0.020555069004455414
9; 0.02121813574653462
10; 0.021902591738358314
11; 0.02260912695572471
12; 0.02333845363171583
13; 0.022290816924761425
14; 0.024810365585150578
15; 0.025610699958865113
16; 0.026436851570441407
17; 0.02728965323400403
18; 0.03666666666666667
19; 0.03666666666666667
20; 0.03666666666666667
21; 0.03793103448275863
22; 0.03928571428571429
23; 0.03666666666666667
24; 0.03666666666666667
25; 0.03666666666666667
26; 0.03928571428571429
27; 0.03928571428571429
28; 0.03666666666666667
29; 0.03666666666666667
30; 0.02816996462864932
31; 0.029078673165057363
