
****Mix criterion 0.5*C(weight)+0.5*C(distance) ******

(0.1);0.5111633881918887
(0.2);0.5315039227094982
(0.3);0.6077796925252191
(0.4);0.6194601387277877
(0.5);0.49787722278720903
(0.6);0.6327268011642113
(0.7);0.505507038045201
(0.8);0.4668107537139244
(0.9);0.4317017109283141
(0.10);0.4123042091438146
(0.11);0.42882906685270283
(0.12);0.45235556231710045
(0.14);0.38341737650636865
(0.15);0.36316689424383075
(0.16);0.4133384452404549
(0.17);0.32672590452549916
(0.30);0.45046112979691155
(0.31);0.7071190377870094
(1.2);0.5315394447828934
(1.3);0.4719541800767796
(1.4);0.39091273171434726
(1.6);0.37561948735929374
(1.7);0.6168672804539266
(1.8);0.31449179545789413
(1.9);0.3220527062421227
(1.10);0.3672198698431829
(1.11);0.4519704122337043
(1.12);0.49695197810105973
(1.13);0.45924584361009235
(1.14);0.46558174114203965
(1.15);0.413429011624518
(1.16);0.4094413373445085
(1.17);0.24972150750020145
(1.18);0.2425777648807155
(1.19);0.47174073750195683
(1.20);0.3278199878767373
(1.21);0.42382488632493753
(1.22);0.514070908578457
(1.23);0.46225196371681304
(1.24);0.4006134614398637
(1.25);0.5319039613259239
(1.26);0.4877767797331186
(1.27);0.4738342140273982
(1.28);0.513974517986376
(1.29);0.4496061896051359
(1.30);0.5294535519964665
(1.31);0.5783825628572603
(2.3);0.591888287716337
(2.4);0.4473414444235761
(2.5);0.6073191113768421
(2.6);0.42092029991183444
(2.7);0.4657977703376484
(2.8);0.29555930014670473
(2.9);0.28745396765410447
(2.10);0.31083281988526823
(2.11);0.37266927390025295
(2.12);0.600161327724139
(2.13);0.5547476194035579
(2.14);0.4778769003748763
(2.15);0.4573384785877455
(2.16);0.4941829869133534
(2.17);0.20929935300015054
(2.18);0.18856326263712048
(2.19);0.6194081070809565
(2.20);0.36323206243704614
(2.21);0.4597192773290215
(2.22);0.5510378792172747
(2.23);0.4870503205933395
(2.24);0.4001295756840642
(2.25);0.4673332843618466
(2.26);0.5459023469981076
(2.27);0.5972194691535535
(2.28);0.43029512658663105
(2.29);0.39973381017646675
(2.30);0.4225369857509454
(2.31);0.5236098018893585
(3.4);0.5266209554947496
(3.5);0.4972439484178137
(3.6);0.4869746769466572
(3.7);0.43250160760782713
(3.8);0.3194049065753796
(3.9);0.3006220301318143
(3.10);0.30658014001840417
(3.11);0.35080298618983397
(3.12);0.501201924992348
(3.13);0.9151476686947442
(3.14);0.4164786153423774
(3.15);0.4115204402622348
(3.16);0.47334022230611983
(3.17);0.21852101190540052
(3.18);0.18599434480856092
(3.19);0.5840922733844585
(3.20);0.3288931597840531
(3.21);0.5340553815295435
(3.22);0.6412053081393414
(3.23);0.556385062626995
(3.24);0.4402047255880289
(3.25);0.4690628066627004
(3.26);0.6800238804954931
(3.27);0.9296205969142208
(3.28);0.41852687441521885
(3.29);0.40658730759894374
(3.30);0.3890423486610273
(3.31);0.5221236950439418
(4.5);0.4014060593304229
(4.7);0.36909429360726714
(4.8);0.3410908291694178
(4.9);0.30505804162250955
(4.10);0.2846506576449129
(4.11);0.30469247779703945
(4.12);0.404510616375356
(4.13);0.585950773354224
(4.14);0.33739406151772944
(4.15);0.3408747428063853
(4.16);0.40880993507297425
(4.17);0.2214001561097326
(4.18);0.17230402659256483
(4.19);0.4713009079436236
(4.20);0.2701866010668344
(4.21);0.6634660709807199
(4.23);0.5876925786683576
(4.24);0.4774340544564635
(4.25);0.4289514971091241
(4.26);0.654996036414244
(4.27);0.6530577276321043
(4.28);0.3757056274843489
(4.29);0.3882848038225739
(4.30);0.3295031788532226
(4.31);0.45417054366055054
(5.6);0.3812292694568398
(5.7);0.5262544721611694
(5.8);0.29298708119340994
(5.9);0.2954010960284668
(5.10);0.33484063314841805
(5.11);0.41343081987413755
(5.12);0.5735904577713873
(5.13);0.47923714713933235
(5.14);0.511665293855851
(5.15);0.45633764557278544
(5.16);0.4523962506533153
(5.17);0.2216869656398776
(5.18);0.21194811632601657
(5.19);0.5267703099570233
(5.20);0.3621649891969686
(5.21);0.42222524028026936
(5.22);0.50880115578339
(5.23);0.4549695547498526
(5.24);0.3846300222822227
(5.25);0.48589915534418
(5.26);0.49147998948448446
(5.27);0.5012381121614844
(5.28);0.4638476899854385
(5.29);0.41435697069934735
(5.30);0.4788432010697351
(5.31);0.5344982252397834
(6.7);0.3596951233485772
(6.8);0.3622675532834801
(6.9);0.32057322636382557
(6.10);0.29098514664264613
(6.11);0.3016358592620768
(6.12);0.3774186456981004
(6.13);0.5286933133254089
(6.14);0.3136468567653157
(6.15);0.31440584637576485
(6.16);0.37815411291271384
(6.17);0.23676209180148108
(6.18);0.18245663279743182
(6.19);0.4340335647798561
(6.20);0.2438021809100946
(6.22);0.5646798328691833
(6.23);0.6035023475579437
(6.24);0.5088142038271615
(6.25);0.4296234732080703
(6.26);0.6203050333766128
(6.27);0.5685773946357415
(6.28);0.3751651916459411
(6.29);0.3964945540241894
(6.30);0.32141565471694467
(6.31);0.4456729386489636
(7.8);0.34036447957306704
(7.9);0.35817872732675377
(7.10);0.4183436041194138
(7.11);0.5304366390577373
(7.12);0.4365145277267883
(7.13);0.42446072360587994
(7.14);0.4198387517712641
(7.15);0.36848840009502115
(7.16);0.3625505152194704
(7.17);0.2885396806228003
(7.18);0.2875085394572483
(7.19);0.41605186967706714
(7.20);0.28831900553107775
(7.21);0.41352094360265057
(7.22);0.4945709854090914
(7.23);0.45506451914924106
(7.24);0.4131808834959571
(7.25);0.5963691507604175
(7.26);0.4638869375976767
(7.27);0.4321393939818288
(7.28);0.6224047046789474
(7.29);0.50232853153739
(7.30);0.6605149460876691
(7.31);0.5833435725057863
(8.9);0.5682299250212421
(8.10);0.42009806780192527
(8.11);0.3496338948576746
(8.12);0.2502521200356427
(8.13);0.3305768498508782
(8.14);0.21021211894602718
(8.15);0.18417306203167016
(8.16);0.21573138362176808
(8.17);0.4435052161841222
(8.18);0.3541239716995078
(8.19);0.2625610784325488
(8.20);0.10626037222129969
(8.21);0.42285254386986426
(8.22);0.40468939695614514
(8.23);0.4305839835698588
(8.24);0.534844781374527
(8.25);0.4429539335623686
(8.26);0.39225616288264986
(8.27);0.3318091435466955
(8.28);0.41972806871146284
(8.29);0.5004056283751124
(8.30);0.3290352748675036
(8.31);0.38895500431328367
(9.10);0.49915411929311426
(9.11);0.3919512768412197
(9.12);0.24533227122041001
(9.13);0.3073736701485826
(9.14);0.2143805142665068
(9.15);0.18083024249587132
(9.16);0.2012155894389301
(9.17);0.5206890448356226
(9.18);0.4271476327948743
(9.19);0.2474495949872001
(9.20);0.10283801658394166
(9.21);0.37832841814682
(9.22);0.38151281057964603
(9.23);0.3963604173341414
(9.24);0.46670840303805156
(9.25);0.4534405223422645
(9.26);0.3638990890768099
(9.27);0.30618194825917106
(9.28);0.453199670847102
(9.29);0.5355516049208021
(9.30);0.35955721887363634
(9.31);0.3870850175595021
(10.11);0.5060643838623767
(10.12);0.27716116454249595
(10.13);0.30686318099513393
(10.14);0.2613126666189791
(10.15);0.21788699938283165
(10.16);0.22057550091083844
(10.17);0.4506715583992745
(10.18);0.463574071694245
(10.19);0.26533494089114756
(10.20);0.14255240646097303
(10.21);0.3464478119415585
(10.22);0.37797531909081733
(10.23);0.3758246361380231
(10.24);0.40585178474080963
(10.25);0.4869324107591681
(10.26);0.35485256670542376
(10.27);0.3050910251924485
(10.28);0.541287454906909
(10.29);0.5595302110786026
(10.30);0.446105877045808
(10.31);0.41116831566824386
(11.12);0.34960028867954507
(11.13);0.3453951038930233
(11.14);0.3464011134981114
(11.15);0.29501779456816407
(11.16);0.2832080878271271
(11.17);0.3404852416601212
(11.18);0.3637172737711677
(11.19);0.3273831268536474
(11.20);0.2220907999299536
(11.21);0.35375812820683816
(11.22);0.40947224183713843
(11.23);0.3896912527684743
(11.24);0.38188866338755495
(11.25);0.5264911977915334
(11.26);0.38375455672861436
(11.27);0.3467116940664818
(11.28);0.6430594579644283
(11.29);0.5160139478480519
(11.30);0.6549553306402055
(11.31);0.4641791790900065
(12.13);0.4825449779616138
(12.14);0.5859289635677393
(12.15);0.5665662817900552
(12.16);0.5699933272862787
(12.17);0.1696737903134016
(12.18);0.15584840482382475
(12.19);0.6858782421093582
(12.20);0.43154137251575675
(12.21);0.4021089656763605
(12.22);0.46709352615310984
(12.23);0.42189143145321756
(12.24);0.34692257534041004
(12.25);0.41354331168652836
(12.26);0.4662565126318742
(12.27);0.5199778090185816
(12.28);0.38996391657567636
(12.29);0.35335322183753487
(12.30);0.404576126573678
(12.31);0.45604071148199077
(13.14);0.40164478989284164
(13.15);0.39932593670342476
(13.16);0.4661949141444636
(13.17);0.22347164967336317
(13.18);0.18663798599253123
(13.19);0.5655615794630565
(13.20);0.3186495731038036
(13.21);0.5788221397100245
(13.22);0.6756491795884365
(13.23);0.5934694564982583
(13.24);0.45988155178654866
(13.25);0.47091504248001187
(13.26);0.7657268722954491
(13.28);0.416408667630474
(13.29);0.4110807318849075
(13.30);0.38045099374774505
(13.31);0.5198576257882068
(14.15);0.6168119859000243
(14.16);0.48561794236132116
(14.17);0.14506488529246647
(14.18);0.14456547323333963
(14.19);0.5128832423630065
(14.20);0.47350288140730595
(14.21);0.3363278840586659
(14.22);0.3966128318959167
(14.23);0.35798260554856204
(14.24);0.2943338678529097
(14.25);0.3747602251667739
(14.26);0.39117679106369013
(14.27);0.4240134911182229
(14.28);0.36669546906962136
(14.29);0.32030784236750676
(14.30);0.40574560436977314
(14.31);0.40615581407996504
(15.16);0.5601602337820353
(15.17);0.10783029057845353
(15.18);0.09972746218774883
(15.19);0.5488156881251816
(15.20);0.5558448733040542
(15.21);0.3278255202302343
(15.22);0.3776900644434996
(15.23);0.3421984806245513
(15.24);0.2746146705592523
(15.25);0.3358666293420764
(15.26);0.37926712326251066
(15.27);0.42805409847954035
(15.28);0.32036074933801667
(15.29);0.2825899202234613
(15.30);0.3481637062755849
(15.31);0.3714136978107648
(16.17);0.12263579607057913
(16.18);0.09992457513650913
(16.20);0.4622993876022802
(16.21);0.38619984526543855
(16.22);0.42585309975813124
(16.23);0.3919669987205898
(16.24);0.31724833866180635
(16.26);0.4371073965330655
(16.27);0.515748937490562
(16.28);0.3245405394586814
(16.29);0.29962263438556347
(16.30);0.3304879672296638
(16.31);0.39358972521707025
(17.18);0.5339340288342083
(17.19);0.16612937269264835
(17.20);0.0308054735463033
(17.21);0.28570889863674387
(17.22);0.28879610518087
(17.23);0.30135454383152305
(17.24);0.35997283428958293
(17.25);0.3569245144678436
(17.26);0.2724850583022795
(17.27);0.219530780439403
(17.28);0.3698942829404761
(17.29);0.4153478819079569
(17.30);0.30000519988886787
(17.31);0.30104457974528426
(18.19);0.1415170948558535
(18.20);0.026394937209734442
(18.21);0.23106494962980295
(18.22);0.24953917028649292
(18.23);0.25341846239953925
(18.24);0.2955486464546845
(18.25);0.33194765380002783
(18.26);0.23014917551500277
(18.27);0.181730856878841
(18.28);0.36341017675111204
(18.29);0.38135733590802146
(18.30);0.3158042979583955
(18.31);0.27676288082020545
(19.20);0.43529379507318566
(19.21);0.4512004794853871
(19.22);0.5070851258033332
(19.23);0.4614550451122309
(19.24);0.373395706295829
(19.25);0.41432784770989123
(19.26);0.5210538163027709
(19.27);0.6417026529325813
(19.28);0.3788310228548436
(19.29);0.3538236734528851
(19.30);0.37676966305858517
(19.31);0.46203019517538013
(20.21);0.24936892298400085
(20.22);0.29143797068031885
(20.23);0.26015072255699695
(20.24);0.19491143055285792
(20.25);0.25160388645299514
(20.26);0.29485399110172816
(20.27);0.34298328653525734
(20.28);0.23918606809008952
(20.29);0.2013152193321272
(20.30);0.2730315175038091
(20.31);0.2856818782907732
(21.22);0.7222552512146492
(21.23);0.9379183487592089
(21.24);0.6502052530636689
(21.25);0.5153593801071579
(21.26);0.7934195278203913
(21.27);0.6006251955710531
(21.28);0.4430937305995108
(21.29);0.47480092007725533
(21.30);0.37164419154433587
(21.31);0.5270334859565161
(22.23);0.9726607868294044
(22.24);0.58297184031803
(22.25);0.6132011782095711
(22.27);0.6710869454812687
(22.28);0.5126301577025323
(22.29);0.518691036137641
(22.30);0.43988546531747996
(22.31);0.700725422455287
(23.24);0.6662877421297353
(23.25);0.5835262345876769
(23.26);0.9393451074061849
(23.27);0.6036731010691465
(23.28);0.49045871479002
(23.29);0.5199819020519925
(23.30);0.4097657838360557
(23.31);0.6036716429432226
(24.25);0.5548902462004943
(24.26);0.567877654240188
(24.27);0.46809666473263684
(24.28);0.48174217226936117
(24.29);0.5612894214460941
(24.30);0.3821492113790539
(24.31);0.5096138327349673
(25.26);0.5569967478006985
(25.27);0.475221016886632
(25.28);0.8115738257956574
(25.29);0.7611436093551334
(25.30);0.5406374361354149
(25.31);0.7545538866661172
(26.28);0.4759595934490195
(26.29);0.48436124280766935
(26.30);0.4135145321100786
(26.31);0.6143574112941736
(27.28);0.41930643371853027
(27.29);0.4130428738475787
(27.30);0.3848451986602327
(27.31);0.5275866751094052
(28.29);0.7258748961290664
(28.30);0.6176430445313787
(28.31);0.5965801741179123
(29.30);0.49097677258355277
(29.31);0.5545963778939333
(30.31);0.5046664052630417
