
****Mix criterion 0.5*C(weight)+0.5*C(distance) ******

(0.1);0.4650642042245549
(0.2);0.48178713160245645
(0.3);0.5396067441061014
(0.4);0.5482091335274156
(0.5);0.4543846401405855
(0.6);0.5585120850849059
(0.7);0.4603752334547614
(0.8);0.42833114892296065
(0.9);0.3982521393181177
(0.10);0.3811907677858917
(0.11);0.39544261476836723
(0.12);0.41546701996488
(0.13);0.5674246862406309
(0.14);0.35497448435794343
(0.15);0.33658163797591045
(0.16);0.3817963664638811
(0.17);0.3029751015662967
(0.30);0.41281778753139686
(0.31);0.6082496622949841
(1.2);0.4984355144441453
(1.3);0.44946794232520204
(1.4);0.37702213644788657
(1.5);0.6018923098997139
(1.6);0.3629232891468978
(1.7);0.5611000195723062
(1.8);0.3041837131992919
(1.9);0.3112561152397653
(1.10);0.3537970180738066
(1.11);0.4304689365953729
(1.12);0.468409182252754
(1.13);0.43874129539922213
(1.14);0.44156935957926624
(1.15);0.39530576413522506
(1.16);0.39227803813569223
(1.17);0.24037953759262048
(1.18);0.23126746974776308
(1.19);0.44068589678877956
(1.20);0.31260682077441326
(1.21);0.39933626618325835
(1.22);0.4766492706239727
(1.23);0.43674929931181977
(1.24);0.3817451679798664
(1.25);0.49135669482614075
(1.26);0.45358128796810937
(1.27);0.44070469267516643
(1.28);0.47894076512621525
(1.29);0.42568748826322117
(1.30);0.4932146032655716
(1.31);0.5300887606752142
(2.3);0.5450599187281739
(2.4);0.42860000487218614
(2.5);0.5558020391947732
(2.6);0.4051324626902377
(2.7);0.4439577620662688
(2.8);0.2862480517993817
(2.9);0.2782839730665901
(2.10);0.30062686675524175
(2.11);0.3590326260143716
(2.12);0.5493892679234907
(2.13);0.5189299281501552
(2.14);0.45264498735864306
(2.15);0.4347280824111166
(2.16);0.4670319375571315
(2.17);0.20124863360753475
(2.18);0.17907774008010913
(2.19);0.5563415903405238
(2.20);0.3459896688958286
(2.21);0.4309988552608601
(2.22);0.5067934840185669
(2.23);0.4586511804691241
(2.24);0.38168098187302973
(2.25);0.43871941056149494
(2.26);0.5008203621224772
(2.27);0.5373250018351428
(2.28);0.4078911510585839
(2.29);0.38131888092258526
(2.30);0.4031890936569967
(2.31);0.48862183482831034
(3.4);0.4950554911230856
(3.5);0.4706890903424932
(3.6);0.46296374980524974
(3.7);0.41448723876395394
(3.8);0.3090244454724568
(3.9);0.29085207093398496
(3.10);0.2964215489726921
(3.11);0.33835677435918793
(3.12);0.47241570634252905
(3.13);0.7777114400666166
(3.14);0.3985544091099662
(3.15);0.39382294805478696
(3.16);0.44915995419753757
(3.17);0.21014873514377705
(3.18);0.17648526505496018
(3.19);0.5302554993633579
(3.20);0.3137670991290937
(3.21);0.49190193038330265
(3.22);0.5743732044071725
(3.23);0.5156241392831494
(3.24);0.41767020519807085
(3.25);0.4400288889612032
(3.26);0.5987163408246893
(3.27);0.7590763740516175
(3.28);0.3972025505711057
(3.29);0.3874165573518026
(3.30);0.37257366222664795
(3.31);0.48725335192248653
(4.5);0.3865148839155091
(4.6);0.6425785949739409
(4.7);0.3562189403613769
(4.8);0.3296287751410389
(4.9);0.2950562648025908
(4.10);0.2752568093039733
(4.11);0.2943912212736004
(4.12);0.3880143999591944
(4.13);0.5429906112006421
(4.14);0.3250918392037194
(4.15);0.3281901163077106
(4.16);0.39187269051604223
(4.17);0.21290680055303668
(4.18);0.16309333857069674
(4.19);0.44064219730500465
(4.20);0.25788675717625337
(4.21);0.5877597904054866
(4.22);0.529016051478385
(4.23);0.54026590631568
(4.24);0.45017805916069364
(4.25);0.4050845634419264
(4.26);0.5813084706436967
(4.27);0.5770341194701646
(4.28);0.3581067119310654
(4.29);0.3705885497946371
(4.30);0.3168311771813665
(4.31);0.4303852451581519
(5.6);0.36797307002867685
(5.7);0.49342868520954397
(5.8);0.2833582628939575
(5.9);0.2855372827590509
(5.10);0.3230906975455503
(5.11);0.3960131284480247
(5.12);0.5289580249029046
(5.13);0.4559785107814733
(5.14);0.48007191713532926
(5.15);0.4332288678539268
(5.16);0.4305263822127756
(5.17);0.21300379047711596
(5.18);0.20149551982781116
(5.19);0.4857248389905034
(5.20);0.3445241423151835
(5.21);0.3978063189879467
(5.22);0.4724051774333508
(5.23);0.43027650814474167
(5.24);0.3669176327877644
(5.25);0.45384587447844693
(5.26);0.45664820820582497
(5.27);0.463236998201099
(5.28);0.4367373889096217
(5.29);0.3940785716114349
(5.30);0.4517470547993769
(5.31);0.4966492323866769
(6.7);0.3475005015528008
(6.8);0.34974853621531865
(6.9);0.3100085539566731
(6.10);0.28143878457839794
(6.11);0.2915344676470117
(6.12);0.3631631010153853
(6.13);0.4983248435651211
(6.14);0.3025775663940787
(6.15);0.3031211886160883
(6.16);0.3637486444028173
(6.17);0.22790933190206059
(6.18);0.17304307249963236
(6.19);0.40874574978025846
(6.20);0.23256557279300272
(6.21);0.6551086998351058
(6.22);0.5178143483951536
(6.23);0.5531868356545407
(6.24);0.4771413639764296
(6.25);0.40587633265129736
(6.26);0.5572986393615562
(6.27);0.5167206408342643
(6.28);0.357736100863817
(6.29);0.37827798306323646
(6.30);0.3092399902408795
(6.31);0.4231939786680376
(7.8);0.3284185565452739
(7.9);0.3450599096964435
(7.10);0.4003778152921651
(7.11);0.4955443493416946
(7.12);0.416192576957411
(7.13);0.40723759593858677
(7.14);0.4008809743453725
(7.15);0.35358257575960395
(7.16);0.34849842174909174
(7.17);0.27747889662795555
(7.18);0.27403382599132586
(7.19);0.39206811414439957
(7.20);0.2748065423009497
(7.21);0.38981532949884734
(7.22);0.460409954869573
(7.23);0.43006305452333127
(7.24);0.39273342667165967
(7.25);0.5410918137091867
(7.26);0.4332564245574813
(7.27);0.40482365373156437
(7.28);0.5633320796638747
(7.29);0.4706224705382812
(7.30);0.5911154269798568
(7.31);0.5340224741995429
(8.9);0.5251442007503788
(8.10);0.4017614275626485
(8.11);0.3364959788090625
(8.12);0.24114410178167905
(8.13);0.31948309946952547
(8.14);0.20194907791873848
(8.15);0.17637831329545783
(8.16);0.20745732317337623
(8.17);0.421014813976325
(8.18);0.33666260651292235
(8.19);0.24927911599474187
(8.20);0.09805581007635522
(8.21);0.397921972016404
(8.22);0.3822789249257851
(8.23);0.4081973694931015
(8.24);0.4972773767211267
(8.25);0.4166062822351514
(8.26);0.3701405901595575
(8.27);0.31386477166960286
(8.28);0.39742649583787554
(8.29);0.4687947387526912
(8.30);0.3157566815417404
(8.31);0.37124479861264564
(9.10);0.4699817964274363
(9.11);0.3757260456950074
(9.12);0.23624656858485527
(9.13);0.2971252841607042
(9.14);0.20590055246641864
(9.15);0.17300278501448482
(9.16);0.19317778647048947
(9.17);0.4859093496768011
(9.18);0.4028691141785967
(9.19);0.23466375456958577
(9.20);0.09460694103197391
(9.21);0.3577231126572131
(9.22);0.36108639469890935
(9.23);0.3770620247618446
(9.24);0.43980322910772657
(9.25);0.4255321864591744
(9.26);0.34411867830417336
(9.27);0.28971183438216197
(9.28);0.4268154139388562
(9.29);0.49763076225969344
(9.30);0.34428827942496576
(9.31);0.36935257742459826
(10.11);0.4752015025675971
(10.12);0.2668960064445166
(10.13);0.2964811619611433
(10.14);0.2513345941091248
(10.15);0.20906195402034283
(10.16);0.21194519436828876
(10.17);0.4268759950893259
(10.18);0.4344260585228672
(10.19);0.25167318535368866
(10.20);0.1334179140200859
(10.21);0.32820345702207554
(10.22);0.3576789280574696
(10.23);0.35799638887534635
(10.24);0.38552104350318883
(10.25);0.45384642791270163
(10.26);0.33561893874917703
(10.27);0.2885410732746174
(10.28);0.5001989897873999
(10.29);0.5166839957448168
(10.30);0.42261887911527696
(10.31);0.39106622916453154
(11.12);0.33576498236589064
(11.13);0.33305432156195486
(11.14);0.3324261874357796
(11.15);0.28345763783744565
(11.16);0.2724594656147739
(11.17);0.3262862662931875
(11.18);0.3450442721924892
(11.19);0.3102691896806231
(11.20);0.21067440674316734
(11.21);0.3348096573716849
(11.22);0.3860243597488117
(11.23);0.37057704855370494
(11.24);0.3634064482423208
(11.25);0.48609401186820084
(11.26);0.361917985981484
(11.27);0.3272307783832997
(11.28);0.577861903359413
(11.29);0.4811433224697148
(11.30);0.5865002843432332
(11.31);0.43753778572591356
(12.13);0.45726061691624836
(12.14);0.5366744327893219
(12.15);0.5217603700930195
(12.16);0.5257321246562001
(12.17);0.1615129703386404
(12.18);0.14619211233057153
(12.19);0.6022885909234101
(12.20);0.40615431368606725
(12.21);0.3787007552565307
(12.22);0.43626477301584005
(12.23);0.39959800018818714
(12.24);0.3307381827682712
(12.25);0.38983199725213336
(12.26);0.4343059645939814
(12.27);0.4771250918923674
(12.28);0.36974103252692103
(12.29);0.33675139739735793
(12.30);0.38516648166575196
(12.31);0.4303058003806363
(13.14);0.38497622217165667
(13.15);0.38261797060742103
(13.16);0.44322391223067203
(13.17);0.21477828023472997
(13.18);0.17693195712923077
(13.19);0.5177629281037005
(13.20);0.3039347720215001
(13.21);0.5279982648425998
(13.22);0.6022810565447636
(13.23);0.546284203444392
(13.24);0.4351619794177756
(13.25);0.4419170135725308
(13.26);0.6624685558374219
(13.27);0.9863557650585179
(13.28);0.3952841237345924
(13.29);0.3914459072563837
(13.30);0.3645215007055988
(13.31);0.48628092243472393
(14.15);0.5590600560573411
(14.16);0.4572811122815958
(14.17);0.13721085688405754
(14.18);0.1349758039558795
(14.19);0.4730518840409465
(14.20);0.4420973433890109
(14.21);0.318156753256589
(14.22);0.37391923285654116
(14.23);0.3407391283176902
(14.24);0.2807212826894691
(14.25);0.35438009082681987
(14.26);0.36812203929249343
(14.27);0.3964670686155563
(14.28);0.34803173129258874
(14.29);0.30538108806193176
(14.30);0.3858606809726154
(14.31);0.38578244696932995
(15.16);0.5174949302674158
(15.17);0.10054250917916492
(15.18);0.09098107004611357
(15.19);0.5013549241779409
(15.20);0.5089267077907812
(15.21);0.3100478788635942
(15.22);0.3565310382562287
(15.23);0.3258038321016751
(15.24);0.2617153102407752
(15.25);0.31820749732489884
(15.26);0.35713675809558143
(15.27);0.3997967491121929
(15.28);0.30458387705973905
(15.29);0.26934669026727803
(15.30);0.33260422442994547
(15.31);0.3538340769032356
(16.17);0.11529475412560031
(16.18);0.09137495733340029
(16.19);0.6684178725597459
(16.20);0.433005932412472
(16.21);0.36430482643579276
(16.22);0.40041930125536257
(16.23);0.37240068957942507
(16.24);0.3026836745008969
(16.25);0.3348165029818133
(16.26);0.4092814621779376
(16.27);0.4741159636540924
(16.28);0.3089032534587989
(16.29);0.2859400261525059
(16.30);0.31638752796775205
(16.31);0.37467771013214823
(17.18);0.4911873302828442
(17.19);0.15506481998575394
(17.20);0.02303981453667831
(17.21);0.2700597828938758
(17.22);0.2732710484232021
(17.23);0.2868999889361745
(17.24);0.34200662923970776
(17.25);0.33739813443002487
(17.26);0.2572021058412512
(17.27);0.20605400341638927
(17.28);0.35039369110198626
(17.29);0.3926791483455889
(17.30);0.2867703904875795
(17.31);0.2874430934885983
(18.19);0.12926054220456767
(18.20);0.01722442555548491
(18.21);0.21563771886936142
(18.22);0.23352509235605676
(18.23);0.23875921847254772
(18.24);0.27883914202952004
(18.25);0.31141383573531756
(18.26);0.2144911750613232
(18.27);0.167550824988346
(18.28);0.34143962909270825
(18.29);0.3586776650616688
(18.30);0.29914034661291866
(18.31);0.26187716294526175
(19.20);0.4037656543164453
(19.21);0.41614055757968405
(19.22);0.4635810107695009
(19.23);0.42850529668912407
(19.24);0.35033132590920746
(19.25);0.385085042283687
(19.26);0.4734240389651266
(19.27);0.5624620540137648
(19.28);0.35445310094597865
(19.29);0.3323783882293472
(19.30);0.354651049291961
(19.31);0.4294306992189087
(20.21);0.23310876179440945
(20.22);0.27323856940922764
(20.23);0.24519352013829537
(20.24);0.1824585039856426
(20.25);0.23574162205756943
(20.26);0.2758379662443225
(20.27);0.31992908818330823
(20.28);0.22460092043947485
(20.29);0.18865030211110453
(20.30);0.2586191330387092
(20.31);0.2703546571708431
(21.22);0.6244405105978537
(21.23);0.7813057796944967
(21.24);0.5786649998486478
(21.25);0.47065058818994
(21.26);0.6696461387342325
(21.27);0.5327559366413106
(21.28);0.4115271774721558
(21.29);0.4399168236283421
(21.30);0.3499786756585678
(21.31);0.4829659834100574
(22.24);0.5291816315709159
(22.25);0.5481028988472667
(22.27);0.5854247210177619
(22.28);0.47109729700957464
(22.29);0.47754394769222513
(22.30);0.41151288618213994
(22.31);0.6139728802504487
(23.25);0.530003450981251
(23.26);0.7816543455214173
(23.27);0.5412295712337033
(23.28);0.4559767337695487
(23.29);0.4822871538256136
(23.30);0.3874101163165829
(23.31);0.5485805304438502
(24.25);0.5073415634552029
(24.26);0.5154802914134056
(24.27);0.43264245368918586
(24.28);0.4485414787097037
(24.30);0.36226681962217294
(24.31);0.47358488417897326
(25.26);0.5032440193353959
(25.27);0.4359938828229706
(25.28);0.6938633474850757
(25.29);0.6621180849138063
(25.30);0.49593050792669285
(26.27);0.637334615230398
(26.28);0.4392197984881673
(26.29);0.4475551208135483
(26.30);0.38729179395132307
(26.31);0.5491786251469968
(27.28);0.3893836441073289
(27.29);0.38481093966283575
(27.30);0.36081024894021174
(27.31);0.4814652536986622
(28.30);0.5575885627361634
(28.31);0.5409097347103223
(29.30);0.4585338367696513
(29.31);0.5102049396771491
(30.31);0.46996087232908557
