
****Mix criterion 0.5*C(weight)+0.5*C(distance) ******

(0.1);0.5113647059823501
(0.2);0.5326978758626308
(0.3);0.6095029000426031
(0.4);0.6199136938717105
(0.5);0.4981445085318836
(0.6);0.6332164728264472
(0.7);0.5059241800009106
(0.8);0.46888096210812213
(0.9);0.43128967432988213
(0.10);0.41197957825146064
(0.11);0.42907894032844074
(0.12);0.45263824317801654
(0.14);0.38384837748603023
(0.15);0.3634942252701561
(0.16);0.41364228712928225
(0.17);0.32694019200170943
(0.30);0.4515567852572768
(0.31);0.7081090901011171
(1.2);0.5337860167320274
(1.3);0.4735320942406695
(1.4);0.39126401169089153
(1.6);0.375949086885951
(1.7);0.6185870343456038
(1.8);0.31584418509839063
(1.9);0.32185666449181377
(1.10);0.3670335827091773
(1.11);0.45251961330265317
(1.12);0.49768305083738684
(1.13);0.45987257490466743
(1.14);0.46656755579337233
(1.15);0.41405545693209483
(1.16);0.4099483460140477
(1.17);0.2499731929060848
(1.18);0.24265461977553676
(1.19);0.4719386250971117
(1.20);0.3279233632832853
(1.21);0.42398093266223014
(1.22);0.5143136008655587
(1.23);0.46244233721847167
(1.24);0.40075431037389114
(1.25);0.5321732749044058
(1.26);0.4879891438322187
(1.27);0.47403212410771856
(1.28);0.5166538479935245
(1.29);0.45339725137165293
(1.30);0.5319147950041536
(1.31);0.579738388226666
(2.3);0.5974869462463086
(2.4);0.4487094226226731
(2.5);0.6109549509512318
(2.6);0.4220885922611452
(2.7);0.4674589314062747
(2.8);0.2972194940227451
(2.9);0.2876763293617062
(2.10);0.311117485398099
(2.11);0.37359052139711046
(2.12);0.6035564728853803
(2.13);0.5575043145455644
(2.14);0.47992901988307657
(2.15);0.45901019356767914
(2.16);0.49608749455473566
(2.17);0.20982033842632983
(2.18);0.18892006718306048
(2.19);0.621630174680688
(2.20);0.3638806470944982
(2.21);0.46073120445971966
(2.22);0.5526249450620959
(2.23);0.4882260147409718
(2.24);0.4008933278146149
(2.25);0.46838491408860566
(2.26);0.5474497102324681
(2.27);0.5991956921817687
(2.28);0.4327612933420284
(2.29);0.40333435172875043
(2.31);0.5258485932648672
(3.4);0.5289956645863567
(3.5);0.4991768305736568
(3.6);0.4888052103656474
(3.7);0.4339091230627295
(3.8);0.32126159818421063
(3.9);0.3008856770393267
(3.10);0.30689028784698363
(3.11);0.3516693231913651
(3.12);0.5031850875399229
(3.13);0.9260157077104497
(3.15);0.4128613177108149
(3.16);0.47508332909385015
(3.17);0.21907853572641015
(3.18);0.1863694450799145
(3.19);0.5860827509387849
(3.20);0.329489830503324
(3.21);0.5356138979872922
(3.22);0.643720474799395
(3.23);0.5581528437973085
(3.24);0.44118203663889416
(3.25);0.47018207208119506
(3.26);0.6829530667468668
(3.27);0.9355289911897873
(3.28);0.42089857138675685
(3.29);0.4103403358445641
(3.30);0.3908078920241316
(3.31);0.524417541221036
(4.5);0.40183696593769536
(4.7);0.3695503484363027
(4.8);0.3426510143431292
(4.9);0.30491874795455204
(4.10);0.284559506909713
(4.11);0.3049994471550291
(4.12);0.405002119342605
(4.13);0.5874657333916451
(4.14);0.33794962500833103
(4.15);0.3413640125100613
(4.16);0.4093800860405518
(4.17);0.22166156481063254
(4.18);0.17239535232619058
(4.19);0.47158592290551055
(4.20);0.27030855637181517
(4.21);0.6641698651789524
(4.23);0.5882093188314399
(4.24);0.477731023793662
(4.25);0.4291827931443942
(4.26);0.655663612433182
(4.27);0.6537201749484395
(4.28);0.3771127169528563
(4.29);0.39115891596963265
(4.30);0.33041331185172623
(4.31);0.4549251824616318
(5.6);0.38162186010932414
(5.7);0.5273761706465476
(5.8);0.2942608050053922
(5.9);0.29526418787648995
(5.10);0.3347259224927636
(5.11);0.413931912212032
(5.12);0.5748751009002832
(5.13);0.48002765929319513
(5.14);0.5130496950814529
(5.15);0.4572020791860556
(5.16);0.4531086849857507
(5.17);0.2219459570063839
(5.18);0.21204751189710036
(5.19);0.5271366812442658
(5.20);0.3623327391001164
(5.21);0.4224432032227397
(5.22);0.5091317084389821
(5.23);0.4552271121198731
(5.24);0.3848147688842895
(5.25);0.48619719020665064
(5.26);0.4917831107336399
(5.27);0.5015563952485198
(5.28);0.46596713389125044
(5.29);0.4175788079621281
(5.30);0.4807397920763594
(5.31);0.535664028343131
(6.7);0.3601356020086103
(6.8);0.3639878237760402
(6.9);0.32043015097847183
(6.10);0.29089635388974866
(6.11);0.3019431450213194
(6.12);0.3778520818705313
(6.13);0.5297860107279058
(6.14);0.31415419936524186
(6.15);0.3148481824366628
(6.16);0.37864797362360464
(6.17);0.23703955210602004
(6.18);0.1825535258609926
(6.19);0.434277540891772
(6.20);0.24391783846685894
(6.22);0.5651400735902241
(6.23);0.6040716881049292
(6.24);0.5091725949332645
(6.25);0.4298623526345029
(6.26);0.6208973708273738
(6.27);0.5690462314853795
(6.28);0.37657102445627977
(6.29);0.39947374752804726
(6.30);0.3222993933288312
(6.31);0.446398282262371
(7.8);0.34198603460705085
(7.9);0.3580886663330177
(7.10);0.418290376146176
(7.11);0.5316416477731198
(7.12);0.4372146416967239
(7.13);0.4251523547922238
(7.14);0.4207671484631246
(7.15);0.3691235776881899
(7.16);0.3630853497888034
(7.17);0.28892701973085244
(7.18);0.28770001868880785
(7.19);0.4163721377251577
(7.20);0.28851102119674105
(7.21);0.4138374974779381
(7.22);0.49503499786519345
(7.23);0.4554535333380375
(7.24);0.4134990388899899
(7.25);0.5971375288711362
(7.26);0.46428588873471016
(7.27);0.4324820235259927
(7.29);0.5074356191459787
(7.31);0.5851058116822485
(8.10);0.4217256914278879
(8.11);0.3512656483795163
(8.12);0.25136902917607645
(8.13);0.3321076649879426
(8.14);0.2113217195600694
(8.16);0.21676328585625038
(8.17);0.44611927897992576
(8.18);0.35556259525838496
(8.19);0.2635900914773815
(8.20);0.10693633748895566
(8.21);0.42478402679435495
(8.22);0.40645516122912617
(8.23);0.432601376133907
(8.24);0.5382302063672705
(8.25);0.44507787929822856
(8.26);0.3939277895347783
(8.27);0.3331158614311351
(8.28);0.42312056983432533
(8.29);0.5077974401427772
(8.30);0.33107312502523917
(8.31);0.39095923882463224
(9.10);0.4977964480339452
(9.11);0.39179784698288267
(9.12);0.24525215625850016
(9.13);0.3072916757356149
(9.14);0.21443627984470465
(9.15);0.18083899276949691
(9.16);0.20117861220113206
(9.17);0.5205187317239027
(9.18);0.4266914747272974
(9.19);0.24722354196755358
(9.20);0.10268336664103503
(9.21);0.3779641173754567
(9.22);0.38114559903025813
(9.23);0.3959642497848005
(9.24);0.4661560794815358
(9.25);0.45292734505077503
(9.26);0.363557807026197
(9.27);0.3059080715146384
(9.28);0.4544077695452959
(9.30);0.3600762459551538
(9.31);0.387042834024051
(10.11);0.5058869064665735
(10.12);0.27710797708069823
(10.13);0.3068217631867643
(10.14);0.26141124934717336
(10.15);0.21792622623536523
(10.16);0.2205661304749479
(10.17);0.4506336177017073
(10.18);0.4631120743688958
(10.19);0.2651310368742769
(10.20);0.14240762434319024
(10.21);0.3461755118522254
(10.22);0.3776673547062274
(10.23);0.3755162237099583
(10.24);0.40550008144787975
(10.25);0.48641904893828913
(10.26);0.3545723504087295
(10.27);0.30485854868937595
(10.28);0.5432622057136776
(10.30);0.4469679262703598
(10.31);0.411183210698682
(11.12);0.35000918919136026
(11.13);0.3458193351111503
(11.14);0.3470074747858602
(11.15);0.29545105782592485
(11.16);0.2835631605164003
(11.17);0.340917778380996
(11.18);0.36392870654587084
(11.19);0.3275657266894359
(11.20);0.2222200667582358
(11.21);0.3539603018871528
(11.22);0.4097265351889011
(11.23);0.38992720931072494
(11.24);0.3821168182994624
(11.25);0.5269390842263857
(11.26);0.3839820479817758
(11.27);0.346907448344415
(11.28);0.6479862902024097
(11.29);0.5212658921610774
(11.30);0.6595877710785323
(11.31);0.4650141018068816
(12.13);0.483412060829964
(12.14);0.5880557352554254
(12.15);0.5682402610168945
(12.16);0.5714530945043211
(12.17);0.16992228243193058
(12.18);0.155959891384
(12.19);0.6867882871194029
(12.20);0.43183447837018957
(12.21);0.40236381211709094
(12.22);0.4674346130866968
(12.23);0.42217173496727106
(12.24);0.3471260676631871
(12.25);0.4138114363700456
(12.26);0.4665962446403384
(12.27);0.5204174835499061
(12.28);0.3914802881964163
(12.29);0.35582694144264077
(12.30);0.40587908651499643
(12.31);0.45684659079138346
(13.14);0.4024637568350965
(13.15);0.40003829062678653
(13.16);0.4670674624051549
(13.17);0.2237749246515376
(13.18);0.18677139484393918
(13.19);0.5661783268701626
(13.20);0.3188518272634331
(13.21);0.5794779216652077
(13.22);0.6766123889987413
(13.23);0.5941807520407434
(13.24);0.4602541877374033
(13.25);0.47130478343597376
(13.26);0.7670258890874184
(13.28);0.41815160491543824
(13.29);0.41428727081278527
(13.30);0.3816440628414741
(13.31);0.5210535206826367
(14.15);0.6197103352024111
(14.16);0.4869299716660579
(14.17);0.14540308759121068
(14.18);0.14478276405973153
(14.19);0.5137353896013209
(14.20);0.4742144946143763
(14.21);0.33671663502228705
(14.22);0.3971060544305502
(14.23);0.35840726368682685
(14.24);0.29466910737537266
(14.25);0.37521271989827454
(14.26);0.39165875160020397
(14.27);0.4245695553869978
(14.28);0.3682831683298452
(14.29);0.32266246318018227
(14.30);0.407308191198665
(14.31);0.4070393002406689
(15.16);0.5618890284876414
(15.17);0.1081047506829301
(15.18);0.09988780619574271
(15.19);0.5496377840362066
(15.20);0.5567050047255927
(15.21);0.32813345725146364
(15.22);0.3780623271083103
(15.23);0.34252478085222815
(15.24);0.27487140459066084
(15.25);0.33618393251464657
(15.26);0.3796418015791602
(15.27);0.4285162534916724
(15.28);0.3216187327327051
(15.29);0.2845917711180756
(15.30);0.3492954991552951
(15.31);0.37208501789622994
(16.17);0.12288253230838939
(16.18);0.1000481439297562
(16.20);0.4627227699090923
(16.21);0.3864984597285644
(16.22);0.4262055465097975
(16.23);0.3922746328981329
(16.24);0.3174773337394169
(16.26);0.4374781462608923
(16.27);0.5162844088985605
(16.28);0.32574766803649313
(16.29);0.3016794619729434
(16.30);0.33147094556474027
(16.31);0.39423891547850143
(17.18);0.5345035260558884
(17.19);0.1662688458126792
(17.20);0.03090893232511829
(17.21);0.28590616201070934
(17.22);0.2889948031463254
(17.23);0.301563160648225
(17.24);0.36023213335018056
(17.25);0.3571796139054222
(17.26);0.2726734578549215
(17.27);0.21969139650071584
(17.28);0.37131639397846755
(17.29);0.4185693056854438
(17.30);0.30087052717423357
(17.31);0.3014797712507999
(18.19);0.1415170948558535
(18.20);0.02639493720973444
(18.21);0.23106494962980295
(18.22);0.24953917028649292
(18.23);0.2534184623995392
(18.24);0.2955486464546845
(18.25);0.33194765380002783
(18.26);0.23014917551500277
(18.27);0.181730856878841
(18.28);0.36453695036846134
(18.29);0.3838563078801197
(18.30);0.31651735895418903
(18.31);0.2769804896468154
(19.20);0.43529379507318566
(19.21);0.4512004794853871
(19.22);0.5070851258033332
(19.23);0.4614550451122309
(19.24);0.373395706295829
(19.25);0.41432784770989123
(19.26);0.5210538163027709
(19.27);0.6417026529325813
(19.28);0.3800202689550633
(19.29);0.35606728925990894
(19.30);0.3776658359477007
(19.31);0.46248195599528436
(20.21);0.24936892298400082
(20.22);0.29143797068031885
(20.23);0.26015072255699695
(20.24);0.19491143055285792
(20.25);0.25160388645299514
(20.26);0.29485399110172816
(20.27);0.34298328653525734
(20.28);0.23993407673481582
(20.29);0.2027107101828849
(20.30);0.2736482325316787
(20.31);0.2859059412906983
(21.22);0.7222552512146492
(21.23);0.9379183487592089
(21.24);0.6502052530636689
(21.25);0.5153593801071579
(21.26);0.7934195278203913
(21.27);0.6006251955710531
(21.28);0.44463366498540424
(21.29);0.478450510623182
(21.30);0.3725220064096971
(21.31);0.5276441693581276
(22.23);0.9726607868294044
(22.24);0.58297184031803
(22.25);0.6132011782095711
(22.27);0.6710869454812687
(22.28);0.5146843767907129
(22.29);0.5230576854420655
(22.30);0.44105241126020617
(22.31);0.7019454273999444
(23.24);0.6662877421297353
(23.25);0.5835262345876769
(23.26);0.9393451074061849
(23.27);0.6036731010691465
(23.28);0.49235887380483134
(23.29);0.5244571000095863
(23.30);0.4108009279989906
(23.31);0.604541549571657
(24.25);0.5548902462004942
(24.26);0.567877654240188
(24.27);0.4680966647326368
(24.28);0.48357172484431094
(24.29);0.5666302386832145
(24.30);0.38306983438234343
(24.31);0.5101827415796514
(25.26);0.5569967478006985
(25.27);0.475221016886632
(25.28);0.8175049990928087
(25.29);0.7718567996352561
(25.30);0.5425138843550076
(25.31);0.7560275726517445
(26.28);0.4777160078436572
(26.29);0.488132142138811
(26.30);0.4145538562976636
(26.31);0.6152413851471801
(27.28);0.4206936706781082
(27.29);0.41584488397793
(27.30);0.3857665557835989
(27.31);0.528192067891731
(28.29);0.7403866566218822
(28.30);0.6238091234667956
(28.31);0.6005937796214262
(29.30);0.49656031564990927
(29.31);0.5607496706225612
(30.31);0.5069142278854513
