
****Mix criterion 0.5*C(weight)+0.5*C(distance) ******

(0.1);0.4651367761498423
(0.2);0.4818643793083205
(0.3);0.5397092371862666
(0.4);0.5483129464016019
(0.5);0.4544454186960468
(0.6);0.5586140563944043
(0.7);0.4604336164609199
(0.8);0.4283788090026506
(0.9);0.39829169738129666
(0.10);0.3812257930947637
(0.11);0.3954782688354978
(0.12);0.41550424782150974
(0.13);0.56750092135754
(0.14);0.35499981726549273
(0.15);0.3366036818796367
(0.16);0.38182115029622304
(0.17);0.30299182538577746
(0.30);0.4128418801931629
(0.31);0.6082947411536446
(1.2);0.4982404348189075
(1.3);0.4493353391457068
(1.4);0.3769395215112195
(1.5);0.6014608236976062
(1.6);0.36284468096942435
(1.7);0.5607697195382529
(1.8);0.3041226161623148
(1.9);0.3111920767592812
(1.10);0.3537173452458721
(1.11);0.43034122109847206
(1.12);0.4682395218827294
(1.13);0.4386024476358616
(1.14);0.44142587429558966
(1.15);0.39519738785963127
(1.16);0.39216986484149213
(1.17);0.2403235003006175
(1.18);0.2312772684325967
(1.19);0.4407111266480086
(1.20);0.31328033931562355
(1.21);0.4003529499861482
(1.22);0.47668718916919717
(1.23);0.435476119230253
(1.24);0.38080319834779447
(1.25);0.49139476848634617
(1.26);0.45361131051132664
(1.27);0.4407299254011621
(1.28);0.4789759438476965
(1.29);0.4233528516672712
(1.30);0.4929970614981752
(1.31);0.5297905976611363
(2.3);0.5447714062605747
(2.4);0.42848360549426834
(2.5);0.5554859933273828
(2.6);0.4050304185025735
(2.7);0.44382298934787834
(2.8);0.28619059158612903
(2.9);0.2782273832214019
(2.10);0.3005638823454445
(2.11);0.35894846767656946
(2.12);0.5490759218271718
(2.13);0.5186774292030646
(2.14);0.45248864201140854
(2.15);0.43458797055140097
(2.16);0.46685451385621246
(2.17);0.2011986560754369
(2.18);0.17908552840427852
(2.19);0.5563900935980914
(2.20);0.34676616234579405
(2.21);0.4322103467443563
(2.22);0.506836520926388
(2.23);0.45720246318512847
(2.24);0.38073986898712686
(2.25);0.4387450508057167
(2.26);0.5008580890621207
(2.27);0.5373681388011649
(2.28);0.40791264661558313
(2.29);0.379483421281499
(2.30);0.40306897409779086
(2.31);0.4883987289569528
(3.4);0.49485946859607455
(3.5);0.47052617163458976
(3.6);0.46280866921161107
(3.7);0.41437607632121287
(3.8);0.3089603885845837
(3.9);0.29079177999145644
(3.10);0.29635885830378045
(3.11);0.338279964550601
(3.12);0.4722380526894136
(3.13);0.7767444111774555
(3.14);0.398443352967867
(3.15);0.3937132884914168
(3.16);0.44900206279940635
(3.17);0.21009676625345003
(3.18);0.17649239681047832
(3.19);0.5302933441754414
(3.20);0.3144404022561977
(3.21);0.49366061230073854
(3.22);0.5744335819504569
(3.23);0.5135652764506828
(3.24);0.4165319707648867
(3.25);0.4400528670749076
(3.26);0.5987790930189735
(3.27);0.7591887099433676
(3.28);0.3972213938845695
(3.29);0.38552582834678695
(3.30);0.3724714273498942
(3.31);0.48703108400782824
(4.5);0.3864228176410477
(4.6);0.6420285338243307
(4.7);0.3561388987745696
(4.8);0.3295575266920487
(4.9);0.29499409970189994
(4.10);0.2751984285555048
(4.11);0.29432720755103725
(4.12);0.38791189989213143
(4.13);0.5426866012550196
(4.14);0.3250151172506811
(4.15);0.3281110131917665
(4.16);0.39176143577950157
(4.17);0.2128537546111316
(4.18);0.1630996169870928
(4.19);0.44066179137273115
(4.20);0.258430585358025
(4.21);0.5908981788439942
(4.22);0.5290587577492671
(4.23);0.537880842512009
(4.24);0.44880736869079196
(4.25);0.40510267058954513
(4.26);0.5813607322291905
(4.27);0.5770796610708425
(4.28);0.35812099283646054
(4.29);0.36885208014234316
(4.30);0.31675203517989475
(4.31);0.43023279179248214
(5.6);0.3678879352628673
(5.7);0.4932269345865731
(5.8);0.283299077987511
(5.9);0.2854766480919061
(5.10);0.3230184622007002
(5.11);0.3959060399389447
(5.12);0.528683589114923
(5.13);0.45581614075438326
(5.14);0.47987688588538835
(5.15);0.43308619376637303
(5.16);0.4303843028741766
(5.17);0.21295008145720107
(5.18);0.20150183117018788
(5.19);0.4857481025484826
(5.20);0.34528856862134993
(5.21);0.3987995631202368
(5.22);0.4724328506289706
(5.23);0.4290580852511977
(5.24);0.3660436547321385
(5.25);0.45386770820208855
(5.26);0.456670414552858
(5.27);0.46325720829208283
(5.28);0.4367571159024713
(5.29);0.39212756689551276
(5.30);0.45157942776361326
(5.31);0.4964089362108599
(6.7);0.3474218458848171
(6.8);0.3496678451717609
(6.9);0.3099405075693722
(6.10);0.2813773402850341
(6.11);0.29146949653454896
(6.12);0.36307147488822655
(6.13);0.49810250534537953
(6.14);0.3025062412495936
(6.15);0.3030485221960406
(6.16);0.3636509661289531
(6.17);0.22785230576191404
(6.18);0.17304823926743312
(6.19);0.4087587596684061
(6.20);0.2330629826982366
(6.21);0.659423793294484
(6.22);0.5178476872749531
(6.23);0.5506371379237538
(6.24);0.47553636852194575
(6.25);0.4058912749496348
(6.26);0.5573356910366958
(6.27);0.5167456412940444
(6.28);0.35774783424216317
(6.29);0.376479367781423
(6.30);0.3091616068878252
(6.31);0.42304569036123485
(7.8);0.3283447386599084
(7.9);0.34497884409994567
(7.10);0.4002667986267249
(7.11);0.4953287381213304
(7.12);0.41606700077306696
(7.13);0.40711714978451774
(7.14);0.40076339405464256
(7.15);0.3534901217456582
(7.16);0.34840682222453145
(7.17);0.27741017910390925
(7.18);0.2740400039788708
(7.19);0.39207844744266923
(7.20);0.2753796909168392
(7.21);0.39076021290119256
(7.22);0.4604310913701977
(7.23);0.4288501112734439
(7.24);0.3917414205990758
(7.25);0.5411215337818557
(7.26);0.4332718555759065
(7.27);0.40483470851301057
(7.28);0.5633659669925861
(7.29);0.4676276122302985
(7.30);0.5906842363127722
(7.31);0.5337082263405731
(8.9);0.5248779595358893
(8.10);0.4016481192813191
(8.11);0.33641479519699985
(8.12);0.2410878202665702
(8.13);0.31940566451485936
(8.14);0.20189783141073508
(8.15);0.1763299685553556
(8.16);0.20740342853896568
(8.17);0.4208750975847898
(8.18);0.33666930524498945
(8.19);0.2492839074376724
(8.20);0.09839932092551282
(8.21);0.39890350963567545
(8.22);0.38229114794309565
(8.23);0.40712297575104645
(8.24);0.49547441606229403
(8.25);0.4166184953896072
(8.26);0.3701502023799407
(8.27);0.3138708562029341
(8.28);0.39743751754816536
(8.29);0.46584329080038
(8.30);0.3156741853953019
(8.31);0.37113200232254523
(9.10);0.46980153081044423
(9.11);0.3756257845222212
(9.12);0.23619042496547515
(9.13);0.29705388528638177
(9.14);0.2058479634006861
(9.15);0.1729542399496423
(9.16);0.19312547007840544
(9.17);0.4856933046288722
(9.18);0.4028765946716318
(9.19);0.23466746159168886
(9.20);0.0949470111253129
(9.21);0.35852419796634744
(9.22);0.3610960231998955
(9.23);0.37614598831060153
(9.24);0.4385261217033207
(9.25);0.42554303523499154
(9.26);0.344125893144968
(9.27);0.2897163256610093
(9.28);0.4268263408068004
(9.29);0.4941317346785704
(9.30);0.34419342469081615
(9.31);0.3692396835656443
(10.11);0.4750107904201834
(10.12);0.26683257457223913
(10.13);0.29640896900161373
(10.14);0.25127271766468356
(10.15);0.20900722489518853
(10.16);0.2118890638130349
(10.17);0.4267281922363216
(10.18);0.43443281960970764
(10.19);0.2516761693812783
(10.20);0.13379021639127692
(10.21);0.32890366759011225
(10.22);0.35768697835709357
(10.23);0.35715956647372876
(10.24);0.3845667590209028
(10.25);0.45385679219407665
(10.26);0.33562459604667494
(10.27);0.2885444754454513
(10.28);0.5002126920708735
(10.29);0.5127777546362225
(10.30);0.42247298221852625
(10.31);0.3909382990997316
(11.12);0.33567948934428965
(11.13);0.3329686704180501
(11.14);0.3323395301058264
(11.15);0.2833859505055513
(11.16);0.2723896105561591
(11.17);0.32619807778310156
(11.18);0.34504717021986453
(11.19);0.31027169250604164
(11.20);0.21113329908277115
(11.21);0.3355273662719399
(11.22);0.3860318919080285
(11.23);0.3696900347764508
(11.24);0.36254876255037194
(11.25);0.4861035916750649
(11.26);0.3619228517735665
(11.27);0.3272334615115758
(11.28);0.5778783503392722
(11.29);0.478002890075532
(11.30);0.5860750852834992
(11.31);0.4373683062068733
(12.13);0.45708546268357375
(12.14);0.5363690257606921
(12.15);0.5214825324388903
(12.16);0.5254446896616194
(12.17);0.16146228797318282
(12.18);0.14619286425437708
(12.19);0.6022947287440238
(12.20);0.4071603971908565
(12.21);0.37957551362930114
(12.22);0.4362723316999782
(12.23);0.39857537359813194
(12.24);0.3299957851538617
(12.25);0.3898358010720912
(12.26);0.43431078428971837
(12.27);0.47712805728789387
(12.28);0.3697444809901723
(12.29);0.33527475824590974
(12.30);0.3850459301737258
(12.31);0.4301421522738867
(13.14);0.38486075276415416
(13.15);0.3825024398609934
(13.16);0.4430571176917412
(13.17);0.21471829279075305
(13.18);0.17693195712923077
(13.19);0.5177629281037005
(13.20);0.3045626869813009
(13.21);0.5300341947872862
(13.22);0.6022945133509616
(13.23);0.5439281302541648
(13.24);0.4339276717058839
(13.25);0.44191964218984875
(13.26);0.6624773170876406
(13.27);0.9863557650585179
(13.28);0.3952861691384229
(13.29);0.3895465806591711
(13.30);0.36441177805717484
(13.31);0.4860449016344025
(14.15);0.5587008007116936
(14.16);0.45709674766040403
(14.17);0.13716193148667702
(14.18);0.13497505034718252
(14.19);0.4730489286213342
(14.20);0.44330928235033945
(14.21);0.31881882983749743
(14.22);0.373921310008677
(14.23);0.3399644498487367
(14.24);0.2801097252586956
(14.25);0.3543801990574121
(14.26);0.3681221545709059
(14.27);0.39646514007178857
(14.28);0.34803183650374653
(14.29);0.30408315437275124
(14.30);0.38573680845500974
(14.31);0.3856526008560216
(15.16);0.5172175377449724
(15.17);0.10049711208347245
(15.18);0.09097969117628185
(15.19);0.5013478546075549
(15.20);0.5107102148507242
(15.21);0.310686395068941
(15.22);0.356531324989786
(15.23);0.32507615610454654
(15.24);0.2611427725087848
(15.25);0.3182062039504001
(15.26);0.357135230851539
(15.27);0.3997927748345646
(15.28);0.30458265143031454
(15.29);0.2682100867222408
(15.30);0.33250729915889377
(15.31);0.3537220751895122
(16.17);0.11524702564426458
(16.18);0.0913728546607388
(16.19);0.6683922375761311
(16.20);0.43414307012289505
(16.21);0.36510685751133537
(16.22);0.40041759076052685
(16.23);0.37150831296294773
(16.24);0.3020194119856585
(16.25);0.3348135912567021
(16.26);0.4092773303898682
(16.27);0.4741068519596183
(16.28);0.30890063257231654
(16.29);0.2847345351181538
(16.30);0.3162959152167393
(16.31);0.3745522200902291
(17.18);0.4911737610453551
(17.19);0.15506149680204556
(17.20);0.023326304944068257
(17.21);0.27060603005644435
(17.22);0.27326881143131676
(17.23);0.28627336499636474
(17.24);0.34122777065338034
(17.25);0.3373936040752653
(17.26);0.2571987600212129
(17.27);0.20605017646623472
(17.28);0.3503888993842243
(17.29);0.3907826620150458
(17.30);0.28668784173874823
(17.31);0.28735638668245
(18.19);0.12930829269906316
(18.20);0.01755954548295713
(18.21);0.2161748255623256
(18.22);0.23359057792026056
(18.23);0.23827938474258709
(18.24);0.27829219814387
(18.25);0.31149780364574403
(18.26);0.21455202406265
(18.27);0.16760340568437795
(18.28);0.34153407980800443
(18.29);0.35714633350569475
(18.30);0.29913371740662115
(18.31);0.2618675792358841
(19.20);0.404863322179208
(19.21);0.4173060817574568
(19.22);0.4637507758970193
(19.23);0.42748124157340756
(19.24);0.34961450111217235
(19.25);0.3851990611521715
(19.26);0.4736009334722982
(19.27);0.5627432317464545
(19.28);0.3545527883570961
(19.29);0.331003535000444
(19.30);0.35464271772566414
(19.31);0.42941080322262204
(20.21);0.2341776247372197
(20.22);0.27388326695302584
(20.23);0.24522425725087407
(20.24);0.18248409480103145
(20.25);0.23631255479658894
(20.26);0.27648841489474013
(20.27);0.3206930333697809
(20.29);0.18823574768387266
(20.30);0.25914239372130965
(20.31);0.27089504068947795
(21.22);0.6277470806801516
(21.23);0.7816113642049851
(21.25);0.4721849463737207
(21.26);0.6736922628997628
(21.27);0.5349080707599911
(21.28);0.4126633569096642
(21.29);0.4388326503300536
(21.30);0.350723470231245
(21.31);0.4844387979552746
(22.24);0.5274939715281027
(22.25);0.5483691019699974
(22.27);0.585743387686427
(22.28);0.4712755354647553
(22.29);0.4748743361189031
(22.30);0.41150654166490547
(22.31);0.6139326325225389
(23.24);0.5935228806237536
(23.25);0.5282872780329246
(23.26);0.7768660403521407
(23.27);0.5393884979438589
(23.28);0.45481016431400795
(23.29);0.47803735990404805
(23.30);0.38645316007626274
(23.31);0.546262931789453
(24.25);0.5058169461323059
(24.26);0.5138892371228361
(24.27);0.43159712839869346
(24.28);0.4474182568453198
(24.29);0.5112317176686038
(24.30);0.36141573437286584
(24.31);0.4720692015415302
(25.26);0.5034530824201764
(25.27);0.4361395703515676
(25.28);0.694368949078236
(25.29);0.6555605547632632
(25.30);0.49591655954785774
(26.27);0.6377368567766382
(26.28);0.4393695236558006
(26.29);0.4452469581269857
(26.30);0.3872840682451994
(26.31);0.549144410108843
(27.28);0.3894999279119015
(27.29);0.3830939109883752
(27.30);0.36080168324039014
(27.31);0.4814385915977928
(28.29);0.6341445881402599
(28.30);0.557568734429618
(28.31);0.540877064502827
(29.30);0.4558565397969335
(29.31);0.5066160615646217
(30.31);0.46973970408701043
