
****Mix criterion 0.5*C(weight)+0.5*C(distance) ******

(0.1);0.4653373945405658
(0.2);0.4820779234629803
(0.3);0.5399925698486099
(0.4);0.548599927512729
(0.5);0.45461343540414534
(0.6);0.5588959466698866
(0.7);0.4605950108940252
(0.8);0.42851056089501516
(0.9);0.39840105199664777
(0.10);0.38132261732910305
(0.11);0.395576831214023
(0.12);0.41560716079588056
(0.13);0.5677116663034728
(0.14);0.35506984775076317
(0.15);0.33666462021733823
(0.16);0.38188966291374987
(0.17);0.30303805684150503
(0.30);0.412908482133412
(0.31);0.608419357498661
(1.2);0.49770115519633773
(1.3);0.44896876989224127
(1.4);0.37671114014227786
(1.5);0.6002680199082151
(1.6);0.362627375916541
(1.7);0.5598566355732726
(1.8);0.3039537190414546
(1.9);0.311015048289274
(1.10);0.3534970970650321
(1.11);0.4299881633925171
(1.12);0.4677705114455788
(1.13);0.43821861580653315
(1.14);0.4410292224692849
(1.15);0.3948977916464106
(1.16);0.3918708297516039
(1.17);0.24016859037783927
(1.18);0.23130435599262403
(1.19);0.4407808722657066
(1.20);0.3126564354485001
(1.21);0.39941116009106237
(1.22);0.47512104010656636
(1.23);0.4343271538442986
(1.24);0.3799531296752317
(1.25);0.4915000196066538
(1.26);0.4536943050616549
(1.27);0.44079967894377203
(1.28);0.4774741368640443
(1.29);0.4234157815456686
(1.30);0.49239568735635136
(1.31);0.528966353522364
(2.3);0.5439738401670172
(2.4);0.4281618301550224
(2.5);0.5546123136908072
(2.6);0.4047483267621268
(2.7);0.44345042260433604
(2.8);0.2860317481288592
(2.9);0.27807094581633107
(2.10);0.30038976775658455
(2.11);0.35871581971761074
(2.12);0.5482097054585964
(2.13);0.5179794191637264
(2.14);0.45205643972608833
(2.15);0.43420064424434607
(2.16);0.46636404240718277
(2.17);0.20106049779973886
(2.18);0.17910705850776013
(2.19);0.5565241763778926
(2.20);0.3460429627301461
(2.21);0.4310820047406161
(2.22);0.50494483370625
(2.23);0.45589151395757904
(2.24);0.3798882527163467
(2.25);0.43881593089485804
(2.26);0.5009623817054292
(2.27);0.5374873869631751
(2.28);0.40692958460120177
(2.29);0.3795294230956183
(2.30);0.4027369146606621
(2.31);0.48778197336316814
(3.4);0.4943175824085607
(3.5);0.4700757979002717
(3.6);0.4623799632208988
(3.7);0.41406877800601344
(3.8);0.30878330922904823
(3.9);0.29062511124431534
(3.10);0.2961855557344932
(3.11);0.3380676309225559
(3.12);0.4717469455587562
(3.13);0.7740711490480803
(3.14);0.39813634851098256
(3.15);0.39341014474755664
(3.16);0.44856558659904755
(3.17);0.20995310305168424
(3.18);0.17651211189050992
(3.19);0.5303979626662333
(3.20);0.31380980429862027
(3.21);0.4920134771835536
(3.22);0.5715928456195962
(3.23);0.5116969776395638
(3.24);0.41549908892120163
(3.25);0.4401191523576106
(3.26);0.598952565669476
(3.27);0.7594992521500704
(3.28);0.3962918001733391
(3.29);0.385569527675506
(3.30);0.3721888084670558
(3.31);0.48641664486801445
(4.5);0.38616830892091636
(4.6);0.6405079405343315
(4.7);0.3559176311938538
(4.8);0.3293605669294221
(4.9);0.2948222500174612
(4.10);0.27503704036357524
(4.11);0.2941502475220179
(4.12);0.38762854791515405
(4.13);0.5418461938135302
(4.14);0.3248030264911932
(4.15);0.32789233992715244
(4.16);0.3914538823266097
(4.17);0.2127071139996655
(4.18);0.16311697308986509
(4.19);0.44071595736487545
(4.20);0.2579183184337305
(4.21);0.5879419278689191
(4.22);0.5268933156064628
(4.23);0.5357103022961209
(4.24);0.4475599644142787
(4.25);0.4051527261282603
(4.26);0.5815052045597354
(4.27);0.5772055566234657
(4.28);0.35735474456586946
(4.29);0.36888872305196974
(4.30);0.3165332544198277
(4.31);0.4298113485310565
(5.6);0.3676525880587839
(5.7);0.4926692136063511
(5.8);0.2831354667750568
(5.9);0.2853090291497812
(5.10);0.3228187742555369
(5.11);0.3956100036374199
(5.12);0.5279249367032118
(5.13);0.455367283797543
(5.14);0.47933773999186274
(5.15);0.43269178441689476
(5.16);0.4299915376533021
(5.17);0.21280160782776397
(5.18);0.20151927829379535
(5.19);0.4858124125078203
(5.20);0.34456423947770626
(5.21);0.3978584185442753
(5.22);0.4709083795477601
(5.23);0.42794597546296304
(5.24);0.3652459353561205
(5.25);0.45392806551634124
(5.26);0.45673180195009155
(5.27);0.4633130772236773
(5.28);0.4355943994224921
(5.29);0.3921646938885156
(5.30);0.451116038291397
(5.31);0.49574465960667013
(6.7);0.34720440954880044
(6.8);0.3494447822277886
(6.9);0.3097523996108086
(6.10);0.2812074832059366
(6.11);0.29128988988949767
(6.12);0.36281818291469803
(6.13);0.4974878718536507
(6.14);0.30230906946934855
(6.15);0.30284764258327207
(6.16);0.36338094355433237
(6.17);0.22769466225969104
(6.18);0.17306252232024355
(6.19);0.40879472430367425
(6.20);0.2325887893025105
(6.21);0.6553101059737301
(6.22);0.5158328202452681
(6.23);0.5483028544160216
(6.24);0.47406697300335204
(6.25);0.4059325815545553
(6.26);0.5574381169735947
(6.27);0.5168147527581345
(6.28);0.356978764178557
(6.29);0.37650975319857255
(6.30);0.30894492334130236
(6.31);0.4226357610207072
(7.8);0.3281406759275225
(7.9);0.34475474573893294
(7.10);0.39995990329942155
(7.11);0.4947327007986314
(7.12);0.4157198569992655
(7.13);0.40678418750602696
(7.14);0.4004383541908987
(7.15);0.35323454115550207
(7.16);0.3481536037914315
(7.17);0.2772202158497435
(7.18);0.2740570824553515
(7.19);0.3921070128922079
(7.20);0.27482986391857095
(7.21);0.3898537771349321
(7.22);0.45901278187036654
(7.23);0.42773618912042133
(7.24);0.390830398966129
(7.25);0.5412036921802642
(7.26);0.4333145132024118
(7.27);0.40486526843621434
(7.28);0.5608572489583312
(7.29);0.46767161395826623
(7.30);0.5894922495026813
(7.31);0.5328395171323614
(8.9);0.5241419602664248
(8.10);0.4013348889933542
(8.11);0.33619037059284845
(8.12);0.24093223521155185
(8.13);0.319191602728165
(8.14);0.20175616516824357
(8.15);0.17619632398245982
(8.16);0.20725444179538322
(8.17);0.42048886451302714
(8.18);0.33668782327164876
(8.19);0.24929715293951293
(8.20);0.09806765866103655
(8.21);0.3979558278076501
(8.22);0.3813666082414902
(8.23);0.4061331423703314
(8.24);0.4938133577608793
(8.25);0.4166522575281047
(8.26);0.3701767744762011
(8.27);0.3138876763338648
(8.28);0.3964970664053003
(8.29);0.4658799587189727
(8.30);0.3154461324109853
(8.31);0.3708201873870875
(9.10);0.4693032031466746
(9.11);0.37534862176187317
(9.12);0.23603522111047434
(9.13);0.29685650968680494
(9.14);0.2057025857812398
(9.15);0.17282004159748743
(9.16);0.19298084624009895
(9.17);0.48509606802990335
(9.18);0.40289727380434825
(9.19);0.2346777093122193
(9.20);0.09461648790798967
(9.21);0.3577456017330659
(9.22);0.3602587717146016
(9.23);0.3752992852950934
(9.24);0.43734567665774315
(9.25);0.4255730256746434
(9.26);0.34414583790657943
(9.27);0.28972874138694005
(9.28);0.42572166562413205
(9.29);0.49416702476338215
(9.30);0.3439312075311882
(9.31);0.3689275989100943
(10.11);0.47448358428703996
(10.12);0.26665722301464306
(10.13);0.29620939822675774
(10.14);0.2511016659438104
(10.15);0.2088559312789495
(10.16);0.2117338960726057
(10.17);0.42631960488802345
(10.18);0.43445151001038396
(10.19);0.2516844184501921
(10.20);0.1334258900841478
(10.21);0.3282184580663332
(10.22);0.35686050906034017
(10.23);0.3563834847123186
(10.24);0.3836817411479738
(10.25);0.45388544329355107
(10.26);0.3356402351235685
(10.27);0.2885538804327788
(10.28);0.4985048294770213
(10.29);0.5128077403808631
(10.30);0.422069663710415
(10.31);0.39058464824061934
(11.12);0.33544315177512984
(11.13);0.3327318957343726
(11.14);0.3320999739136657
(11.15);0.28318777749163504
(11.16);0.2721965026926472
(11.17);0.32595428878475713
(11.18);0.34505518154912174
(11.19);0.3102786113359576
(11.20);0.21068107656024024
(11.21);0.3348200889842074
(11.22);0.3850834495548406
(11.23);0.3688645727135052
(11.24);0.3617505934364414
(11.25);0.486130074167143
(11.26);0.36193630280677686
(11.27);0.3272408787721033
(11.28);0.5751882875847539
(11.29);0.47801920059563136
(11.30);0.5848996617190395
(11.31);0.4368997957155806
(12.13);0.4566012649700857
(12.14);0.5355247562121482
(12.15);0.5207144758821289
(12.16);0.5246501021427955
(12.17);0.16132218125070172
(12.18);0.14619494287835216
(12.19);0.6023116961827295
(12.20);0.4061617553913675
(12.21);0.3787072255882557
(12.22);0.4350337680414309
(12.23);0.39762035068936374
(12.24);0.3293024658757685
(12.25);0.38984631638135897
(12.26);0.4343241078938353
(12.27);0.47713625485018846
(12.28);0.36891629535491033
(12.29);0.3352786501386095
(12.30);0.3847126766981726
(12.31);0.4296897621837652
(13.14);0.38454154824230613
(13.15);0.38218306577334726
(13.16);0.4425960295801986
(13.17);0.21455246303735176
(13.18);0.17693195712923077
(13.19);0.5177629281037005
(13.20);0.3039347720215001
(13.21);0.5279982648425998
(13.22);0.5991085103771371
(13.23);0.5417198537332558
(13.24);0.43277079222053805
(13.25);0.44192690875986274
(13.26);0.6625015367554066
(13.27);0.9863557650585179
(13.28);0.3943446457473633
(13.29);0.3895465806591711
(13.30);0.36410845992050467
(13.31);0.4853924439112508
(14.15);0.5577076724597256
(14.16);0.456587088677769
(14.17);0.1370266817403169
(14.18);0.13497296706548065
(14.19);0.4730407586365338
(14.20);0.44208805275899055
(14.21);0.3181516778289027
(14.22);0.37301980257897716
(14.23);0.3392356760155596
(14.24);0.2795344065027286
(14.25);0.3543804982508971
(14.26);0.36812247324743963
(14.27);0.39645980879050324
(14.28);0.34727695530099534
(14.29);0.3040796299613651
(14.30);0.38539437431069706
(14.31);0.38529365325761544
(15.16);0.5164507117136807
(15.17);0.10037161600154715
(15.18);0.09097587941787032
(15.19);0.5013283114325829
(15.20);0.5088988637665148
(15.21);0.31003791038008466
(15.22);0.35569666758767216
(15.23);0.3243890003323241
(15.24);0.26060211621545526
(15.25);0.3182026285359475
(15.26);0.3571310089263134
(15.27);0.3997817883107963
(15.28);0.30394944236811616
(15.29);0.26820382084591265
(15.30);0.3322393581910632
(15.31);0.35341245678712757
(16.17);0.11511508466186222
(16.18);0.09136704201619487
(16.19);0.6683213720294523
(16.20);0.43297881225397955
(16.21);0.36428569840082814
(16.22);0.3993860755032263
(16.23);0.37066235056397834
(16.24);0.3013896990364839
(16.25);0.3348055420613181
(16.26);0.40926590844302013
(16.27);0.4740816635210462
(16.28);0.30825392567696747
(16.29);0.28472441560720607
(16.30);0.31604266022033173
(16.31);0.3742053144492123
(17.18);0.49113625014044754
(17.19);0.15505231016733784
(17.20);0.023030534966993206
(17.21);0.27004208967106763
(17.22);0.27266446301648173
(17.23);0.2856769671671987
(17.24);0.3404864814357134
(17.25);0.33738108032758085
(17.26);0.2571895108104599
(17.27);0.2060395972156727
(17.28);0.3496175426794766
(17.29);0.39076111248612366
(17.30);0.2864596433399709
(17.31);0.2871166937179137
(18.19);0.12944029453481445
(18.20);0.017365592774374935
(18.21);0.21586397177728273
(18.22);0.23323073628025145
(18.23);0.23794705481225664
(18.24);0.27791338812685085
(18.25);0.311729925185795
(18.26);0.21472023551184302
(18.27);0.1677487601665593
(18.28);0.3410538602108967
(18.29);0.3574211470188211
(18.30);0.29911539157753625
(18.31);0.26184108595566735
(19.20);0.4042280401871393
(19.21);0.41663152750787164
(19.22);0.46281792050140175
(19.23);0.42677198721296794
(19.24);0.34911803260655616
(19.25);0.38551425579275583
(19.26);0.47408994201404586
(19.27);0.5635205216421835
(19.28);0.3540459436153342
(19.29);0.33125026683614217
(19.30);0.3546196858794499
(19.31);0.42935580257683426
(20.21);0.23334723030567642
(20.22);0.2729040447264182
(20.23);0.24436484873309963
(20.24);0.1817685765601535
(20.25);0.23598579946385
(20.26);0.2761161511398856
(20.27);0.3202508954186231
(20.28);0.22434482777452563
(20.29);0.18794862980257773
(20.30);0.258597549828532
(20.31);0.2703175101550592
(21.22);0.6227247768889098
(21.23);0.7730672327241453
(21.24);0.5749016509686531
(21.25);0.47130680489641996
(21.26);0.6713765914420683
(21.27);0.5336625099701606
(21.28);0.4109999564252992
(21.29);0.43808175848108766
(21.30);0.34994795472283635
(21.31);0.48286473926905155
(22.23);0.7957504288965477
(22.24);0.5243993501065258
(22.25);0.5469423237293257
(22.27);0.5839923218131626
(22.28);0.46896872551243274
(22.29);0.47388571763568743
(22.30);0.4104101041016683
(22.31);0.6105920130066677
(23.24);0.5893333594953143
(23.25);0.5271068953144818
(23.26);0.7735726469456334
(23.27);0.5381133817526786
(23.28);0.452757657756221
(23.29);0.47711660191035565
(23.30);0.38553865021379385
(23.31);0.5440207158047435
(24.25);0.5047683152574625
(24.26);0.5127949109417107
(24.27);0.4308731424442453
(24.28);0.44544201768394975
(24.29);0.5101328612134197
(24.30);0.36060239952901474
(24.31);0.47060281829567646
(25.26);0.5040310180262978
(25.27);0.436542310080738
(25.28);0.6918644374143104
(25.29);0.6567590037029989
(25.30);0.49587800054168535
(26.27);0.6388488164134987
(26.28);0.438627855841075
(26.29);0.44566879608440924
(26.30);0.3872627112435269
(26.31);0.5490498257931343
(27.28);0.38890870145472844
(27.29);0.3834020497975876
(27.30);0.36077800415365197
(27.31);0.48136488668024313
(28.29);0.632130943217241
(28.30);0.5552121335752849
(28.31);0.5387014643148621
(29.30);0.4558179324202155
(29.31);0.5065307221736597
(30.31);0.46912830489057805
