
****Importance edges******

(0.1);4.165275798290738
(0.2);4.576208536520676
(0.3);6.277298529799175
(0.4);6.585035737933839
(0.5);4.000569210503702
(0.6);6.979488984456982
(0.7);4.164859686871996
(0.8);3.55244981718353
(0.9);3.0893744253679243
(0.10);2.874839606237195
(0.11);3.0862019630563027
(0.12);3.411433927954734
(0.14);2.6357472835510465
(0.15);2.464803906880379
(0.16);2.9979999766206453
(0.17);2.205900645340943
(0.30);3.498029977963999
(0.31);9.140795001272853
(1.2);3.0770216976005886
(1.3);2.0915708648729616
(1.4);1.3030984264018044
(1.5);6.80589992154174
(1.6);1.239899181678869
(1.7);5.209874533339805
(1.8);0.963693200704692
(1.9);1.0100890530766968
(1.10);1.2566920813219449
(1.11);2.014476676406956
(1.12);2.6760797758990034
(1.13);2.092465870854578
(1.14);2.260023589427863
(1.15);1.7069944240780512
(1.16);1.7037672185269122
(1.17);0.8825914603865297
(1.18);1.0873963106457871
(1.19);2.7998508279066145
(1.20);1.4626268886748905
(1.21);2.2078517166207083
(1.22);3.433778658212898
(1.23);2.6935362260241744
(1.24);1.9928283237655355
(1.25);3.810435136617884
(1.26);3.00467443761493
(1.27);2.867131091050303
(1.28);3.520707903313527
(1.29);2.5262414750392144
(1.30);3.4262391426748366
(1.31);4.517402940726684
(2.3);4.550752656762011
(2.4);1.8359857468643221
(2.5);4.985041314345226
(2.6);1.6095590668381674
(2.7);2.1257913440551213
(2.8);0.9063290064847088
(2.9);0.8926005537263895
(2.10);0.9934630298802739
(2.11);1.3274427359359213
(2.12);4.9424573994146925
(2.13);3.8075077325744173
(2.14);2.462625397232844
(2.15);2.2068890969318407
(2.16);2.7945347494980037
(2.17);0.787163610767509
(2.18);0.9381018523140603
(2.19);5.842206202231757
(2.20);1.7052430398141931
(2.21);2.6605342519218795
(2.22);4.1726750001150315
(2.23);3.0911065181161392
(2.24);2.0080385648979613
(2.25);2.7649193538779606
(2.26);4.068289860298885
(2.27);5.318872338880023
(2.28);2.317976422357105
(2.29);2.0043743436719024
(2.30);1.8918918704141443
(2.31);3.381766357991951
(3.4);3.0918942359892623
(3.5);2.5697424759390732
(3.6);2.446110663382769
(3.7);1.7533827423313013
(3.8);1.010379395726319
(3.9);0.9509785458262983
(3.10);0.98882980856158
(3.11);1.2115332255864766
(3.12);2.8021590908223013
(3.13);14.590953719900309
(3.14);1.749298014174392
(3.15);1.7272687072657618
(3.16);2.4869329815635783
(3.17);0.8185426702264935
(3.18);0.9402652208976932
(3.19);4.989537359055997
(3.20);1.495676672357461
(3.21);3.9067388997876384
(3.22);6.304777457707374
(3.23);4.431303519470864
(3.24);2.4498291825051672
(3.25);2.805666714573097
(3.26);7.3426018801847395
(3.27);15.157791741314599
(3.28);2.2048463873860307
(3.29);2.084138583525982
(3.30);1.610235066716434
(3.31);3.3706111876511695
(4.5);1.4521758681344197
(4.6);8.676201270608068
(4.7);1.262508573184852
(4.8);1.1238130235076378
(4.9);0.9805399381199154
(4.10);0.9208487536342662
(4.11);1.0096985424846778
(4.12);1.6167497244982987
(4.13);4.589825658603065
(4.14);1.2085058045720187
(4.15);1.2459907306375737
(4.16);1.752394584255947
(4.17);0.8355217828414451
(4.18);0.9153259647248183
(4.19);2.8566055217169857
(4.20);1.2223154718063498
(4.21);7.053883696186907
(4.22);4.8362258922651336
(4.23);5.179106364736797
(4.24);2.9764200546022033
(4.25);2.3181994626864864
(4.26);6.690881521585817
(4.27);6.793533618629307
(4.28);1.8283380635557775
(4.29);1.9324733809394503
(4.30);1.2465362412804448
(4.31);2.3129691896395044
(5.6);1.3428440889038356
(5.7);3.1822443970206775
(5.8);0.9335328642560443
(5.9);0.9564001684123897
(5.10);1.139379487562918
(5.11);1.6891239441396961
(5.12);4.328718968924107
(5.13);2.45289782570535
(5.14);3.0721414291255407
(5.15);2.2473680106231457
(5.16);2.237959109405673
(5.17);0.8459810211329372
(5.18);1.0303249139345054
(5.19);3.7977694667909794
(5.20);1.7388793347497509
(5.21);2.2593828627669894
(5.22);3.4264769819247656
(5.23);2.6698148841646727
(5.24);1.915065478256492
(5.25);3.0894006712405067
(5.26);3.142125665583958
(5.27);3.375045662491468
(5.28);2.7913051365545316
(5.29);2.1925027145388474
(5.30);2.64027812012774
(5.31);3.647390158039423
(6.7);1.2406482569876753
(6.8);1.272752556944184
(6.9);1.0733063994399865
(6.10);0.9691705304632275
(6.11);1.0247996043731955
(6.12);1.4452333553071905
(6.13);3.36088629067748
(6.14);1.1235375882299816
(6.15);1.1446448689748725
(6.16);1.5386047444145892
(6.17);0.8982458045880326
(6.18);0.9596186002078754
(6.19);2.4163134738123055
(6.20);1.1454601459268048
(6.21);9.937010766488633
(6.22);4.558175170163224
(6.23);5.638688247244256
(6.24);3.5494674120783993
(6.25);2.365836442645176
(6.26);5.86644713729468
(6.27);4.748786777434166
(6.28);1.8577633413415797
(6.29);2.041469135399369
(6.30);1.2346311506296634
(6.31);2.2518854735199323
(7.8);1.1643411487174946
(7.9);1.2786604395451682
(7.10);1.7510833739734055
(7.11);3.400869785854122
(7.12);1.9807329620278198
(7.13);1.821794997727733
(7.14);1.8521981806522194
(7.15);1.4563666235886343
(7.16);1.4428800224324616
(7.17);1.0824219587359136
(7.18);1.3328180010740667
(7.19);2.2292705907969164
(7.20);1.336551925761728
(7.21);2.2034175709641803
(7.22);3.2298236690134816
(7.23);2.7077877286131584
(7.24);2.214565166426326
(7.25);5.348403423474636
(7.26);2.776955248130421
(7.27);2.438506419616126
(7.28);6.098339896799181
(7.29);3.433930138919723
(7.30);6.79188888974188
(7.31);4.774381984934351
(8.9);4.199464668753158
(8.10);1.7872293928352112
(8.11);1.2805219176622225
(8.12);0.8877372147540958
(8.13);1.1719555238622283
(8.14);0.8072818829782847
(8.15);0.7615565423896036
(8.16);0.8489663498237585
(8.17);2.200819175865914
(8.18);1.7268632928786005
(8.19);1.2351840368872125
(8.20);0.8114003143998445
(8.21);2.3184709735520395
(8.22);2.1195492650400425
(8.23);2.4215932963729707
(8.24);4.063721961654601
(8.25);2.5494952482116138
(8.26);2.0065504190764343
(8.27);1.603380007741671
(8.28);2.3007813511837627
(8.29);3.4193968833150663
(8.30);1.299459514228759
(8.31);1.7145352376815832
(9.10);2.8433580090174013
(9.11);1.5814352919430865
(9.12);0.8855621636749861
(9.13);1.0812682949393682
(9.14);0.828446396812838
(9.15);0.7647262785744111
(9.16);0.8241204851147912
(9.17);3.403214025731004
(9.18);2.4006550019074084
(9.19);1.189665054469681
(9.20);0.8138870829483433
(9.21);1.9172311773801602
(9.22);1.9325499326997957
(9.23);2.084938701118844
(9.24);2.9067518539442845
(9.25);2.700734064013449
(9.26);1.796088943942523
(9.27);1.4730120614173043
(9.28);2.720174604703035
(9.29);4.0968506649968255
(9.30);1.4941562371045287
(9.31);1.7168403495937588
(10.11);3.0081327810241087
(10.12);1.0005209261570056
(10.13);1.0939698334547778
(10.14);0.9747704550718788
(10.15);0.8621591941826552
(10.16);0.8842198640137188
(10.17);2.3282828587191737
(10.18);2.881666457731933
(10.19);1.2718328305665212
(10.20);0.9030653417282655
(10.21);1.6984471355444921
(10.22);1.9208999458556382
(10.23);1.9236945764350875
(10.24);2.1937174236747876
(10.25);3.2020478447334897
(10.26);1.7478237617140602
(10.27);1.481535359268666
(10.28);4.233324596006886
(10.29);4.623170794300433
(10.30);2.298216830667784
(10.31);1.946441437792745
(11.12);1.3484949140070532
(11.13);1.2987103568799165
(11.14);1.365181442644118
(11.15);1.1293262527382784
(11.16);1.100441143086082
(11.17);1.3892261005275386
(11.18);1.8457610839468177
(11.19);1.5940559419265918
(11.20);1.128470651834912
(11.21);1.7649312498826457
(11.22);2.2199243861272473
(11.23);2.059848118629593
(11.24);1.9917416214273311
(11.25);3.9099489312323477
(11.26);1.9859480282243869
(11.27);1.7455575683560292
(11.28);6.712750291777992
(11.29);3.757843710045965
(11.30);6.698001169799251
(11.31);2.5798598358755434
(12.13);2.6574708756577965
(12.14);4.811407906958972
(12.15);4.376996264360774
(12.16);4.528106664841798
(12.17);0.798409754202804
(12.18);0.9543282960244686
(12.19);7.790012557355096
(12.20);2.508994897465888
(12.21);2.1814931696513487
(12.22);2.9197143728774138
(12.23);2.3994064801699477
(12.24);1.741900381038151
(12.25);2.2951553258161654
(12.26);2.9081161732230085
(12.27);3.843407990510846
(12.28);2.0807395946075573
(12.29);1.7868279077742963
(12.30);1.8990374031394095
(12.31);2.4923037990653003
(13.14);1.7519221932680793
(13.15);1.7539032791313844
(13.16);2.5336676961214217
(13.17);0.9117744197210527
(13.18);1.0169111276249485
(13.19);4.70116708599889
(13.20);1.541685603054533
(13.21);4.998708560066829
(13.22);7.34207930909232
(13.23);5.421861777156027
(13.24);2.8404235624399354
(13.25);2.9708067405284675
(13.26);9.901776507211066
(13.28);2.3116714043508524
(13.29);2.256156283257067
(13.30);1.668713855446684
(13.31);3.474038439843277
(14.15);5.653307960938407
(14.16);2.901195468143021
(14.17);0.7698990198873399
(14.18);0.9490876038081499
(14.19);3.7220272660976472
(14.20);3.108199663793182
(14.21);1.6979949253625983
(14.22);2.154308128476873
(14.23);1.854831064779891
(14.24);1.4642664872666713
(14.25);1.9764163429579094
(14.26);2.105117727818781
(14.27);2.479053631801247
(14.28);1.921277962158904
(14.29);1.6056278679539653
(14.30);1.949280639538498
(14.31);1.977306617280924
(15.16);4.365099571747572
(15.17);0.7143770178815995
(15.18);0.8655070099120866
(15.19);4.437520196197935
(15.20);4.642828778582641
(15.21);1.6621865314457522
(15.22);2.0094043422845833
(15.23);1.7613076904062497
(15.24);1.3858023548692069
(15.25);1.712743267196711
(15.26);2.0224435797727662
(15.27);2.5455955452486436
(15.28);1.623032267163844
(15.29);1.4227449118593123
(15.30);1.5252338290611545
(15.31);1.706377029270556
(16.17);0.751064129644077
(16.18);0.8772307809126316
(16.19);10.6948633075691
(16.20);3.005645534522089
(16.21);2.119902540085166
(16.22);2.502064890899288
(16.23);2.1839346546177127
(16.24);1.6256655542132206
(16.25);1.8548048898737812
(16.26);2.6320000763812166
(16.27);3.878040945120781
(16.28);1.6695370880002738
(16.29);1.5272130308349623
(16.30);1.441635040087513
(16.31);1.912781517267254
(17.18);4.233649076287504
(17.19);1.0368448226023843
(17.20);0.76911378438636
(17.21);1.466458253318081
(17.22);1.4771230234079855
(17.23);1.5508598807960872
(17.24);1.927632280878728
(17.25);1.8964122337244345
(17.26);1.4005645008462677
(17.27);1.2177826832705827
(17.28);2.005819117164066
(17.29);2.432176548144383
(17.30);1.2990022405712447
(17.31);1.3222557805779651
(18.19);1.1642380708615052
(18.20);0.9143261195210759
(18.21);1.4654177149385812
(18.22);1.541592292657639
(18.23);1.566659923550229
(18.24);1.785774972820366
(18.25);2.0125804558862868
(18.26);1.4584560960080708
(18.27);1.3041101411128073
(18.28);2.2638370144516573
(18.29);2.4238174609311636
(18.30);1.6502026259233187
(18.31);1.461853076879209
(19.20);2.994827568307027
(19.21);3.1799636825813704
(19.22);3.9964321194502626
(19.23);3.3435459183564316
(19.24);2.3404371381187397
(19.25);2.7328552675501205
(19.26);4.239886714806822
(19.27);6.973790009034847
(19.28);2.3893524835122255
(19.29);2.1761409209080966
(19.30);2.0739696374135734
(19.31);3.034839877034261
(20.21);1.5445369700493183
(20.22);1.7519620456682603
(20.23);1.5985032866983189
(20.24);1.330866795104496
(20.25);1.554707614907714
(20.26);1.7712374870066414
(20.27);2.120250088164894
(20.28);1.5028481595484733
(20.29);1.3535226198619814
(20.30);1.4272338052991256
(20.31);1.5052109372496454
(21.22);8.985586095767134
(21.23);15.892118790576774
(21.24);7.259482487202414
(21.25);4.178212579675559
(21.26);11.018005486627684
(21.27);5.973023504400161
(21.28);3.0939315661413653
(21.29);3.5398321346672685
(21.30);2.0314845496234026
(21.31);4.102450362664365
(22.23);16.72285911548718
(22.24);5.536699565222681
(22.25);6.164061789825708
(22.26);24.33530377216053
(22.27);7.631055551768959
(22.28);4.1271974565364005
(22.29);4.235325945228566
(22.30);2.700606638642955
(22.31);8.195752028718118
(23.24);7.792526086249442
(23.25);5.61628171600417
(23.26);15.670023699582407
(23.27);6.11475493042581
(23.28);3.8176704218487103
(23.29);4.340610087608038
(23.30);2.39558414492066
(23.31);5.843860753193822
(24.25);4.989404129018456
(24.26);5.20682319926448
(24.27);3.4718378726124803
(24.28);3.6758127589107668
(24.29);5.180196584639976
(24.30);2.1305533558502487
(24.31);3.8218171478677543
(25.26);4.92740228658732
(25.27);3.5521091254528554
(25.28);11.91651050617005
(25.29);10.390999960450058
(25.30);4.342573493218389
(25.31);9.899931110354043
(26.27);9.807331353585834
(26.28);3.5288684950314155
(26.29);3.6574926586952503
(26.30);2.405257774097922
(26.31);5.938361586842471
(27.28);2.8351964464124246
(27.29);2.764599618351933
(27.30);2.174112969990622
(27.31);4.145657146181221
(28.29);9.492665310094925
(28.30);6.173181803973106
(28.31);5.670240797403361
(29.30);3.4765136215576367
(29.31);4.708879015210471
(30.31);3.3743609756656987

****Importance nodes******

0; 0.061111111111111116
1; 0.01620566061055494
2; 0.01672842385605671
3; 0.017268050432058545
4; 0.017825084316963655
5; 0.018400087036865707
6; 0.01899363823160331
7; 0.019606336239074384
8; 0.020238798698399365
9; 0.02089166317254128
10; 0.02156558779101035
11; 0.022261251913301004
12; 0.022979356813730072
13; 0.021941285256741126
14; 0.024428409783745268
15; 0.02521642300257576
16; 0.026029856002658846
17; 0.026869528776938163
18; 0.03666666666666667
19; 0.03666666666666667
20; 0.03666666666666667
21; 0.03666666666666667
22; 0.03666666666666667
23; 0.03666666666666667
24; 0.03666666666666667
25; 0.03666666666666667
26; 0.03666666666666667
27; 0.03793103448275863
28; 0.03666666666666667
29; 0.03666666666666667
30; 0.02773628776974262
31; 0.028631006730056897
