
****Mix criterion 0.5*C(weight)+0.5*C(distance) ******

(0.1);0.5187565031293504
(0.2);0.5384849210118756
(0.3);0.6191931851037734
(0.4);0.6334612399005952
(0.5);0.5043303539641633
(0.6);0.6455444435366207
(0.7);0.5135526383058622
(0.8);0.4746019867126662
(0.9);0.43769865465331614
(0.10);0.41794508263136776
(0.11);0.4342614915251663
(0.12);0.45853854927593496
(0.14);0.38876493887330155
(0.15);0.367092770639319
(0.16);0.4191883458600986
(0.17);0.33049753217404654
(0.30);0.45706067862922484
(0.31);0.7233337112384846
(1.2);0.539414030054378
(1.3);0.4787055621326826
(1.4);0.3960198456283298
(1.6);0.37958758389623953
(1.8);0.31829839586050224
(1.9);0.3254485727644577
(1.10);0.37147071369896784
(1.11);0.4578511438438221
(1.12);0.5050070248149567
(1.13);0.46529559350814476
(1.14);0.4733176210198747
(1.15);0.41767525511147785
(1.16);0.4149103818462582
(1.17);0.2520976382406924
(1.18);0.24554300549191194
(1.19);0.47961671473205014
(1.20);0.3307485419226045
(1.21);0.428321343463575
(1.22);0.5211903210777137
(1.23);0.4695970162307326
(1.24);0.40759501904763473
(1.25);0.5396642009028755
(1.26);0.4940065105563878
(1.27);0.4796399341695143
(1.28);0.5235751998655204
(1.29);0.45845647549218144
(1.30);0.5398365424670365
(1.31);0.5909495339174355
(2.3);0.6033799686755038
(2.4);0.453248550854408
(2.5);0.6174789580145026
(2.6);0.4249957210923356
(2.7);0.4716054547839945
(2.8);0.29854438120428894
(2.9);0.2898863876858828
(2.10);0.313571438035334
(2.11);0.37573657967045987
(2.13);0.5634211297406008
(2.14);0.4848708019891342
(2.15);0.4615917332424923
(2.16);0.5015927107942834
(2.17);0.21099231993051637
(2.18);0.19070629333760525
(2.19);0.6332522132907618
(2.20);0.365903949789425
(2.21);0.46397839172115984
(2.22);0.5578696329595517
(2.23);0.4941117459070738
(2.25);0.4717595035712768
(2.26);0.5525631951295817
(2.27);0.6057264060980023
(2.28);0.4355903881020599
(2.29);0.4058536751512401
(2.30);0.4272582218632859
(2.31);0.531253927350972
(3.4);0.5385097938742098
(3.5);0.5041142809813918
(3.6);0.49467929146429007
(3.7);0.4383518559193868
(3.8);0.3233250376698355
(3.9);0.3037691678409075
(3.10);0.3098732739931696
(3.12);0.5095228091996681
(3.13);0.9567725741085873
(3.14);0.422379428602529
(3.15);0.4157733102284381
(3.16);0.4812172354374372
(3.17);0.22070069449872856
(3.18);0.18853515344745747
(3.19);0.5979961717096016
(3.20);0.33187230543148694
(3.21);0.5419684080906504
(3.22);0.6542027813131622
(3.23);0.5683594439117723
(3.24);0.4486893535253854
(3.25);0.4747456321095808
(3.26);0.6951608574314643
(3.27);0.9601530452472447
(3.28);0.4244848665051122
(3.29);0.4138054192033718
(3.30);0.39386287133928455
(3.31);0.531398314378568
(4.5);0.4062439884011429
(4.7);0.3740981638065007
(4.8);0.3461349273779566
(4.9);0.30889767174564625
(4.10);0.2882660266564532
(4.11);0.30819823297704374
(4.12);0.4102493193247602
(4.13);0.6017840260095346
(4.14);0.3421412005180332
(4.15);0.3446359968671614
(4.17);0.22407072593765207
(4.18);0.17517753601887398
(4.19);0.4805073239568774
(4.20);0.2731644102347642
(4.21);0.6808856566501171
(4.22);0.5921287317982147
(4.23);0.6039514979304186
(4.24);0.48902029928518376
(4.25);0.43467629721616974
(4.26);0.6717579037664547
(4.27);0.6696908206870327
(4.28);0.38144538235046027
(4.29);0.395807300414387
(4.30);0.33388212649796833
(4.31);0.46171945560037136
(5.6);0.38481894106842224
(5.7);0.5353624143925797
(5.8);0.2961585459930928
(5.9);0.2981280167659163
(5.10);0.33812128521115326
(5.11);0.4175685258230993
(5.12);0.5846015676305927
(5.13);0.4851716564522486
(5.14);0.5207319717417948
(5.15);0.46099300916037655
(5.16);0.45858605795912116
(5.17);0.22361699642694077
(5.18);0.21440834157744693
(5.19);0.5361525682535665
(5.20);0.36510722747793123
(5.21);0.4261226372449528
(5.22);0.514832743200287
(5.23);0.46134457869213896
(5.24);0.39063049207598727
(5.25);0.4912283188946364
(5.26);0.4970110365998804
(5.27);0.5070458170166593
(5.28);0.47051281017085145
(5.29);0.421226733880142
(5.30);0.4857376426039447
(5.31);0.5431873829371916
(6.7);0.36379739935899336
(6.8);0.3671376850917613
(6.9);0.32409530188656777
(6.10);0.2941854025778334
(6.11);0.30457846391045323
(6.12);0.38169215110186183
(6.13);0.5382547016623591
(6.14);0.31740523336592985
(6.15);0.317233274650959
(6.16);0.38299784474204646
(6.17);0.2391541088347388
(6.18);0.18504865124841258
(6.19);0.44075783043122424
(6.20);0.2461076810678535
(6.21);0.7794284715222252
(6.22);0.574162011056705
(6.23);0.6187329651939705
(6.24);0.521019491713412
(6.25);0.4344623862939593
(6.26);0.6325087541654988
(6.27);0.578236675846427
(6.28);0.38018318197800627
(6.29);0.40351440112115267
(6.30);0.32509678691481847
(6.31);0.4518622452212662
(7.8);0.34500895610778537
(7.9);0.36258961897575914
(7.10);0.42441478436771823
(7.11);0.5407752768398454
(7.12);0.4426973745469982
(7.13);0.4299537870748345
(7.14);0.42631929926793966
(7.15);0.3723231702475655
(7.16);0.3673107164984071
(7.17);0.2915895342482313
(7.18);0.2912782666988719
(7.19);0.4225374139903309
(7.20);0.2911892768936042
(7.21);0.4183238757713593
(7.22);0.5017228272573016
(7.23);0.46272319509514004
(7.24);0.42106006536485635
(7.25);0.6080274125408198
(7.26);0.47003598683052605
(7.27);0.4374203563356615
(7.28);0.6396531797288927
(7.29);0.5145460812847765
(7.31);0.5971720904529506
(8.10);0.4271622392229896
(8.11);0.3541463135933958
(8.13);0.334682359745285
(8.14);0.21340310973559987
(8.15);0.1865271872265264
(8.16);0.21890654686821434
(8.17);0.4506736404194205
(8.18);0.3596363560325392
(8.19);0.2666027451012019
(8.20);0.10830415602312018
(8.21);0.42876631947259325
(8.22);0.41016819202159266
(8.23);0.4383140413010926
(8.24);0.5507482863437645
(8.25);0.44945698793317584
(8.26);0.39744286871484474
(8.27);0.335863614240631
(8.28);0.4270724781538886
(8.29);0.5137875466851571
(8.30);0.33365710891164285
(8.31);0.39464568222365853
(9.10);0.5089316224049751
(9.11);0.3967347935296649
(9.12);0.2480811906937572
(9.13);0.31061814549076544
(9.14);0.2172563427850457
(9.15);0.18284164167453618
(9.16);0.20391707039326085
(9.18);0.4339215980906886
(9.19);0.2509005613101728
(9.20);0.10459279845075038
(9.21);0.38252250709083885
(9.22);0.38580568631617346
(9.23);0.4022435210679381
(9.24);0.47698356040001694
(9.25);0.45934858341087914
(9.26);0.36788883677627787
(9.27);0.3093836962253312
(9.28);0.4608752295409474
(9.29);0.5500336754195939
(9.30);0.36420911331886757
(9.31);0.3920413269458405
(10.12);0.2802883278290061
(10.13);0.31017147398108375
(10.14);0.2647113797658688
(10.15);0.22017810902434748
(10.16);0.22348950749001556
(10.17);0.45726904615291725
(10.18);0.4717618694704483
(10.19);0.26904805540164395
(10.20);0.14452414157229085
(10.21);0.3502090923332004
(10.22);0.3822933617576194
(10.23);0.38129050889118915
(10.24);0.4136313634594187
(10.25);0.49402347619149556
(10.26);0.3587815467615766
(10.27);0.30835063412623126
(10.28);0.5533157747078109
(10.29);0.5759253587560943
(10.30);0.45330523885619867
(10.31);0.4168300683823075
(11.12);0.35328913635978226
(11.13);0.34880622988628573
(11.14);0.3506378150187194
(11.15);0.2976069320477139
(11.16);0.28642990342173985
(11.17);0.3439286280336772
(11.18);0.36841524901795486
(11.19);0.33156355933454706
(11.20);0.224229347318222
(11.21);0.35715716902868977
(11.22);0.41382078334644
(11.23);0.39493413905404395
(11.24);0.3883457183148501
(11.25);0.5340212792207661
(11.26);0.387644769156577
(11.27);0.35005918859323787
(11.28);0.6601452742073419
(11.29);0.5281965537558246
(11.30);0.6735730191309561
(11.31);0.4707966207666328
(12.13);0.4897478355469498
(12.14);0.6012082853535937
(12.15);0.5769650814487728
(12.16);0.5835785917864376
(12.17);0.17171480115836316
(12.18);0.1583386485763013
(12.19);0.706800077523938
(12.20);0.43647670331639576
(12.21);0.40646644759255957
(12.22);0.4730207553156227
(12.23);0.42815249174220416
(12.24);0.3526667865276606
(12.25);0.4181278311185605
(12.26);0.4721601966189196
(12.27);0.5276182415519398
(12.28);0.3953934409831443
(12.29);0.35924558914467764
(12.30);0.409991626730712
(12.31);0.46261763572903086
(13.14);0.4070435308037075
(13.15);0.40329977987495647
(13.16);0.47355652813614246
(13.17);0.2257090004542685
(13.18);0.18920567909566563
(13.19);0.5777970683667554
(13.20);0.32153445148365317
(13.21);0.588330733817338
(13.22);0.6898589097586583
(13.23);0.6071596175292093
(13.24);0.4690431440503333
(13.25);0.47656614118430973
(13.26);0.7848905950570744
(13.28);0.42224562089061557
(13.29);0.4183578099319652
(13.30);0.3850519144706182
(13.31);0.5286874348523463
(14.15);0.6322582680313575
(14.16);0.4952876295985249
(14.17);0.14729468859664327
(14.18);0.14731169759403245
(14.19);0.5239303561236521
(14.20);0.48054734125214676
(14.21);0.3402266704205588
(14.22);0.4016279182474661
(14.23);0.36334963619423677
(14.24);0.2995546607414901
(14.25);0.379298298260073
(14.26);0.3960773654270487
(14.27);0.42966755217402886
(14.28);0.37225476656984413
(14.29);0.3260326545021943
(14.31);0.41201900029677596
(15.16);0.571414917381001
(15.17);0.10937358423733318
(15.18);0.10169578675931262
(15.19);0.5592338025194952
(15.20);0.5635289531315433
(15.21);0.3306252486653075
(15.22);0.3811377628089875
(15.23);0.3462040232318412
(15.24);0.27868554172343496
(15.25);0.33875151376174495
(15.26);0.38273719410765794
(15.27);0.4323343318484707
(15.28);0.32405182781030306
(15.30);0.3519000745832073
(15.31);0.3752571557336793
(16.17);0.12469532845410683
(16.18);0.10234889948731554
(16.20);0.46876903803568715
(16.21);0.3908242878512143
(16.22);0.43138879332625957
(16.23);0.3980025438461855
(16.24);0.32280546937290816
(16.25);0.35731501037735636
(16.26);0.4429305652075199
(16.27);0.5241593019361429
(16.28);0.32915448997783975
(16.29);0.3048432176808497
(16.30);0.33483847896642854
(16.31);0.3989724957642799
(17.19);0.16871124749207422
(17.20);0.032201767681442485
(17.21);0.2884130735248812
(17.22);0.2915651447430536
(17.23);0.3051052882702151
(17.24);0.36588026065484164
(17.25);0.3604215320804423
(17.26);0.2751105799756778
(17.27);0.2217691135148222
(17.28);0.374745343305042
(17.29);0.4228015358065741
(17.30);0.30339857759333133
(17.31);0.30424213434409053
(18.19);0.1444767536412511
(18.20);0.028184829375532447
(18.21);0.2339699230509456
(18.22);0.2526360179028567
(18.23);0.25730390299897976
(18.24);0.30097716951671893
(18.25);0.33593729625668795
(18.26);0.23307901390742713
(18.27);0.18430623237759247
(18.28);0.3690246717121716
(18.29);0.38872542493664397
(18.30);0.3201821853265128
(18.31);0.28039917783211943
(19.20);0.4413423619060035
(19.21);0.4577016445825575
(19.22);0.5153614411419121
(19.23);0.469954814445767
(19.24);0.38065558481042777
(19.25);0.41991493770665267
(19.26);0.5298343081021459
(19.27);0.6559000731445092
(19.29);0.36057391615717704
(19.30);0.3824183440007116
(19.31);0.46979076008396103
(20.21);0.2516237626735274
(20.22);0.29404207276065947
(20.23);0.2632799654483215
(20.24);0.19826175263519025
(20.25);0.2538735740705023
(20.26);0.29748674404069486
(20.27);0.3460813933207507
(20.28);0.2421280557351201
(20.29);0.20472257515386733
(20.30);0.27596879348791137
(20.31);0.28854281739011284
(21.22);0.7358336900321669
(21.23);0.9694221187912249
(21.24);0.6686598901850866
(21.26);0.8100692278841105
(21.27);0.6094982600131463
(21.28);0.4492269913584417
(21.29);0.4837996768937612
(21.30);0.37588226444871214
(21.31);0.5349449735641703
(22.24);0.5971937024664002
(22.25);0.6225159112707763
(22.27);0.6826219339556259
(22.28);0.5209211316950806
(22.29);0.5295701205157788
(22.30);0.4456009813878221
(22.31);0.7167747721780602
(23.24);0.6899760053289334
(23.25);0.5946596806654223
(23.26);0.9708240371942656
(23.27);0.6157486072186891
(23.28);0.49992683957534056
(23.29);0.533176790726384
(23.30);0.4161211231153411
(23.31);0.618207996651384
(24.25);0.5675740212237773
(24.26);0.581252178340431
(24.27);0.4768634612157044
(24.28);0.4929161637504674
(24.30);0.3891594831429527
(24.31);0.521523137072118
(25.26);0.5644427206915755
(25.27);0.4804977570756287
(25.28);0.8351965416536011
(25.29);0.7875590093422296
(25.30);0.5496968912320748
(25.31);0.7736456916539363
(26.28);0.48304860656834386
(26.29);0.49375607375124575
(26.30);0.41860497707324446
(26.31);0.6259862211402452
(27.28);0.4249054205157706
(27.29);0.42002381106312325
(27.30);0.38935785966046843
(27.31);0.5355507088010214
(28.29);0.7547313608798512
(28.30);0.6340201210286267
(28.31);0.6106846556109827
(29.30);0.5024157282009253
(29.31);0.5692698881926275
(30.31);0.5137303743093949
