
****Mix criterion 0.5*C(weight)+0.5*C(distance) ******

(0.1);0.5112289335190157
(0.2);0.5325447714667579
(0.3);0.6092873765111089
(0.4);0.6196737176745706
(0.5);0.49800399830492625
(0.6);0.6329574417507884
(0.7);0.5057603742535874
(0.8);0.46873754851642674
(0.9);0.43183497630941503
(0.10);0.41245512362043113
(0.11);0.4289949074781987
(0.12);0.45254317715157455
(0.14);0.3837714661186621
(0.15);0.3634211474575698
(0.16);0.41354426159005087
(0.17);0.32687105852743076
(0.30);0.4514448409144255
(0.31);0.707809836366198
(1.2);0.533307237624564
(1.3);0.47320647187191467
(1.4);0.39105735532684316
(1.6);0.37575558897888955
(1.7);0.617758550323052
(1.8);0.31569070157828505
(1.9);0.32218214841730813
(1.10);0.36740474997538275
(1.11);0.4522687471859635
(1.12);0.4973509003702893
(1.13);0.45959249706653216
(1.14);0.4662885550886756
(1.15);0.4138461227290285
(1.16);0.4097317427157285
(1.17);0.24986505777087903
(1.18);0.24260278740461078
(1.19);0.47180516602130956
(1.20);0.3278536449858459
(1.21);0.4238756921091723
(1.22);0.514149924671932
(1.23);0.4623139457871205
(1.24);0.4006593192323377
(1.25);0.5319916448165924
(1.26);0.4878459215328256
(1.27);0.4738986498675025
(1.28);0.5164860281874613
(1.29);0.44966432198709777
(1.30);0.5314965891423805
(1.31);0.5791884573706291
(2.3);0.5967781196280753
(2.4);0.44841819783608794
(2.5);0.6101890862713941
(2.6);0.4218372961556877
(2.7);0.46712083275972405
(2.8);0.2970751282888522
(2.9);0.2879579645969693
(2.10);0.3114047222678693
(2.11);0.3734245690341105
(2.12);0.6029406431727067
(2.13);0.5569932953100681
(2.14);0.47962384276548076
(2.15);0.45873850866662835
(2.16);0.49573107294270513
(2.17);0.20972353475387112
(2.18);0.18887431300559757
(2.19);0.621345231911742
(2.20);0.3637974770288293
(2.21);0.46060144183745394
(2.22);0.5524214305801882
(2.23);0.48807525175522803
(2.24);0.40079538945896187
(2.25);0.46825006027664917
(2.26);0.5472512869420978
(2.27);0.5989422748411879
(2.28);0.43264823834238014
(2.29);0.4003984089901534
(2.31);0.5254353917431843
(3.4);0.5285051202756033
(3.5);0.4987817531804752
(3.6);0.4884231331807191
(3.7);0.43363020779072203
(3.8);0.3211006356736058
(3.9);0.30117932532134173
(3.10);0.30717000192352084
(3.11);0.3515172685063837
(3.12);0.5028345762046089
(3.13);0.9240520512666623
(3.15);0.41264784932360865
(3.16);0.47476510684318374
(3.17);0.2189774939469778
(3.18);0.18632253086074413
(3.19);0.5858337996386422
(3.20);0.32941520421527737
(3.21);0.5354189725546457
(3.22);0.6434059000337892
(3.23);0.5579317453881549
(3.24);0.44105980323001803
(3.25);0.4700420842774977
(3.26);0.6825867100783103
(3.27);0.9347900215724405
(3.28);0.4207885613126247
(3.29);0.407314746196829
(3.30);0.39060987513762274
(3.31);0.5240041698155116
(4.5);0.40160969872730085
(4.7);0.3693462467933797
(4.8);0.3424691214149813
(4.9);0.3052124679431803
(4.10);0.2848119687533664
(4.11);0.3048698102020585
(4.12);0.4047952936353436
(4.13);0.586835264587748
(4.14);0.33779595878717067
(4.15);0.3412066442632893
(4.16);0.40915128581340515
(4.17);0.2215562431060331
(4.18);0.17234703184620004
(4.19);0.4714351213820397
(4.20);0.2702440297741071
(4.21);0.6637974874041129
(4.23);0.5879359114169116
(4.24);0.4775738972057202
(4.25);0.42906041432518915
(4.26);0.6553103977106216
(4.27);0.6533696738243541
(4.28);0.3770161981429234
(4.29);0.3883755982620342
(4.30);0.33025681692254727
(4.31);0.4546356812194228
(5.6);0.38141481269916705
(5.7);0.526876534776231
(5.8);0.2941139877522354
(5.9);0.29554852912042884
(5.10);0.3350361978995447
(5.11);0.4137215992566445
(5.12);0.5743378245601106
(5.13);0.4797006341817189
(5.14);0.5126703308717658
(5.15);0.45692630778697424
(5.16);0.4528245004334366
(5.17);0.22184224128540786
(5.18);0.21199526034785093
(5.19);0.5269440824478588
(5.20);0.362244554161589
(5.21);0.42232862164431667
(5.22);0.5089579392440887
(5.23);0.4550917160307171
(5.24);0.3847176489012631
(5.25);0.48604051538578463
(5.26);0.4916237620352412
(5.27);0.5013890760791025
(5.28);0.46582557658652035
(5.29);0.4144572918644946
(5.30);0.4804172601947483
(5.31);0.5352196016968604
(6.7);0.359938011129606
(6.8);0.363784836224308
(6.9);0.3207396482332814
(6.10);0.2911521072993117
(6.11);0.3018129040271147
(6.12);0.3776690292307238
(6.13);0.5293296242568466
(6.14);0.3140126901357257
(6.15);0.3147049420977455
(6.16);0.37844900978422014
(6.17);0.23692732266014732
(6.18);0.18250227046597256
(6.19);0.4341484801362117
(6.20);0.24385665685549113
(6.22);0.5648966111678964
(6.23);0.6037705130407476
(6.24);0.5089830098686592
(6.25);0.42973598797108936
(6.26);0.6205840306468884
(6.27);0.5687982218029003
(6.28);0.37647179712378165
(6.29);0.39659164248383094
(6.30);0.32214572478947434
(6.31);0.44611878899633195
(7.8);0.3417972984370681
(7.9);0.3584454322515834
(7.10);0.4187370122089917
(7.11);0.5311993742141581
(7.12);0.43695799053205203
(7.13);0.4248997704485062
(7.14);0.42052862618745285
(7.15);0.36893726596372733
(7.16);0.36289489211398684
(7.17);0.28878886386142255
(7.18);0.28762482750222695
(7.19);0.4162463729914906
(7.20);0.2884356193600732
(7.21);0.4137131912474097
(7.22);0.49485278673514843
(7.23);0.45530077296703453
(7.24);0.41337410376569683
(7.25);0.5968357976524701
(7.26);0.46412922626465003
(7.27);0.43234747774902504
(7.29);0.502628141103082
(7.31);0.5845008002951513
(8.10);0.4221699701946586
(8.11);0.3510982999425275
(8.12);0.25125343637354103
(8.13);0.33194457298382984
(8.14);0.2112172529811393
(8.16);0.21665074693958494
(8.17);0.44583703255029344
(8.18);0.3554629346772307
(8.19);0.26351880664582805
(8.20);0.10688951002599706
(8.21);0.4246502234032201
(8.22);0.40633283798998493
(8.23);0.43246162135642635
(8.24);0.537995681205946
(8.25);0.44493074305465063
(8.26);0.3938119876750103
(8.27);0.3330253386095364
(8.28);0.4229877873451072
(8.29);0.5030569360100484
(8.30);0.33090715671732285
(8.31);0.3907409434809967
(9.10);0.49968167034567457
(9.11);0.39224509383648287
(9.12);0.24549702510933785
(9.13);0.30759178625459116
(9.14);0.21465523950306156
(9.15);0.181036604720956
(9.16);0.20138279093389222
(9.17);0.5213536157457719
(9.18);0.4272951684238675
(9.19);0.24752270752605426
(9.20);0.1028880351591292
(9.21);0.3784462442848763
(9.22);0.381631578153352
(9.23);0.39648855017390283
(9.24);0.46688704156077065
(9.25);0.45360649975199685
(9.26);0.3640094702485575
(9.27);0.30627052846994285
(9.28);0.45509181296724727
(9.29);0.5358033826394961
(9.30);0.36043362067658874
(9.31);0.3874427688607824
(10.11);0.5066697750752491
(10.12);0.2773625208725128
(10.13);0.3071006266393473
(10.14);0.2616481923549249
(10.15);0.2181310970889848
(10.16);0.2207672694078312
(10.17);0.4511584830491095
(10.18);0.4637888451067437
(10.19);0.2654297318328319
(10.20);0.14261971280193828
(10.21);0.3465743988636052
(10.22);0.37811848563784534
(10.23);0.3759680109715946
(10.24);0.406015284640625
(10.25);0.4871710625090096
(10.26);0.3549828337155916
(10.27);0.3051990989174488
(10.28);0.5442564186985641
(10.29);0.5598747805083476
(10.30);0.44747289803935797
(10.31);0.41159959416172015
(11.12);0.34987167529408975
(11.13);0.345676665472784
(11.14);0.34686811470057405
(11.15);0.29533617883033203
(11.16);0.2834465023924853
(11.17);0.3407756219246453
(11.18);0.36385760136497713
(11.19);0.3275043180720958
(11.20);0.22217659411677107
(11.21);0.353892310554537
(11.22);0.40964101592727037
(11.23);0.38984785674751266
(11.24);0.38204008943703444
(11.25);0.5267884593007339
(11.26);0.38390554230884744
(11.27);0.3468416158671054
(11.28);0.6477276915528106
(11.29);0.5162996452605334
(11.30);0.6589027442993286
(11.31);0.4647500892447736
(12.13);0.4831204594720835
(12.14);0.5875645861236374
(12.15);0.5677950012706041
(12.16);0.5709733361219289
(12.17);0.1698405869631499
(12.18);0.15592239827518747
(12.19);0.6864822375244359
(12.20);0.4317359064017248
(12.21);0.40227810685075416
(12.22);0.46731990500443643
(12.23);0.422077468446388
(12.24);0.34705763286899843
(12.25);0.41372126560938505
(12.26);0.46648199222156767
(12.27);0.520269620300568
(12.28);0.39139854127938983
(12.29);0.353491762803404
(12.30);0.4056848736646518
(12.31);0.45659155085476727
(13.14);0.40227175800089887
(13.15);0.3998469274294021
(13.16);0.46678040474708055
(13.17);0.22367511702392862
(13.18);0.18672652923346084
(13.19);0.56597091372899
(13.20);0.31878380886549473
(13.21);0.5792573811429751
(13.22);0.6762884601307859
(13.23);0.5939415422101563
(13.24);0.4601288696700875
(13.25);0.47117371292803445
(13.26);0.7665890276589732
(13.28);0.41804961512895245
(13.29);0.41127717716309997
(13.30);0.38146169596081964
(13.31);0.5206740691196774
(14.15);0.6191346357505334
(14.16);0.4866226334316955
(14.17);0.14532424275884576
(14.18);0.1447439888936345
(14.19);0.5135833254242297
(14.20);0.4740875084881824
(14.21);0.33664726309603
(14.22);0.39701803973604705
(14.23);0.35833148418835886
(14.24);0.2946092844717479
(14.25);0.37513197300866435
(14.26);0.39157274658947316
(14.27);0.42447032669547685
(14.28);0.36820467412993957
(14.29);0.3206098479125013
(14.30);0.40710867114411603
(14.31);0.40683679540943635
(15.16);0.5614283189723419
(15.17);0.1080318286454259
(15.18);0.09985200882725902
(15.19);0.5494542482083069
(15.20);0.5565129773350688
(15.21);0.3280647092193006
(15.22);0.3779792181480711
(15.23);0.3424519331690961
(15.24);0.27481408780757915
(15.25);0.33611309345597734
(15.26);0.37955815331608034
(15.27);0.42841307574606863
(15.28);0.32155160412084727
(15.29);0.28279465351345545
(15.30);0.3491398788648862
(15.31);0.37191080748679356
(16.17);0.12280293020726826
(16.18);0.10000827813759383
(16.20);0.46258617821304127
(16.21);0.386402120662601
(16.22);0.42609184005866996
(16.23);0.3921753838898542
(16.24);0.3174034552954317
(16.26);0.437358534899436
(16.27);0.5161116549912089
(16.28);0.3256717958486883
(16.29);0.2997683569442766
(16.30);0.33131831084307267
(16.31);0.3940363987435811
(17.18);0.5343197947327933
(17.19);0.16622384896299508
(17.20);0.03087555443038265
(17.21);0.2858425208561661
(17.22);0.28893069916354963
(17.23);0.3014958566434057
(17.24);0.36014847822831647
(17.25);0.357097313666891
(17.26);0.27261267634842823
(17.27);0.2196395785105099
(17.28);0.3712293457149849
(17.29);0.4155694994191643
(17.30);0.3007372951559728
(17.31);0.30134408443450345
(18.19);0.1415170948558535
(18.20);0.026394937209734442
(18.21);0.23106494962980295
(18.22);0.24953917028649292
(18.23);0.25341846239953925
(18.24);0.2955486464546845
(18.25);0.33194765380002783
(18.26);0.23014917551500277
(18.27);0.181730856878841
(18.28);0.36453695036846134
(18.29);0.3813573359080214
(18.30);0.316444504715357
(18.31);0.27691471508805066
(19.20);0.43529379507318566
(19.21);0.4512004794853871
(19.22);0.5070851258033332
(19.23);0.4614550451122309
(19.24);0.373395706295829
(19.25);0.41432784770989123
(19.26);0.5210538163027709
(19.27);0.6417026529325813
(19.28);0.3800202689550633
(19.29);0.3538236734528851
(19.30);0.37757427296208856
(19.31);0.46234540653146305
(20.21);0.24936892298400082
(20.22);0.29143797068031885
(20.23);0.26015072255699695
(20.24);0.19491143055285792
(20.25);0.25160388645299514
(20.26);0.29485399110172816
(20.27);0.34298328653525734
(20.28);0.23993407673481582
(20.29);0.2013152193321272
(20.30);0.27358522206806235
(20.31);0.28583821589010144
(21.22);0.7222552512146492
(21.23);0.9379183487592089
(21.24);0.6502052530636689
(21.25);0.5153593801071579
(21.26);0.7934195278203913
(21.27);0.6006251955710531
(21.28);0.44463366498540424
(21.29);0.4748009200772553
(21.30);0.37243231908388824
(21.31);0.5274595838708951
(22.23);0.9726607868294044
(22.24);0.58297184031803
(22.25);0.6132011782095712
(22.27);0.6710869454812687
(22.28);0.5146843767907129
(22.29);0.518691036137641
(22.30);0.4409331830891003
(22.31);0.7015766680615678
(23.24);0.6662877421297353
(23.25);0.5835262345876769
(23.26);0.9393451074061849
(23.27);0.6036731010691465
(23.28);0.4923588738048314
(23.29);0.5199819020519925
(23.30);0.410695166163023
(23.31);0.6042786111350911
(24.25);0.5548902462004942
(24.26);0.567877654240188
(24.27);0.46809666473263684
(24.28);0.48357172484431094
(24.29);0.5612894214460941
(24.30);0.3829757733012416
(24.31);0.5100107828920404
(25.26);0.5569967478006985
(25.27);0.475221016886632
(25.28);0.8175049990928087
(25.29);0.7611436093551334
(25.30);0.5423221655433595
(25.31);0.7555821355480553
(26.28);0.4777160078436572
(26.29);0.48436124280766935
(26.30);0.4144476673839061
(26.31);0.6149741947438918
(27.28);0.4206936706781082
(27.29);0.4130428738475787
(27.30);0.3856724196966284
(27.31);0.5280090815498756
(28.29);0.7305996553592855
(28.30);0.6235365857466182
(28.31);0.6003386530341943
(29.30);0.4923255084758767
(29.31);0.5550854620631664
(30.31);0.5065681369326515
