
****Mix criterion 0.5*C(weight)+0.5*C(distance) ******

(0.1);0.5116362509090188
(0.2);0.5330040846543767
(0.3);0.6099339471055916
(0.4);0.6203936462659903
(0.5);0.4984255289857982
(0.6);0.6337345349777648
(0.7);0.5062517914955568
(0.8);0.46916778929151287
(0.9);0.4315371265951363
(0.10);0.41297443724292165
(0.11);0.4293562418956419
(0.12);0.4529519533287971
(0.14);0.3841057717158969
(0.15);0.3637395500859125
(0.16);0.41396607519713585
(0.17);0.3270202863012955
(0.30);0.45192874410371864
(0.31);0.7081548013687899
(1.2);0.5347435749469543
(1.3);0.47418333897817916
(1.4);0.3916773244189884
(1.6);0.376336082700074
(1.7);0.6202440023907074
(1.8);0.31615115213860184
(1.9);0.32217274778913363
(1.10);0.3681532009637437
(1.11);0.4531758844800156
(1.12);0.4985553838570518
(1.13);0.4606171055250208
(1.14);0.46731250740318514
(1.15);0.4146172596954749
(1.16);0.41053132779880613
(1.17);0.2501419239036553
(1.18);0.24431325564516765
(1.19);0.47220554324871594
(1.20);0.32806279987816406
(1.21);0.42419141376834585
(1.22);0.5146409532528119
(1.23);0.4626991200811741
(1.24);0.40379402690359956
(1.25);0.5325365350800325
(1.26);0.48827558843100477
(1.27);0.47429907258815074
(1.28);0.5169894876056511
(1.29);0.4536380855254952
(1.30);0.5330444493546334
(1.31);0.5802914444043941
(2.3);0.5989045994827751
(2.4);0.4492918721958435
(2.5);0.6124866803109072
(2.6);0.4225911844720602
(2.7);0.46813512869937607
(2.8);0.29750822549053096
(2.9);0.2879557525329236
(2.10);0.31199486239878066
(2.11);0.37402289445653003
(2.12);0.6051672889205472
(2.13);0.5588573112428246
(2.14);0.4807404961697341
(2.15);0.45973630842166013
(2.16);0.4970429969530718
(2.17);0.20997205494532878
(2.18);0.1903399226256196
(2.19);0.6222000602185804
(2.20);0.364046987225836
(2.21);0.46099072970425115
(2.22);0.5530319740259114
(2.23);0.48852754071245946
(2.24);0.4039325761416553
(2.25);0.4686546217125187
(2.26);0.5478465568132089
(2.27);0.5997025268629305
(2.28);0.4329874033413249
(2.29);0.40352987100887183
(2.31);0.5262703706665456
(3.4);0.5299767532078637
(3.5);0.4999669853600201
(3.6);0.48956936473550394
(3.7);0.43446695360674437
(3.8);0.3215835232054203
(3.9);0.3011834919556696
(3.10);0.3077558588091398
(3.11);0.35206387644567594
(3.12);0.5040981933733195
(3.13);0.9311938482891833
(3.15);0.4134294670678292
(3.16);0.4759330312411253
(3.17);0.21923759112051294
(3.18);0.18778136292262526
(3.19);0.5865806535390703
(3.20);0.3296390830794173
(3.21);0.5360037488525853
(3.22);0.6443496243306066
(3.23);0.5585950406156154
(3.24);0.4448607407507726
(3.25);0.4704620476885897
(3.26);0.68368578008398
(3.27);0.9370069304244808
(3.28);0.42111859153502107
(3.29);0.4105483106417082
(3.30);0.39133848817072026
(3.31);0.5248457345132224
(4.5);0.4022915003584842
(4.7);0.3699585517221488
(4.8);0.343014800199425
(4.9);0.3052308030373069
(4.10);0.2853628491739381
(4.11);0.305333050078275
(4.12);0.40553646503278934
(4.13);0.5891146279496435
(4.14);0.33835309419350557
(4.15);0.34177929645574645
(4.16);0.40998604785442955
(4.17);0.2218288349060864
(4.18);0.17376200556614113
(4.19);0.4718875259524522
(4.20);0.27043760956723123
(4.21);0.6649146207286313
(4.23);0.5887561336604964
(4.24);0.482175051678634
(4.25);0.42942755078280437
(4.26);0.6563700418783032
(4.27);0.6544211771966102
(4.28);0.37730575457272214
(4.29);0.3913629482923997
(4.30);0.33082919732186866
(4.31);0.45523397297880785
(5.6);0.3820359549296384
(5.7);0.5283754423871807
(5.8);0.29455443951170573
(5.9);0.2955600166015777
(5.10);0.33570081864059925
(5.11);0.41447512468597125
(5.12);0.5762683124808939
(5.13);0.48088608654544773
(5.14);0.5140495315252465
(5.15);0.45793258653418895
(5.16);0.45386407226647296
(5.17);0.22211002999116028
(5.18);0.21356666051485163
(5.19);0.52752187883708
(5.20);0.362509108977171
(5.21);0.4226723663795857
(5.22);0.5094792468287691
(5.23);0.4554979042981852
(5.24);0.38763841124685927
(5.25);0.4865105398483828
(5.26);0.4921018081304371
(5.27);0.5018910335873542
(5.28);0.4662502485007106
(5.29);0.4178011876445348
(5.30);0.48160008194584814
(5.31);0.5361319858873592
(6.7);0.36053078376661896
(6.8);0.3643937988795047
(6.9);0.32076690403690933
(6.10);0.2917220941756348
(6.11);0.3022769308185118
(6.12);0.3783230735858706
(6.13);0.5309747544669464
(6.14);0.3145241900520714
(6.15);0.3152245907925522
(6.16);0.37917278192368836
(6.17);0.23721856965401228
(6.18);0.1839595514850722
(6.19);0.4345356624028926
(6.20);0.2440402016895945
(6.22);0.5656269984348796
(6.23);0.6046740382332924
(6.24);0.514373246663167
(6.25);0.43011508196132997
(6.26);0.6215240511883448
(6.27);0.5695422508503377
(6.28);0.3767694791212761
(6.29);0.39969182647510704
(6.30);0.3227060948215438
(6.31);0.446700647941531
(7.8);0.34236350694701634
(7.9);0.3584965176305004
(7.10);0.4197772674987875
(7.11);0.5327658987838
(7.12);0.4378696256481908
(7.13);0.42580490961467615
(7.14);0.42138557538168964
(7.15);0.3696090548521705
(7.16);0.36358365436629636
(7.17);0.2891492947320834
(7.18);0.28964114570288835
(7.19);0.416623667192492
(7.20);0.28866182487007674
(7.21);0.41408610993899486
(7.22);0.4953994201252835
(7.23);0.45575905408004347
(7.24);0.4167243496717528
(7.25);0.5977409913084684
(7.26);0.4645992136748304
(7.27);0.432751115079928
(7.29);0.5078230708184097
(7.31);0.5857786651606729
(8.10);0.4232296758881202
(8.11);0.3516892572977679
(8.12);0.2516627852644414
(8.13);0.3325272404168606
(8.14);0.21159140179523256
(8.16);0.21705648939792815
(8.17);0.44657537747930465
(8.18);0.35805630451417336
(8.19);0.2637326611404883
(8.20);0.10702999241487285
(8.21);0.4250516335766247
(8.22);0.40669980770740854
(8.23);0.43288088568886834
(8.24);0.5440985001172849
(8.25);0.4453721517853844
(8.26);0.39415939325431437
(8.27);0.33329690707433246
(8.28);0.4233861348127616
(8.29);0.5081921200019108
(8.30);0.33150692915929864
(8.31);0.3912054223844558
(9.10);0.5001523899523196
(9.11);0.39231308608341514
(9.12);0.245540831806627
(9.13);0.307672883603045
(9.14);0.21470904554488424
(9.15);0.18109043788870305
(9.16);0.2014592746125311
(9.17);0.5212143741692402
(9.18);0.4301188637940846
(9.19);0.24735930013076518
(9.20);0.10277624304774093
(9.21);0.3781829014627217
(9.22);0.3813661312113055
(9.23);0.3962021717506591
(9.24);0.47030601752600976
(9.25);0.4532355382640462
(9.26);0.3637627670147906
(9.27);0.30607255064365985
(9.28);0.4547181812082778
(9.30);0.3605683497810649
(9.31);0.38728609872944747
(10.11);0.5083648343369851
(10.12);0.27792429034456395
(10.13);0.3077557311727507
(10.14);0.26219464830761424
(10.15);0.21861185381260548
(10.16);0.22127250048835684
(10.18);0.46826938087075076
(10.19);0.2657559180835417
(10.20);0.1428513214621999
(10.21);0.34700999864516235
(10.22);0.3786111377665438
(10.23);0.37646137983762595
(10.24);0.4094261684181446
(10.25);0.48799228991874843
(10.26);0.3554310970926904
(10.27);0.30557099271375116
(10.28);0.5453421370766578
(10.30);0.4487420239217167
(10.31);0.4123100382926104
(11.12);0.3504629738614653
(11.13);0.34629013330729685
(11.14);0.3474707611978264
(11.15);0.2958336265048138
(11.16);0.2839483293310558
(11.17);0.3412199274775606
(11.18);0.3665315419037653
(11.19);0.327768370129222
(11.20);0.22236352293726366
(11.21);0.3541846677516468
(11.22);0.41000874179272095
(11.23);0.3901890663116101
(11.24);0.38492551090931837
(11.25);0.5274361342231727
(11.26);0.3842345104764041
(11.27);0.3471246901620867
(11.28);0.6488396447013157
(11.29);0.5217436058695825
(11.30);0.6618569859993595
(11.31);0.46541659884328823
(12.13);0.4843743215804368
(12.14);0.5896883216536083
(12.15);0.5697228584757388
(12.16);0.5730370953789826
(12.17);0.17009730108773624
(12.18);0.15729331984439018
(12.19);0.6877982258764626
(12.20);0.4321597578443316
(12.21);0.4026466325213035
(12.22);0.4678131404232066
(12.23);0.42248280681477096
(12.24);0.34955992564782057
(12.25);0.41410899254212463
(12.26);0.4669732683244141
(12.27);0.5209054202396036
(12.28);0.3917500463700355
(12.29);0.35605859533831435
(12.30);0.40652239989168415
(12.31);0.4572416870065753
(13.14);0.4031017428915176
(13.15);0.4006752107436795
(13.16);0.4680152079336791
(13.17);0.22399398737187817
(13.18);0.18823131334385068
(13.19);0.5668627733567402
(13.20);0.31907628244128894
(13.21);0.5802056874409771
(13.22);0.6776813279016467
(13.23);0.5949701250147728
(13.24);0.4643320140033776
(13.25);0.4717373054456491
(13.26);0.7684674962494829
(13.28);0.4184881629109075
(13.29);0.4146157463196109
(13.30);0.38224803571223975
(13.31);0.5216705043702438
(14.15);0.6216400223378236
(14.16);0.4879513882932791
(14.17);0.14557640245295148
(14.18);0.14608705732552815
(14.19);0.5142442928114972
(14.20);0.47463947075605617
(14.21);0.3369487974989704
(14.22);0.3974006074372616
(14.23);0.35866086996526525
(14.24);0.29668139044704117
(14.25);0.37548295021892203
(14.26);0.39194657893001533
(14.27);0.424901637542194
(14.28);0.368545859721574
(14.29);0.3228819965467949
(14.30);0.40797337020392166
(14.31);0.4073673204117075
(15.16);0.5634225565690854
(15.17);0.10826641048110708
(15.18);0.10106543327878138
(15.19);0.5502539203376453
(15.20);0.5573496475047514
(15.21);0.32836424684035703
(15.22);0.3783413268434802
(15.23);0.34276933311522234
(15.24);0.2767569564881533
(15.25);0.3364217417538854
(15.26);0.37992261177314596
(15.27);0.42886262485302784
(15.28);0.3218440858700413
(15.29);0.2847893149599346
(15.30);0.34981511101023893
(15.31);0.3723715211084677
(16.17);0.12306150973353316
(16.18);0.10123769704670789
(16.20);0.4631739458138207
(16.21);0.3868166772081286
(16.22);0.426581130183213
(16.23);0.3926024622054639
(16.24);0.3196817884498678
(16.26);0.4378732344381465
(16.27);0.5168550321699463
(16.28);0.325998281389766
(16.29);0.30190871113522344
(16.30);0.3319766084408072
(16.31);0.3945839569544721
(17.19);0.1663209767260555
(17.20);0.030947602146480496
(17.21);0.28597989320606976
(17.22);0.28906907054941294
(17.23);0.30164113542356474
(17.24);0.36262290624706245
(17.25);0.357274962505065
(17.26);0.2727438760169067
(17.27);0.21975143001812258
(17.28);0.3714172433827043
(17.29);0.41869159166516157
(17.30);0.3011712636735624
(17.31);0.3015665695088594
(18.19);0.14271743207382825
(18.20);0.02733761353865353
(18.21);0.23257580507006412
(18.22);0.25112856222456165
(18.23);0.25503369923229047
(18.25);0.3340226376764624
(18.26);0.23165285347970394
(18.27);0.1830526142147804
(18.28);0.3668709814329707
(18.29);0.38635527985221807
(18.30);0.3186967215063377
(18.31);0.2786831936071676
(19.20);0.43529379507318566
(19.21);0.45120047948538716
(19.22);0.5070851258033332
(19.23);0.4614550451122309
(19.24);0.37580871259885723
(19.25);0.41432784770989123
(19.26);0.5210538163027709
(19.27);0.6417026529325813
(19.28);0.3800202689550633
(19.29);0.35606728925990894
(19.30);0.3779700734074736
(19.31);0.46250281404436766
(20.21);0.24936892298400082
(20.22);0.29143797068031885
(20.23);0.26015072255699695
(20.24);0.19628356309714812
(20.25);0.25160388645299514
(20.26);0.29485399110172816
(20.27);0.34298328653525734
(20.28);0.23993407673481582
(20.29);0.2027107101828849
(20.30);0.2738575981750291
(20.31);0.28591628640440514
(21.22);0.7222552512146492
(21.23);0.9379183487592089
(21.24);0.6576898279377554
(21.25);0.5153593801071579
(21.26);0.7934195278203913
(21.27);0.6006251955710531
(21.28);0.4446336649854042
(21.29);0.478450510623182
(21.30);0.3728200115915454
(21.31);0.5276723649514681
(22.23);0.9726607868294044
(22.24);0.5886802145064497
(22.25);0.6132011782095712
(22.27);0.6710869454812687
(22.28);0.5146843767907129
(22.29);0.5230576854420654
(22.30);0.44144857217248024
(22.31);0.7020017557088555
(23.24);0.6743218885105032
(23.25);0.5835262345876769
(23.26);0.9393451074061849
(23.27);0.6036731010691465
(23.28);0.49235887380483134
(23.29);0.5244571000095863
(23.30);0.4111523441536802
(23.31);0.6045817136459952
(24.25);0.5600343551430459
(24.26);0.573245923694619
(24.27);0.47161548345250515
(24.28);0.4873615123209927
(24.29);0.5719710559203349
(24.30);0.38588357866207806
(25.26);0.5569967478006985
(25.27);0.475221016886632
(25.28);0.8175049990928087
(25.29);0.7718567996352561
(25.30);0.5431509108112393
(25.31);0.756095613555841
(26.28);0.4777160078436572
(26.29);0.488132142138811
(26.30);0.4149066915089848
(26.31);0.6152821987131247
(27.28);0.4206936706781082
(27.29);0.41584488397793
(27.30);0.3860793429189398
(27.31);0.5282200192142275
(28.29);0.7403866566218822
(28.30);0.6247146879055784
(28.31);0.6006327504290004
(29.30);0.497070296921577
(29.31);0.5607820341190244
(30.31);0.5075066559714853
