
****Importance edges******

(0.1);4.139803063175485
(0.2);4.553182212793361
(0.3);6.155904711390282
(0.4);6.563430820623727
(0.5);3.9292342908102325
(0.6);6.853412874557114
(0.7);4.130622459313621
(0.8);3.5261519783952617
(0.9);3.0160786382909057
(0.10);2.8273121085726873
(0.11);3.0361004565842817
(0.12);3.3972669663831487
(0.14);2.622072843713786
(0.15);2.4309229795218448
(0.16);2.951189640447024
(0.17);2.1584907102369115
(0.30);3.4644479947324447
(0.31);9.021350839295767
(1.2);3.3290471378521937
(1.3);2.189884247390169
(1.4);1.4114708621459342
(1.6);1.2977444432584926
(1.8);1.0294549534637356
(1.9);1.0412279160297249
(1.10);1.3139958236560965
(1.11);2.105372973246938
(1.12);2.863200146015918
(1.13);2.195779182215639
(1.14);2.4071563118839645
(1.15);1.7853963063381282
(1.16);1.7734963643205612
(1.17);0.907143021321528
(1.18);1.1175690778958474
(1.19);2.947186618387998
(1.20);1.4692541143771425
(1.21);2.2691145656078273
(1.22);3.6144734609157148
(1.23);2.768275712292219
(1.24);2.09769638796709
(1.25);3.916166019988588
(1.26);3.162788605338714
(1.27);2.947521495260085
(1.28);3.618399516833017
(1.29);2.659179194778394
(1.30);3.600599882173467
(1.31);4.7104931762035855
(2.3);4.772233851112231
(2.4);1.9906782899198927
(2.5);5.233741764727242
(2.6);1.6872082185978372
(2.7);2.272452325406066
(2.9);0.9216608280318984
(2.10);1.0402509903625619
(2.11);1.3892991594882271
(2.13);4.00094940728739
(2.14);2.6257679101151217
(2.15);2.3112579950941616
(2.16);2.912811296395754
(2.17);0.8102634220598939
(2.18);0.9653031262743809
(2.19);6.155509401688694
(2.20);1.715485929967815
(2.21);2.7376793091337643
(2.22);4.39644533320095
(2.23);3.180736482103952
(2.24);2.11572475145795
(2.25);2.8450911695901935
(2.26);4.286462274183035
(2.27);5.474477658322466
(2.28);2.3851886462137855
(2.29);2.1118640270284943
(2.30);1.9904912910444819
(2.31);3.530700440661208
(3.4);3.249361928365445
(3.5);2.6150210340298012
(3.6);2.4865344680909502
(3.7);1.8191308192509972
(3.8);1.0492796073621022
(3.9);0.9534886387050439
(3.10);1.006129983890488
(3.11);1.2327661749954686
(3.12);2.9203125489152577
(3.13);14.903749896381177
(3.14);1.8165263855069957
(3.15);1.7622169643328747
(3.16);2.526314661600007
(3.17);0.8214234766540752
(3.18);0.9476600853466781
(3.19);5.150448378721361
(3.20);1.47339901317565
(3.21);3.9374640653679673
(3.22);6.508104559295573
(3.23);4.466154206415886
(3.24);2.528835407610866
(3.25);2.8277323239162664
(3.26);7.5793984948834785
(3.27);15.288230531057494
(3.28);2.222186750299792
(3.29);2.1513514011613513
(3.30);1.652930450857544
(3.31);3.4347623521073465
(4.5);1.5277497748253899
(4.7);1.3515340193923002
(4.8);1.2035522791424769
(4.9);1.014919417657417
(4.10);0.966111338761465
(4.11);1.058803604097827
(4.12);1.7337846815816642
(4.13);4.831897112983398
(4.14);1.2902832529067336
(4.15);1.3072562185251324
(4.17);0.8619195186678484
(4.18);0.9435614840222578
(4.19);3.0136710019405606
(4.20);1.2324861086635002
(4.21);7.271478385839852
(4.22);5.102137351325026
(4.23);5.338868857379493
(4.24);3.1400733282758413
(4.25);2.389710124665442
(4.26);7.058767990794652
(4.27);7.004538478736491
(4.28);1.8847377251684498
(4.29);2.038727064652172
(4.30);1.3135682777903879
(4.31);2.4190346797135716
(5.6);1.3678815931952548
(5.7);3.306219554843193
(5.8);0.970788171454574
(5.9);0.9612362708320729
(5.10);1.1615417027812367
(5.11);1.7219721910644992
(5.12);4.516494312806704
(5.13);2.5099629463060165
(5.14);3.194114839548628
(5.15);2.2967068047375174
(5.16);2.2774294890462636
(5.17);0.850714569228704
(5.18);1.0400943535551848
(5.19);3.9244844565382295
(5.20);1.7166050163445947
(5.21);2.28080610912285
(5.22);3.5408035621530964
(5.23);2.695129806628924
(5.24);1.9789628539567692
(5.25);3.1186940649200943
(5.26);3.2469646835866675
(5.27);3.4093747827526624
(5.28);2.8177720176574326
(5.29);2.2656569597933287
(5.30);2.714173345626446
(5.31);3.722735230173108
(6.7);1.2872996401403272
(6.8);1.321829114872844
(6.9);1.0778666596746203
(6.10);0.987047970817519
(6.11);1.0437162966289342
(6.12);1.5060335173800343
(6.13);3.4355426627383845
(6.14);1.1667797243767295
(6.15);1.1686806035699946
(6.16);1.5643845913486651
(6.17);0.9026345238123498
(6.18);0.9681168619350813
(6.19);2.4948072136169035
(6.20);1.1303424800621138
(6.21);10.025011685042516
(6.22);4.706247106883453
(6.23);5.688623761742226
(6.24);3.664771562184804
(6.25);2.3867879928641953
(6.26);6.057018178743919
(6.27);4.794147858577986
(6.28);1.8742154600255125
(6.29);2.107786088422991
(6.30);1.2679747683605023
(6.31);2.2964419998058045
(7.8);1.2314410243779428
(7.9);1.3087474842121418
(7.10);1.8162246783433065
(7.11);3.526367182303148
(7.12);2.0993024068048616
(7.13);1.8960196708489765
(7.14);1.9554467441647503
(7.15);1.5119858793499896
(7.16);1.4915020101476644
(7.17);1.105887555395541
(7.18);1.3630488612667915
(7.19);2.3319367079067823
(7.20);1.3377124005140018
(7.21);2.2533952937142727
(7.22);3.3785689386169433
(7.23);2.7692055307356642
(7.24);2.316554044610234
(7.25);5.469715437582381
(7.26);2.9048442598503925
(7.27);2.4947553026678766
(7.28);6.236661903764338
(7.29);3.5920752628202726
(7.31);4.945193827467634
(8.10);1.8553313012064485
(8.11);1.3289197228896006
(8.12);0.9413604164531955
(8.13);1.220692004932138
(8.14);0.8527540154852902
(8.15);0.7912634883071505
(8.16);0.8783089013355735
(8.17);2.250754760895083
(8.18);1.7674575350876371
(8.19);1.292767713183643
(8.20);0.8129714232353412
(8.21);2.3729724344627665
(8.22);2.218361616177599
(8.23);2.4785189054875625
(8.24);4.25317069399762
(8.25);2.6094275127072986
(8.26);2.1000948192257014
(8.27);1.6416533295918834
(8.28);2.3548669732623333
(8.29);3.578807495319128
(8.30);1.356525045117125
(8.31);1.7772334177873785
(9.10);2.860075774713081
(9.11);1.5910731916509084
(9.12);0.9111423654255144
(9.13);1.091637713616823
(9.14);0.8498827951061101
(9.15);0.7718549305153046
(9.16);0.8286142637147397
(9.17);3.3836583118737056
(9.18);2.400421066954674
(9.19);1.216732803377231
(9.20);0.7964503821305837
(9.21);1.9170443502915093
(9.22);1.976520104079621
(9.23);2.0847355315521576
(9.24);2.9728874683539996
(9.25);2.700470887465752
(9.26);1.8369542987477334
(9.27);1.4741445156366697
(9.28);2.7199095337465353
(9.30);1.517615850626217
(9.31);1.7322254517895175
(10.11);3.0659034699133567
(10.12);1.041982614800516
(10.13);1.118849722483204
(10.14);1.011888029155338
(10.15);0.8807452790150597
(10.16);0.8997239977753942
(10.17);2.3429081188643734
(10.18);2.9100261029221914
(10.19);1.3130743246284713
(10.20);0.8929164075801995
(10.21);1.7151622407952098
(10.22);1.9831886223284083
(10.23);1.9426264328599498
(10.24);2.2648527033496966
(10.25);3.2335604927414567
(10.26);1.8045001279452713
(10.27);1.4970716710183705
(10.28);4.274986455656125
(10.29);4.773085520731573
(10.30);2.360783712550227
(10.31);1.9860896097172025
(11.12);1.4039156142608646
(11.13);1.328174297237775
(11.14);1.416781290413127
(11.15);1.153632886517732
(11.16);1.1197630381897916
(11.17);1.3982068237805927
(11.18);1.8641299929430517
(11.19);1.6454972905012706
(11.20);1.1161941044972714
(11.21);1.7824957449820766
(11.22);2.2915629661498427
(11.23);2.0803476095801026
(11.24);2.0560165771071848
(11.25);3.9488605199110687
(11.26);2.050036020423466
(11.27);1.7640384645047578
(11.28);6.779555199681049
(11.29);3.8791120690120895
(11.30);6.879600853294991
(11.31);2.632369392771476
(12.13);2.7762085611063854
(12.14);5.092432526445465
(12.16);4.699234193774754
(12.17);0.8195815927168361
(12.18);0.9797793949556802
(12.19);8.169535770775507
(12.20);2.524272286707778
(12.21);2.239671679824262
(12.22);3.0619605339593954
(12.23);2.4633965472751465
(12.24);1.826764381603292
(12.25);2.356365106038743
(12.26);3.049797279246308
(12.27);3.9469880846658465
(12.28);2.136231095271484
(12.29);1.873880741693991
(12.30);1.9874003686025683
(12.31);2.5908219254430813
(13.14);1.8241799602420692
(13.15);1.7974051373530031
(13.16);2.5862565370120536
(13.17);0.9204677475983394
(13.18);1.029650745694836
(13.19);4.865559351165836
(13.20);1.528709492659129
(13.21);5.061331178866036
(13.22);7.598820034656342
(13.23);5.489785557703115
(13.24);2.939748614053976
(13.25);3.008024292982804
(13.26);10.248025734141365
(13.28);2.340631467816076
(13.29);2.3350504461724575
(13.30);1.7192123253583567
(13.31);3.5553467726808705
(14.15);5.873263645194879
(14.16);3.0022518101795006
(14.17);0.7883187044776113
(14.18);0.9723294175899783
(14.19);3.893298895406458
(14.20);3.1218652643619516
(14.21);1.7395764207898048
(14.22);2.2534400898566984
(14.23);1.9002532555570018
(14.24);1.5316457107615569
(14.25);2.024815985323985
(14.26);2.201986159282046
(14.27);2.540552038493681
(14.28);1.9683273435231288
(14.29);1.6795119320265073
(14.31);2.0498084529129583
(15.16);4.451533237004578
(15.17);0.7210211344260206
(15.18);0.876042340740538
(15.19);4.585846136139534
(15.20);4.607247671128871
(15.21);1.682419394734931
(15.22);2.076569509903979
(15.23);1.7827470999045163
(15.24);1.4321233692581377
(15.25);1.733591529241351
(15.26);2.090044589274801
(15.27);2.578010361395559
(15.28);1.6427885275799894
(15.29);1.4703007464286895
(15.30);1.569084002792646
(15.31);1.744488375623115
(16.17);0.7554722002735519
(16.18);0.8853363199611777
(16.20);2.974570658951863
(16.21);2.139490262257769
(16.22);2.577670163013331
(16.23);2.2041140281732785
(16.24);1.6747885354115788
(16.25);1.8719431319298399
(16.26);2.7115316195889005
(16.27);3.9162473906177406
(16.28);1.6849634710618708
(16.29);1.5733610572879813
(16.30);1.4777903807642263
(16.31);1.9487796798888462
(17.19);1.0591072843807088
(17.20);0.7548477551722997
(17.21);1.4675894016923945
(17.22);1.5088388541028492
(17.23);1.5520561321240613
(17.25);1.897875025870308
(17.26);1.4306365164347807
(17.27);1.2196589600015513
(17.28);2.007366299996181
(17.29);2.4843986707425354
(17.30);1.3184642745760102
(17.31);1.3341298625569653
(18.19);1.190164281326089
(18.20);0.9029842483962465
(18.21);1.4717692476054958
(18.22);1.5759217371504195
(18.23);1.5734502684334233
(18.24);1.8255420779739258
(18.25);2.0213035458148747
(18.26);1.4909341953288395
(18.27);1.310555355827451
(18.28);2.2736491209952603
(18.29);2.4777930207351253
(18.30);1.6780538795590865
(18.31);1.479029748218807
(19.20);3.0113887173746576
(19.21);3.2507777280654953
(19.22);4.157102129947292
(19.23);3.418002747545296
(19.24);2.4345305815477003
(19.25);2.7937127352872144
(19.26);4.410344418731976
(19.27);7.131207957682369
(19.29);2.2636291039060388
(19.30);2.151326409132435
(19.31);3.1316255657083056
(20.21);1.5253775706973567
(20.22);1.761650251061516
(20.23);1.5786744555151466
(20.24);1.3382263785463382
(20.25);1.535422052537134
(20.26);1.7810322839982673
(20.27);2.0958397282820442
(20.28);1.4842058941883698
(20.29);1.3610074881432679
(20.30);1.424118845958298
(20.31);1.494600860140742
(21.22);9.185684513863107
(21.23);15.96099970460958
(21.24);7.421142611139005
(21.26);11.26336349054081
(21.27);6.002543571584534
(21.28);3.107341536016316
(21.29);3.6186600266848945
(21.30);2.065770879410963
(21.31);4.150653867299001
(22.24);5.759293506687048
(22.25);6.301328185144205
(22.27);7.803309822318899
(22.28);4.2191052824056205
(22.29);4.405600290879612
(22.30);2.8013362768591037
(22.31);8.457127104979588
(23.24);7.966056463256752
(23.25);5.640624261083401
(23.26);16.01897666941594
(23.27);6.144975467182308
(23.28);3.834217279545802
(23.29);4.437270361389283
(23.30);2.4360155565412045
(23.31);5.9125257080374904
(24.25);5.100512281877669
(24.26);5.416155001501391
(24.27);3.550206965349053
(24.28);3.7576687792566767
(24.30);2.2100206376321068
(24.31);3.943700746222251
(25.26);5.037129731448492
(25.27);3.569664472414465
(25.28);11.96816001537415
(25.29);10.62239528985443
(25.30);4.415865168974823
(25.31);10.016254608013766
(26.28);3.6074522397085866
(26.29);3.8045361630764054
(26.30);2.494971226599545
(26.31);6.12774502684778
(27.28);2.849208644676392
(27.29);2.827004365295685
(27.30);2.2117829448025397
(27.31);4.196608981781266
(28.29);9.704055784997758
(28.30);6.2773695258087585
(28.31);5.736865729917989
(29.30);3.6061837313552565
(29.31);4.859052374213278
(30.31);3.4663330415718505

****Importance nodes******

0; 0.061111111111111116
1; 0.01803955985882265
2; 0.01866161364705791
3; 0.018059626110056043
4; 0.01992786329385494
5; 0.019326544631894187
6; 0.01990781933845625
7; 0.021345886307833656
8; 0.022060501222302565
9; 0.021349325338210965
10; 0.022639547601753088
11; 0.02336985558890641
12; 0.02514392293786025
13; 0.02319249918572552
14; 0.026539060032286364
15; 0.026585564602100566
16; 0.027244236138738227
17; 0.027562893550801486
18; 0.03793103448275863
19; 0.03928571428571429
20; 0.03666666666666667
21; 0.03793103448275863
22; 0.03928571428571429
23; 0.03793103448275863
24; 0.03928571428571429
25; 0.03793103448275863
26; 0.03928571428571429
27; 0.03928571428571429
28; 0.03793103448275863
29; 0.03928571428571429
30; 0.02952477961904819
31; 0.030117043061663407
