
****Importance edges******

(0.1);4.150201753102795
(0.2);4.564481522044232
(0.3);6.171361554507267
(0.4);6.5793240669145865
(0.5);3.938860168120802
(0.6);6.870014732343701
(0.7);4.140355542842514
(0.8);3.53434791138324
(0.9);3.0229360622905026
(0.10);2.8338041274538295
(0.11);3.0429754777626443
(0.12);3.404705116504434
(0.14);2.6276476849973793
(0.15);2.436086365854073
(0.16);2.95715165788362
(0.17);2.1803086798391087
(0.30);3.4723391897680496
(0.31);9.04160873071931
(1.2);3.324494427243408
(1.3);2.186889423696703
(1.4);1.4095405745585288
(1.6);1.295969684701566
(1.8);1.0280471000168405
(1.9);1.0396240280709574
(1.10);1.3121917476225844
(1.11);2.1024822009185637
(1.12);2.859267931908037
(1.13);2.1918361570804508
(1.14);2.403819072266735
(1.15);1.7829203141846937
(1.16);1.7707681345991502
(1.17);0.9200364267622887
(1.18);1.0945081887327206
(1.19);2.953304608395925
(1.20);1.472192880408621
(1.21);2.2737381234364027
(1.22);3.621976654768398
(1.23);2.7739163630708172
(1.24);2.052298032109183
(1.25);3.924145617111693
(1.26);3.1693541580471583
(1.27);2.9536401804304235
(1.28);3.625772383618386
(1.29);2.6646993174748794
(1.30);3.597442405943293
(1.31);4.706257693647183
(2.3);4.765707479216044
(2.4);1.9879558946536473
(2.5);5.226584247675292
(2.6);1.684900840408835
(2.7);2.269344583946895
(2.9);0.920243595187158
(2.10);1.0388228421727392
(2.11);1.3873917014404908
(2.13);3.993790244881441
(2.14);2.6221282709326923
(2.15);2.308053347668681
(2.16);2.9083371598673002
(2.17);0.8216099671651758
(2.18);0.9455886584069906
(2.19);6.168059930747557
(2.20);1.7188522486105677
(2.21);2.743155148119026
(2.22);4.405409289115777
(2.23);3.1870985131761964
(2.24);2.0703966968071663
(2.25);2.850781851143394
(2.26);4.295201984549994
(2.27);5.485639625017541
(2.28);2.3899594420234216
(2.29);2.1161699275007306
(2.30);1.9887331608507395
(2.31);3.52750468888266
(3.4);3.2449181929929862
(3.5);2.6114448053040324
(3.6);2.483133953954856
(3.7);1.8166430274485306
(3.8);1.047844642279841
(3.9);0.9520199865825407
(3.10);1.0047486009062176
(3.11);1.2310735345414634
(3.12);2.916301906582715
(3.13);14.876989899170725
(3.14);1.8140080003148267
(3.15);1.7597731325818282
(3.16);2.5224285369886896
(3.17);0.8330929038858326
(3.18);0.9281117893375198
(3.19);5.1611338580540975
(3.20);1.476344250324144
(3.21);3.945482254333396
(3.22);6.521606726806066
(3.23);4.475249011544587
(3.24);2.4741242795231684
(3.25);2.83349067287905
(3.26);7.595123243491049
(3.27);15.319948560122432
(3.28);2.2267119759233327
(3.29);2.1558147447858675
(3.30);1.651480603563306
(3.31);3.431673284339902
(4.5);1.5256604674892658
(4.7);1.3496856997340236
(4.8);1.2019063351222863
(4.9);1.0133640782636184
(4.10);0.9647851288030682
(4.11);1.057350071604622
(4.12);1.731403985957493
(4.13);4.823310929863621
(4.14);1.288495412991777
(4.15);1.305444332859468
(4.17);0.8736361815374365
(4.18);0.924684543308512
(4.19);3.019596072526855
(4.20);1.234812807004749
(4.21);7.28548668441979
(4.22);5.11216848077748
(4.23);5.349154038062825
(4.24);3.0741460462080457
(4.25);2.3943138340034227
(4.26);7.0726459816472715
(4.27);7.01830985088833
(4.28);1.8883686193825406
(4.29);2.042735332892625
(4.30);1.3123917602908253
(4.31);2.416816828219877
(5.6);1.366010917057902
(5.7);3.301698062590601
(5.8);0.9694605490376931
(5.9);0.9597608562510841
(5.10);1.1599471338606768
(5.11);1.7196081294570413
(5.12);4.510292282121239
(5.13);2.505488260431979
(5.14);3.189688260282135
(5.15);2.2935229639654238
(5.16);2.27393678911181
(5.17);0.8624421386359947
(5.18);1.0190825818705698
(5.19);3.932334464752077
(5.20);1.7199056511709272
(5.21);2.2852789201913897
(5.22);3.547886106969961
(5.23);2.700415133769194
(5.24);1.9370151205299058
(5.25);3.1248100294806798
(5.26);3.2534594728305803
(5.27);3.416194435205128
(5.28);2.82329785425476
(5.29);2.2701888737150435
(5.30);2.7117581208063086
(5.31);3.7193425097370283
(6.7);1.2855391656004158
(6.8);1.3200214188009385
(6.9);1.0762147688053822
(6.10);0.9856930181189276
(6.11);1.0422834735593294
(6.12);1.5039655478742677
(6.13);3.429437119025738
(6.14);1.1651630041077683
(6.15);1.167060777436932
(6.16);1.5619886299154335
(6.17);0.91491035579504
(6.18);0.9487424118422413
(6.19);2.4997149809035792
(6.20);1.132477654435156
(6.21);10.044336032075964
(6.22);4.715505203247816
(6.23);5.699589229231771
(6.24);3.587803642323776
(6.25);2.3913887974236747
(6.26);6.068933502505286
(6.27);4.803578872685767
(6.28);1.877828222893313
(6.29);2.1119325104613798
(6.30);1.2668393300098517
(6.31);2.294336960102199
(7.8);1.229756940499396
(7.9);1.3067490283220637
(7.10);1.8137317943802747
(7.11);3.521526747837301
(7.12);2.096420166545217
(7.13);1.8926751966502178
(7.14);1.9527382866483025
(7.15);1.5098910592008743
(7.16);1.4892249125220682
(7.17);1.120440936632531
(7.18);1.3363873764678882
(7.19);2.336339634537055
(7.20);1.3401313008546023
(7.21);2.2575588285031425
(7.22);3.3849480101850564
(7.23);2.7743221135193905
(7.24);2.2689803370196313
(7.25);5.479821676187351
(7.26);2.910328892475765
(7.27);2.499465646872711
(7.28);6.248185207676071
(7.29);3.598857455398223
(7.31);4.940598491062863
(8.10);1.852784888981004
(8.11);1.3270956997941772
(8.12);0.9400680509819525
(8.13);1.2185464122487735
(8.14);0.8515730993367038
(8.15);0.7901674198488309
(8.16);0.8769700003688865
(8.17);2.2799036187015362
(8.18);1.733268766846704
(8.19);1.2951595580839488
(8.20);0.8144100509626825
(8.21);2.3772660243003414
(8.22);2.2224659706293517
(8.23);2.4830034681526354
(8.24);4.166775543816306
(8.25);2.614148937738511
(8.26);2.1039803595530917
(8.27);1.6446906735048001
(8.28);2.359127803585687
(8.29);3.585428911037946
(8.30);1.35528358754235
(8.31);1.7755712492496172
(9.10);2.855707575716603
(9.11);1.5886470410214546
(9.12);0.9097580171004367
(9.13);1.0895453367764047
(9.14);0.8485848363851946
(9.15);0.7706759412752987
(9.16);0.8272331469980685
(9.17);3.427712615817968
(9.18);2.353195301020547
(9.19);1.2188933021639405
(9.20);0.797796958594066
(9.21);1.920365939705053
(9.22);1.9800297236731077
(9.23);2.0883476730608237
(9.24);2.911504528690586
(9.25);2.7051498900720428
(9.26);1.8402160974948938
(9.27);1.476762089050181
(9.28);2.7246222169516554
(9.30);1.5160335127242714
(9.31);1.7303866267281933
(10.11);3.061680891959158
(10.12);1.0405473869406332
(10.13);1.1168832908048432
(10.14);1.0104824277297588
(10.15);0.8795215133391018
(10.16);0.8983501291365453
(10.17);2.37285324832857
(10.18);2.8542256202649776
(10.19);1.315459576282689
(10.20);0.8944658491680091
(10.21);1.7182072982568966
(10.22);1.986791163215325
(10.23);1.9460753247338214
(10.24);2.219239685939932
(10.25);3.23930127764917
(10.26);1.8077780740862373
(10.27);1.499791161159029
(10.28);4.282576162971142
(10.29);4.781756020124111
(10.30);2.3586013901793934
(10.31);1.9842144169899445
(11.12);1.4019818622983724
(11.13);1.325847889498141
(11.14);1.4148135016499366
(11.15);1.1520301584548396
(11.16);1.1180555913628623
(11.17);1.4157937016392124
(11.18);1.8287800943737609
(11.19);1.648425145111284
(11.20);1.1180887294187485
(11.21);1.7855933958842183
(11.22);2.2956403737720295
(11.23);2.083962872431487
(11.24);2.015059048767391
(11.25);3.9557229157324163
(11.26);2.053683676027482
(11.27);1.7671772409587545
(11.28);6.791336824035289
(11.29);3.8860142232845867
(11.30);6.8731982941474214
(11.31);2.6298684396014185
(12.13);2.771383582616184
(12.14);5.085360991164715
(12.16);4.692091588348015
(12.17);0.8295053484985903
(12.18);0.9616841567994877
(12.19);8.183361073526527
(12.20);2.528333962678432
(12.21);2.2433673660666584
(12.22);3.0671422887838373
(12.23);2.4674614023212422
(12.24);1.7913063052975808
(12.25);2.3602533483123307
(12.26);3.0549584501987206
(12.27);3.9536675713290155
(12.28);2.139756094020405
(12.29);1.87705190946902
(12.30);1.9855217470196098
(12.31);2.5883246214282996
(13.14);1.821006952829337
(13.15);1.7942786186133206
(13.16);2.581417891698035
(13.17);0.931774351269152
(13.18);1.0097791196832269
(13.19);4.872903008421952
(13.20);1.5308731400320237
(13.21);5.068729394887371
(13.22);7.6102890407577775
(13.23);5.4978100512664465
(13.24);2.8802116050305453
(13.25);3.012421162646231
(13.26);10.263493223716917
(13.28);2.3440528003891243
(13.29);2.3385747706981306
(13.30);1.7170465192856224
(13.31);3.550811597059588
(14.15);5.865043950316793
(14.16);2.997667553136148
(14.17);0.7975813998390752
(14.18);0.9547227248536824
(14.19);3.899600226067836
(14.20);3.126654315680826
(14.21);1.7423174217437873
(14.22);2.2570872979219576
(14.23);1.9032474304170663
(14.24);1.5024880067268163
(14.25);2.0280064301248477
(14.26);2.2055500888117785
(14.27);2.5446639391946198
(14.28);1.9714287807821473
(14.29);1.682230233476703
(14.31);2.0477909681653
(15.16);4.4447350055947155
(15.17);0.7294847035082326
(15.18);0.8601894942821644
(15.19);4.5932573259835
(15.20);4.614304093843607
(15.21);1.6850662541647514
(15.22);2.0799254556564564
(15.23);1.7855517994860441
(15.24);1.4048776951050377
(15.25);1.7363188950224335
(15.26);2.0934223121145186
(15.27);2.5821766861349453
(15.28);1.6453730379101923
(15.29);1.4726769007164742
(15.30);1.5675667719410586
(15.31);1.7427702443805904
(16.17);0.7641264143292953
(16.18);0.8693715808486626
(16.20);2.9787176495331367
(16.21);2.1425669500571853
(16.22);2.5814934425051455
(16.23);2.2072836479928357
(16.24);1.643045952557664
(16.25);1.8746350743503355
(16.26);2.7155534465011772
(16.27);3.9220560889330898
(16.28);1.6873865279204734
(16.29);1.5756947146929754
(16.30);1.4761756007514377
(16.31);1.9466182248153905
(17.18);4.207321581081051
(17.19);1.072043359755705
(17.20);0.7643309506873975
(17.21);1.4857744869055367
(17.22);1.527268009895891
(17.23);1.5712878552379708
(17.24);1.9530231130581814
(17.25);1.9213918344746401
(17.26);1.4481104986118025
(17.27);1.234556034614342
(17.28);2.032239828775637
(17.29);2.5147434421743156
(17.30);1.3336099554529084
(17.31);1.349261362221575
(18.19);1.1749574521380703
(18.20);0.890925733457503
(18.21);1.4525324123889303
(18.22);1.5557860524835685
(18.23);1.5528844062341962
(18.24);1.7700727941338272
(18.25);1.9948839944505818
(18.26);1.4718844036364862
(18.27);1.2938102797482853
(18.28);2.243931273885712
(18.29);2.446134050775448
(18.30);1.6495128645260657
(18.31);1.4540582080200462
(19.20);3.0224015665860016
(19.21);3.26266603884126
(19.22);4.172304929456078
(19.23);3.430502611360782
(19.24);2.4013056527690226
(19.25);2.8039295289266457
(19.26);4.426473342166321
(19.27);7.157287260390643
(19.29);2.2719073463819752
(19.30);2.1552854416440033
(19.31);3.13726770147621
(20.21);1.5309559781209925
(20.22);1.7680927234219026
(20.23);1.5844477731981408
(20.24);1.3191645881955774
(20.25);1.5410371933001985
(20.26);1.787545637744677
(20.27);2.103504353830232
(20.28);1.489633734047428
(20.29);1.3659847832217653
(20.30);1.4266372417206383
(20.31);1.4971848763227251
(21.22);9.219277174242848
(21.23);16.01937014413305
(21.24);7.317610606227192
(21.26);11.30455436138993
(21.27);6.02449527342129
(21.28);3.118705291079504
(21.29);3.631893707541526
(21.30);2.069497095168072
(21.31);4.157978637459268
(22.24);5.680694322916051
(22.25);6.324372562223058
(22.27);7.831847046333444
(22.28);4.234534831574691
(22.29);4.421711864722264
(22.30);2.8064915063718545
(22.31);8.472364002984005
(23.24);7.854922391308889
(23.25);5.661252399884198
(23.26);16.077559134563153
(23.27);6.167448051952594
(23.28);3.8482392676403774
(23.29);4.453497754790208
(23.30);2.440409615747777
(23.31);5.922959700671578
(24.25);5.02935527947382
(24.26);5.342238754343484
(24.27);3.5017559931298825
(24.28);3.705245722202494
(24.30);2.1704196479614137
(24.31);3.87354694202542
(25.26);5.05555085053895
(25.27);3.58271897326418
(25.28);12.01192837408058
(25.29);10.661242097281018
(25.30);4.423830460061989
(25.31);10.03393056106021
(26.28);3.620644932941385
(26.29);3.8184496053501724
(26.30);2.4995626601261374
(26.31);6.138785161968391
(27.28);2.859628390554577
(27.29);2.8373429086445334
(27.30);2.215853233973831
(27.31);4.204169859396807
(28.29);9.739544163659087
(28.30);6.288692578850794
(28.31);5.746989730679178
(29.30);3.6128201016310624
(29.31);4.86780675197123
(30.31);3.4642599141789185

****Importance nodes******

0; 0.061111111111111116
1; 0.017949247871958937
2; 0.018568187453750624
3; 0.017969213664919957
4; 0.019828097837153055
5; 0.019229789574754422
6; 0.019808154228406434
7; 0.021239021760199775
8; 0.021950059076696605
9; 0.021235661599732343
10; 0.022525987785625198
11; 0.02325263255290343
12; 0.025017794973764107
13; 0.023058800388615467
14; 0.026405361235176304
15; 0.026451613443890045
16; 0.02710013791763752
17; 0.02813283708554816
18; 0.03666666666666667
19; 0.03928571428571429
20; 0.03666666666666667
21; 0.03793103448275863
22; 0.03928571428571429
23; 0.03793103448275863
24; 0.03793103448275863
25; 0.03793103448275863
26; 0.03928571428571429
27; 0.03928571428571429
28; 0.03793103448275863
29; 0.03928571428571429
30; 0.029400220818695345
31; 0.02998874217923343
