
****Importance edges******

(0.1);4.130554764559484
(0.2);4.4658621978845625
(0.3);6.138762208839682
(0.4);6.544871489172428
(0.5);3.91810620529178
(0.6);6.834032557849558
(0.7);4.118735196959325
(0.8);3.5431672858292833
(0.9);3.05677014531303
(0.10);2.821313020056138
(0.11);3.0296662998515416
(0.12);3.3612427206382502
(0.14);2.6157904979511417
(0.15);2.412048042530525
(0.16);2.9435866598723353
(0.17);2.166800074692088
(0.30);3.456249022408968
(0.31);8.999832358952425
(1.2);3.199005862416179
(1.3);2.1823470467214854
(1.4);1.4065290303101488
(1.6);1.293199920928042
(1.8);1.0422284665404957
(1.9);1.0731803976025662
(1.10);1.3113637877398572
(1.11);2.1011625793339634
(1.12);2.808936517072924
(1.13);2.1901178758770863
(1.14);2.401012231444775
(1.15);1.7620031590741503
(1.16);1.7683500846276015
(1.17);0.9158475980316169
(1.18);1.115072434360234
(1.19);2.9406026187368104
(1.20);1.4659718082903106
(1.21);2.2640453754129295
(1.22);3.606398745912118
(1.23);2.7620913986792277
(1.24);2.093010145093801
(1.25);3.9074173253695483
(1.26);3.1557229519646097
(1.27);2.9409367474956984
(1.28);3.6103160310408215
(1.29);2.6532386022208576
(1.30);3.5916463244047976
(1.31);4.698619920259774
(2.3);4.580247563773383
(2.4);1.9140227557891099
(2.5);5.029199720752891
(2.6);1.6222066754796653
(2.7);2.1875853613926477
(2.8);0.9489288800449486
(2.9);0.9183367471349805
(2.10);1.0041196175946054
(2.11);1.3418387157145255
(2.13);3.8614461008609857
(2.14);2.5405579805304095
(2.15);2.2122766751145786
(2.16);2.818620425263417
(2.17);0.7942164337332485
(2.18);0.9400914355189278
(2.19);5.998177366200878
(2.20);1.6697447315182317
(2.21);2.6661768740428586
(2.22);4.28407417948398
(2.23);3.097662323967849
(2.25);2.7707833622430647
(2.26);4.176902237697032
(2.27);5.3345524860889295
(2.28);2.3228925270933067
(2.29);2.0578857379278817
(2.30);1.9297137407345657
(2.31);3.42397838819406
(3.4);3.2342578697317617
(3.5);2.60276404562709
(3.6);2.474973102694769
(3.7);1.8106032062519355
(3.8);1.0611510859074864
(3.9);0.9816777232450701
(3.10);1.0030366283209333
(3.11);1.2290033060272507
(3.12);2.8620419694285446
(3.13);14.849573913224491
(3.14);1.8101141829166347
(3.15);1.7374151029775005
(3.16);2.5165532260734027
(3.17);0.8285162099671167
(3.18);0.9448050442983923
(3.19);5.135026232595883
(3.20);1.4689335557650387
(3.21);3.9256015613893775
(3.22);6.488617141476182
(3.23);4.452698903418052
(3.24);2.5212632379052957
(3.25);2.8192131386269628
(3.26);7.556703268655361
(3.27);15.242452511764254
(3.28);2.2154919084602285
(3.29);2.1449095434362966
(3.30);1.647305724804824
(3.31);3.422996518713012
(4.5);1.520591810291187
(4.7);1.3452007906871974
(4.8);1.216314393102028
(4.9);1.043353066169777
(4.10);0.963074289007616
(4.11);1.0554988228964977
(4.12);1.7002894586131767
(4.13);4.8141207678575455
(4.14);1.2856706308210106
(4.15);1.289352506806531
(4.17);0.868911535580151
(4.18);0.9406689591988324
(4.19);3.004489806953966
(4.20);1.2286849776819755
(4.21);7.249187382985027
(4.22);5.086593611533675
(4.23);5.322502345010684
(4.24);3.1305070466609792
(4.25);2.3823843743318025
(4.26);7.037263345713324
(4.27);6.983199044696419
(4.28);1.8789599875774066
(4.29);2.0325160513421703
(4.30);1.3090365570171416
(4.31);2.4106378122084733
(5.6);1.3614709458766
(5.7);3.290606902829741
(5.8);0.9812631956357502
(5.9);0.9885958015795652
(5.10);1.1578751631688038
(5.11);1.7165759837940973
(5.12);4.428196137260406
(5.13);2.5006776073033046
(5.14);3.1826400751688526
(5.15);2.2649071627009008
(5.16);2.268510127562134
(5.17);0.8577285634337538
(5.18);1.036896820412363
(5.19);3.9124957404106757
(5.20);1.7112951342866611
(5.21);2.273794290338004
(5.22);3.5299869340736136
(5.23);2.6868442440244866
(5.24);1.9729174168692212
(5.25);3.109106350497054
(5.26);3.237045689563679
(5.27);3.3989596500401946
(5.28);2.8091094195146984
(5.29);2.2587357148669724
(5.30);2.7047690096412857
(5.31);3.7097569908364942
(6.7);1.2812658772930359
(6.8);1.3358535060352934
(6.9);1.1080796579469216
(6.10);0.9839446821000168
(6.11);1.0404581776598127
(6.12);1.4769268023667368
(6.13);3.4229011379462615
(6.14);1.1626079387863641
(6.15);1.1526689989343306
(6.16);1.5582902562153
(6.17);0.9099607699804397
(6.18);0.9651487826527808
(6.19);2.487206058724232
(6.20);1.1268560315000777
(6.21);9.994276728698797
(6.22);4.691908157954912
(6.23);5.671183422671714
(6.24);3.653605771041352
(6.25);2.3794705126390254
(6.26);6.038563713359553
(6.27);4.779541094475125
(6.28);1.8684694387586689
(6.29);2.101364105813965
(6.30);1.2635997169177688
(6.31);2.288469533302318
(7.8);1.2438412083968802
(7.9);1.3439454947967846
(7.10);1.8103629732575641
(7.11);3.5150672537330636
(7.12);2.059614953330753
(7.13);1.888919642459667
(7.14);1.9483306343696478
(7.15);1.491633954452837
(7.16);1.4856121764729633
(7.17);1.114414406818806
(7.18);1.3587830483841823
(7.19);2.3246853162379075
(7.20);1.3334997691377237
(7.21);2.2463430427299578
(7.22);3.368062938788072
(7.23);2.7605389942942438
(7.24);2.309350486879602
(7.25);5.452597355288426
(7.26);2.895811354543041
(7.27);2.486997610207224
(7.28);6.2171435772761505
(7.29);3.580905343608285
(7.31);4.927718559961146
(8.10);1.8759466288556739
(8.11);1.343409649548023
(8.13);1.2334202470561306
(8.14);0.8609022772883148
(8.15);0.7911571597588037
(8.16);0.8862674384281949
(8.17);2.2968256831238714
(8.18);1.7808074199755717
(8.19);1.3022527915896593
(8.20);0.8192832277287451
(8.21);2.3908958686689235
(8.22);2.2346378069021675
(8.23);2.4972395487980608
(8.24);4.284376344552885
(8.25);2.6291369293277804
(8.26);2.115503282646689
(8.27);1.6536981930177574
(8.28);2.3726536540709855
(8.29);3.6050653213361046
(8.30);1.3686185505322124
(8.31);1.7927919290266938
(9.10);2.938608354285498
(9.11);1.6340004887919026
(9.12);0.9203711699759628
(9.13);1.1206316424150184
(9.14);0.870745573243608
(9.15);0.7832011341025462
(9.16);0.8483593171840385
(9.18);2.4475667590800265
(9.19);1.2400355248852737
(9.20);0.8124728253283537
(9.21);1.9546962372765508
(9.22);2.0143741813368234
(9.23);2.125680972702628
(9.24);3.029823854516611
(9.25);2.753509735860571
(9.26);1.8721354283498162
(9.27);1.5023771555516463
(9.28);2.7733301686726857
(9.29);4.270311501257426
(9.30);1.5525495772187474
(9.31);1.771535844084681
(10.11);3.0603263479761833
(10.12);1.0241166773050905
(10.13);1.1162330020805389
(10.14);1.0095286803219454
(10.15);0.870267907867071
(10.16);0.8973380334869918
(10.17);2.3632885524845637
(10.18);2.9039764166526156
(10.19);1.3103401047694
(10.20);0.8910630657592732
(10.21);1.7115965705602199
(10.22);1.9790590208170937
(10.23);1.9385878847362796
(10.24);2.2601365916085565
(10.25);3.2268382071595036
(10.26);1.800742610192481
(10.27);1.4939543127572457
(10.28);4.2660991378284825
(10.29);4.7631465058753335
(10.30);2.3553909105258604
(10.31);1.981486739681048
(11.12);1.3801678590043698
(11.13);1.3250788428558713
(11.14);1.4134885061151021
(11.15);1.14007918614499
(11.16);1.1168070113751447
(11.17);1.4101586456782833
(11.18);1.860260402385608
(11.19);1.6420759135732055
(11.20);1.113880809417587
(11.21);1.7787956120892106
(11.22);2.286798266319066
(11.23);2.076029191070285
(11.24);2.051741633768632
(11.25);3.9406634127144913
(11.26);2.045773512072666
(11.27);1.7603706125201226
(11.28);6.76548209164477
(11.29);3.871046480201394
(11.30);6.863929786985754
(11.31);2.626286650709176
(12.13);2.72772619168335
(12.14);5.008522575739596
(12.15);4.444396425878902
(12.16);4.6212648972356245
(12.17);0.8149130066516437
(12.18);0.9663761787653622
(12.19);8.059743960895538
(12.20);2.489149660107272
(12.21);2.2090333505487467
(12.22);3.0208103146278353
(12.23);2.4296976997023156
(12.24);1.8022141778575718
(12.25);2.324130430455483
(12.26);3.008810524007011
(12.27);3.8939438263935062
(12.28);2.1070078156742453
(12.29);1.8486973330031602
(12.30);1.9562783199103047
(12.31);2.550539703465681
(13.14);1.8190633858444676
(13.15);1.77536432305256
(13.16);2.5782003748198563
(13.17);0.9279372695552662
(13.18);1.0271113894433201
(13.19);4.853584259678514
(13.20);1.5249318435280221
(13.21);5.048848768666475
(13.22);7.580117855000697
(13.23);5.476246480172484
(13.24);2.9325133187750088
(13.25);3.000605811206303
(13.26);10.222803342043452
(13.28);2.3348589306959453
(13.29);2.329303431142474
(13.30);1.714516720891033
(13.31);3.545536964881859
(14.15);5.804952721435643
(14.16);2.993064405031819
(14.17);0.7942112066845519
(14.18);0.9699431504536877
(14.19);3.883761698098314
(14.20);3.1141899085401836
(14.21);1.7353071947755538
(14.22);2.2479199632657494
(14.23);1.8955897003746394
(14.24);1.5278937236313264
(14.25);2.0198467313289856
(14.26);2.1965920765170024
(14.27);2.5343285897645558
(14.28);1.9634967225747746
(14.29);1.6753977252554788
(14.31);2.04421626920174
(15.16);4.398979387191262
(15.17);0.7201354146577971
(15.18);0.8674995550233345
(15.19);4.5418359355691695
(15.20);4.561627450310906
(15.21);1.6660131690226692
(15.22);2.056640746941576
(15.23);1.7653625218376887
(15.24);1.4183793327485275
(15.25);1.7166862950229356
(15.26);2.0699865064599203
(15.27);2.5532692886013013
(15.28);1.6267687649302383
(15.30);1.5516796804532897
(15.31);1.7252450208240728
(16.17);0.7608036519477395
(16.18);0.8829477129811067
(16.20);2.9665180662968464
(16.21);2.133717991021402
(16.22);2.570740049615336
(16.23);2.198167404236289
(16.24);1.6702858357898025
(16.25);1.8668926936608894
(16.26);2.704241617215582
(16.27);3.905718487850811
(16.28);1.6804174974952162
(16.29);1.5691310472970021
(16.30);1.4733889476747053
(16.31);1.9429298692539219
(17.19);1.0652880821266666
(17.20);0.7595013276316146
(17.21);1.4763990082464553
(17.22);1.517644220590254
(17.23);1.5613727733167975
(17.24);1.9805120793183864
(17.25);1.9092675395034908
(17.26);1.4389855053299287
(17.27);1.226776714229087
(17.28);2.019416064932105
(17.29);2.4988972639734985
(17.30);1.32770026794033
(17.31);1.34330779386901
(18.19);1.1875054604817568
(18.20);0.9009669862590696
(18.21);1.4684813227240494
(18.22);1.572401136146411
(18.23);1.5699351886777364
(18.24);1.8214638264205227
(18.25);2.016787964155554
(18.26);1.4876034560533749
(18.27);1.3076275819458127
(18.28);2.268569800627097
(18.29);2.472257643951568
(18.30);1.674006126082718
(18.31);1.4754256203854195
(19.20);3.004661290566636
(19.21);3.2435155074466406
(19.22);4.147815185305662
(19.23);3.41036694709846
(19.24);2.429091852829367
(19.25);2.7874715954965112
(19.26);4.400491732127952
(19.27);7.1152768760152005
(19.29);2.2585721682041906
(19.30);2.146144587605345
(19.31);3.124006758881616
(20.21);1.5219698850995937
(20.22);1.7577147335187389
(20.23);1.5751477049525588
(20.24);1.335236787743168
(20.25);1.53199192761893
(20.26);1.7770534670942286
(20.27);2.091157633176882
(20.28);1.480890185902828
(20.29);1.3579670044591707
(20.30);1.4206787803454979
(20.31);1.4909530491712435
(21.22);9.165163742203159
(21.23);15.925342913881739
(21.24);7.404563816956681
(21.26);11.238201194800785
(21.27);5.989133920314074
(21.28);3.10039975110809
(21.29);3.6105759589150392
(21.30);2.0607878860992623
(21.31);4.140539474976665
(22.24);5.746427274802535
(22.25);6.287251050593526
(22.27);7.785877268564851
(22.28);4.209679823042319
(22.29);4.395758202632655
(22.30);2.794588800250056
(22.31);8.436552098047994
(23.24);7.948260334349206
(23.25);5.6280231356793475
(23.26);15.983190358448804
(23.27);6.131247623794292
(23.28);3.825651657988754
(23.29);4.4273575223687285
(23.30);2.430139469630295
(23.31);5.898117952888804
(24.25);5.089117763839605
(24.26);5.404055339261419
(24.27);3.542275821363917
(24.28);3.7492741666530685
(24.30);2.2046974414556546
(24.31);3.9341062741063144
(25.26);5.025876809700027
(25.27);3.5616898604592544
(25.28);11.941423207845592
(25.29);10.598664913757164
(25.30);4.405213345569969
(25.31);9.991846808196
(26.28);3.5993932100768258
(26.29);3.796036848979924
(26.30);2.488961680323079
(26.31);6.112837080586905
(27.28);2.8428435273113535
(27.29);2.820688852175856
(27.30);2.2064555038210245
(27.31);4.186399219314945
(28.29);9.682376974601125
(28.30);6.262227434943822
(28.31);5.722886026346437
(29.30);3.5974976480113003
(29.31);4.847230979661747
(30.31);3.4570885858416465

****Importance nodes******

0; 0.061111111111111116
1; 0.01803955985882265
2; 0.017306933844102246
3; 0.0180159267615736
4; 0.019879643323115696
5; 0.01927832466115494
6; 0.019859599367717005
7; 0.021292678064259312
8; 0.022648962130572485
9; 0.022648962130572485
10; 0.02264896213057248
11; 0.023379573812203857
12; 0.024420360897098228
13; 0.023178272327268833
14; 0.026524833173829677
15; 0.026099470470100188
16; 0.02721392900862035
17; 0.028103559698417564
18; 0.03793103448275863
19; 0.03928571428571429
20; 0.03666666666666667
21; 0.03793103448275863
22; 0.03928571428571429
23; 0.03793103448275863
24; 0.03928571428571429
25; 0.03793103448275863
26; 0.03928571428571429
27; 0.03928571428571429
28; 0.03793103448275863
29; 0.03928571428571429
30; 0.02951273366647479
31; 0.03010321036233331
