
****Mix criterion 0.5*C(weight)+0.5*C(distance) ******

(0.1);0.5163095562175413
(0.2);0.5380704022180319
(0.3);0.6167870602926337
(0.4);0.6291466003719584
(0.5);0.5035397209004798
(0.6);0.6442401193049264
(0.7);0.5115139348059475
(0.8);0.4719349985099499
(0.9);0.4361585342660703
(0.10);0.4164520517845873
(0.11);0.433282424675483
(0.12);0.457278854554787
(0.14);0.38722220558119425
(0.15);0.36672543170521565
(0.16);0.4184456061326548
(0.17);0.32992981250031717
(0.30);0.4555431021994383
(0.31);0.7204024233640964
(1.2);0.5345116264777295
(1.3);0.4739902734176921
(1.4);0.3923001323288766
(1.5);0.6816871349574515
(1.6);0.3774603142915292
(1.7);0.6221824674121267
(1.8);0.3154823998162033
(1.9);0.32309876356138983
(1.10);0.3685309292297927
(1.11);0.45408738762019674
(1.12);0.4997845066066329
(1.13);0.46143934835254896
(1.14);0.4680066783021763
(1.15);0.4152732826180088
(1.16);0.41220723943140564
(1.17);0.25070304065095494
(1.18);0.24382086689488502
(1.19);0.4730086470605147
(1.20);0.3294920502274091
(1.21);0.42642465513681366
(1.22);0.5182404817163625
(1.23);0.4672830932987033
(1.24);0.402891645464321
(1.25);0.5363907891111787
(1.26);0.49142529964958603
(1.27);0.4772344067755065
(1.28);0.517999360670744
(1.29);0.4524941669094131
(1.30);0.5332895424110393
(1.31);0.5834737597485403
(2.3);0.5984145839911772
(2.4);0.45012576387076264
(2.5);0.6142484612946243
(2.6);0.4240035136370687
(2.7);0.46888130639745046
(2.8);0.2968741799162961
(2.9);0.28874914385254286
(2.10);0.312274585585152
(2.11);0.3745960433595059
(2.12);0.6073364208478723
(2.13);0.560277055262051
(2.14);0.4814531334353961
(2.15);0.4605438441202554
(2.16);0.49972092791017286
(2.17);0.2104561954628508
(2.18);0.18990926649917905
(2.19);0.6237969638365165
(2.20);0.36567877300656115
(2.21);0.4636270690477583
(2.22);0.5573186325974188
(2.23);0.4937035663074581
(2.24);0.40301074221928423
(2.25);0.47139439687947526
(2.26);0.5520259787908482
(2.27);0.6050402974480334
(2.28);0.43362099702272194
(2.29);0.4026097192272148
(2.30);0.42531819005875093
(2.31);0.528582665155619
(3.4);0.5313059741601477
(3.5);0.5008176778437542
(3.6);0.49164283335137965
(3.7);0.43504453034867774
(3.8);0.3208704978760103
(3.9);0.30200168635187985
(3.10);0.3080149462450065
(3.11);0.35256122680511953
(3.12);0.5052692300519201
(3.13);0.9363336740653314
(3.14);0.4190185423906348
(3.15);0.4140287858117715
(3.16);0.478251615091554
(3.17);0.21972361463146034
(3.18);0.1873434460962016
(3.19);0.5878746676071257
(3.20);0.3310391705900734
(3.21);0.5397922423765805
(3.22);0.6506908392842108
(3.23);0.5658910806463813
(3.24);0.44371976329352014
(3.25);0.4731827952100652
(3.26);0.6910708174073941
(3.27);0.9519031195029459
(3.28);0.42169040852683093
(3.29);0.40957764903045185
(3.30);0.3914088049791621
(3.31);0.527078713087854
(4.5);0.40354071748442305
(4.6);0.744301507525535
(4.7);0.37102104616553605
(4.8);0.3428047643037013
(4.9);0.30655246864431274
(4.10);0.2860531721726528
(4.11);0.30622929110821623
(4.12);0.4069697567695636
(4.13);0.5929427040495377
(4.14);0.3392299362300788
(4.15);0.3427663178306279
(4.16);0.412372454395714
(4.17);0.22268057272791264
(4.18);0.17366517131312914
(4.19);0.47363542261548724
(4.20);0.2720042576344742
(4.21);0.6741905098561551
(4.22);0.5875384601589221
(4.23);0.599035783571221
(4.24);0.4818601699602682
(4.25);0.43247599361479905
(4.26);0.6654072980721418
(4.27);0.6633890039950677
(4.28);0.3784244760678302
(4.29);0.3911585078815291
(4.30);0.33141249923264987
(4.31);0.4577115403530875
(5.6);0.38371705839011977
(5.7);0.5307384661170641
(5.8);0.294303338849774
(5.9);0.2967504632353176
(5.10);0.33644919354645275
(5.11);0.4158170267094218
(5.12);0.5797094871388
(5.13);0.48270335108092055
(5.14);0.516013413084513
(5.15);0.4595204312605077
(5.16);0.4567071090646146
(5.17);0.22290019813308476
(5.18);0.21339744556106627
(5.19);0.5295952429130502
(5.20);0.3646110221153153
(5.21);0.42547790136805613
(5.22);0.5138549661807242
(5.23);0.4605827222273229
(5.24);0.38732389132016776
(5.25);0.4903467297298775
(5.26);0.4961144018684658
(5.27);0.5061043334649353
(5.28);0.4677741408395717
(5.29);0.4174411029367912
(5.30);0.48263251745802704
(5.31);0.5397368687748427
(6.7);0.362046309126488
(6.8);0.3646707461793087
(6.9);0.32259238524481565
(6.10);0.2928016893846604
(6.11);0.30354958777702873
(6.12);0.3801075380602692
(6.13);0.5349828165723155
(6.14);0.31572240731021745
(6.15);0.31651258021397594
(6.16);0.3817485109152119
(6.17);0.2384174452795096
(6.18);0.1841299931511363
(6.19);0.43666254479393746
(6.20);0.2457996073819525
(6.21);0.7767558935678058
(6.22);0.5729360811711057
(6.23);0.6172164292602217
(6.24);0.5150036816497583
(6.25);0.4338260900808467
(6.26);0.6309309620448769
(6.27);0.5769878487019245
(6.28);0.3784047156831921
(6.29);0.4000544199060603
(6.30);0.3236828830081736
(6.31);0.4497936337906987
(7.8);0.3420697120633514
(7.9);0.36005138580657764
(7.10);0.42090814825305123
(7.11);0.5354173731496764
(7.12);0.43941540450602723
(7.13);0.4271302929272489
(7.14);0.4225514286282159
(7.15);0.3706213537971111
(7.16);0.3653789162438311
(7.17);0.29014196089969885
(7.18);0.28943497311556005
(7.19);0.41782806360555913
(7.20);0.29025083614395497
(7.21);0.4167767777520232
(7.22);0.49945505292937464
(7.23);0.4608219608093996
(7.24);0.4163817802963382
(7.25);0.6042721078486423
(7.26);0.46808618756379533
(7.27);0.43574581834853204
(7.28);0.6312191468815225
(7.29);0.5072918788170447
(7.30);0.6705702244705911
(7.31);0.5904129631111611
(8.9);0.5743802389587396
(8.10);0.42271554948382806
(8.11);0.35150927955993644
(8.12);0.25155225302767914
(8.13);0.3322941620501104
(8.14);0.21139444078706632
(8.15);0.18528841611709154
(8.16);0.21738981473262084
(8.17);0.44676256528241837
(8.18);0.3566203198686738
(8.19);0.2635543913170299
(8.20);0.1074333299752029
(8.21);0.4262780471866716
(8.22);0.4078934101696704
(8.23);0.43571509416917875
(8.24);0.5407192851182864
(8.25);0.44672077150364914
(8.26);0.39528936157369515
(8.27);0.33418020826476574
(8.28);0.42305407102870746
(8.29);0.5053486978030846
(8.30);0.3309588300332806
(8.31);0.3914933451772304
(9.10);0.5033183511111062
(9.11);0.3942673633628324
(9.12);0.24662921874762608
(9.13);0.3089580817580116
(9.14);0.21559383275825197
(9.15);0.18195023862193258
(9.16);0.20281987849000868
(9.17);0.5257252912531584
(9.18);0.4306185281609522
(9.19);0.24841521326339683
(9.20);0.10401474414474135
(9.21);0.38116081483534237
(9.22);0.38443311408400604
(9.23);0.4007627163971222
(9.24);0.47091101921246126
(9.25);0.45743041688901614
(9.26);0.36661318445327973
(9.27);0.30835999308960876
(9.28);0.4571325314301033
(9.29);0.5414748800175372
(9.30);0.36176866292365967
(9.31);0.38962641041331136
(10.11);0.5104699361001739
(10.12);0.27862647459562906
(10.13);0.3084661912965758
(10.14);0.2627402867300286
(10.15);0.21914969265683748
(10.16);0.22229074732456355
(10.17);0.4541165721368829
(10.18);0.46774104392289817
(10.19);0.2663768621334616
(10.20);0.14385826480885505
(10.21);0.34895673945326505
(10.22);0.3808769829202005
(10.23);0.37987206942816626
(10.24);0.4090239629633927
(10.25);0.49166244077501375
(10.26);0.3574927859424768
(10.27);0.3072814364669384
(10.28);0.5474089635149243
(10.29);0.5662154484545245
(10.30);0.44950689331826676
(10.31);0.4140491699118851
(11.12);0.35157522303867245
(11.13);0.34729810784221454
(11.14);0.34840051757124024
(11.15);0.2966717725503203
(11.16);0.2853352346272725
(11.17);0.342540495333018
(11.18);0.36638670067598894
(11.19);0.3287011661889361
(11.20);0.2237228475148273
(11.21);0.3563650019221574
(11.22);0.41282439831569395
(11.23);0.3940096022347546
(11.24);0.38476921424428956
(11.25);0.5322663480121145
(11.26);0.38675340145976345
(11.27);0.34929217431274184
(11.28);0.6527677546611502
(11.29);0.5214487190061153
(11.30);0.6648659417835481
(11.31);0.467996984775437
(12.13);0.48643894542804467
(12.14);0.5929756065779401
(12.15);0.572976700131285
(12.16);0.5787150525908009
(12.17);0.17085480532639033
(12.18);0.15722880976217254
(12.19);0.6923791938553978
(12.20);0.43517055228667967
(12.21);0.40533078982269455
(12.22);0.47150078891853575
(12.23);0.42690339105732555
(12.24);0.34944217776455666
(12.25);0.4169330022668952
(12.26);0.47064626809797055
(12.27);0.5256589448229787
(12.28);0.3929736389361862
(12.29);0.35593781047243594
(12.30);0.4073856070436235
(12.31);0.4597284166909691
(13.14);0.40421186526017394
(13.15);0.4018958944366172
(13.16);0.47110216093366786
(13.17);0.22482126301349153
(13.18);0.18810916890896395
(13.19);0.5694350346474105
(13.20);0.32087995633013466
(13.21);0.5862086211635431
(13.22);0.686741960806791
(13.23);0.6048578627167072
(13.24);0.4639908416811871
(13.25);0.47530493811549746
(13.26);0.7806869722676072
(13.28);0.41975300263291415
(13.29);0.4143447522014934
(13.30);0.3829213689413824
(13.31);0.5250013127014308
(14.15);0.6250917712269357
(14.16);0.4911676286588036
(14.17);0.14620342426970412
(14.18);0.1459387213983483
(14.19);0.5160450466037299
(14.20);0.47800017909369247
(14.21);0.33883516765787824
(14.22);0.3998624679109165
(14.23);0.3618296065920307
(14.24);0.29645253556983536
(14.25);0.3776786298144529
(14.26);0.3943522265056811
(14.27);0.427677164911652
(14.28);0.3694753930992051
(14.29);0.32263104784875785
(14.30);0.40862865060472536
(14.31);0.4090807356353799
(15.16);0.5684801257671335
(15.17);0.10888656899235649
(15.18);0.10097997124480755
(15.19);0.5526200502841976
(15.20);0.5625636924805023
(15.21);0.33027967416105347
(15.22);0.3807200004843061
(15.23);0.3458378410853516
(15.24);0.2766201193665858
(15.25);0.3383954283319339
(15.26);0.3823167208790283
(15.27);0.43181569011917015
(15.28);0.3227095028330666
(15.29);0.284648830050395
(15.30);0.35041924644245204
(15.31);0.37393748210834654
(16.17);0.12406732640105882
(16.18);0.1015107507360462
(16.19);0.791989602272973
(16.20);0.46773408245276943
(16.21);0.39009432653544945
(16.22);0.4305272392947159
(16.23);0.397250533891065
(16.24);0.3201878057794767
(16.25);0.35667633204554733
(16.26);0.4420242696573616
(16.27);0.5228503451982628
(16.28);0.3275593334284429
(16.29);0.30238408336514133
(16.30);0.3332261001812786
(16.31);0.3972099572907385
(17.18);0.5401112530272423
(17.19);0.167046567902237
(17.20);0.03192767054244014
(17.21);0.2878904564299067
(17.22);0.2910387269322044
(17.23);0.30455259208279867
(17.24);0.36278540012726895
(17.25);0.35974568777991706
(17.26);0.27461144612778227
(17.27);0.22134358748998476
(17.28);0.37282092947024964
(17.29);0.41889661718199667
(17.30);0.301942984400158
(17.31);0.3030170526876258
(18.19);0.1426084627836823
(18.20);0.02770712040306579
(18.21);0.23320428464699797
(18.22);0.251830580483576
(18.23);0.2564853684670385
(18.24);0.29811147809251853
(18.25);0.3348857811341718
(18.26);0.23231701274817262
(18.27);0.1836364209911902
(18.28);0.36665909288659426
(18.29);0.38483584589262393
(18.30);0.3182127978706509
(18.31);0.2788971268337764
(19.20);0.4381011751436632
(19.21);0.45426009211997875
(19.22);0.5110362562734301
(19.23);0.46633622321716406
(19.24);0.3755896545041642
(19.25);0.4169572734957603
(19.26);0.5252456416829895
(19.27);0.6484805314088442
(19.28);0.38107082477684545
(19.29);0.3558636088122893
(19.30);0.37862124798041286
(19.31);0.4647645271743258
(20.21);0.2516237626735274
(20.22);0.29404207276065947
(20.23);0.2632799654483215
(20.24);0.1968214066585538
(20.25);0.2538735740705023
(20.26);0.29748674404069486
(20.27);0.3460813933207507
(20.28);0.2413428610056429
(20.29);0.2032577096489378
(20.30);0.27511459047971565
(20.31);0.2878794250163761
(21.22);0.7358336900321669
(21.23);0.9694221187912248
(21.24);0.6608032313283421
(21.26);0.8100692278841105
(21.27);0.6094982600131463
(21.28);0.44761050153299764
(21.29);0.47996865263807215
(21.30);0.37466641585617705
(21.31);0.5331368985516421
(22.24);0.5912015453459821
(22.25);0.6225159112707762
(22.27);0.6826219339556259
(22.28);0.5187647903043724
(22.29);0.5249863900422306
(22.30);0.443984661548622
(22.31);0.7131626542626645
(23.24);0.681542453874009
(23.25);0.5946596806654223
(23.26);0.9708240371942656
(23.27);0.6157486072186891
(23.28);0.49793221711460084
(23.29);0.5284791152724382
(23.30);0.4146873600028227
(23.31);0.6156324289612289
(24.25);0.5621741809170839
(24.26);0.5756170337311396
(24.27);0.4731697099037294
(24.28);0.4870174669602775
(24.29);0.5687237129438338
(24.30);0.385258791675443
(24.31);0.5151935302719092
(25.26);0.5644427206915754
(25.27);0.4804977570756287
(25.28);0.8289705093137698
(25.29);0.7763132294930983
(25.30);0.547097850116705
(25.31);0.7692824900344155
(26.28);0.48120487476768786
(26.29);0.4897977100330229
(26.30);0.4171654242694276
(26.31);0.623369004050127
(27.28);0.4234492192313654
(27.29);0.4170825033632655
(27.30);0.38808170132017195
(27.31);0.5337582979386996
(28.29);0.7394981708161668
(28.30);0.626652912531611
(28.31);0.6048584949760386
(29.30);0.49605080568769433
(29.31);0.5614711496651537
(30.31);0.5097001028425557
