
****Importance edges******

(0.1);4.124013394998484
(0.2);4.533687562540846
(0.3);6.222948241038666
(0.4);6.475964663777917
(0.5);3.941651438066526
(0.6);6.824063544040034
(0.7);4.106631206488375
(0.8);3.56136204106961
(0.9);3.022702726956066
(0.10);2.84096137744892
(0.11);3.0437205249073864
(0.12);3.3969662446936404
(0.14);2.6093487397645574
(0.15);2.4380593091793656
(0.16);2.9373127555294385
(0.17);2.174632759847429
(0.30);3.4827372375993715
(0.31);9.023962165375865
(1.2);3.2224472789730307
(1.3);2.191618013003773
(1.4);1.3403307556312236
(1.6);1.2573689306971867
(1.7);5.377361998014761
(1.8);1.0293738218438653
(1.9);1.0239778246029834
(1.10);1.3001273735731407
(1.11);2.0737674976213945
(1.12);2.807419461802516
(1.13);2.161073646200744
(1.14);2.3391727374042617
(1.15);1.762342601776645
(1.16);1.7245757305327385
(1.17);0.9037509002996861
(1.18);1.1366941587531463
(1.19);2.8568346224638552
(1.20);1.458289835725399
(1.21);2.2527868850871062
(1.22);3.5894513389729976
(1.23);2.6855492203673705
(1.24);2.0831745453291273
(1.25);3.887986787168164
(1.26);3.140893387952951
(1.27);2.9271165197966624
(1.28);3.592362897879246
(1.29);2.6407703430331044
(1.30);3.5737125473495204
(1.31);4.631530533352258
(2.3);4.770793820329583
(2.4);1.8899167100787924
(2.5);5.1484430684980245
(2.6);1.6338273322820953
(2.7);2.1956438705343206
(2.8);0.968272260162714
(2.9);0.9057154045411638
(2.10);1.0284381779593097
(2.11);1.3674409689917049
(2.12);5.187144920820981
(2.13);3.9348606877352865
(2.14);2.550326847101719
(2.15);2.2797985460420596
(2.16);2.831035672846147
(2.17);0.8065791282972318
(2.18);0.9809643872824712
(2.19);5.964612486447465
(2.20);1.7015983688419722
(2.21);2.7162779385589535
(2.22);4.363327462492185
(2.23);3.0844997964139655
(2.24);2.099787262540488
(2.25);2.822850123958451
(2.26);4.254172892049166
(2.27);5.433239105458591
(2.28);2.3665428150756584
(2.29);2.0959556204634344
(2.31);3.469398849370372
(3.4);3.1852532440716472
(3.5);2.6559163756059556
(3.6);2.485454583914731
(3.7);1.812277605292379
(3.8);1.0796430299913504
(3.9);0.9658660338084437
(3.10);1.0242947926872215
(3.11);1.2489087351318093
(3.12);2.9421343158253936
(3.13);15.088885157778405
(3.15);1.785422953056333
(3.16);2.5215753633600158
(3.17);0.8393131910505275
(3.18);0.9835750019045154
(3.19);5.097162246426776
(3.20);1.4937498367351956
(3.21);3.9910077014458825
(3.22);6.595183318650906
(3.23);4.42559480338791
(3.24);2.5626713498429354
(3.25);2.86618526417526
(3.26);7.68081121982986
(3.27);15.492787808103904
(3.28);2.2524051743107543
(3.29);2.1801365888060267
(3.30);1.6810307110063676
(3.31);3.4602059256372963
(4.5);1.4749160740039555
(4.7);1.2830746113125775
(4.8);1.1811594468357987
(4.9);0.979743539722204
(4.10);0.9387080793412017
(4.11);1.0245755533354564
(4.12);1.6714925784188868
(4.13);4.671684404542764
(4.14);1.2337185981233398
(4.15);1.2691944151514418
(4.16);1.7513675021791155
(4.17);0.8447035007988236
(4.18);0.9464931970699901
(4.19);2.884627822701438
(4.20);1.2066514171065568
(4.21);7.123079827938785
(4.23);5.112735769530803
(4.24);3.077768403686242
(4.25);2.340940188555542
(4.26);6.918708838862865
(4.27);6.865555341695468
(4.28);1.8462734204431004
(4.29);1.998274908685587
(4.30);1.2834668886167047
(4.31);2.342404870862596
(5.6);1.3461076302679293
(5.7);3.244724723068831
(5.8);0.9837578287841018
(5.9);0.9589565265985717
(5.10);1.165049740653255
(5.11);1.7193288227453776
(5.12);4.487527938475954
(5.13);2.5043190650547063
(5.14);3.1451634145582856
(5.15);2.2956999140287184
(5.16);2.2435384088546484
(5.17);0.857709867419886
(5.18);1.067594967656709
(5.19);3.844047031213974
(5.20);1.7211375269034659
(5.21);2.2869144801814234
(5.22);3.550423301641099
(5.23);2.6425747291329738
(5.24);1.9843393473931692
(5.25);3.127046436693611
(5.26);3.255786114607782
(5.27);3.418637453401102
(5.28);2.825318471068563
(5.29);2.271812350607819
(5.30);2.725335509576397
(5.31);3.7038241735153554
(6.7);1.244934774513279
(6.8);1.3203100819759381
(6.9);1.0596407386490097
(6.10);0.976042151631987
(6.11);1.0276376709923987
(6.12);1.4764031726314908
(6.13);3.380003231860577
(6.14);1.1340205031326844
(6.15);1.153063663393403
(6.16);1.5214466598273513
(6.17);0.8985351262281416
(6.18);0.9833948249288329
(6.19);2.418838269868418
(6.20);1.121285405078209
(6.22);4.671111911009861
(6.23);5.519684694315875
(6.24);3.6374116586895116
(6.25);2.3683084954580806
(6.26);6.011798598197711
(6.27);4.758356426417162
(6.28);1.859704510651044
(6.29);2.0920500942445184
(6.30);1.2577080197705288
(6.31);2.2573151562132057
(7.8);1.2263289407114002
(7.9);1.2833178149160667
(7.10);1.791186473387389
(7.11);3.463383095582521
(7.12);2.0533184817784873
(7.13);1.8607403016342858
(7.14);1.8968043294936903
(7.15);1.4882248235235376
(7.16);1.4477253859173929
(7.17);1.0980288864080878
(7.18);1.381002998860699
(7.19);2.2575361016737014
(7.20);1.3242164927892641
(7.21);2.231355284571178
(7.22);3.3465905840890677
(7.23);2.6827967549097367
(7.24);2.2946277237722006
(7.25);5.416217243727661
(7.26);2.8773497373832004
(7.27);2.4711422963985212
(7.29);3.5580760583250406
(7.31);4.8506112355736075
(8.10);1.8845121807173122
(8.11);1.3438604086088737
(8.12);0.9471654725672067
(8.13);1.2336586911956962
(8.14);0.8505324506032663
(8.16);0.8762294970664658
(8.17);2.2943819685931115
(8.18);1.829039220006116
(8.19);1.2795962432483514
(8.20);0.8229959391031215
(8.21);2.401833782853878
(8.22);2.2449598358368217
(8.23);2.4561999961121517
(8.24);4.304166333095472
(8.25);2.641164753078002
(8.26);2.1252750165837906
(8.27);1.6613368002877102
(8.28);2.383508113438677
(8.29);3.6217175002454627
(8.30);1.376963061733873
(8.31);1.7883079664030506
(9.10);2.863563994231777
(9.11);1.5861406065131276
(9.12);0.9041205727097816
(9.13);1.0875031346225892
(9.14);0.8361108606422051
(9.15);0.770353849073106
(9.16);0.8155503094254507
(9.17);3.405274456874863
(9.18);2.458763932291786
(9.19);1.1911594802940566
(9.20);0.7974765560912346
(9.21);1.919639552554341
(9.22);1.9793281700618321
(9.23);2.0428997705755663
(9.24);2.97711108548372
(9.25);2.7041266548228275
(9.26);1.8395640819047796
(9.27);1.4762388505532125
(9.28);2.723591616206236
(9.30);1.5214284995794871
(9.31);1.7213116326959523
(10.11);3.0715394195238845
(10.12);1.039036802745853
(10.13);1.1201804689009016
(10.14);1.0005138729746546
(10.15);0.88307111913775
(10.16);0.8899317990600845
(10.18);2.9899724538557226
(10.19);1.2907841819828485
(10.20);0.8974025651233013
(10.21);1.7237553897066533
(10.22);1.9930960119658618
(10.23);1.9116318251155813
(10.24);2.2761671985776797
(10.25);3.2497609816324697
(10.26);1.8135148457926327
(10.27);1.504550572517189
(10.28);4.296404601609959
(10.30);2.3766698618306905
(10.31);1.9822855445731162
(11.12);1.3944418363196123
(11.13);1.3242443279422011
(11.14);1.3956304469936742
(11.15);1.1521942983190192
(11.16);1.1034978155639235
(11.17);1.4076337982429625
(11.18);1.908885260995752
(11.19);1.6128397318230958
(11.20);1.1181588508612346
(11.21);1.785728573808117
(11.22);2.295844775393175
(11.23);2.041025525591153
(11.24);2.0598582654720015
(11.25);3.9560223827961387
(11.26);2.0538665340558984
(11.27);1.7673345887284795
(11.28);6.791850960576389
(11.29);3.8863602302707463
(11.30);6.900246527946474
(11.31);2.617932886012038
(12.13);2.7556788437867086
(12.14);4.997373939302281
(12.15);4.536142462140698
(12.16);4.613582326628149
(12.17);0.8215055866791814
(12.18);0.9992287491875893
(12.19);7.984009230375705
(12.20);2.5196170749553235
(12.21);2.235819451414523
(12.22);3.0570848134220285
(12.23);2.4095646999126057
(12.24);1.823855528757695
(12.25);2.3523121652943604
(12.26);3.044940926898096
(12.27);3.9407030882879654
(12.28);2.1325567843494393
(12.29);1.8708968629942095
(12.30);1.9851853284744618
(13.14);1.795747206121828
(13.15);1.7940701587886192
(13.16);2.5470158500449194
(13.17);0.9261501520144618
(13.18);1.0539365469455584
(13.19);4.766378944998671
(13.20);1.5306405037443493
(13.21);5.068047741558782
(13.22);7.609402143624794
(13.23);5.383017928801909
(13.24);2.94384250495176
(13.25);3.0120160459487995
(13.26);10.26229712424346
(13.28);2.34373756726672
(13.29);2.3383022350232974
(13.30);1.7234085435843827
(13.31);3.5337784381004056
(14.15);5.7959111531875696
(14.16);2.9256331654757557
(14.17);0.784035230047557
(14.18);0.9849134453473373
(14.19);3.7820520526270247
(14.20);3.0956037832490386
(14.21);1.7253783311348285
(14.22);2.2356282314133322
(14.23);1.847314420725879
(14.24);1.5195391290475477
(14.25);2.0082898249605288
(14.26);2.1845810079581085
(14.27);2.5204707621014903
(14.28);1.95226223263769
(14.29);1.6662365718685619
(14.30);2.0165635809963383
(14.31);2.0161356883659023
(15.16);4.394490435170847
(15.17);0.7261984203287833
(15.18);0.8966432757903404
(15.19);4.502437365630257
(15.20);4.618253087497143
(15.21);1.6865029153536926
(15.22);2.0816918536990148
(15.23);1.7519846341898306
(15.24);1.4356560361008592
(15.25);1.7377992534130537
(15.26);2.095200172500962
(15.27);2.584369626190332
(15.28);1.6467758572824591
(15.29);1.4739275866906623
(15.30);1.574792935076302
(15.31);1.7368609774981598
(16.17);0.7515562145384034
(16.18);0.8968047123792471
(16.20);2.950284188460031
(16.21);2.1225414301460406
(16.22);2.55789426643549
(16.23);2.1437084999356246
(16.24);1.6619395505642174
(16.26);2.69072873734044
(16.27);3.8862019237921634
(16.28);1.6716153556302602
(16.29);1.5612902244890492
(16.30);1.4655879494528732
(16.31);1.917495775757821
(17.19);1.0465530927680753
(17.20);0.7613912796494667
(17.21);1.4801891150628366
(17.22);1.5216632327298347
(17.23);1.5352880330164234
(17.24);1.985756854069527
(17.25);1.9141688757109452
(17.26);1.4427962141483317
(17.27);1.2300254535845625
(17.28);2.024600166621458
(17.29);2.505514821832723
(17.30);1.3325488836380903
(17.31);1.3377791345570287
(18.19);1.1953425338916701
(18.20);0.9233823820911836
(18.21);1.5045686689220108
(18.22);1.6105464126654456
(18.23);1.5821774542461338
(18.25);2.0663497286425234
(18.26);1.5236916042220392
(18.27);1.3393496499032829
(18.28);2.3243190039044026
(18.29);2.532232766893764
(18.30);1.7212938918240526
(18.31);1.5069838144734462
(19.20);2.9705463384288056
(19.21);3.207642122567315
(19.22);4.103203129798705
(19.23);3.316437376979575
(19.24);2.402965621131815
(19.25);2.7566420708169295
(19.26);4.3531620000542866
(19.27);7.038748122259562
(19.28);2.4101494346479937
(19.29);2.234279970400549
(19.30);2.1207792488589408
(19.31);3.0671398174022753
(20.21);1.5320142934110839
(20.22);1.769314965988141
(20.23);1.55866945486721
(20.24);1.3440488303597253
(20.25);1.542102477506653
(20.26);1.7887813276712305
(20.27);2.1049584588810935
(20.28);1.4906634842034796
(20.29);1.3669290576507989
(20.30);1.4321251332978406
(20.31);1.4928116530501607
(21.22);9.22565025233035
(21.23);15.763269906691237
(21.24);7.45343105347308
(21.25);4.21457978939199
(21.26);11.312368944499637
(21.27);6.02865987093687
(21.28);3.1208611816093472
(21.29);3.6344043536329935
(21.30);2.0773352702461643
(21.31);4.146112930524878
(22.23);16.888496517546848
(22.24);5.7843514561187925
(22.25);6.328744458135473
(22.27);7.837261025309485
(22.28);4.237462069864182
(22.29);4.42476849426726
(22.30);2.8169496510858245
(22.31);8.448773580641204
(23.24);7.869709884037537
(23.25);5.570746464208609
(23.26);15.825232925342645
(23.27);6.070654205667301
(23.28);3.7867178107223887
(23.29);4.383603177085158
(23.30);2.403794143701394
(23.31);5.795721526652283
(24.25);5.122703958458639
(24.26);5.439719999184619
(24.27);3.5656534617824525
(24.28);3.7740179155079425
(24.29);5.411902398597767
(24.30);2.2223382874441517
(25.26);5.059045638659198
(25.27);3.5851956259724833
(25.28);12.02023194886878
(25.29);10.66861197315215
(25.30);4.440585621372784
(25.31);10.005296532408657
(26.28);3.6231478030090316
(26.29);3.8210892133203145
(26.30);2.5088770613854625
(26.31);6.121692348841907
(27.28);2.861605187074499
(27.29);2.839304299714142
(27.30);2.2241104169131716
(27.31);4.192463782728109
(28.29);9.746276890565822
(28.30);6.312510864733108
(28.31);5.730589430955451
(29.30);3.6262829592105756
(29.31);4.854252846931066
(30.31);3.4647703106940293

****Importance nodes******

0; 0.061111111111111116
1; 0.01739609560299216
2; 0.01797596545642523
3; 0.01857516430497274
4; 0.018501530316153127
5; 0.01923118427224386
6; 0.019211387698056557
7; 0.020511833146822405
8; 0.022527104444394163
9; 0.021172424641438498
10; 0.02267930495474307
11; 0.023214995578322784
12; 0.02476266195021097
13; 0.023008472243438445
14; 0.025735860946500193
15; 0.026461991640069484
16; 0.026447819873139
17; 0.02783902227307689
18; 0.03928571428571429
19; 0.03793103448275863
20; 0.03666666666666667
21; 0.03793103448275863
22; 0.03928571428571429
23; 0.03666666666666667
24; 0.03928571428571429
25; 0.03793103448275863
26; 0.03928571428571429
27; 0.03928571428571429
28; 0.03793103448275863
29; 0.03928571428571429
30; 0.029608547890672975
31; 0.029748133071983162
