
****Importance edges******

(0.1);4.136056210576676
(0.2);4.544482261268086
(0.3);6.234304034759941
(0.4);6.540494330297983
(0.5);3.9738559319568427
(0.6);6.933499638302376
(0.7);4.13778987047749
(0.8);3.5296840844869193
(0.9);3.0698623057490892
(0.10);2.8569527908608046
(0.11);3.067294726397891
(0.12);3.390864745027836
(0.14);2.620363969899876
(0.15);2.450667245914869
(0.16);2.981112052707078
(0.17);2.1937033375417916
(0.30);3.479055094321419
(0.31);9.092182080888703
(1.2);3.0930836214913953
(1.3);2.1024887768493423
(1.4);1.3099005453999955
(1.5);6.841426432984115
(1.6);1.2463714032767632
(1.7);5.2370698593592495
(1.8);0.9687236386947381
(1.9);1.0153616754654518
(1.10);1.263251961149933
(1.11);2.0249921599609015
(1.12);2.6900487998157776
(1.13);2.1037522679118945
(1.14);2.271832717374511
(1.15);1.7159139645686579
(1.16);1.7126700083710913
(1.17);0.8872033725721298
(1.18);1.0813993150000238
(1.19);2.784409637735782
(1.20);1.4545604946685042
(1.21);2.1956754042666575
(1.22);3.5831895924849153
(1.23);2.742432675325272
(1.24);1.9818378664103158
(1.25);3.789420569344624
(1.26);3.135414144390596
(1.27);2.9220102069211995
(1.28);3.5012911830621616
(1.29);2.5123092417056654
(1.30);3.4441429082399013
(1.31);4.541008858900315
(2.3);4.57450739429792
(2.4);1.8455695152705496
(2.5);5.0110630204144355
(2.6);1.617960897494569
(2.7);2.1368878854940636
(2.8);0.9110600057927539
(2.9);0.8972598910882364
(2.10);0.9986488651269706
(2.11);1.3343719312063456
(2.12);4.968256819238369
(2.13);3.828035817790426
(2.14);2.475493000170473
(2.15);2.218420585289593
(2.16);2.8091370033184977
(2.17);0.7912768206728548
(2.18);0.9330268111448319
(2.19);5.810600426246655
(2.20);1.696017838297695
(2.21);2.6461410164460735
(2.22);4.352672540300127
(2.23);3.146828756703913
(2.24);1.9971752685926434
(2.25);2.7499614049986216
(2.26);4.243784517226054
(2.27);5.419971538351344
(2.28);2.305436391928912
(2.29);1.9935308704524566
(2.30);1.9017778024252923
(2.31);3.399437731631692
(3.4);3.1080337939051543
(3.5);2.583156423620915
(3.6);2.4588792582010575
(3.7);1.7625353265268366
(3.8);1.015653533691498
(3.9);0.9559426138524554
(3.10);0.9939914585877925
(3.11);1.21785737808619
(3.12);2.8167862434620816
(3.13);14.669586048906712
(3.14);1.7584382522587212
(3.15);1.7362939564638984
(3.16);2.499927761755877
(3.17);0.8228197928622734
(3.18);0.9352784767865249
(3.19);4.963075095548077
(3.20);1.4877442755482189
(3.21);3.8860193126228717
(3.22);6.574356103849539
(3.23);4.510617199165443
(3.24);2.4368363896444865
(3.25);2.790786719380421
(3.26);7.656555653699991
(3.27);15.443862463051115
(3.28);2.1931528731583843
(3.29);2.073085249235542
(3.30);1.6186491177926714
(3.31);3.388224051027891
(4.5);1.4597561651106254
(4.6);8.721490676457396
(4.7);1.269098814855815
(4.8);1.1296792802406184
(4.9);0.9856583153709626
(4.10);0.9256555454119619
(4.11);1.0149691264245617
(4.12);1.6251890900853607
(4.13);4.614549881789041
(4.14);1.2148202733965556
(4.15);1.2525011432926012
(4.16);1.7615511200918859
(4.17);0.8398875707393866
(4.18);0.9105699534214216
(4.19);2.841762669362506
(4.20);1.215964350539976
(4.21);7.017231889197035
(4.22);5.041156667256726
(4.23);5.271133357038949
(4.24);2.9609546488681913
(4.25);2.306154155033294
(4.26);6.974401680929182
(4.27);6.9208203193448865
(4.28);1.8188380637395196
(4.29);1.9224322965635419
(4.30);1.2530497543419268
(4.31);2.3250552765107066
(5.6);1.3498536785892161
(5.7);3.198855578978461
(5.8);0.9384058665578935
(5.9);0.961392537080499
(5.10);1.1453270005837888
(5.11);1.697941100110376
(5.12);4.351314699944711
(5.13);2.466105131020854
(5.14);3.0881932253265716
(5.15);2.2591105568208176
(5.16);2.249652645279614
(5.17);0.8504014043081211
(5.18);1.0250834314754256
(5.19);3.778449403988849
(5.20);1.7300332849180113
(5.21);2.247888900538787
(5.22);3.5703415608673175
(5.23);2.716904702782986
(5.24);1.9053231319572654
(5.25);3.0736842314957467
(5.26);3.2740514273061025
(5.27);3.4378163797465406
(5.28);2.777105172336137
(5.29);2.181348985880714
(5.30);2.654074162912948
(5.31);3.6664488284959735
(6.7);1.2471243887271874
(6.8);1.2793962717796719
(6.9);1.0789090137188404
(6.10);0.9742295598843237
(6.11);1.0301490152212265
(6.12);1.4527774126583302
(6.13);3.3789745281927224
(6.14);1.1294079431941706
(6.15);1.1506255852222265
(6.16);1.54664398730042
(6.17);0.9029392190009335
(6.18);0.9548422911326198
(6.19);2.4042867582284972
(6.20);1.1397588478390552
(6.21);9.887551288843442
(6.22);4.747768285720606
(6.23);5.737395948276711
(6.24);3.531800650086748
(6.25);2.3540609663579
(6.26);6.110456625410197
(6.27);4.83644454765677
(6.28);1.848516696992455
(6.29);2.0313081323131947
(6.30);1.2410822915293642
(6.31);2.2636520779936182
(7.8);1.1704189605601012
(7.9);1.2853349932794413
(7.10);1.7602239555627872
(7.11);3.4186221831497035
(7.12);1.9910723048114312
(7.13);1.8315955169770552
(7.14);1.8618755766093835
(7.15);1.4639759720679593
(7.16);1.4504190034972808
(7.17);1.0880776367538216
(7.18);1.3263321460243735
(7.19);2.21842235352311
(7.20);1.330047900418513
(7.21);2.1926951415194216
(7.22);3.362886083203972
(7.23);2.754826531834159
(7.24);2.203788489748816
(7.25);5.322376637128725
(7.26);2.8913603696731855
(7.27);2.48317498940113
(7.28);6.0686637155182215
(7.29);3.41721970049988
(7.30);6.827377114727865
(7.31);4.799328877678873
(8.9);4.221385697761254
(8.10);1.7965586551233241
(8.11);1.2872061882340025
(8.12);0.8923711656909823
(8.13);1.1782573646777958
(8.14);0.8114997272910635
(8.15);0.7655355357184265
(8.16);0.8534021015763709
(8.17);2.2123183537850686
(8.18);1.71865348939179
(8.19);1.2293117606886805
(8.20);0.8075427785092908
(8.21);2.3074485659525314
(8.22);2.2060230025129024
(8.23);2.4633333694059707
(8.24);4.04440233231984
(8.25);2.5373745116919997
(8.26);2.0884140100894957
(8.27);1.6325223898670522
(8.28);2.2898430430749315
(8.29);3.403140485619199
(8.30);1.3062492181427185
(8.31);1.723493837159431
(9.10);2.8582002182779878
(9.11);1.5896903176769746
(9.12);0.8901847609366877
(9.13);1.0870799007676115
(9.14);0.8327747632100968
(9.15);0.7687217805829755
(9.16);0.8284263635754089
(9.17);3.420995428471272
(9.18);2.3895134710133994
(9.19);1.184143773841117
(9.20);0.8101098021346907
(9.21);1.908333234786674
(9.22);2.0106145555714243
(9.23);2.1205918093648033
(9.24);2.8932615083693447
(9.25);2.688199854813543
(9.26);1.8686412768371763
(9.27);1.4995731204743048
(9.28);2.7075501712166252
(9.29);4.077837025712573
(9.30);1.5019631340081414
(9.31);1.7258108773505998
(10.11);3.0238351076667604
(10.12);1.0057436033255234
(10.13);1.0998470835901222
(10.14);0.9798632502588102
(10.15);0.8666636991205058
(10.16);0.8888396898803874
(10.17);2.340447709845509
(10.18);2.868621395305407
(10.19);1.2660753499856827
(10.20);0.8989772406482573
(10.21);1.690758407776612
(10.22);1.9977120157464643
(10.23);1.9563258669021724
(10.24);2.183786648840937
(10.25);3.1875524426319752
(10.26);1.817714940185527
(10.27);1.5080351066736732
(10.28);4.214160690524874
(10.29);4.602242087767336
(10.30);2.3102247498705117
(10.31);1.9566115038517105
(11.12);1.3555340007618881
(11.13);1.305684440316265
(11.14);1.3723138882478318
(11.15);1.1352265416468057
(11.16);1.1061905946911819
(11.17);1.3964844566616519
(11.18);1.8376178610887561
(11.19);1.587023204647524
(11.20);1.1234920074769845
(11.21);1.7571446362076955
(11.22);2.3077825559861167
(11.23);2.0945034038377783
(11.24);1.9829543541910548
(11.25);3.892698819185029
(11.26);2.0645460923228747
(11.27);1.7765242572899982
(11.28);6.6831346377846925
(11.29);3.7412646635687064
(11.30);6.732996998063629
(11.31);2.5933393074598468
(12.13);2.671735137852436
(12.14);4.836544967990951
(12.15);4.399864058185122
(12.16);4.551764254901724
(12.17);0.8025811887876246
(12.18);0.9502286072410084
(12.19);7.756547525208987
(12.20);2.4982165329536454
(12.21);2.172121716330651
(12.22);3.034060488006149
(12.23);2.439439343682521
(12.24);1.7344173697056822
(12.25);2.2852955924469
(12.26);3.022008062731153
(12.27);3.911023823298736
(12.28);2.0718009674989935
(12.29);1.7791518927572507
(12.30);1.9089593947999126
(12.31);2.505325629537354
(13.14);1.7613258250212205
(13.15);1.763313473934242
(13.16);2.547255683513855
(13.17);0.916662134081706
(13.18);1.012486275414844
(13.19);4.680711051046124
(13.20);1.534977316791706
(13.21);4.976957842606063
(13.22);7.634865564932691
(13.23);5.514037303801176
(13.24);2.828064120069343
(13.25);2.957879966089169
(13.26);10.29663795553733
(13.28);2.3016127039937557
(13.29);2.2463391440350517
(13.30);1.6776554245523705
(13.31);3.4926456193036737
(14.15);5.68286750452891
(14.16);2.9163649962313003
(14.17);0.7739246034564451
(14.18);0.9452279582218891
(14.19);3.7068909330005817
(14.20);3.0955595776036233
(14.21);1.6910897054515246
(14.22);2.236951458571311
(14.23);1.8852801054061599
(14.24);1.4583117685852638
(14.25);1.968378869299942
(14.26);2.185874021205086
(14.27);2.521962582305065
(14.28);1.9134647192328846
(14.29);1.5990982762820685
(14.30);1.9594728750283545
(14.31);1.9876453926579523
(15.16);4.387923439111511
(15.17);0.7181122926527653
(15.18);0.8620897080346412
(15.19);4.419999429844801
(15.20);4.624497387478922
(15.21);1.655623680897435
(15.22);2.085641092356461
(15.23);1.7899705309711398
(15.24);1.3803307585276081
(15.25);1.7059808022882317
(15.26);2.0991750381861145
(15.27);2.5892725095900753
(15.28);1.616624010326852
(15.29);1.4171274543428023
(15.30);1.5332088440731373
(15.31);1.7152991906895112
(16.17);0.7549912309152047
(16.18);0.8738716365157747
(16.19);10.65390989948486
(16.20);2.994136137478675
(16.21);2.111784882914038
(16.22);2.595931292907409
(16.23);2.2191622096605568
(16.24);1.6194404587692173
(16.25);1.8477023604269684
(16.26);2.730741071530311
(16.27);3.9439914764684345
(16.28);1.663143997063968
(16.29);1.5213649356621057
(16.30);1.4491729407473584
(16.31);1.9227829092008693
(17.18);4.217944132873859
(17.19);1.032998592323426
(17.20);0.7662607164431298
(17.21);1.4610183494734694
(17.22);1.5319078655514597
(17.23);1.5756523047693312
(17.24);1.9204816277782915
(17.25);1.889377393027221
(17.26);1.4525098729477648
(17.27);1.2383066283295292
(17.28);1.998378425891493
(17.29);2.4231542616080373
(17.30);1.3057943547846642
(17.31);1.3291694809554877
(18.19);1.1522934964532612
(18.20);0.904945532645112
(18.21);1.4503831688493172
(18.22);1.580268236817896
(18.23);1.5773209296383226
(18.24);1.7674537011036207
(18.25);1.9919322589156074
(18.26);1.4950462935577424
(18.27);1.3141699569107597
(18.28);2.240611034865501
(18.29);2.398950151796812
(18.30);1.6442796230798014
(18.31);1.4567827379327232
(19.20);2.964101944721265
(19.21);3.1473386432764787
(19.22);4.096695844319858
(19.23);3.366298503557336
(19.24);2.316425274700297
(19.25);2.7048173654172176
(19.26);4.3462583038506315
(19.27);7.027585344791247
(19.28);2.3648387700019673
(19.29);2.1538146649616836
(19.30);2.0665256254681337
(19.31);3.024313739306573
(20.21);1.5286906949387762
(20.22);1.7959158112467983
(20.23);1.609380984541454
(20.24);1.317212682720227
(20.25);1.5387569934204886
(20.26);1.8156748408182148
(20.27);2.136605551296505
(20.28);1.4874295934361863
(20.29);1.339636068605141
(20.30);1.422111095060787
(20.31);1.4999902144844643
(21.22);9.211019258440743
(21.23);16.000263495520212
(21.24);7.185003365703173
(21.25);4.135345942429736
(21.26);11.294428615484655
(21.27);6.0190989962752806
(21.28);3.0621891787974738
(21.29);3.5035150021292987
(21.30);2.024193027615765
(21.31);4.088221289867086
(22.24);5.675605996084182
(22.25);6.318707678183569
(22.27);7.95509067791152
(22.28);4.230741862620691
(22.29);4.341583112274824
(22.30);2.7996111384124043
(22.31);8.492679360713316
(23.24);7.84555365579298
(23.25);5.654500101926168
(23.26);16.330559067137486
(23.27);6.26450034255467
(23.28);3.8436493895862855
(23.29);4.370147621487864
(23.30);2.433533706985891
(23.31);5.935586268114296
(24.25);4.938215020567672
(24.26);5.337453589845841
(24.27);3.4986193908123413
(24.28);3.638100524524638
(24.29);5.127050028876875
(24.30);2.1229062503453076
(24.31);3.808561432476335
(25.26);5.051022478903302
(25.27);3.579509850567828
(25.28);11.794252310024438
(25.29);10.284392836606548
(25.30);4.326986876917784
(25.31);9.865593866023364
(26.28);3.6174018391021976
(26.29);3.749252965559772
(26.30);2.4934347560151418
(26.31);6.153504975298514
(27.28);2.8570669565041413
(27.29);2.785925549374889
(27.30);2.210420869201209
(27.31);4.214250778325497
(28.29);9.395274707634135
(28.30);6.15102466229602
(28.31);5.6505739490683675
(29.30);3.4640355175099646
(29.31);4.692546585472674
(30.31);3.39200455196465

****Importance nodes******

0; 0.061111111111111116
1; 0.016459116831753096
2; 0.016990056084390297
3; 0.017538122409693206
4; 0.01810386829387686
5; 0.01868786404529224
6; 0.019290698369333927
7; 0.01991297896189308
8; 0.02055533312195415
9; 0.021218408383952666
10; 0.021902873170531786
11; 0.02260941746635539
12; 0.02333875351365718
13; 0.022291147828972565
14; 0.02481068581503233
15; 0.02561103051874305
16; 0.026437192793541207
17; 0.0272900054643006
18; 0.03666666666666667
19; 0.03666666666666667
20; 0.03666666666666667
21; 0.03666666666666667
22; 0.03928571428571429
23; 0.03793103448275863
24; 0.03666666666666667
25; 0.03666666666666667
26; 0.03928571428571429
27; 0.03928571428571429
28; 0.03666666666666667
29; 0.03666666666666667
30; 0.028170328221213525
31; 0.02907904848641396
