
****Importance edges******

(0.1);3.966830445424112
(0.2);4.359667076103841
(0.3);5.982333101718138
(0.4);6.277820204273149
(0.5);3.8152946579048526
(0.6);6.658679321420403
(0.7);3.9748947124604728
(0.8);3.3916932928401042
(0.9);2.9507002790248467
(0.10);2.7468607197532275
(0.11);2.9499750467590786
(0.12);3.2621537237039138
(0.13);7.105754571617235
(0.14);2.5241592892900497
(0.15);2.3614713853815155
(0.16);2.8735692590750324
(0.17);2.1152810448783805
(0.30);3.355830713966474
(0.31);8.742950393169377
(1.2);3.078788709411065
(1.3);2.092771971262155
(1.4);1.3038467442675703
(1.5);6.809808280573351
(1.6);1.2406112067190351
(1.7);5.212866358141914
(1.8);0.9642466115788005
(1.9);1.0106691072530487
(1.10);1.2574137498599212
(1.11);2.015633510654149
(1.12);2.6776165426281677
(1.13);2.1913253403082793
(1.14);2.2645156858978535
(1.15);1.7104177499804356
(1.16);1.7072142538565223
(1.17);0.8843926253929106
(1.18);1.081380852372613
(1.19);2.7843620997754863
(1.20);1.454535661095848
(1.21);2.248001040049195
(1.22);3.5834763745071303
(1.23);2.7425176210566775
(1.24);2.0290674915982256
(1.25);3.8797271056172784
(1.26);3.0593138161950053
(1.27);2.7846784755573633
(1.28);3.5012314058515863
(1.29);2.512266349289491
(1.30);3.4332910803417658
(1.31);4.496875323279003
(2.3);4.553365973950292
(2.4);1.8370400808331417
(2.5);4.9879040263257854
(2.6);1.6104833729238153
(2.7);2.1270121019114874
(2.8);0.9068494753718422
(2.9);0.8931131389063061
(2.10);0.9940335363893568
(2.11);1.3282050337754063
(2.12);4.9452956571378515
(2.13);3.9849928278935183
(2.14);2.467475981911923
(2.15);2.2112755815545513
(2.16);2.8001391047660285
(2.17);0.7887561879382595
(2.18);0.9329683710595789
(2.19);5.810236479594505
(2.20);1.6959116083095782
(2.21);2.708456795727152
(2.22);4.352827833288421
(2.23);3.146784691555996
(2.24);2.044208110927856
(2.25);2.8147221214080345
(2.26);4.141569427702268
(2.27);5.167404957319069
(2.28);2.305291991041734
(2.29);1.9934060057512153
(2.30);1.8957527840823485
(2.31);3.3665986950628377
(3.4);3.0936697885100632
(3.5);2.5712181773643854
(3.6);2.4475153679499484
(3.7);1.7543896406630224
(3.8);1.0109596166349664
(3.9);0.9515246551771988
(3.10);0.9893976543949848
(3.11);1.2122289611804324
(3.12);2.803768259913366
(3.13);15.261858443670908
(3.14);1.752711981013436
(3.15);1.7306708743747052
(3.16);2.4918760905292743
(3.17);0.8201842328969202
(3.18);0.9351767834766676
(3.19);4.962535457840097
(3.20);1.487582512347892
(3.21);3.976426935942436
(3.22);6.5742953462823985
(3.23);4.510348689316884
(3.24);2.493529001976793
(3.25);2.8557139300279393
(3.26);7.473578512722024
(3.27);14.730442967150228
(3.28);2.192914410518401
(3.29);2.0728598416100663
(3.30);1.6134928692516581
(3.31);3.355694048838345
(4.5);1.453009795276332
(4.6);8.681183669701058
(4.7);1.2632335819039597
(4.8);1.1244583848604202
(4.9);0.981103023408736
(4.10);0.9213775606376757
(4.11);1.0102783724062487
(4.12);1.617678159894123
(4.13);4.79795051374791
(4.14);1.2108424059678864
(4.15);1.2484224323840376
(4.16);1.7558462413092863
(4.17);0.837182493140603
(4.18);0.9104285005694575
(4.19);2.841321214609167
(4.20);1.2157754560737968
(4.21);7.178465366751531
(4.22);5.040880866010247
(4.23);5.270576787377814
(4.24);3.0289878879653815
(4.25);2.3591421793802154
(4.26);6.809052054785809
(4.27);6.603953704755707
(4.28);1.818555515616325
(4.29);1.9221336555530026
(4.30);1.2490361321663457
(4.31);2.302871468343534
(5.6);1.3436152311309353
(5.7);3.1840718340640186
(5.8);0.9340689552423037
(5.9);0.9569493911866207
(5.10);1.1400337881200795
(5.11);1.6900939411861846
(5.12);4.331204780950809
(5.13);2.562558778459186
(5.14);3.07802524004536
(5.15);2.2517132137746607
(5.16);2.2423267575277994
(5.17);0.8476473332665281
(5.18);1.0248758884296012
(5.19);3.7776844019668503
(5.20);1.7296830145241056
(5.21);2.2988836686232106
(5.22);3.5699819770436876
(5.23);2.716491275824246
(5.24);1.948546580952792
(5.25);3.1434126840506336
(5.26);3.197059469826449
(5.27);3.281843024198098
(5.28);2.7765429070137806
(5.29);2.180907340060838
(5.30);2.6455260228835793
(5.31);3.631687047581365
(6.7);1.2413607121921524
(6.8);1.2734834483778348
(6.9);1.0739227568369942
(6.10);0.9697270867510914
(6.11);1.0253881062370955
(6.12);1.4460632956386847
(6.13);3.508989725484678
(6.14);1.1256688096985688
(6.15);1.1468371098383754
(6.16);1.541579579934524
(6.17);0.8999988400144301
(6.18);0.9546035117714367
(6.19);2.403685513330191
(6.20);1.1394738260170045
(6.21);10.108947833132937
(6.22);4.747069223501833
(6.23);5.736252750265872
(6.24);3.610882764172051
(6.25);2.4067717890654903
(6.26);5.967952482927585
(6.27);4.619043785639944
(6.28);1.8480544346480416
(6.29);2.030800158941357
(6.30);1.2370629792586894
(6.31);2.242327377295697
(7.8);1.1650097837689832
(7.9);1.2793947236420355
(7.10);1.7520889518688596
(7.11);3.402822770807781
(7.12);1.9818704185950036
(7.13);1.9009071746347914
(7.14);1.8556775014684175
(7.15);1.4591291834236062
(7.16);1.4456434476939064
(7.17);1.08451478166662
(7.18);1.325936698537887
(7.19);2.2177609282939197
(7.20);1.3296513450754919
(7.21);2.2411413060826306
(7.22);3.362232764747994
(7.23);2.7541465615358236
(7.24);2.2524797545832396
(7.25);5.439971066717801
(7.26);2.8244982674821375
(7.27);2.372607634311513
(7.28);6.066854336306666
(7.29);3.4162008524342693
(7.30);6.805144083114404
(7.31);4.754409410691439
(8.9);4.201876255149558
(8.10);1.7882557279590847
(8.11);1.2812572707323182
(8.12);0.8882470071108711
(8.13);1.2220951513992881
(8.14);0.8087834393021843
(8.15);0.7629871125944154
(8.16);0.8505767412604194
(8.17);2.2050342174576656
(8.18);1.7180576590434955
(8.19);1.2288855774824352
(8.20);0.8072628160282254
(8.21);2.3577381203041283
(8.22);2.2054895921314457
(8.23);2.462606990496072
(8.24);4.132547825100071
(8.25);2.59267517377346
(8.26);2.040534674506049
(8.27);1.560531005986613
(8.28);2.2890491902207546
(8.29);3.401960669912684
(8.30);1.3019719712673048
(8.31);1.7074684233247777
(9.10);2.8449908370170425
(9.11);1.5823434476576028
(9.12);0.8860707069859886
(9.13);1.1268324298897823
(9.14);0.8299719748717583
(9.15);0.7661486808404069
(9.16);0.8256685805555852
(9.17);3.4096695309760574
(9.18);2.388568051945087
(9.19);1.1836752633610574
(9.20);0.8097892794577294
(9.21);1.9493468386625357
(9.22);2.010031887479172
(9.23);2.1198636417883074
(9.24);2.9554430389586828
(9.25);2.745974231937356
(9.26);1.8261753439746249
(9.27);1.4340933300517822
(9.28);2.7064789198546504
(9.29);4.076223615732531
(9.30);1.4970178673343237
(9.31);1.7098703197591065
(10.11);3.0098602326555666
(10.12);1.0010954857366556
(10.13);1.139364853852707
(10.14);0.976547388236298
(10.15);0.8637468541145491
(10.16);0.8858645261280588
(10.17);2.3326564960010576
(10.18);2.867344746913679
(10.19);1.2655118970803911
(10.20);0.8985771607177542
(10.21);1.7265799568238793
(10.22);1.9970362857989263
(10.23);1.9555583622323562
(10.24);2.2300538270435832
(10.25);3.255086080577701
(10.26);1.7767744499557665
(10.27);1.4428444566470577
(10.28);4.212285224673282
(10.29);4.600193910559529
(10.30);2.302576283435807
(10.31);1.938660372169398
(11.12);1.3492693012794197
(11.13);1.3517648215724294
(11.14);1.3676446667486468
(11.15);1.1313849294877618
(11.16);1.1024675975066507
(11.17);1.391810081762046
(11.18);1.8367085684303281
(11.19);1.586237911589975
(11.20);1.122936079579333
(11.21);1.7938321510855448
(11.22);2.306889105287206
(11.23);2.093578308954825
(11.24);2.024356561995923
(11.25);3.97397468168435
(11.26);2.0184680982053687
(11.27);1.700510056171528
(11.28);6.679827679689595
(11.29);3.7394134057180644
(11.30);6.710583243974918
(11.31);2.569707852370521
(12.13);2.7643218675794725
(12.14);4.819999579012572
(12.15);4.3848937660166145
(12.16);4.536361062441683
(12.17);0.799880020001202
(12.18);0.9497107516322008
(12.19);7.752320361755578
(12.20);2.4968550548485373
(12.21);2.21680031586625
(12.22);3.032736236701949
(12.23);2.4382405212767013
(12.24);1.7700927826008555
(12.25);2.3323020773173186
(12.26);2.955183605918347
(12.27);3.745416747646738
(12.28);2.0706718773588135
(12.29);1.7781822905167324
(12.30);1.9025696409885804
(12.31);2.482652731082372
(13.14);1.8223630872153953
(13.15);1.8233311513568013
(13.16);2.6323873783626826
(13.17);0.9467347755945009
(13.18);1.0427844967757498
(13.19);4.8207793393722325
(13.20);1.5809108604430204
(13.21);5.232842308990134
(13.22);7.854283800953488
(13.23);5.675815535166784
(13.24);2.9734657290741233
(13.25);3.109955904983307
(13.26);10.365564308955413
(13.27);26.21426197956825
(13.28);2.370487485692997
(13.29);2.313559887950573
(13.30);1.7316664962967379
(13.31);3.582569813009194
(14.15);5.669845329192707
(14.16);2.909682205141234
(14.17);0.7721511709639262
(14.18);0.9455094296205157
(14.19);3.7079947765405357
(14.20);3.096481377975968
(14.21);1.726444199745389
(14.22);2.2377777249032205
(14.23);1.8859080704337083
(14.24);1.4887997284698973
(14.25);2.009530464793953
(14.26);2.140388193561783
(14.27);2.419632795051689
(14.28);1.9140345136259307
(14.29);1.5995744581643874
(14.30);1.954982782777423
(14.31);1.9720301355892098
(15.16);4.377868601770959
(15.17);0.7164667529356147
(15.18);0.8623177362119643
(15.19);4.421168547634242
(15.20);4.625720596270854
(15.21);1.689743135295627
(15.22);2.0863430282536415
(15.23);1.79050757703994
(15.24);1.4087769162586186
(15.25);1.7411380272418595
(15.26);2.055972714729747
(15.27);2.4854340915310704
(15.28);1.6170516175967868
(15.29);1.417502293512597
(15.30);1.5296955271818624
(15.31);1.7019632131181615
(16.17);0.7532611838608896
(16.18);0.8740735385168361
(16.19);10.656371411722985
(16.20);2.994827911936554
(16.21);2.1546718828500557
(16.22);2.596719212549482
(16.23);2.2197542128977235
(16.24);1.6523287247159752
(16.25);1.885226263384388
(16.26);2.6751685292145426
(16.27);3.7876989494268827
(16.28);1.6635282549881631
(16.29);1.5217164365141984
(16.30);1.4458521904198425
(16.31);1.9079906994702336
(17.18);4.21877678541933
(17.19);1.0332025136842289
(17.20);0.76641198182644
(17.21);1.490249032877793
(17.22);1.5323219094608886
(17.23);1.5760199325524449
(17.24);1.9589048210705855
(17.25);1.9271782819939947
(17.26);1.4232862668586306
(17.27);1.1898272459224417
(17.28);1.9987729201831936
(17.29);2.423632609708542
(17.30);1.302802153571548
(17.31);1.3190526360601489
(18.19);1.1546554886213962
(18.20);0.9068005064580128
(18.21);1.4784140560059251
(18.22);1.5835074993932772
(18.23);1.5805541507698389
(18.24);1.8016124643285627
(18.25);2.0304294157859326
(18.26);1.4713906966084618
(18.27);1.271454670999092
(18.28);2.245203880119318
(18.29);2.4038675634525504
(18.30);1.644548650901733
(18.31);1.4503269837288684
(19.20);2.9701778148017044
(19.21);3.2081658069171795
(19.22);4.105093325976484
(19.23);3.3731988034596445
(19.24);2.3611937585578096
(19.25);2.7570921242379476
(19.26);4.277488972013627
(19.27);6.799163354398883
(19.28);2.369686259526849
(19.29);2.158229593437729
(19.30);2.066863738815877
(19.31);3.0109114483348867
(20.21);1.558234995567404
(20.22);1.7995971121426653
(20.23);1.6126799229566517
(20.24);1.3426698452574046
(20.25);1.5684958407612444
(20.26);1.7869460500038947
(20.27);2.0671581282108136
(20.28);1.4904785536717187
(20.29);1.3423820789852534
(20.30);1.422343772912582
(20.31);1.4933429857105698
(21.22);9.38354892762673
(21.23);16.304807925419656
(21.25);4.2867130859591125
(21.26);11.304122851586387
(21.27);5.923860888621185
(21.28);3.121370697975718
(21.29);3.5712258221287363
(21.30);2.0640783407774626
(21.31);4.148886764133081
(22.24);5.781914581210317
(22.25);6.437062065989346
(22.27);7.705683928562564
(22.28);4.239414114243797
(22.29);4.350482568307567
(22.30);2.8002742210694045
(22.31);8.457152652735987
(23.24);7.994883675640336
(23.25);5.7621262363576164
(23.26);16.076945432849506
(23.27);6.0644257550918
(23.28);3.851528172017328
(23.29);4.379105629571153
(23.30);2.4340196670249235
(23.31);5.910008503945969
(24.25);5.118969789867094
(24.26);5.342034834018836
(24.27);3.443261954360626
(24.28);3.7084124168973642
(24.29);5.22613816220081
(24.30);2.164736638778016
(24.31);3.8650770095917473
(25.26);5.055357873471073
(25.27);3.5228725125363005
(25.28);12.022194389537917
(25.29);10.483154557832162
(25.30);4.412247138304862
(26.27);9.72660941053668
(26.28);3.560164949329537
(26.29);3.6899298413218453
(26.30);2.443848503018385
(26.31);6.005579010171371
(27.28);2.7642019269285645
(27.29);2.6953728733344877
(27.30);2.1249467060590295
(27.31);4.034843170841316
(28.29);9.414533312620812
(28.30);6.152031058497929
(28.31);5.625533347216058
(29.30);3.4646022835984627
(29.31);4.671751496021697
(30.31);3.3664641183544854

****Importance nodes******

0; 0.05789473684210527
1; 0.01634953624327783
2; 0.01687694063822228
3; 0.01742135807816493
4; 0.01798333737100896
5; 0.018563445028138285
6; 0.019162265835497582
7; 0.019780403443094275
8; 0.02041848097351667
9; 0.02107714165008172
10; 0.021757049445245653
11; 0.022458889749930995
12; 0.023183370064444896
13; 0.02393122071168505
14; 0.02470319557335231
15; 0.025500072849912063
16; 0.026322655845070514
17; 0.027171773775556657
18; 0.03666666666666667
19; 0.03666666666666667
20; 0.03666666666666667
21; 0.03793103448275863
22; 0.03928571428571429
23; 0.03793103448275863
24; 0.03793103448275863
25; 0.03793103448275863
26; 0.03793103448275863
27; 0.03666666666666667
28; 0.03666666666666667
29; 0.03666666666666667
30; 0.028048282607026225
31; 0.028653800298069354
