
****Importance edges******

(0.1);4.142454249708385
(0.2);4.478618678079074
(0.3);6.15644223816901
(0.4);6.563438370767373
(0.5);3.92927490985098
(0.6);6.853422842034158
(0.7);4.1302897291755345
(0.8);3.491130116617203
(0.9);3.036844512491407
(0.10);2.826710366641443
(0.11);3.0353547578206728
(0.12);3.3650038408321707
(0.14);2.620238246591838
(0.15);2.4159889342229537
(0.16);2.9481576348484264
(0.17);2.1737354970270863
(0.30);3.461739482697523
(0.31);9.014120589358834
(1.2);3.2019344784609842
(1.3);2.1845413599124934
(1.4);1.4079430680946727
(1.6);1.2945000224865784
(1.8);1.0058095819837571
(1.9);1.0537250349244691
(1.10);1.310351801085393
(1.11);2.099488550436059
(1.12);2.80259021013915
(1.13);2.1872423582520515
(1.14);2.398715636028427
(1.15);1.7600411230630264
(1.16);1.766221138320948
(1.17);0.9177116727483672
(1.18);1.0927537153845999
(1.19);2.9484552206389965
(1.20);1.4698329865324857
(1.21);2.2700494754260827
(1.22);3.6160292935664473
(1.23);2.7694162841180257
(1.24);2.0985993312497047
(1.25);3.9177795401331847
(1.26);3.1641500124240785
(1.27);2.948790241657216
(1.28);3.619890352635638
(1.29);2.660323825624386
(1.30);3.5880453106546066
(1.31);4.694049918407375
(2.3);4.58442664801313
(2.4);1.915777783352503
(2.5);5.033803589204438
(2.6);1.6236940476745916
(2.7);2.1895978682848294
(2.8);0.9150666261460874
(2.9);0.9012907492252482
(2.10);1.0032293964635
(2.11);1.3406176873212796
(2.13);3.8559006507235996
(2.14);2.5378540477437954
(2.15);2.2095665750678544
(2.16);2.8149164342216064
(2.17);0.7957886454838685
(2.18);0.9209569974109544
(2.19);6.013975781837596
(2.20);1.6740778263354783
(2.21);2.673146946056917
(2.22);4.295357871241313
(2.23);3.10576040991387
(2.25);2.7780269025191093
(2.26);4.187903652559639
(2.27);5.348603000481187
(2.28);2.3289651655414105
(2.29);2.063305940138616
(2.30);1.9275828629048917
(2.31);3.4203060525718096
(3.4);3.237500342657887
(3.5);2.6053731738648156
(3.6);2.4774543545562007
(3.7);1.8124182340613861
(3.8);1.0240460457826166
(3.9);0.9638677084092978
(3.10);1.0022589277110905
(3.11);1.2280197270152153
(3.12);2.855563323992963
(3.13);14.830019170487898
(3.14);1.8083765941195897
(3.15);1.7354742976433155
(3.16);2.5135146999040177
(3.17);0.8302010664884073
(3.18);0.9258841298065941
(3.19);5.148732858546239
(3.20);1.4728007199240944
(3.21);3.936007288853158
(3.22);6.505936828672469
(3.23);4.464501825987414
(3.24);2.527993098778252
(3.25);2.8266861241360877
(3.26);7.5768739358398465
(3.27);15.283138301024419
(3.28);2.2213645892805127
(3.29);2.1506348253487064
(3.30);1.6456488023823417
(3.31);3.4196563526246737
(4.5);1.5221161270662378
(4.7);1.3465492846325553
(4.8);1.1757010327987742
(4.9);1.0252994668092505
(4.10);0.9624026077991351
(4.11);1.054736082443026
(4.12);1.6966742437569675
(4.13);4.808264568623434
(4.14);1.2845378064263937
(4.15);1.2880229924891655
(4.17);0.8706437422561271
(4.18);0.9224685849565657
(4.19);3.0123517766312564
(4.20);1.231853642419839
(4.21);7.268017868832526
(4.22);5.0999039062273095
(4.23);5.3363280746802255
(4.24);3.138698770732876
(4.25);2.3885728548985283
(4.26);7.05567803658931
(4.27);7.00147226333501
(4.28);1.8838407731861686
(4.29);2.037834618084275
(4.30);1.3078190797695757
(4.31);2.4084633322545463
(5.6);1.3628357478273305
(5.7);3.293905274012733
(5.8);0.9480142114321185
(5.9);0.9712300587583785
(5.10);1.1570392933537297
(5.11);1.7152936387601696
(5.12);4.418589743170524
(5.13);2.497556826059109
(5.14);3.1797568514331718
(5.15);2.262510492375291
(5.16);2.265907045615338
(5.17);0.8594491997537697
(5.18);1.0166127363222246
(5.19);3.9227983357969674
(5.20);1.7157372928929147
(5.21);2.279738677886355
(5.22);3.539282286583528
(5.23);2.693868469362903
(5.24);1.9781126097141948
(5.25);3.1172344969854717
(5.26);3.2455696533451746
(5.27);3.4079099744193386
(5.28);2.816453283085065
(5.29);2.2646835399123737
(5.30);2.702188804802699
(5.31);3.7063243573505624
(6.7);1.2825502760790481
(6.8);1.2912270059489732
(6.9);1.0888964979873519
(6.10);0.9832576537157434
(6.11);1.039705471189073
(6.12);1.4737844133133002
(6.13);3.4187337589726132
(6.14);1.1615825975516487
(6.15);1.151479400343788
(6.16);1.5565436253516618
(6.17);0.911775184409364
(6.18);0.946467950269501
(6.19);2.4937157867980115
(6.20);1.1297627163499089
(6.21);10.02024336608822
(6.22);4.704188220617311
(6.23);5.685918012027496
(6.24);3.6631683000384343
(6.25);2.385652735691055
(6.26);6.054368357929422
(6.27);4.792050517541762
(6.28);1.8733240039970065
(6.29);2.1068639753824177
(6.30);1.262423504053052
(6.31);2.286403499468145
(7.8);1.2036842700496027
(7.9);1.3214816321993756
(7.10);1.8091991734499226
(7.11);3.5127186597248046
(7.12);2.055434750066019
(7.13);1.8867548637341127
(7.14);1.9467222258240204
(7.15);1.490186185522057
(7.16);1.4840400936257077
(7.17);1.1166043549370699
(7.18);1.3331525441719965
(7.19);2.3306807388702993
(7.20);1.3368874060909466
(7.21);2.2520925098327416
(7.22);3.3767492588802934
(7.23);2.7676045349671226
(7.24);2.315306360596553
(7.25);5.466553161913962
(7.26);2.903279725772856
(7.27);2.4934116403793034
(7.28);6.233056223648892
(7.29);3.5901405896829086
(7.31);4.92353125083763
(8.9);4.262974338450307
(8.10);1.8142581589673714
(8.11);1.2998876060166937
(8.12);0.9056461904934294
(8.13);1.1927175994842896
(8.14);0.8346272656426413
(8.15);0.7666942240106134
(8.16);0.8593813750247118
(8.17);2.235085735178639
(8.18);1.7050113279421486
(8.19);1.274811630229401
(8.20);0.8011327435430137
(8.21);2.339204555220028
(8.22);2.1875493636774985
(8.23);2.4432490785456844
(8.24);4.194095668359875
(8.25);2.572294829721991
(8.26);2.070925250399663
(8.27);1.61885134972524
(8.28);2.32135673840626
(8.29);3.5290991342517253
(8.30);1.329108062600431
(8.31);1.741644289212954
(9.10);2.8863589013280526
(9.11);1.6053517767717442
(9.12);0.9033607032980536
(9.13);1.1003810518251733
(9.14);0.8562849239915862
(9.15);0.769976050947084
(9.16);0.8342634461217755
(9.17);3.4561809889012367
(9.18);2.3710331579930535
(9.19);1.2276034474000412
(9.20);0.8038444753617264
(9.21);1.934510962942283
(9.22);1.9941789083756336
(9.23);2.1037300154321934
(9.24);2.999448107878674
(9.25);2.7250754715792507
(9.26);1.8533661816298506
(9.27);1.487314950610712
(9.28);2.7446912276410314
(9.29);4.2274991443496495
(9.30);1.5280926798927563
(9.31);1.7439702754424327
(10.11);3.0536256079431006
(10.12);1.0205546623718396
(10.13);1.1132638441230385
(10.14);1.0072620066226796
(10.15);0.8681804027534875
(10.16);0.8951377574795628
(10.17);2.364505530439604
(10.18);2.847025240940852
(10.19);1.3121447633502943
(10.20);0.8922093725388462
(10.21);1.713875152668417
(10.22);1.9817846687851395
(10.23);1.9411686515742748
(10.24);2.2632493520889794
(10.25);3.2311339716704564
(10.26);1.8032226728812724
(10.27);1.4960118529791835
(10.28);4.271778430095392
(10.29);4.769706522761481
(10.30);2.3501773000667514
(10.31);1.9771818325675132
(11.12);1.3753946337776617
(11.13);1.3215639411014313
(11.14);1.4103159830712373
(11.15);1.137348007535514
(11.16);1.1140728293982953
(11.17);1.4108306859917263
(11.18);1.824164213557316
(11.19);1.644269167550927
(11.20);1.115266649096962
(11.21);1.7810890225689486
(11.22);2.2898526497080396
(11.23);2.078705826356927
(11.24);2.054482061578531
(11.25);3.9457441306488152
(11.26);2.0485059685052724
(11.27);1.7627218679135301
(11.28);6.774204863066065
(11.29);3.8762168794627603
(11.30);6.848738885087807
(11.31);2.620580264978386
(12.13);2.7170424330353713
(12.14);4.991323859532654
(12.15);4.428432455902988
(12.16);4.604546733839631
(12.17);0.8143172858457977
(12.18);0.9469624085375448
(12.19);8.062371400086437
(12.20);2.48962947133634
(12.21);2.209604338268582
(12.22);3.0217950847951554
(12.23);2.4303257244214067
(12.24);1.8028016913299936
(12.25);2.3247311683007292
(12.26);3.009791382298183
(12.27);3.895213234040482
(12.28);2.1075524319825716
(12.29);1.8492999997688055
(12.30);1.9497496594577801
(12.31);2.5421598309694047
(13.14);1.8141911500951082
(13.15);1.7703330552048966
(13.16);2.570782735702351
(13.17);0.9279991109695984
(13.18);1.0067608943709812
(13.19);4.858446994088452
(13.20);1.5262973670030358
(13.21);5.053634972826626
(13.22);7.587712263164394
(13.23);5.481437848519279
(13.24);2.935451360572547
(13.25);3.0034503234257413
(13.26);10.233045417779184
(13.28);2.337072328648527
(13.29);2.3316371258595723
(13.30);1.7100205913645392
(13.31);3.536398882390853
(14.15);5.790815553378338
(14.16);2.9856294275577593
(14.17);0.7944279496274629
(14.18);0.9518960536887449
(14.19);3.8881330267940246
(14.20);3.1173971529813453
(14.21);1.7371761755184592
(14.22);2.2504500868430783
(14.23);1.8976313104463987
(14.24);1.5296134289575765
(14.25);2.0220221701537877
(14.26);2.1990644285105736
(14.27);2.537181077674466
(14.28);1.9656114706575916
(14.29);1.6772834522187792
(14.31);2.03967377668327
(15.16);4.387426562445453
(15.17);0.720246812470261
(15.18);0.8511629492326105
(15.19);4.546528061738506
(15.20);4.565883107476901
(15.21);1.6676497000193609
(15.22);2.0587654423305213
(15.23);1.7670966440769986
(15.24);1.4198446465290442
(15.25);1.7183726024217234
(15.26);2.0721249892221594
(15.27);2.555907046066864
(15.28);1.6283667460013125
(15.30);1.5479629045421857
(15.31);1.7211820515947092
(16.17);0.7608456436664232
(16.18);0.8665323824344577
(16.20);2.968989737310997
(16.21);2.1356034697508326
(16.22);2.57314524340399
(16.23);2.2001098342583703
(16.24);1.6718485613240777
(16.25);1.8685423898619986
(16.26);2.7067717155589435
(16.27);3.9093726923467553
(16.28);1.6819024132438867
(16.29);1.570599132041357
(16.30);1.4697905621900873
(16.31);1.9382624910719537
(17.18);4.193750773105448
(17.19);1.0686175006443068
(17.20);0.7618655844533946
(17.21);1.4810039654309592
(17.22);1.5223874190320656
(17.23);1.5662427676272879
(17.24);1.9867019106906942
(17.25);1.9152226337727694
(17.26);1.4434828662489558
(17.27);1.230610844337077
(17.28);2.0257147175759838
(17.29);2.5067072404145616
(17.30);1.3279274411060575
(17.31);1.3435549543289584
(18.19);1.1720715452868253
(18.20);0.8887374595983459
(18.21);1.4489647315057281
(18.22);1.5519647620872532
(18.23);1.5490702428030114
(18.24);1.797790404138991
(18.25);1.989984200524812
(18.26);1.4682691907817857
(18.27);1.290632448973441
(18.28);2.2384197750435657
(18.29);2.440125905541464
(18.30);1.6441135301610106
(18.31);1.4493261892255784
(19.20);3.014978004675438
(19.21);3.254652344168586
(19.22);4.162056998044187
(19.23);3.4220766798759223
(19.24);2.437432309129163
(19.25);2.797042573638849
(19.26);4.4156011274135505
(19.27);7.139707675441838
(19.29);2.266327133273503
(19.30);2.14829771916843
(19.31);3.127152596138034
(20.21);1.5271956748536917
(20.22);1.7637499696525
(20.23);1.5805560844601427
(20.24);1.3398214163833242
(20.25);1.5372521287550307
(20.26);1.7831551041185498
(20.27);2.098337768763431
(20.28);1.4859749256445274
(20.29);1.3626296788837973
(20.30);1.4219674439571008
(20.31);1.4923125081228308
(21.22);9.196632971159358
(21.23);15.980023689529556
(21.24);7.429987903272085
(21.26);11.276788342439675
(21.27);6.009698029356645
(21.28);3.1110451898986797
(21.29);3.622973123298654
(21.30);2.062754784798079
(21.31);4.14450888814539
(22.24);5.766158033649559
(22.25);6.30883876559584
(22.27);7.812610621212015
(22.28);4.2241340523294175
(22.29);4.410851345014581
(22.30);2.7973924870968854
(22.31);8.445047604605495
(23.24);7.975551240578556
(23.25);5.647347345656298
(23.26);16.038069757332256
(23.27);6.15229969014984
(23.28);3.8387872997861323
(23.29);4.442559163218941
(23.30);2.4324588923098442
(23.31);5.903772304746668
(24.25);5.106591604635036
(24.26);5.422610540188171
(24.27);3.5544384724614853
(24.28);3.7621475610068065
(24.30);2.2069093164969105
(24.31);3.938067871837372
(25.26);5.043133508268522
(25.27);3.5739191710141376
(25.28);11.982424917314255
(25.29);10.635056168969028
(25.30);4.409417858055633
(25.31);10.00142569726107
(26.28);3.611751977712336
(26.29);3.8090708062650123
(26.30);2.4914587450521584
(26.31);6.118992634052292
(27.28);2.852604628843632
(27.29);2.830373884085824
(27.30);2.208669142648183
(27.31);4.190614873009329
(28.29);9.715622091265095
(28.30);6.268204356235222
(28.31);5.728372388520589
(29.30);3.6011068576511316
(29.31);4.8521120829957685
(30.31);3.4494986966407257

****Importance nodes******

0; 0.061111111111111116
1; 0.01799596096861258
2; 0.017261831543884935
3; 0.017972279374266525
4; 0.01983148068884582
5; 0.019231615323225402
6; 0.019811485176658473
7; 0.021241088282642963
8; 0.021136406756383917
9; 0.021818226329170493
10; 0.02252204008172438
11; 0.023248557503715486
12; 0.024223066952500354
13; 0.02302689936808864
14; 0.026373460214649484
15; 0.02594305174561399
16; 0.02704838356638579
17; 0.028082861353746248
18; 0.03666666666666667
19; 0.03928571428571429
20; 0.03666666666666667
21; 0.03793103448275863
22; 0.03928571428571429
23; 0.03793103448275863
24; 0.03928571428571429
25; 0.03793103448275863
26; 0.03928571428571429
27; 0.03928571428571429
28; 0.03793103448275863
29; 0.03928571428571429
30; 0.02934610395939957
31; 0.029935408621912237
