
****Importance edges******

(0.1);3.93538861746897
(0.2);4.325483296710052
(0.3);5.935945204259751
(0.4);6.229695135478687
(0.5);3.7863894425944635
(0.6);6.608839648699295
(0.7);3.945511386380946
(0.8);3.366940439739206
(0.9);2.929447878844773
(0.10);2.727342953329139
(0.11);2.9293043925003905
(0.12);3.2396212028686278
(0.13);7.0573922422438615
(0.14);2.5072384265353165
(0.15);2.3458863070826568
(0.16);2.854906542001172
(0.17);2.101768136236983
(0.30);3.3347539901845313
(0.31);8.690658036130353
(1.2);3.0916045929061533
(1.3);2.101483423816044
(1.4);1.309274186533714
(1.5);6.8381550486646265
(1.6);1.2457754223209085
(1.7);5.2345656347818466
(1.8);0.9682604213594956
(1.9);1.0148761570876303
(1.10);1.2626479083697493
(1.11);2.0240238637051315
(1.12);2.6887624915365644
(1.13);2.2004470348810123
(1.14);2.2739420453990937
(1.15);1.7175376002464426
(1.16);1.714320769127187
(1.17);0.8880740319201936
(1.18);1.0742878210034166
(1.19);2.766098813835498
(1.20);1.4449950195641144
(1.21);2.2330055324777596
(1.22);3.559165013409459
(1.23);2.791892213287151
(1.24);2.0655975686473464
(1.25);3.853847012080438
(1.26);3.1143918113261657
(1.27);2.766413114434205
(1.28);3.5608189477372707
(1.29);2.6184886005619767
(1.30);3.4475826289484917
(1.31);4.517552795865115
(2.3);4.572319989097311
(2.4);1.8446870140506764
(2.5);5.008666866169478
(2.6);1.6171872325342775
(2.7);2.135866083741229
(2.8);0.9106243616407252
(2.9);0.8968308457762735
(2.10);0.998171338361163
(2.11);1.3337338707879702
(2.12);4.965881133756275
(2.13);4.001580911270247
(2.14);2.4777471916946694
(2.15);2.2204803217636186
(2.16);2.811795070772084
(2.17);0.7920394945775712
(2.18);0.9269473432512182
(2.19);5.772739393410267
(2.20);1.6849668311114434
(2.21);2.6906721186288416
(2.22);4.323744430917444
(2.23);3.2030183497897196
(2.24);2.080738509902081
(2.25);2.7962396689171225
(2.26);4.215580083840769
(2.27);5.134056464583197
(2.28);2.344233879631491
(2.29);2.076941627537798
(2.30);1.9036441170413214
(2.31);3.3820619595634653
(3.4);3.106547616553484
(3.5);2.5819212283729946
(3.6);2.4577034889184977
(3.7);1.7616925300009625
(3.8);1.0151678757549991
(3.9);0.9554855080561832
(3.10);0.9935161588673054
(3.11);1.217275031762792
(3.12);2.815439332779276
(3.13);15.3253880386492
(3.14);1.7600078868612299
(3.15);1.737875031070009
(3.16);2.5022488691362637
(3.17);0.8235983631167646
(3.18);0.9292414334964011
(3.19);4.931039397146351
(3.20);1.4781411714257142
(3.21);3.9507359338123766
(3.22);6.531053662842911
(3.23);4.590341415878112
(3.24);2.537752674550062
(3.25);2.8372636595109477
(3.26);7.606125232184769
(3.27);14.636952264729926
(3.28);2.2296769952186697
(3.29);2.158937570932002
(3.30);1.6202092563065011
(3.31);3.371090157123944
(4.5);1.4590581493568056
(4.6);8.717320296475823
(4.7);1.268491966268979
(4.8);1.1291390982888525
(4.9);0.9851870003332488
(4.10);0.9252129220692759
(4.11);1.0144837957530306
(4.12);1.6244119687996772
(4.13);4.817922645843703
(4.14);1.2158827048225507
(4.15);1.253619163292262
(4.16);1.7631551939487202
(4.17);0.8406673809678907
(4.18);0.9047486129153145
(4.19);2.823595072162814
(4.20);1.2081906012512111
(4.21);7.1328530208584064
(4.22);5.008256308765317
(4.23);5.363333455214394
(4.24);3.08229492336953
(4.25);2.3441520660900763
(4.26);6.928884286666067
(4.27);6.562753637872133
(4.28);1.8488065924355843
(4.29);2.0012138012598144
(4.30);1.254235417684728
(4.31);2.3134253637253175
(5.6);1.3492082152196987
(5.7);3.1973259731157246
(5.8);0.9379571463579112
(5.9);0.960932825278949
(5.10);1.1447793363171188
(5.11);1.6971291907893116
(5.12);4.3492340194290335
(5.13);2.573225783523113
(5.14);3.090837945493701
(5.15);2.261086281216371
(5.16);2.251660752548164
(5.17);0.8511757824370931
(5.18);1.018593965963056
(5.19);3.7545292855433434
(5.20);1.7190810141144857
(5.21);2.284524696462759
(5.22);3.5472577855821124
(5.23);2.7639239031444585
(5.24);1.9825701335454151
(5.25);3.1237787304777993
(5.26);3.2528832936327015
(5.27);3.2617271412330155
(5.28);2.8223660650469493
(5.29);2.269786829179
(5.30);2.6565383905685924
(5.31);3.648312057023688
(6.7);1.2465280477141403
(6.8);1.2787844992285948
(6.9);1.078393108729697
(6.10);0.9737637097670993
(6.11);1.0296564259391312
(6.12);1.452082733954403
(6.13);3.5235963801634513
(6.14);1.130354561687672
(6.15);1.1516109778022943
(6.16);1.5479966179840845
(6.17);0.9037452095668721
(6.18);0.9488577015141237
(6.19);2.389217599994928
(6.20);1.1326152713220625
(6.21);10.046910314831958
(6.22);4.717364491068838
(6.23);5.835613314703904
(6.24);3.6734287092667945
(6.25);2.392001691190313
(6.26);6.0713264368063715
(6.27);4.591241510836599
(6.28);1.878309495204143
(6.29);2.112765229380408
(6.30);1.24221242487339
(6.31);2.25258056739863
(7.8);1.1698592979996232
(7.9);1.284720380993028
(7.10);1.7593822642717356
(7.11);3.416987490865316
(7.12);1.9901202281091919
(7.13);1.9088199634567822
(7.14);1.8634020155250597
(7.15);1.4652030103029499
(7.16);1.4516611383345313
(7.17);1.0890292243265063
(7.18);1.3181036518626155
(7.19);2.204659379113574
(7.20);1.3217963539139237
(7.21);2.227634899527087
(7.22);3.3415602774130178
(7.23);2.801464364883996
(7.24);2.2911786370470963
(7.25);5.4071866721425605
(7.26);2.87302475312546
(7.27);2.358591319383235
(7.28);6.165365549546628
(7.29);3.552727864902403
(7.30);6.8334714358391615
(7.31);4.776124388379734
(8.9);4.2193671457657835
(8.10);1.795699589565727
(8.11);1.2865906811929804
(8.12);0.8919444580347354
(8.13);1.2271822913619528
(8.14);0.8121501121430875
(8.15);0.7661631518962922
(8.16);0.8541173844966066
(8.17);2.2142129771261154
(8.18);1.708101521836987
(8.19);1.221764190516106
(8.20);0.8025847312644323
(8.21);2.3437917417513554
(8.22);2.1921723110758897
(8.23);2.50456540952141
(8.24);4.202959049447676
(8.25);2.5773391069192
(8.26);2.0753017360952835
(8.27);1.5514877350993814
(8.28);2.3259089253199954
(8.29);3.536557178368237
(8.30);1.3073916095317393
(8.31);1.7152580175848018
(9.10);2.8568335045571542
(9.11);1.5889301709401744
(9.12);0.8897590987598154
(9.13);1.1315230256087454
(9.14);0.8334268479202502
(9.15);0.7693378806070399
(9.16);0.829105540130502
(9.17);3.423862751619023
(9.18);2.3749976099059364
(9.19);1.1769503151053289
(9.20);0.8051885319630712
(9.21);1.9380354389701722
(9.22);1.9981185617508788
(9.23);2.155677661067438
(9.24);3.005373747655751
(9.25);2.7300402732049607
(9.26);1.8570276486639048
(9.27);1.4259456532885633
(9.28);2.749691767116427
(9.29);4.235850893133539
(9.30);1.5032494110967058
(9.31);1.717661825921347
(10.11);3.022389191840165
(10.12);1.0052626840485899
(10.13);1.144107617518411
(10.14);0.9806124016998113
(10.15);0.8673423197656164
(10.16);0.8895520596455702
(10.17);2.3423665010414916
(10.18);2.851382660951862
(10.19);1.258466978708214
(10.20);0.893574913988218
(10.21);1.716757190415828
(10.22);1.9854244108422812
(10.23);1.9883129151517824
(10.24);2.2674060316628744
(10.25);3.2365674188260423
(10.26);1.8065344683070088
(10.27);1.4348123540297077
(10.28);4.278961816040945
(10.29);4.77846655693904
(10.30);2.3121610754343176
(10.31);1.947484118891292
(11.12);1.3548858212165753
(11.13);1.3573917294576883
(11.14);1.3733376766840646
(11.15);1.136094475615462
(11.16);1.1070567712435708
(11.17);1.3976036835771455
(11.18);1.8266960080741443
(11.19);1.5775907570538397
(11.20);1.1168145503034432
(11.21);1.7838321629472462
(11.22);2.293737196486094
(11.23);2.12833836969336
(11.24);2.0579673215029604
(11.25);3.951821159876474
(11.26);2.0519810904790803
(11.27);1.691239962991604
(11.28);6.784638139929417
(11.29);3.882792562746171
(11.30);6.73851697413834
(11.31);2.5813900703384554
(12.13);2.7758287393857555
(12.14);4.840063493389736
(12.15);4.403146492315055
(12.16);4.55524429229445
(12.17);0.8032096311288022
(12.18);0.9446440602995589
(12.19);7.710961859372336
(12.20);2.4835343739533045
(12.21);2.204698314499244
(12.22);3.0157930965065987
(12.23);2.4783634885074215
(12.24);1.799220907612263
(12.25);2.3195695263852625
(12.26);3.0038132361563585
(12.27);3.7254350105338125
(12.28);2.1028729958738723
(12.29);1.845626859589152
(12.30);1.9104893500565232
(12.31);2.493925879228897
(13.14);1.8299489254186183
(13.15);1.8309210192608003
(13.16);2.6433450546241017
(13.17);0.9506756899377554
(13.18);1.0373434854438057
(13.19);4.795625613846557
(13.20);1.5726620286536521
(13.21);5.2048837452248815
(13.22);7.8113097472918955
(13.23);5.768371596847279
(13.24);3.0219543164356812
(13.25);3.0933397152832627
(13.26);10.53459654821486
(13.27);26.07748194790265
(13.28);2.4070178871652543
(13.29);2.4003466626947305
(13.30);1.7388747974058882
(13.31);3.5988181627691116
(14.15);5.693446843954662
(14.16);2.9217941594415846
(14.17);0.7753653569252497
(14.18);0.9406875443536019
(14.19);3.6890848378105012
(14.20);3.0806900199334284
(14.21);1.717422242548182
(14.22);2.225794002659601
(14.23);1.9163794655747284
(14.24);1.5128548802152402
(14.25);1.9990291709539738
(14.26);2.1749713290940447
(14.27);2.407293212430621
(14.28);1.9432599338450458
(14.29);1.6589070206599386
(14.30);1.963120668791619
(14.31);1.9809634253222366
(15.16);4.396092084852341
(15.17);0.7194491448112441
(15.18);0.8580224921409205
(15.19);4.399146504953395
(15.20);4.602679670483201
(15.21);1.681112265452314
(15.22);2.075414517771035
(15.23);1.819167737427531
(15.24);1.4313268193632216
(15.25);1.7322446425738178
(15.26);2.0888821022756403
(15.27);2.4730540306819044
(15.28);1.6415121888761757
(15.29);1.4694829621998984
(15.30);1.5360630962194501
(15.31);1.709663900320493
(16.17);0.7563967376402785
(16.18);0.8698241097672811
(16.19);10.604563996159587
(16.20);2.980268144058731
(16.21);2.1439219690232942
(16.22);2.583423352688685
(16.23);2.254948625835859
(16.24);1.678526552885105
(16.25);1.8758206457417967
(16.26);2.7175835792003573
(16.27);3.7692845299288784
(16.28);1.6884536781201107
(16.29);1.5768726953246381
(16.30);1.4518707499809123
(16.31);1.9166132436456578
(17.18);4.1987730111699175
(17.19);1.0283034751977425
(17.20);0.7627779587324743
(17.21);1.48299188537046
(17.22);1.5246577761640243
(17.23);1.6007675322405936
(17.24);1.989664706359934
(17.25);1.9177933961414928
(17.26);1.4456355519446458
(17.27);1.1841855547797648
(17.28);2.0284337911050256
(17.29);2.5104455271278256
(17.30);1.3082252475845557
(17.31);1.3250065127497743
(18.19);1.141561602505099
(18.20);0.8965173157757963
(18.21);1.4616487216937946
(18.22);1.565550396979887
(18.23);1.591007607477212
(18.24);1.8135279547849632
(18.25);2.0074041828922464
(18.26);1.4811221689146374
(18.27);1.2570362727598274
(18.28);2.2580145200681203
(18.29);2.461486351638294
(18.30);1.6369491835543353
(18.31);1.4441783161007864
(19.20);2.9364957594740155
(19.21);3.17178494861621
(19.22);4.058541237464539
(19.23);3.3955084393807886
(19.24);2.3768102034108898
(19.25);2.725826477780913
(19.26);4.305779395194277
(19.27);6.722060295065667
(19.28);2.3832071685771266
(19.29);2.209960635401575
(19.30);2.0573127513847425
(19.31);2.998146676003478
(20.21);1.540564485380206
(20.22);1.7791895361394132
(20.23);1.6233458528453975
(20.24);1.3515499846014805
(20.25);1.550708971764212
(20.26);1.7987645398436947
(20.27);2.043716388763936
(20.28);1.4989828967612582
(20.29);1.3745579067427112
(20.30);1.4157711153915675
(20.31);1.4870119515528422
(21.22);9.277138728016679
(21.23);16.40776562941768
(21.24);7.495028750446206
(21.25);4.238101414760282
(21.27);5.856683829655309
(21.28);3.138278749008362
(21.29);3.654688012245464
(21.30);2.054274457523043
(21.31);4.130738139402904
(22.24);5.816633997854463
(22.25);6.364065264392504
(22.27);7.618300853001866
(22.28);4.261111401541462
(22.29);4.449463185568523
(22.30);2.786602295256828
(22.31);8.418983582358617
(23.25);5.798511533881866
(23.26);16.462296992000567
(23.27);6.104534606822727
(23.28);3.941541235470489
(23.29);4.560070473319156
(23.30);2.4718669432254714
(23.31);6.003032737732042
(24.25);5.151293836786916
(24.26);5.470079148215627
(24.27);3.4660349734024107
(24.28);3.7950807592498585
(24.30);2.198396755242653
(24.31);3.9259137794714145
(25.26);5.087280239065422
(25.27);3.4829228548800084
(25.28);12.087317021846378
(25.29);10.728153637225939
(25.30);4.39129000941154
(26.27);9.790939183947511
(26.28);3.643368638664067
(26.29);3.8424147625958947
(26.30);2.481848610634231
(26.31);6.100107535044035
(27.28);2.779973855680881
(27.29);2.759978811295231
(27.30);2.115127316952601
(27.31);4.017737435467658
(28.30);6.24243472779493
(28.31);5.709339017138195
(29.30);3.5872165530157147
(29.31);4.8371369682070045
(30.31);3.3816412313340862

****Importance nodes******

0; 0.05789473684210527
1; 0.016605905754374817
2; 0.0171415801335482
3; 0.017694534331404593
4; 0.018265325761449902
5; 0.018854529818270866
6; 0.019462740457569926
7; 0.020090570794910893
8; 0.020738653723778984
9; 0.021407642553578302
10; 0.022098211668209862
11; 0.02281105720589405
12; 0.02354689776092289
13; 0.02430647510804943
14; 0.025090554950244575
15; 0.025899927690575045
16; 0.02673540922898069
17; 0.02759784178475426
18; 0.03666666666666667
19; 0.03666666666666667
20; 0.03666666666666667
21; 0.03793103448275863
22; 0.03928571428571429
23; 0.03928571428571429
24; 0.03928571428571429
25; 0.03793103448275863
26; 0.03928571428571429
27; 0.03666666666666667
28; 0.03793103448275863
29; 0.03928571428571429
30; 0.028488094745552785
31; 0.02912293324583102
