
****Mix criterion 0.5*C(weight)+0.5*C(distance) ******

(0.1);0.5174209861349738
(0.2);0.5383327036203011
(0.3);0.6171559151374518
(0.4);0.6327424760747257
(0.5);0.5039384221775831
(0.6);0.6447961379375415
(0.7);0.5118547952963266
(0.8);0.47223278354526915
(0.9);0.4364237274022612
(0.10);0.4167047132751181
(0.11);0.4335600755713266
(0.12);0.4575929598996597
(0.14);0.38747696698114
(0.15);0.366969110644189
(0.16);0.4185623853453274
(0.17);0.33015344579779493
(0.30);0.4559055994607489
(0.31);0.7213704824377091
(1.2);0.5368559882460149
(1.3);0.4755671303620157
(1.4);0.39474066468055513
(1.6);0.37841181940886415
(1.7);0.6261448188983039
(1.8);0.31620824874782966
(1.9);0.3238521580922993
(1.10);0.36945908821410295
(1.11);0.4555605937714128
(1.12);0.5017222086422857
(1.13);0.4630396305621598
(1.14);0.4696139840038763
(1.15);0.41647517550708757
(1.16);0.41317639845182375
(1.17);0.25130850800854104
(1.18);0.24424516535956484
(1.19);0.4783039532234918
(1.20);0.33006276242974825
(1.21);0.427286151616461
(1.22);0.5195803308573486
(1.23);0.4683341022768217
(1.24);0.40366924052314734
(1.25);0.5378776083714618
(1.26);0.4925977137347374
(1.27);0.4783270234971856
(1.28);0.5219244512712451
(1.29);0.45347989802582
(1.30);0.5356160515890012
(1.31);0.5865099117380909
(2.3);0.5996283172300669
(2.4);0.4526531710738884
(2.5);0.6160061171508271
(2.6);0.4244920831768668
(2.7);0.469528831539783
(2.8);0.2971507529494481
(2.9);0.2890220198046241
(2.10);0.31257884205730035
(2.11);0.375003310528632
(2.12);0.608855488704089
(2.13);0.5615575740139326
(2.14);0.4822148093718328
(2.15);0.46122763132129074
(2.16);0.5002343686912379
(2.17);0.2106977917657112
(2.18);0.18998765343797186
(2.19);0.6329689213265453
(2.20);0.36582126156626177
(2.21);0.46384938087354466
(2.22);0.5576672975307939
(2.23);0.4939618563607608
(2.24);0.4031785320980612
(2.25);0.4716254310295782
(2.26);0.5523659213967432
(2.27);0.6054744569208212
(2.28);0.43547798808210747
(2.29);0.4027772029269939
(2.30);0.4258997728433911
(2.31);0.529623884683996
(3.4);0.535509489298291
(3.5);0.5017203944454676
(3.6);0.4923839910838407
(3.7);0.435577645906477
(3.8);0.321178263764632
(3.9);0.3022918845238458
(3.10);0.3083172403387432
(3.11);0.35293226912277065
(3.12);0.5061289487949328
(3.13);0.9412268411668301
(3.14);0.4195586261943787
(3.15);0.414563020134037
(3.16);0.4787111120613876
(3.17);0.21997443939885117
(3.18);0.18742373680465402
(3.19);0.5956429205200859
(3.20);0.3311668887455154
(3.21);0.5401258448825874
(3.22);0.6512292140294034
(3.23);0.5662694765404741
(3.24);0.4439289580146255
(3.25);0.473422375451031
(3.26);0.691697813592876
(3.27);0.953167819100442
(3.28);0.4234449790345036
(3.29);0.4097556168630008
(3.30);0.3919030184228902
(3.31);0.528114866089571
(4.5);0.40558632903291386
(4.7);0.3726977136397529
(4.8);0.34427873088700733
(4.9);0.30782240650409015
(4.10);0.2872307054040107
(4.11);0.3075039379472823
(4.12);0.40898441502976635
(4.13);0.5989039091128546
(4.14);0.3406992559176252
(4.15);0.34426119804549193
(4.17);0.22365310928944956
(4.18);0.17438921995634799
(4.19);0.480055651327472
(4.20);0.2729711436325272
(4.21);0.6797703307248696
(4.22);0.5913640511839153
(4.23);0.6031326027165199
(4.24);0.48421460213551193
(4.25);0.43430975474510136
(4.26);0.6706999739868896
(4.27);0.6686410185319783
(4.28);0.38115629439122684
(4.29);0.39268714880667366
(4.30);0.33284372040059346
(4.31);0.4603308364801854
(5.6);0.38423078941847016
(5.7);0.5319550715569987
(5.8);0.2946595449135822
(5.9);0.29711468546365194
(5.10);0.3368822558316511
(5.11);0.41645779222316837
(5.12);0.5813483912765405
(5.13);0.4837046454732764
(5.14);0.5171748928877679
(5.15);0.4603684818375302
(5.16);0.4572772289400113
(5.17);0.223214965121927
(5.18);0.21354571063662336
(5.19);0.5356153433696302
(5.20);0.36486124908009565
(5.21);0.4258030294575841
(5.22);0.5143480406097214
(5.23);0.46096691201073065
(5.24);0.387599471696795
(5.25);0.49079129844577746
(5.26);0.496566557778623
(5.27);0.5065791057856062
(5.28);0.4701179577209782
(5.29);0.417756606887277
(5.30);0.4836129045349173
(5.31);0.541088484799076
(6.7);0.36246374562827
(6.8);0.36509899433255893
(6.9);0.3229535330646059
(6.10);0.2931278047200796
(6.11);0.30389442941081257
(6.12);0.3805938651032659
(6.13);0.5362082096741676
(6.14);0.31610145904705567
(6.15);0.31689877506185343
(6.16);0.38208258522216404
(6.17);0.23871711978798724
(6.18);0.18424001452436622
(6.19);0.4403849914358971
(6.20);0.24593093570156588
(6.21);0.7778951832502827
(6.22);0.5734586811827513
(6.23);0.6178629113355409
(6.24);0.5154106321599163
(6.25);0.4340973359426932
(6.26);0.6316035569381878
(6.27);0.5775202095554502
(6.28);0.3798965276902873
(6.29);0.4002884766840703
(6.30);0.3240947448467071
(6.31);0.4505447732496148
(7.8);0.342462020374238
(7.9);0.3604822123884502
(7.10);0.4214981510726045
(7.11);0.5365632482076037
(7.12);0.4400827845118842
(7.13);0.4277945781715923
(7.14);0.4231770620017395
(7.15);0.3711133009648854
(7.16);0.36569509981704584
(7.17);0.2905035499276669
(7.18);0.2895914371294849
(7.19);0.42123386526025086
(7.20);0.2904077384959304
(7.21);0.4170354443946014
(7.22);0.49983421285602336
(7.23);0.4611398371710137
(7.24);0.41664175559285876
(7.25);0.6048999750195928
(7.26);0.4684121837345118
(7.27);0.43602579228268923
(7.28);0.636087222657155
(7.29);0.5076949994926658
(7.30);0.6728388310822461
(7.31);0.59200750532453
(8.9);0.5757951892872076
(8.10);0.4233177311940961
(8.11);0.3519407333405786
(8.12);0.25185136354834997
(8.13);0.3327210081521105
(8.14);0.21166711389833603
(8.15);0.18554565381104957
(8.16);0.217577218905397
(8.17);0.4474978461795961
(8.18);0.35682725583149383
(8.19);0.2654251143989289
(8.20);0.10753056286328687
(8.21);0.42655587753095003
(8.22);0.40814740304201547
(8.23);0.43600528201578476
(8.24);0.5412062548860935
(8.25);0.4470262862806841
(8.26);0.39552981340600335
(8.27);0.3343681705165182
(8.28);0.42487890158759867
(8.29);0.5057584558825055
(8.30);0.3313929216542438
(8.31);0.39206602915944255
(9.10);0.5042763804472611
(9.11);0.3948002056563837
(9.12);0.24692759641554507
(9.13);0.3093514484167426
(9.14);0.21587364462426328
(9.15);0.18220853785798047
(9.16);0.20300313043694104
(9.17);0.5268624174770249
(9.18);0.4309121185580185
(9.19);0.250201106077246
(9.20);0.10411427924314577
(9.21);0.3813952844539205
(9.22);0.3846694571244017
(9.23);0.4010176959675453
(9.24);0.471266503207577
(9.25);0.457760705741681
(9.26);0.3668328388666792
(9.27);0.3085362644040715
(9.28);0.45927592194206845
(9.29);0.5419759082837821
(9.30);0.3622678518395821
(9.31);0.3901999304053771
(10.11);0.5114834839693239
(10.12);0.27896358599547927
(10.13);0.3088637235395522
(10.14);0.26306950857159844
(10.15);0.21944089118682222
(10.16);0.22248879749540867
(10.17);0.45489461914990226
(10.18);0.4681006182443609
(10.19);0.2682689665961741
(10.20);0.1439709492961999
(10.21);0.3491686716755613
(10.22);0.38111667280269046
(10.23);0.3801121080246413
(10.24);0.4092976950089535
(10.25);0.4920619922838193
(10.26);0.3577108793798586
(10.27);0.3074623738366194
(10.28);0.5507225598423007
(10.29);0.5667923276755414
(10.30);0.4502748034780524
(10.31);0.41469946468502156
(11.12);0.35202957936073154
(11.13);0.3477694991229815
(11.14);0.3488615815521456
(11.15);0.29705319452174467
(11.16);0.285583505269936
(11.17);0.3430047902081097
(11.18);0.3666216375740877
(11.19);0.33105098617081946
(11.20);0.2238664844117385
(11.21);0.3565896504299255
(11.22);0.41310696042724054
(11.23);0.39427178910810157
(11.24);0.38502273221171346
(11.25);0.5327640241640378
(11.26);0.3870061819921922
(11.27);0.3495096897992211
(11.28);0.6579867705037571
(11.29);0.5219270345110074
(11.30);0.6671042264420665
(11.31);0.4688590011667346
(12.13);0.4874024183795339
(12.14);0.5946005098413324
(12.15);0.5744549470946669
(12.16);0.5797440254394353
(12.17);0.17112167411998408
(12.18);0.1573526898307383
(12.19);0.703755906473087
(12.20);0.4354962415292851
(12.21);0.4056139665078646
(12.22);0.4718797931021183
(12.23);0.42721485477533416
(12.24);0.3496682915029176
(12.25);0.41723093328320854
(12.26);0.47102376673490376
(12.27);0.5261474961873898
(12.28);0.3945803322504397
(12.29);0.3561697561924281
(12.30);0.4080202865486733
(12.31);0.46056127491484755
(13.14);0.4048470291905819
(13.15);0.40253107037457503
(13.16);0.47173267756944376
(13.17);0.22514746707900887
(13.18);0.18825740828090004
(13.19);0.5764865803573634
(13.20);0.3211046942637764
(13.21);0.5869373037369816
(13.22);0.6878122462977433
(13.23);0.6056482300976278
(13.24);0.46440490205823504
(13.25);0.47573800499164426
(13.26);0.782130395483861
(13.28);0.4216012239564844
(13.29);0.41467364150296154
(13.30);0.38351763041122033
(13.31);0.5262410901681547
(14.15);0.6270051639591575
(14.16);0.4918381736997945
(14.17);0.1464613788524105
(14.18);0.14606716035264125
(14.19);0.5213838614688284
(14.20);0.4784208082463118
(14.21);0.3390649553947882
(14.22);0.4001540079986136
(14.23);0.3620806187866843
(14.24);0.29665069310100123
(14.25);0.37794609600758244
(14.26);0.39463710971197286
(14.27);0.4280058502702889
(14.28);0.37094028827312875
(14.29);0.32284833565603316
(14.30);0.4092816565901687
(14.31);0.409743028762205
(15.16);0.5694962228873239
(15.17);0.10912595774090127
(15.18);0.10109933804659631
(15.19);0.5589232289160854
(15.20);0.5632040103707161
(15.21);0.33050891538956206
(15.22);0.3809971284186753
(15.23);0.3460807526545959
(15.24);0.2768112429428453
(15.25);0.33863164211616575
(15.26);0.3825956471258997
(15.27);0.4321597376855186
(15.28);0.3239382348670878
(15.29);0.28484504857658244
(15.30);0.3509302758706525
(15.31);0.3745091157617749
(16.17);0.12424215725810253
(16.18);0.10155824341864503
(16.20);0.4678968060740577
(16.21);0.390209096628642
(16.22);0.4306626993997313
(16.23);0.39736877063973497
(16.24);0.32027581821572265
(16.25);0.3567767499308225
(16.26);0.44216676436564983
(16.27);0.5230561493738363
(16.28);0.3286699938546097
(16.29);0.3024667656481989
(16.30);0.33356398533426934
(16.31);0.3976613231291165
(17.18);0.5407055880011805
(17.19);0.16848729226471035
(17.20);0.03203564151801275
(17.21);0.2880963231448994
(17.22);0.2912460908062056
(17.23);0.3047703074036073
(17.24);0.36305600812069844
(17.25);0.36001191299017826
(17.26);0.27480806243941086
(17.27);0.22151120857570808
(17.28);0.3743120926713476
(17.29);0.41923805492501864
(17.30);0.30237419307199476
(17.31);0.30345598045939065
(18.19);0.14386847289692636
(18.20);0.02770712040306579
(18.21);0.23320428464699797
(18.22);0.251830580483576
(18.23);0.2564853684670385
(18.24);0.29811147809251853
(18.25);0.3348857811341718
(18.26);0.23231701274817262
(18.27);0.1836364209911902
(18.28);0.3678418822993829
(18.29);0.38483584589262393
(18.30);0.31844871387478996
(18.31);0.279109901649911
(19.20);0.4413423619060035
(19.21);0.45770164458255747
(19.22);0.515361441141912
(19.23);0.469954814445767
(19.24);0.378122619657296
(19.25);0.41991493770665267
(19.26);0.5298343081021459
(19.27);0.6559000731445092
(19.29);0.35821876248473317
(19.30);0.3814735664926206
(19.31);0.4688949388833438
(20.21);0.2516237626735274
(20.22);0.29404207276065947
(20.23);0.2632799654483215
(20.24);0.1968214066585538
(20.25);0.2538735740705023
(20.26);0.29748674404069486
(20.27);0.3460813933207507
(20.28);0.2421280557351201
(20.29);0.2032577096489378
(20.30);0.27531863045094646
(20.31);0.2880985106313962
(21.22);0.7358336900321669
(21.23);0.9694221187912248
(21.24);0.6608032313283421
(21.26);0.8100692278841105
(21.27);0.6094982600131463
(21.28);0.44922699135844163
(21.29);0.47996865263807215
(21.30);0.3749568406257712
(21.31);0.5337340160974635
(22.24);0.5912015453459821
(22.25);0.6225159112707762
(22.27);0.6826219339556259
(22.28);0.5209211316950806
(22.29);0.5249863900422306
(22.30);0.4443707452433947
(22.31);0.7143555577483679
(23.24);0.681542453874009
(23.25);0.5946596806654223
(23.26);0.9708240371942656
(23.27);0.6157486072186891
(23.28);0.49992683957534056
(23.29);0.5284791152724382
(23.30);0.41502983712058417
(23.31);0.616483011291932
(24.25);0.5621741809170839
(24.26);0.5756170337311396
(24.27);0.4731697099037294
(24.28);0.48893797289196717
(24.29);0.568723712943834
(24.30);0.38556337950388386
(24.31);0.5157498012500253
(25.26);0.5644427206915755
(25.27);0.4804977570756287
(25.28);0.8351965416536009
(25.29);0.7763132294930983
(25.30);0.5477186724145893
(25.31);0.770723439234487
(26.28);0.48304860656834386
(26.29);0.4897977100330229
(26.30);0.41750928434701784
(26.31);0.6242333411129724
(27.28);0.42490542051577057
(27.29);0.4170825033632655
(27.30);0.3883865320320071
(27.31);0.5343502423922188
(28.29);0.744457814092715
(28.30);0.6312079856836638
(28.31);0.6090109192279343
(29.30);0.49654781447258467
(29.31);0.5621565337728374
(30.31);0.5108202346399996
