
****Importance edges******

(0.1);4.181229419357456
(0.2);4.562884976358612
(0.3);6.259838634560196
(0.4);6.559685444198539
(0.5);3.9931998595094114
(0.6);6.9115601121131585
(0.7);4.158357449112313
(0.8);3.5441913010617774
(0.9);3.08262003361876
(0.10);2.868958404307755
(0.11);3.0803288643753195
(0.12);3.405436082066786
(0.14);2.631896652338431
(0.15);2.461575689701973
(0.16);2.9679550891771056
(0.17);2.2030669907380047
(0.30);3.504766789335036
(0.31);9.132719959376749
(1.2);3.175807975393896
(1.3);2.158175967175836
(1.4);1.340627530042818
(1.6);1.2576642750021036
(1.7);5.378330465183014
(1.8);0.9926439320827365
(1.9);1.0401672686513455
(1.10);1.2937835831864979
(1.11);2.07340771084351
(1.12);2.753669104936997
(1.13);2.155721227834838
(1.14);2.3244856194330104
(1.15);1.755246771127598
(1.16);1.7203333359259207
(1.17);0.9065835647027031
(1.18);1.0975499686843009
(1.19);2.89240805823822
(1.20);1.47628429501345
(1.21);2.2808386907253557
(1.22);3.6345604576626105
(1.23);2.7186873558244544
(1.24);2.011436532319198
(1.25);3.9364001770008676
(1.26);3.180365418424641
(1.27);2.963901987557764
(1.28);3.6370951654809685
(1.29);2.549830475488393
(1.30);3.5396938852849247
(1.31);4.638777620672102
(2.3);4.623464028836435
(2.4);1.8602851832395768
(2.5);5.072277190067732
(2.6);1.6087285218005256
(2.7);2.162953056051667
(2.8);0.9203547670665926
(2.9);0.9064074275445576
(2.10);1.008822922941019
(2.11);1.34795677930015
(2.12);5.018801979680522
(2.13);3.869580421793684
(2.14);2.5006943845742597
(2.15);2.2409899930331596
(2.16);2.7872084289385297
(2.17);0.7988665374952338
(2.18);0.9375912377975749
(2.19);5.976248544065686
(2.20);1.7043148657058944
(2.21);2.7215769863465487
(2.22);4.373420739945488
(2.23);3.0894240101280572
(2.24);2.0069455773525577
(2.25);2.828357077975097
(2.26);4.264013672440479
(2.27);5.445807309480163
(2.28);2.371159582487586
(2.29);2.0032833505842915
(2.30);1.9315598694829799
(2.31);3.432606755990903
(3.4);3.1329461372529255
(3.5);2.6146526007187476
(3.6);2.44544885632765
(3.7);1.783995669370685
(3.8);1.0260226778225958
(3.9);0.9656952737549352
(3.10);1.0041251703417813
(3.11);1.2302646934165282
(3.12);2.845463115580903
(3.13);14.82876055770388
(3.14);1.7763516411618914
(3.15);1.753970036110177
(3.16);2.480989579520499
(3.17);0.8307232310482559
(3.18);0.939908861678891
(3.19);5.103668500798621
(3.20);1.4951098129664129
(3.21);3.99610200883698
(3.22);6.606070918177268
(3.23);4.429624061563269
(3.24);2.4489007006318904
(3.25);2.869843796021805
(3.26);7.69349101848877
(3.27);15.518363938599704
(3.28);2.25528024877455
(3.29);2.0833486978841504
(3.30);1.643901127919331
(3.31);3.421321298668867
(4.5);1.473722157389835
(4.7);1.2813267640914934
(4.8);1.1384225826326282
(4.9);0.993321009330405
(4.10);0.9328836735837823
(4.11);1.0229295542497832
(4.12);1.6379911434062466
(4.13);4.653672458737326
(4.14);1.2244933857936788
(4.15);1.2625169563956917
(4.16);1.7448284356069736
(4.17);0.8461947432648009
(4.18);0.9135401550463315
(4.19);2.9167781482894637
(4.20);1.219930722674523
(4.21);7.2024693886493445
(4.23);5.169001878872201
(4.24);2.9706130307160743
(4.25);2.367030898993768
(4.26);6.996813565877727
(4.27);6.943060023314168
(4.28);1.8668508728009485
(4.29);1.928703106960456
(4.30);1.2699301835934143
(4.31);2.34307460206389
(5.6);1.345060875128408
(5.7);3.242139502599697
(5.8);0.9492913666723308
(5.9);0.9725157519379232
(5.10);1.1585439225389258
(5.11);1.7174842515981732
(5.12);4.401267989378913
(5.13);2.4961038385827083
(5.14);3.123529270719574
(5.15);2.2848938979226667
(5.16);2.2363505410243314
(5.17);0.8595920103226294
(5.18);1.0312810131833325
(5.19);3.8877880892231165
(5.20);1.7404929434311198
(5.21);2.3129370699487435
(5.22);3.5913072468770206
(5.23);2.672292362842258
(5.24);1.9168425804506182
(5.25);3.162628810809753
(5.26);3.2932772445099463
(5.27);3.458003854123438
(5.28);2.8574675103841107
(5.29);2.1945372671057823
(5.30);2.698219500001103
(5.31);3.7064917192908773
(6.7);1.2432895704942597
(6.8);1.2733714884426612
(6.9);1.0740843790133339
(6.10);0.9701038746275874
(6.11);1.0260301274659045
(6.12);1.447311397416653
(6.13);3.3672426098524872
(6.14);1.1256911193825507
(6.15);1.1471078932906689
(6.16);1.5158760333502694
(6.17);0.9001098907176405
(6.18);0.9495834242816541
(6.19);2.445489814941102
(6.20);1.1334815389277735
(6.22);4.723255739660858
(6.23);5.579721873997683
(6.24);3.512348988241179
(6.25);2.394403287077264
(6.26);6.078908571574682
(6.27);4.811474169448461
(6.28);1.880195338502129
(6.29);2.0201205476195514
(6.30);1.244652625259016
(6.31);2.2579811861456682
(7.8);1.1839983333032282
(7.9);1.3002100675243362
(7.10);1.7805434793039088
(7.11);3.45798610618205
(7.12);2.0139406848947194
(7.13);1.853849567556866
(7.14);1.883191396445236
(7.15);1.4806945726902527
(7.16);1.442516859914544
(7.17);1.099861292971323
(7.18);1.3345126077678553
(7.19);2.2817884456427153
(7.20);1.3382512799407433
(7.21);2.2553263722708943
(7.22);3.383037134402958
(7.23);2.7112305356630095
(7.24);2.2173808674086306
(7.25);5.474402786589367
(7.26);2.908685949369448
(7.27);2.498054644884372
(7.29);3.4382961971472725
(7.31);4.851834427512014
(8.9);4.26270855687402
(8.10);1.8141450463011906
(8.11);1.2998065625598267
(8.12);0.9011065266829188
(8.13);1.190513737422953
(8.14);0.8194586033918064
(8.15);0.773043818177723
(8.16);0.8475977929210471
(8.17);2.2328534799755038
(8.18);1.7271196597177223
(8.19);1.2625898343034896
(8.20);0.81152077334684
(8.21);2.369912332830623
(8.22);2.216626769359523
(8.23);2.421952801506695
(8.24);4.064325254085841
(8.25);2.6060624869385087
(8.26);2.098452461736182
(8.27);1.6403694915402074
(8.28);2.3518302197949494
(8.29);3.419904520470997
(8.30);1.3257281719498588
(8.31);1.7397755483991628
(9.10);2.8861789469211945
(9.11);1.6052516886896093
(9.12);0.898898719360346
(9.13);1.0983776761718052
(9.14);0.8409420725352358
(9.15);0.7762611070939357
(9.16);0.8229831548448987
(9.17);3.4527734040969853
(9.18);2.4014174367065486
(9.19);1.2159647138299259
(9.20);0.8141455690007405
(9.21);1.959614978342034
(9.22);2.02038882701588
(9.23);2.0856008661606946
(9.24);2.907675022314646
(9.25);2.76043858810559
(9.26);1.8777253685749533
(9.27);1.5068630481681586
(9.28);2.7803088964814626
(9.29);4.0981518021912136
(9.30);1.52425729026934
(9.31);1.742122258743861
(10.11);3.0534352250406864
(10.12);1.0155887594423467
(10.13);1.1112672595258553
(10.14);0.9894728427522871
(10.15);0.8751633689283437
(10.16);0.8832054236027453
(10.17);2.3622046443021563
(10.18);2.883073312955134
(10.19);1.299845233037359
(10.20);0.9035062262690469
(10.21);1.7358558134720161
(10.22);2.007533679195291
(10.23);1.9246337412559986
(10.24);2.194788416054021
(10.25);3.2725736644810417
(10.26);1.8266516559121608
(10.27);1.5154492950902305
(10.28);4.3265645167913025
(10.29);4.625427867447209
(10.30);2.344356597888663
(10.31);1.9751131470599688
(11.12);1.3688032314236953
(11.13);1.3192296979687292
(11.14);1.3857719026600774
(11.15);1.1463597936083663
(11.16);1.0994355645948055
(11.17);1.4094760010558027
(11.18);1.8469797176430907
(11.19);1.6290343060772312
(11.20);1.1292157062049175
(11.21);1.8036591303387268
(11.22);2.3192570269909765
(11.23);2.0612080998039706
(11.24);1.9930566363960884
(11.25);3.9957449274266565
(11.26);2.074811173065905
(11.27);1.7853572714866037
(11.28);6.860048148761819
(11.29);3.7603247651566276
(11.30);6.832004971970357
(11.31);2.6178736278278727
(12.13);2.6994269089899694
(12.14);4.883974711001011
(12.15);4.443012666104976
(12.16);4.525028726121785
(12.17);0.8100532477962781
(12.18);0.9551238228868688
(12.19);7.960303237040991
(12.20);2.511086392443952
(12.21);2.2291808918282934
(12.22);3.0493162730147003
(12.23);2.4014066223817467
(12.24);1.74335242699604
(12.25);2.3453277173932383
(12.26);3.037203246044533
(12.27);3.930689132822864
(12.28);2.126224830633335
(12.29);1.7883174052617359
(12.30);1.9368975542915006
(12.31);2.5290387436763555
(13.14);1.7795814638209255
(13.15);1.7815737572593209
(13.16);2.5328096329169996
(13.17);0.9256727511324128
(13.18);1.018069976422185
(13.19);4.807124491547618
(13.20);1.5434424729109864
(13.21);5.111372113697226
(13.22);7.675894168267392
(13.23);5.428040407548157
(13.24);2.843660444542566
(13.25);3.0377643637855836
(13.26);10.351970517815719
(13.28);2.363773084636942
(13.29);2.258727347654146
(13.30);1.7032506531924196
(13.31);3.5274670172242835
(14.15);5.738690832121463
(14.16);2.900595431566485
(14.17);0.781152928866355
(14.18);0.9502153914822212
(14.19);3.80285521680492
(14.20);3.111893094468405
(14.21);1.73486876865185
(14.22);2.248473379240326
(14.23);1.8570351348825347
(14.24);1.466006454883221
(14.25);2.019336416166599
(14.26);2.1971328560663803
(14.27);2.53495251675009
(14.28);1.9630006442668098
(14.29);1.6075358133442095
(14.30);1.9879178298805753
(14.31);2.0065074616645298
(15.16);4.3652244032413305
(15.17);0.7248245908066928
(15.18);0.8666888397770485
(15.19);4.533512192517611
(15.20);4.649168454224309
(15.21);1.6981427854693083
(15.22);2.0965038345975513
(15.23);1.7637127154448342
(15.24);1.3876946360306097
(15.25);1.7497931595086742
(15.26);2.1101082699115135
(15.27);2.6027583389433127
(15.28);1.6581415400297552
(15.29);1.4246876372304544
(15.30);1.5553587893977323
(15.31);1.7315851581287542
(16.17);0.7510856082966648
(16.18);0.8677761656520894
(16.20);2.973251297159705
(16.21);2.13946009850884
(16.22);2.578773177199073
(16.23);2.160396650294501
(16.24);1.6081444609139042
(16.26);2.712691914604302
(16.27);3.9179231971226645
(16.28);1.684939715489811
(16.29);1.5107530388447024
(16.30);1.4492939501906146
(16.31);1.9140151161168764
(17.18);4.239282765903802
(17.19);1.0586909551633605
(17.20);0.7701372391561749
(17.21);1.4973562630286523
(17.22);1.5394855054317984
(17.23);1.5529236000721391
(17.24);1.9301973687660665
(17.25);1.9363692959048837
(17.26);1.459694767671099
(17.27);1.2444319586460098
(17.28);2.0480813625567014
(17.29);2.4354130298454835
(17.30);1.3238833004788746
(17.31);1.3412086382863575
(18.19);1.1747392802922627
(18.20);0.9069363365504068
(18.21);1.4786355083721225
(18.22);1.5837446937578783
(18.23);1.5539978366025815
(18.24);1.7713419502895134
(18.25);2.03073355480348
(18.26);1.4983352694048429
(18.27);1.3170610200610373
(18.28);2.2842564004869086
(18.29);2.404227639953304
(18.30);1.6596492284967634
(18.31);1.4645012188240296
(19.20);3.021840352282152
(19.21);3.263030196250276
(19.22);4.1740553348157485
(19.23);3.373704076562024
(19.24);2.3615474429284085
(19.25);2.8042424851716805
(19.26);4.428330378694948
(19.27);7.160289954151793
(19.28);2.4517667751655154
(19.29);2.1957693045980293
(19.30);2.126229481671871
(19.31);3.098626556920643
(20.21);1.5584684043512678
(20.22);1.7998666746762915
(20.23);1.5855838347496103
(20.24);1.3201104396108525
(20.25);1.56873078652214
(20.26);1.819669172447524
(20.27);2.141305903441636
(20.28);1.5164035685846757
(20.29);1.342583155054927
(20.30);1.4354040204752785
(20.31);1.5079376218130787
(21.22);9.384954494020603
(21.23);16.03546272674855
(21.24);7.324961660118154
(21.25);4.287355194813691
(21.26);11.507705674934295
(21.27);6.132759968261227
(21.28);3.1747507623281965
(21.29);3.571760757795319
(21.30);2.082673855513558
(21.31);4.188676225851839
(22.23);17.180119227863308
(22.24);5.688091850949824
(22.25);6.438026276671787
(22.27);7.972591206967969
(22.28);4.3106325958724065
(22.29);4.351134229224167
(22.30);2.825003089471542
(22.31);8.536668102797394
(23.24);7.729545192079183
(23.25);5.666939525603414
(23.26);16.09849569401378
(23.27);6.175479441650348
(23.28);3.8521050943103106
(23.29);4.30552833086623
(23.30);2.4092976919680407
(23.31);5.854446887344364
(24.25);5.034407620146982
(24.26);5.3491955379163905
(24.27);3.50631605861732
(24.28);3.7089679018112296
(24.29);5.138329106845575
(24.30);2.142749731312308
(24.31);3.8287403568104135
(25.26);5.146402887969555
(25.27);3.6471031181151097
(25.28);12.227791728741405
(25.29);10.48472483469243
(25.30);4.451997570766035
(25.31);10.108009217344812
(26.28);3.685710635709553
(26.29);3.75750100610643
(26.30);2.516049744370201
(26.31);6.185377713191301
(27.28);2.9110180557477556
(27.29);2.7920543507927427
(27.30);2.230468974368658
(27.31);4.2360789414636155
(28.29);9.578287373977124
(28.30);6.328733512076276
(28.31);5.789418694517366
(29.30);3.4964149609496076
(29.31);4.717409133750075
(30.31);3.4389934104400885

****Importance nodes******

0; 0.061111111111111116
1; 0.017134190841087398
2; 0.017134190841087398
3; 0.017686906674670863
4; 0.01816190687254322
5; 0.018900290987364114
6; 0.018860354141174932
7; 0.02013698383130314
8; 0.02071098546522106
9; 0.021379081770550774
10; 0.022068729569600796
11; 0.022780624071845983
12; 0.02351548291287327
13; 0.0224861595798317
14; 0.024999406864250846
15; 0.02580583934374281
16; 0.025859475518422506
17; 0.027472462403812653
18; 0.03666666666666667
19; 0.03793103448275863
20; 0.03666666666666667
21; 0.03793103448275863
22; 0.03928571428571429
23; 0.03666666666666667
24; 0.03666666666666667
25; 0.03793103448275863
26; 0.03928571428571429
27; 0.03928571428571429
28; 0.03793103448275863
29; 0.03666666666666667
30; 0.028632727103023392
31; 0.029282307226613815
