
****Mix criterion 0.5*C(weight)+0.5*C(distance) ******

(0.1);0.5186090663915396
(0.2);0.5385977033081374
(0.3);0.6175285643794617
(0.4);0.6331707898072518
(0.5);0.50415976450134
(0.6);0.6452413508448355
(0.7);0.5133594430322387
(0.8);0.47250423208528425
(0.9);0.43666546651303906
(0.10);0.4169350290552549
(0.11);0.43381317066131264
(0.12);0.4578792853598535
(0.14);0.3885015009726416
(0.15);0.3668405301619108
(0.16);0.41886757262038904
(0.17);0.3303728346930455
(0.30);0.456686146000262
(0.31);0.722355630475713
(1.2);0.5393375699710663
(1.3);0.4772358498806231
(1.4);0.395781730409181
(1.6);0.37936864580514323
(1.8);0.3169557729314534
(1.9);0.3246273418680321
(1.10);0.3704132042222389
(1.11);0.45707357090943723
(1.12);0.5037103138095482
(1.13);0.46467651054879466
(1.14);0.47268989102162345
(1.15);0.417198406648826
(1.16);0.4144238665075878
(1.17);0.2519396593484528
(1.18);0.24469872578732604
(1.19);0.4794717901259535
(1.20);0.3306728340943178
(1.21);0.4282070616464289
(1.22);0.521012583387368
(1.23);0.4694575946327414
(1.24);0.4059445890635149
(1.25);0.5394669668910749
(1.26);0.49385098396369226
(1.27);0.4794949930962219
(1.28);0.5233929625830969
(1.29);0.45832571332905975
(1.30);0.5388814167340723
(1.31);0.589706318105281
(2.3);0.6008545361013348
(2.4);0.4531654854451004
(2.5);0.6172700574113288
(2.6);0.4249254190625201
(2.7);0.4714986317829738
(2.8);0.29741366505282113
(2.9);0.28928121363931864
(2.10);0.31286761735387536
(2.11);0.37538955540239255
(2.12);0.6102950364101251
(2.13);0.5627682137227435
(2.14);0.48447402741601875
(2.15);0.4612278484397359
(2.16);0.5011087238186058
(2.17);0.21093716029265347
(2.18);0.19006684674052698
(2.19);0.6334621125532991
(2.20);0.3659652159009099
(2.21);0.46407397961349073
(2.22);0.5580195491684314
(2.23);0.4942228034350209
(2.24);0.4047889499462435
(2.25);0.47185884182009324
(2.26);0.5527093609806156
(2.27);0.6059130825772786
(2.28);0.43567366854865663
(2.29);0.4059256884766898
(2.30);0.4269350910514859
(2.31);0.5306810345089149
(3.4);0.5363717972191275
(3.5);0.5023725623541934
(3.6);0.49304255707817124
(3.7);0.43718550255588995
(3.8);0.3214710593844885
(3.9);0.30256774877177006
(3.10);0.3086043772768409
(3.11);0.3532844320679498
(3.12);0.5069442906209803
(3.13);0.94585645748568
(3.14);0.4211487671806923
(3.15);0.41456909954498267
(3.16);0.47948787863204234
(3.17);0.220223003363076
(3.18);0.18750485346088228
(3.19);0.5960733677786862
(3.20);0.3312959207332608
(3.21);0.5404628791461807
(3.22);0.6517731270172136
(3.23);0.566651764980207
(3.24);0.44588063267100764
(3.25);0.4736644202457537
(3.26);0.6923312596667054
(3.27);0.9544455286195068
(3.28);0.4236351910751776
(3.29);0.4130022605991572
(3.30);0.39277883949428244
(3.31);0.5291668188921242
(4.5);0.40596850136054896
(4.7);0.37385444364757353
(4.8);0.34461384356335983
(4.9);0.3081149441017514
(4.10);0.28750557306905483
(4.11);0.3078054781722665
(4.12);0.4094674889849915
(4.13);0.6003953878520336
(4.14);0.34179709236532635
(4.15);0.34427946085415745
(4.17);0.22391266526560302
(4.18);0.174475463197923
(4.19);0.4803248045358245
(4.20);0.2730863118377115
(4.21);0.6804349571192878
(4.22);0.5918197268819858
(4.23);0.6036205850731562
(4.24);0.4865878416842885
(4.25);0.4345281786115539
(4.26);0.6713303978289463
(4.27);0.6692665990958044
(4.28);0.3813285628588251
(4.29);0.39568382732018215
(4.30);0.33352660240939713
(4.31);0.4610680133811272
(5.6);0.38457226497997804
(5.7);0.5347650322782699
(5.8);0.2949160141994723
(5.9);0.29737795207148726
(5.10);0.33719650312510463
(5.11);0.41692456757360763
(5.12);0.5825469101232171
(5.13);0.4844456639981465
(5.14);0.5198755026613346
(5.15);0.46036311064582053
(5.16);0.4579456385014099
(5.17);0.22346069467459706
(5.18);0.21362802122412444
(5.19);0.5359187395427962
(5.20);0.36500016465682394
(5.21);0.42598352701549913
(5.22);0.5146217749721801
(5.23);0.46118019815829703
(5.24);0.3890849336919306
(5.25);0.4910381044589457
(5.26);0.4968175758856674
(5.27);0.5068426795806947
(5.28);0.47034094948073996
(5.29);0.42109174146220185
(5.30);0.4849992156985346
(5.31);0.5421797385348291
(6.7);0.36356524743962826
(6.8);0.3654664204185287
(6.9);0.3232637059488831
(6.10);0.2934081758246392
(6.11);0.3041912018477965
(6.12);0.38101282509308687
(6.13);0.537267152088801
(6.14);0.31709400700636486
(6.15);0.3169144745325828
(6.16);0.3825603449768703
(6.17);0.23898857142063207
(6.18);0.18432811037685548
(6.19);0.44060681622681996
(6.20);0.24603609236279156
(6.21);0.7788074305060979
(6.22);0.5738771352720363
(6.23);0.6183805597512289
(6.24);0.518179809268438
(6.25);0.43431452679145316
(6.26);0.6321421142999681
(6.27);0.5779464793051038
(6.28);0.3800670759114695
(6.29);0.4033868138521003
(6.30);0.3247535441330172
(6.31);0.45124371300845006
(7.8);0.343495796493907
(7.9);0.36160551782778555
(7.10);0.42302010403165713
(7.11);0.5394873536087639
(7.12);0.4417673811148684
(7.13);0.4294147263031284
(7.14);0.42580219711330797
(7.15);0.37191446608063095
(7.16);0.3668975469240189
(7.17);0.2913864991599513
(7.18);0.29028211038422896
(7.19);0.4223890849327119
(7.20);0.2911003466899647
(7.21);0.41817726689705237
(7.22);0.501507924363468
(7.23);0.46254302692548144
(7.24);0.4192971837668771
(7.25);0.6076715456295326
(7.26);0.46985121645912936
(7.27);0.4372616707668036
(7.28);0.6392474142674601
(7.29);0.5143175977514011
(7.31);0.5958510657988414
(8.9);0.577084999570806
(8.10);0.4238666551717593
(8.11);0.3523340287884635
(8.12);0.2521240203460705
(8.13);0.33311010343043695
(8.14);0.21238039137772022
(8.15);0.18557434779335252
(8.16);0.21785404036517458
(8.17);0.4481970427504856
(8.18);0.35701589010898155
(8.19);0.26556003998876765
(8.20);0.10761919634845696
(8.21);0.4268091361987182
(8.22);0.4083789324548296
(8.23);0.436269805272324
(8.24);0.5443862673692923
(8.25);0.4473047809340177
(8.26);0.3957489993659494
(8.27);0.3345395091425893
(8.28);0.4251302279257214
(8.29);0.5109009949607197
(8.30);0.33209828219872123
(8.31);0.39262344043502667
(9.10);0.5051496804245821
(9.11);0.3952859226854066
(9.12);0.247199585174963
(9.13);0.3097100252172479
(9.14);0.21659874296463447
(9.15);0.18224026899421883
(9.16);0.20327163334574844
(9.17);0.5279431215627248
(9.18);0.4311797434390359
(9.19);0.2503337298688363
(9.20);0.10420501132816531
(9.21);0.3816090172748888
(9.22);0.38488489767932865
(9.23);0.4012501248135778
(9.24);0.47352546978129434
(9.25);0.45806178341921777
(9.26);0.3670330667584577
(9.27);0.3086969460545317
(9.28);0.459579166849959
(9.29);0.5480816774528925
(9.30);0.3630741682094759
(9.31);0.3907576843180108
(10.11);0.5124073923484712
(10.12);0.2792708828252668
(10.13);0.3092260975146217
(10.14);0.26391456291347914
(10.15);0.21947996442934067
(10.16);0.2227766473752028
(10.17);0.45563363711881044
(10.18);0.4684283913457974
(10.19);0.2684136303168018
(10.20);0.14407366782112285
(10.21);0.3493618603368478
(10.22);0.3813351642006497
(10.23);0.38033091729586793
(10.24);0.4109905981538313
(10.25);0.4924262069382253
(10.26);0.35790968435036596
(10.27);0.3076273088703138
(10.28);0.5512040763372086
(10.29);0.5736191944136412
(10.30);0.4515077241075664
(10.31);0.41533134616660655
(11.12);0.3524437518195232
(11.13);0.348199199946607
(11.14);0.35003370692440855
(11.15);0.29710870821606805
(11.16);0.28594145230193085
(11.17);0.34344554103578795
(11.18);0.36683579634776886
(11.19);0.33123594026302094
(11.20);0.22399741787492292
(11.21);0.35679443073188
(11.22);0.41336453237863385
(11.23);0.39451078783382604
(11.24);0.38654884609654805
(11.25);0.5332176851906741
(11.26);0.3872366062860069
(11.27);0.3497079679335543
(11.28);0.6587656331545185
(11.29);0.527424221220407
(11.30);0.6706761194616256
(11.31);0.46969589488543295
(12.13);0.48828068053177864
(12.14);0.598691326443278
(12.15);0.5746869292710266
(12.16);0.5812157061200174
(12.17);0.17137486397270166
(12.18);0.15746561378513743
(12.19);0.7046776846771494
(12.20);0.43579312639225043
(12.21);0.4058720986791917
(12.22);0.4722252776634321
(12.23);0.42749877223757476
(12.24);0.3509933441449482
(12.25);0.41750251489346896
(12.26);0.4713678789020694
(12.27);0.5265928394345734
(12.28);0.3948265424320687
(12.29);0.35875876698078757
(12.30);0.4090269196200923
(12.31);0.46136916741305795
(13.14);0.40639750201316627
(13.15);0.4026532288095975
(13.16);0.4726125270225609
(13.17);0.22545639450899624
(13.18);0.18839253717024018
(13.19);0.5771112794777449
(13.20);0.32130955608266415
(13.21);0.5876015406771697
(13.22);0.6887878743497265
(13.23);0.6063686963608046
(13.24);0.46663924985209393
(13.25);0.47613277087077216
(13.26);0.783446160476067
(13.28);0.42190840280516007
(13.29);0.41802869018730926
(13.30);0.3844451835361158
(13.31);0.527440487278479
(14.15);0.6302786633380185
(14.16);0.49425997404541056
(14.17);0.14709173064628223
(14.18);0.14658368316392292
(14.19);0.5234095037587897
(14.20);0.4801123865810466
(14.21);0.33998905671996743
(14.22);0.40132644907404547
(14.23);0.36309007518690334
(14.24);0.2983658774348943
(14.25);0.37902172287451397
(14.26);0.39578277985083987
(14.27);0.42932767265980337
(14.28);0.3719859071288445
(14.29);0.3258079664458412
(14.31);0.4113425470871957
(15.16);0.5698682219501668
(15.17);0.10918420327457554
(15.18);0.10103635254195373
(15.19);0.5586002974484967
(15.20);0.562866137990436
(15.21);0.33038795316014713
(15.22);0.38085089812235146
(15.23);0.3459525770853162
(15.24);0.2775684053008148
(15.25);0.3385070007235807
(15.26);0.3824484679257034
(15.27);0.43197819634183865
(15.28);0.32382012200927407
(15.30);0.35137160308545734
(15.31);0.3746729018711253
(16.17);0.12449233752193072
(16.18);0.10168235936407727
(16.20);0.46832206308198354
(16.21);0.3905090333314024
(16.22);0.4310167067558613
(16.23);0.39767776699544666
(16.24);0.3214992896931931
(16.25);0.3570391790059394
(16.26);0.4425391557419738
(16.27);0.5235939918040263
(16.28);0.32890621011448123
(16.29);0.304616103084031
(16.30);0.3343334128931278
(16.31);0.39831019692543507
(17.18);0.5412886429165786
(17.19);0.1686300857413141
(17.20);0.03214156328063557
(17.21);0.28829828265486734
(17.22);0.29144951906016026
(17.23);0.30498389064121106
(17.24);0.36448390982612183
(17.25);0.3602730854337535
(17.26);0.2750009471121449
(17.27);0.2216756483314703
(17.28);0.3745883325473005
(17.29);0.4226111508015069
(17.30);0.3030539667199031
(17.31);0.30389487227157136
(18.19);0.14386847289692636
(18.20);0.027707120403065794
(18.21);0.23320428464699797
(18.22);0.25183058048357604
(18.23);0.2564853684670385
(18.24);0.2990444939050489
(18.25);0.33488578113417183
(18.26);0.23231701274817262
(18.27);0.1836364209911902
(18.28);0.3678418822993829
(18.29);0.38745905036417233
(18.30);0.31895669956268397
(18.31);0.2793264325397764
(19.20);0.4413423619060035
(19.21);0.4577016445825575
(19.22);0.5153614411419121
(19.23);0.469954814445767
(19.24);0.3793454304208769
(19.25);0.41991493770665267
(19.26);0.5298343081021459
(19.27);0.6559000731445092
(19.29);0.36057391615717704
(19.30);0.38211200135897117
(19.31);0.4693444618823146
(20.21);0.2516237626735274
(20.22);0.29404207276065947
(20.23);0.2632799654483215
(20.24);0.1975167460955507
(20.25);0.2538735740705023
(20.26);0.29748674404069486
(20.27);0.3460813933207507
(20.28);0.2421280557351201
(20.29);0.20472257515386733
(20.30);0.2757579791315152
(20.31);0.28832146372349055
(21.22);0.7358336900321669
(21.23);0.9694221187912248
(21.24);0.6645961011212533
(21.26);0.8100692278841106
(21.27);0.6094982600131463
(21.28);0.4492269913584417
(21.29);0.4837996768937612
(21.30);0.3755821972093659
(21.31);0.5343416744467915
(22.24);0.5940943108523908
(22.25);0.6225159112707763
(22.27);0.6826219339556259
(22.28);0.5209211316950806
(22.29);0.5295701205157788
(22.30);0.4452020792259682
(22.31);0.7155695193344962
(23.24);0.6856138235419036
(23.25);0.5946596806654223
(23.26);0.9708240371942656
(23.27);0.6157486072186891
(23.28);0.49992683957534056
(23.29);0.533176790726384
(23.30);0.41576727532401964
(23.31);0.6173486087922225
(24.25);0.5647810003754876
(24.26);0.5783374483701078
(24.27);0.4749529001922691
(24.28);0.49085847882365696
(24.30);0.3874867395376449
(24.31);0.5185584097569202
(25.26);0.5644427206915755
(25.27);0.48049775707562875
(25.28);0.8351965416536011
(25.29);0.7875590093422296
(25.30);0.5490554568485302
(25.31);0.7721898252392336
(26.28);0.48304860656834386
(26.29);0.49375607375124575
(26.30);0.41824970040607834
(26.31);0.6251129361551
(27.28);0.42490542051577057
(27.29);0.42002381106312325
(27.30);0.38904290818337456
(27.31);0.5349526363296216
(28.29);0.7547313608798512
(28.30);0.633108290504371
(28.31);0.6098507999964136
(29.30);0.5019022180956362
(29.31);0.5685774087467885
(30.31);0.5125860527411132
