
****Importance edges******

(0.1);4.105765592905862
(0.2);4.51150333398136
(0.3);6.189485149634712
(0.4);6.493925802353397
(0.5);3.945841092445247
(0.6);6.8851152694045
(0.7);4.109215461150164
(0.8);3.505569613173667
(0.9);3.0491194853529517
(0.10);2.8378661310375093
(0.11);3.0470399122734935
(0.12);3.3687392019672355
(0.14);2.603712513855571
(0.15);2.435295191934244
(0.16);2.9485972924922312
(0.17);2.1799794455364054
(0.30);3.45757479068935
(0.31);9.036798397187168
(1.2);3.1007494723394022
(1.3);2.107699552678663
(1.4);1.313146982753641
(1.5);6.8583821189728384
(1.6);1.2494603909822215
(1.7);5.250049332705362
(1.8);0.9711245084531807
(1.9);1.017878132216514
(1.10);1.2663827853702492
(1.11);2.0300108693675223
(1.12);2.696715775364051
(1.13);2.1113046280720122
(1.14);2.2775396802085837
(1.15);1.7202251594542048
(1.16);1.7004842879030742
(1.17);0.8891630216657189
(1.18);1.0747932199786967
(1.19);2.9033010386645755
(1.20);1.4456748178340886
(1.21);2.2339977287523496
(1.22);3.5606515338488864
(1.23);2.7254338531666504
(1.24);1.969731136656774
(1.25);3.8555594004254785
(1.26);3.115692567842506
(1.27);2.903630928996083
(1.28);3.5624011342760187
(1.29);2.496961947377423
(1.30);3.451739262781118
(1.31);4.551010002800961
(2.3);4.585844783026804
(2.4);1.8501435463557065
(2.5);5.023482361888927
(2.6);1.621970826884102
(2.7);2.1421839155448814
(2.8);0.9133179628907985
(2.9);0.8994836461943676
(2.10);1.001123901106083
(2.11);1.3376790180659832
(2.12);4.980570070482609
(2.13);3.841720751805278
(2.14);2.481710509694223
(2.15);2.2239933740489772
(2.16);2.7894793533494684
(2.17);0.7930271456399017
(2.18);0.9274063806854294
(2.19);6.056394488254986
(2.20);1.6858012505167264
(2.21);2.691933456225505
(2.22);4.325654555349697
(2.23);3.127587268182215
(2.24);1.9851445481693037
(2.25);2.797550494639539
(2.26);4.217442423912649
(2.27);5.3863285964348275
(2.28);2.3453328133541396
(2.29);1.9815221034028772
(2.30);1.9059784369832133
(2.31);3.406935485046187
(3.4);3.1157366970304032
(3.5);2.589558478748995
(3.6);2.464973306714864
(3.7);1.7669035669564257
(3.8);1.0181707137794958
(3.9);0.9583118073156162
(3.10);0.9964549517222112
(3.11);1.2208756970704184
(3.12);2.8237673231403235
(3.13);14.72180734581047
(3.14);1.762854032866853
(3.15);1.7406548753635274
(3.16);2.4827291273458796
(3.17);0.8246425712071251
(3.18);0.9297248852489949
(3.19);5.1710196403467945
(3.20);1.4789101964757683
(3.21);3.952685723806481
(3.22);6.534098397449171
(3.23);4.483419703379206
(3.24);2.42236669501581
(3.25);2.8386639222434185
(3.26);7.609671158142435
(3.27);15.349292824457745
(3.28);2.230777398274758
(3.29);2.0607754730753016
(3.30);1.6222296118621824
(3.31);3.3957079384833952
(4.5);1.463374002326032
(4.6);8.743105884734815
(4.7);1.2722441298283784
(4.8);1.13247905998412
(4.9);0.9881011557714716
(4.10);0.9279496758707877
(4.11);1.0174846102881214
(4.12);1.6292169337161757
(4.13);4.6309070228547755
(4.14);1.2178703980287071
(4.15);1.255646417374935
(4.16);1.749641643161583
(4.17);0.8417509130705417
(4.18);0.9052422391092613
(4.19);2.9596706523065834
(4.20);1.208849783834687
(4.21);7.136551814350014
(4.22);5.01071489655982
(4.23);5.239802995894865
(4.24);2.94363020234856
(4.25);2.345367643416573
(4.26);6.93228572406992
(4.27);6.879027921468342
(4.28);1.8497653047168192
(4.29);1.911184209558171
(4.30);1.2558256136212604
(4.31);2.3301983594292484
(5.6);1.3531991351733188
(5.7);3.206783573418178
(5.8);0.9407315972164326
(5.9);0.9637752375495191
(5.10);1.148165561396586
(5.11);1.7021492512032557
(5.12);4.362098931334626
(5.13);2.474809230153652
(5.14);3.0959456012602984
(5.15);2.2647826458590146
(5.16);2.2347122092536194
(5.17);0.8522908787097485
(5.18);1.01917578233034
(5.19);3.9336664245986253
(5.20);1.7200629455848464
(5.21);2.2857671777252984
(5.22);3.549087846516017
(5.23);2.7009920865525476
(5.24);1.8943425812762171
(5.25);3.1254776556620834
(5.26);3.2545614842233106
(5.27);3.4173515681643103
(5.28);2.8239010613449884
(5.29);2.168777673072523
(5.30);2.6599623899924683
(5.31);3.6745710486771888
(6.7);1.250215242620198
(6.8);1.2825671078110077
(6.9);1.0815829652150986
(6.10);0.9766440754331118
(6.11);1.0327021206875766
(6.12);1.456377953841055
(6.13);3.390849102447154
(6.14);1.1322426337114992
(6.15);1.1535140321051653
(6.16);1.5365583301805645
(6.17);0.9049484227854065
(6.18);0.9494242249375346
(6.19);2.5020539556967982
(6.20);1.1332915087387934
(6.21);10.052631540258037
(6.22);4.719917485404761
(6.23);5.7042964581550715
(6.24);3.511760136708024
(6.25);2.393363819493047
(6.26);6.074612182911862
(6.27);4.808073565075213
(6.28);1.8793791008545633
(6.29);2.019781870829288
(6.30);1.24383980487339
(6.31);2.2686741296191935
(7.8);1.1733197089003633
(7.9);1.2885205477467512
(7.10);1.7645864675261487
(7.11);3.4270948437592086
(7.12);1.9960069477710425
(7.13);1.8380042338531193
(7.14);1.8665478646478353
(7.15);1.467650391776644
(7.16);1.4411360720856157
(7.17);1.090502439145659
(7.18);1.3189250598240696
(7.19);2.307699936688542
(7.20);1.3226200630713876
(7.21);2.228961002847805
(7.22);3.343454090888586
(7.23);2.7391781433546
(7.24);2.19148112664996
(7.25);5.410405551593224
(7.26);2.874653026309663
(7.27);2.4688262912537846
(7.28);6.169035770250402
(7.29);3.3981357621644865
(7.30);6.842569269026039
(7.31);4.8099923232158
(8.9);4.2318479151116355
(8.10);1.8010112184469214
(8.11);1.2903963802420917
(8.12);0.8945828046553214
(8.13);1.1823620359024356
(8.14);0.8135357902092211
(8.15);0.7674566106664423
(8.16);0.8480437530294388
(8.17);2.217255970138758
(8.18);1.7092109900644594
(8.19);1.2782626922877074
(8.20);0.8031060364958887
(8.21);2.345248163032782
(8.22);2.1934713120113876
(8.23);2.4495614975201825
(8.24);4.02218187512
(8.25);2.5789406534465233
(8.26);2.07653148381311
(8.27);1.6232337669691663
(8.28);2.32735423430251
(8.29);3.3844432019930255
(8.30);1.3091602201902726
(8.31);1.7273289240260397
(9.10);2.8652839377140937
(9.11);1.5936301816965437
(9.12);0.8923909811491305
(9.13);1.0908502843542485
(9.14);0.8348638380284982
(9.15);0.7706505131002988
(9.16);0.8233257739372677
(9.17);3.428642187512398
(9.18);2.376603405375906
(9.19);1.230789612063018
(9.20);0.8057329401307699
(9.21);1.9392907783452957
(9.22);1.9993546696387487
(9.23);2.108927939519555
(9.24);2.8776297923599596
(9.25);2.7318086242793083
(9.26);1.8581764726468495
(9.27);1.4911751795375607
(9.28);2.751472847211922
(9.29);4.055805283979549
(9.30);1.5053153268426085
(9.31);1.729656880799162
(10.11);3.031329334063771
(10.12);1.0082362227946062
(10.13);1.103644884999099
(10.14);0.9823208736259054
(10.15);0.8688377867488055
(10.16);0.8834758170511504
(10.17);2.3456870990474012
(10.18);2.8533870117787306
(10.19);1.3154024725290838
(10.20);0.8942030435066609
(10.21);1.7179148250909355
(10.22);1.9867049171344155
(10.23);1.9457440638830497
(10.24);2.1721892162193566
(10.25);3.2387498839371682
(10.26);1.8076995989163598
(10.27);1.4997260556198926
(10.28);4.281847183056947
(10.29);4.577800967317491
(10.30);2.3153886655677036
(10.31);1.960978414672979
(11.12);1.3588935353690492
(11.13);1.3101729786959475
(11.14);1.3757552202311452
(11.15);1.138073836179957
(11.16);1.0996507347732478
(11.17);1.399615405142233
(11.18);1.8280294353535278
(11.19);1.6481645446125646
(11.20);1.1176297877489758
(11.21);1.7850828341648506
(11.22);2.2952774546379335
(11.23);2.083366996758056
(11.24);1.9726075835353518
(11.25);3.954591840372341
(11.26);2.053359007969747
(11.27);1.766897866871502
(11.28);6.789394950474558
(11.29);3.721743282577552
(11.30);6.748069666262806
(11.31);2.5991360532347714
(12.13);2.6808787686312248
(12.14);4.848671356265703
(12.15);4.4108975345897035
(12.16);4.525413566598379
(12.17);0.8043833259855296
(12.18);0.9453593391849551
(12.19);8.051976289145982
(12.20);2.4854148914661987
(12.21);2.2063036161505334
(12.22);3.017898973640386
(12.23);2.4266952871826093
(12.24);1.7255296735978023
(12.25);2.3212584689342264
(12.26);3.005910747956991
(12.27);3.890190992854204
(12.28);2.104404155702194
(12.29);1.77003496298661
(12.30);1.9132393232216922
(12.31);2.510934118885526
(13.14);1.7673537103444954
(13.15);1.7693220009986963
(13.16);2.534308215308579
(13.17);0.9195122648971605
(13.18);1.0079009040191877
(13.19);4.865369658487878
(13.20);1.5280256758141393
(13.21);5.060086987703682
(13.22);7.5985237808409725
(13.23);5.488436042638258
(13.24);2.815256317498454
(13.25);3.0072848516956774
(13.26);10.247626196224966
(13.28);2.3400560869758054
(13.29);2.2361658710671977
(13.30);1.682840560209943
(13.31);3.503375818333406
(14.15);5.697270091292416
(14.16);2.90025340624887
(14.17);0.7756881275862129
(14.18);0.9405777371646638
(14.19);3.845001097653956
(14.20);3.080330408590524
(14.21);1.71720318150135
(14.22);2.225485340778561
(14.23);1.8758135009781602
(14.24);1.4511373382954198
(14.25);1.9987741903138099
(14.26);2.1746697150449257
(14.27);2.5090355606091688
(14.28);1.9430120666957633
(14.29);1.591231221131766
(14.30);1.9639303115383444
(14.31);1.9921592539225736
(15.16);4.3642259187029415
(15.17);0.7197514166940604
(15.18);0.8579310836924702
(15.19);4.582705997553108
(15.20);4.602189329249438
(15.21);1.6809148691089089
(15.22);2.07514758778713
(15.23);1.7811528549113138
(15.24);1.3736721973138957
(15.25);1.7320412422623963
(15.26);2.088613440154814
(15.27);2.5762450797939316
(15.28);1.6413194423770883
(15.29);1.4102913899835328
(15.30);1.5367025316758054
(15.31);1.7192011774613487
(16.17);0.7509138078810128
(16.18);0.8640210325824502
(16.20);2.9603851287717746
(16.21);2.1298708377210462
(16.22);2.5668043938988085
(16.23);2.1942040468387662
(16.24);1.6011855276256213
(16.25);1.8635266338450893
(16.26);2.7001015782484914
(16.27);3.899739056637547
(16.28);1.6773876576810194
(16.29);1.5042155480483739
(16.30);1.4415204764803562
(16.31);1.912860109361433
(17.18);4.1975333811266236
(17.19);1.0698800556021246
(17.20);0.7625527590202031
(17.21);1.4825437260630212
(17.22);1.5241860960914055
(17.23);1.5678711487863775
(17.24);1.9111883625038169
(17.25);1.9172138400638745
(17.26);1.4451883188063102
(17.27);1.2320647919111387
(17.28);2.027820799562743
(17.29);2.411428549146967
(17.30);1.3084662687258324
(17.31);1.331889225035654
(18.19);1.1815559091349024
(18.20);0.8959290934761086
(18.21);1.4606897057804584
(18.22);1.5645232091737131
(18.23);1.5616052675359748
(18.24);1.7498436481168398
(18.25);2.006087086296246
(18.26);1.480150376097046
(18.27);1.3010762036993553
(18.28);2.256532993197026
(18.29);2.3750481739065803
(18.30);1.6364766210064388
(18.31);1.4500062642644458
(19.20);3.0393751061196963
(19.21);3.2809888823732893
(19.22);4.195736224440068
(19.23);3.449768010220454
(19.24);2.3752507324010503
(19.25);2.819676148844756
(19.26);4.451332024446907
(19.27);7.197481951794762
(19.29);2.208510637610902
(19.30);2.139363061200766
(19.31);3.129521879161718
(20.21);1.5395536913124714
(20.22);1.7780221755741321
(20.23);1.5933458915735332
(20.24);1.3040886132619558
(20.25);1.5496915217033305
(20.26);1.7975843357409909
(20.27);2.1153174479947396
(20.28);1.4979993851756928
(20.29);1.3262885833859195
(20.30);1.4153624036170975
(20.31);1.4930127538608216
(21.22);9.271051818393083
(21.23);16.109333508185124
(21.24);7.236060565020885
(21.26);11.368039737550781
(21.27);6.0583283053467865
(21.28);3.1362196638012847
(21.29);3.5284112554324185
(21.30);2.0536670507273502
(21.31);4.147042213400959
(22.24);5.61905700571418
(22.25);6.359889678445295
(22.27);7.875830005756321
(22.28);4.258315604177893
(22.29);4.298325680068293
(22.30);2.785758277903944
(22.31);8.45144598374072
(23.24);7.767384357495165
(23.25);5.693045492000744
(23.26);16.167849282832258
(23.27);6.202083894022406
(23.28);3.869850638566906
(23.29);4.326605586340691
(23.30);2.4217423787842414
(23.31);5.907380977302667
(24.25);4.973306365100976
(24.26);5.28427378633926
(24.27);3.4637608410159233
(24.28);3.663953153140679
(24.29);5.075966584587489
(24.30);2.112831904327462
(24.31);3.7908452586165198
(25.26);5.083942376395376
(25.27);3.602839205732002
(25.28);12.07938630005157
(25.29);10.357474541401116
(25.30);4.389991595081455
(25.31);10.007539054716531
(26.28);3.6409781542400266
(26.29);3.7118972241657398
(26.30);2.481096898307656
(26.31);6.1236286807190945
(27.28);2.875687810346892
(27.29);2.7581679359725784
(27.30);2.1994834030846113
(27.31);4.193789886818914
(28.29);9.462038269037896
(28.30);6.240588967964035
(28.31);5.731873848123355
(29.30);3.447596782914018
(29.31);4.670718403722837
(30.31);3.3989452652689245

****Importance nodes******

0; 0.061111111111111116
1; 0.016665960414569986
2; 0.017203572040846438
3; 0.017758525977647932
4; 0.01833138165434625
5; 0.018922716546421938
6; 0.01953312675759684
7; 0.02016322762074512
8; 0.020813654318188515
9; 0.021485062522001046
10; 0.022178129054968822
11; 0.02289355257287104
12; 0.023632054268770106
13; 0.022614790041510967
14; 0.025123887956198528
15; 0.025934335954785573
16; 0.026353767875580802
17; 0.027621048981571583
18; 0.03666666666666667
19; 0.03928571428571429
20; 0.03666666666666667
21; 0.03793103448275863
22; 0.03928571428571429
23; 0.03793103448275863
24; 0.03666666666666667
25; 0.03793103448275863
26; 0.03928571428571429
27; 0.03928571428571429
28; 0.03793103448275863
29; 0.03666666666666667
30; 0.028512050561622277
31; 0.029431794128126222
