
****Importance edges******

(0.1);3.9446883204306293
(0.2);4.335582318631475
(0.3);5.949633239132855
(0.4);6.24387797364086
(0.5);3.7948969131174026
(0.6);6.623488642830061
(0.7);3.954135542832992
(0.8);3.3741947699947437
(0.9);2.935666704011788
(0.10);2.733044979168539
(0.11);2.9353330521189127
(0.12);3.2461813085146525
(0.13);7.0714465009349885
(0.14);2.512146217800706
(0.15);2.3503975522693956
(0.16);2.860297238440797
(0.17);2.1056626891387697
(0.30);3.340814429955032
(0.31);8.705590421954899
(1.2);3.0866444367168238
(1.3);2.098111813476438
(1.4);1.3071735930507165
(1.5);6.827183944155966
(1.6);1.2437767059631573
(1.7);5.226167321753269
(1.8);0.9667069487928842
(1.9);1.0132478944490215
(1.10);1.2606221218729845
(1.11);2.0207765291275006
(1.12);2.6844486533618395
(1.13);2.196916647778987
(1.14);2.2702937432402264
(1.15);1.7147819908202513
(1.16);1.711570320770048
(1.17);0.8866492100279894
(1.18);1.0763393119161369
(1.19);2.7713810356659287
(1.20);1.4477544236024036
(1.21);2.185401563546864
(1.22);3.566227121570678
(1.23);2.7974318959684585
(1.24);2.0696961348538525
(1.25);3.8613486204438163
(1.26);3.044821674845553
(1.27);2.771695936462096
(1.28);3.567750169738323
(1.29);2.6236842151643955
(1.30);3.442051343235421
(1.31);4.50966714457455
(2.3);4.564984179936736
(2.4);1.841727406689788
(2.5);5.000630984086262
(2.6);1.6145926247764921
(2.7);2.132439310020179
(2.8);0.9091633601032354
(2.9);0.8953919744921948
(2.10);0.9965698768568866
(2.11);1.3315940343000547
(2.12);4.957913896905354
(2.13);3.995160793261081
(2.14);2.4737719054964664
(2.15);2.2169177933482596
(2.16);2.8072838396931097
(2.17);0.790768750055378
(2.18);0.9286850411726422
(2.19);5.783561234928974
(2.20);1.6881255470637662
(2.21);2.6338273985841303
(2.22);4.332176322423936
(2.23);3.209264672543121
(2.24);2.0847962338608377
(2.25);2.8015860399705055
(2.26);4.122241056753074
(2.27);5.1436810018472965
(2.28);2.348716021951314
(2.29);2.080991947057955
(2.30);1.9005899191755626
(2.31);3.3761639014340736
(3.4);3.101563485845743
(3.5);2.5777788058294835
(3.6);2.4537603607448406
(3.7);1.7588660786085593
(3.8);1.0135391450843019
(3.9);0.9539525315017187
(3.10);0.9919221661115979
(3.11);1.2153220413005679
(3.12);2.810922254863099
(3.13);15.300800056567597
(3.14);1.7571841383025315
(3.15);1.735086792363344
(3.16);2.498234272559467
(3.17);0.8222769856910389
(3.18);0.9309505477509243
(3.19);4.940108848227076
(3.20);1.480859853627363
(3.21);3.868037057889725
(3.22);6.543564824415939
(3.23);4.599134867301755
(3.24);2.5426141004979628
(3.25);2.8425892909975006
(3.26);7.439230527367568
(3.27);14.663873388623744
(3.28);2.2338621677777213
(3.29);2.163073322706587
(3.30);1.6176098000276748
(3.31);3.3652167883644815
(4.5);1.456717243172771
(4.6);8.70333426788661
(4.7);1.2664568035926003
(4.8);1.1273275127129212
(4.9);0.9836063708411842
(4.10);0.9237285147125329
(4.11);1.0128561626171422
(4.12);1.6218057697082566
(4.13);4.81019279291027
(4.14);1.213931948203265
(4.15);1.2516078624725728
(4.16);1.7603263958650064
(4.17);0.8393186180884321
(4.18);0.9063803043410432
(4.19);2.828687355039195
(4.20);1.2103695426903753
(4.21);6.9849447057457175
(4.22);5.017675488596836
(4.23);5.373420439425377
(4.24);3.0880918890971394
(4.25);2.3484692199636976
(4.26);6.778247325473234
(4.27);6.574589399416525
(4.28);1.8522114835506147
(4.29);2.0049775448690212
(4.30);1.252223128149326
(4.31);2.3093985807918016
(5.6);1.3470435517647497
(5.7);3.1921961980302416
(5.8);0.9364522922263354
(5.9);0.9593911090737869
(5.10);1.1429426576152306
(5.11);1.6944063245213865
(5.12);4.342256128372132
(5.13);2.5690973119113254
(5.14);3.085879019309954
(5.15);2.25745860478643
(5.16);2.2480481983930654
(5.17);0.8498101599266497
(5.18);1.0203941370487855
(5.19);3.7611647018978553
(5.20);1.7221191628165635
(5.21);2.237605822528414
(5.22);3.5538039358030997
(5.23);2.7690244800303283
(5.24);1.9862287912191205
(5.25);3.129420004737796
(5.26);3.182827985639746
(5.27);3.267491623534494
(5.28);2.8274630140976926
(5.29);2.273975519838533
(5.30);2.652276252593249
(5.31);3.641967853498025
(6.7);1.2445281238476698
(6.8);1.2767328232596746
(6.9);1.076662939786013
(6.10);0.9722014077498787
(6.11);1.0280044499051573
(6.12);1.449753019094757
(6.13);3.5179431383375492
(6.14);1.1285410260278543
(6.15);1.149763338446229
(6.16);1.545513019330048
(6.17);0.9022952449093294
(6.18);0.9504999601784867
(6.19);2.393352796767193
(6.20);1.1345755728928357
(6.21);9.84258572707387
(6.22);4.725901488300728
(6.23);5.84617400273391
(6.24);3.6800764997400406
(6.25);2.39623499349215
(6.26);5.9418249142109705
(6.27);4.599187914327157
(6.28);1.8816336784348218
(6.29);2.1165886928734245
(6.30);1.240219424972356
(6.31);2.248667254174013
(7.8);1.1679823811225643
(7.9);1.2826591815227069
(7.10);1.7565595194590422
(7.11);3.411505291851067
(7.12);1.9869272883685742
(7.13);1.9057574614868402
(7.14);1.860412381901884
(7.15);1.4628522453322756
(7.16);1.4493320998809587
(7.17);1.0872819908478788
(7.18);1.3203363637409802
(7.19);2.208393811664868
(7.20);1.3240353207933435
(7.21);2.18278290142043
(7.22);3.347486857236476
(7.23);2.8064330324532403
(7.24);2.2952422636032432
(7.25);5.4165587504630235
(7.26);2.8123423118918693
(7.27);2.36258649445733
(7.28);6.176051751504908
(7.29);3.559028970833273
(7.30);6.822507845697374
(7.31);4.767835124250604
(8.9);4.212597612523677
(8.10);1.7928185774033698
(8.11);1.2845264810216204
(8.12);0.8905134264486745
(8.13);1.225213405737995
(8.14);0.8108471022385692
(8.15);0.7649339232592812
(8.16);0.8527470424933484
(8.17);2.210660504009667
(8.18);1.7109312407908817
(8.19);1.223788220846209
(8.20);0.803914329767291
(8.21);2.2970807451148354
(8.22);2.195980387072415
(8.23);2.5089161511896347
(8.24);4.210260112137736
(8.25);2.5817112909148636
(8.26);2.0319056787234313
(8.27);1.5540580005049318
(8.28);2.3298545845277245
(8.29);3.542700618112111
(8.30);1.3052940364466243
(8.31);1.7122840037523557
(9.10);2.852250014022165
(9.11);1.586380898682045
(9.12);0.8883315733541239
(9.13);1.1297076152707866
(9.14);0.8320897017187111
(9.15);0.7681035584498873
(9.16);0.8277753270153053
(9.17);3.4183695219680432
(9.18);2.3788429209981534
(9.19);1.1788558918026635
(9.20);0.8064921965985088
(9.21);1.899811430882002
(9.22);2.0015159481454554
(9.23);2.159342944047636
(9.24);3.010483762685068
(9.25);2.7345699046519227
(9.26);1.8185910407204091
(9.27);1.4282543733540565
(9.28);2.754254003952282
(9.29);4.243053079464852
(9.30);1.5008376046555887
(9.31);1.7146865882862004
(10.11);3.017540084521956
(10.12);1.0036498452219083
(10.13);1.1422720165190743
(10.14);0.9790391116727538
(10.15);0.8659507597370394
(10.16);0.8881248664124812
(10.17);2.338608419000703
(10.18);2.855891266250161
(10.19);1.2604568662689537
(10.20);0.8949878343397394
(10.21);1.6832553009645865
(10.22);1.9887263998757174
(10.23);1.991619708099939
(10.24);2.271176988547464
(10.25);3.241815957585494
(10.26);1.7695310115653016
(10.27);1.4370810788382127
(10.28);4.285900740535788
(10.29);4.786413696140859
(10.30);2.308451454839446
(10.31);1.944114150141377
(11.12);1.3527120486366782
(11.13);1.3552139364101352
(11.14);1.3711343000321232
(11.15);1.1342717308641386
(11.16);1.1052806144515854
(11.17);1.395361374655354
(11.18);1.829514636614224
(11.19);1.5800250112005303
(11.20);1.1185378175310212
(11.21);1.7493962693013274
(11.22);2.297465907770949
(11.23);2.1317982077729893
(11.24);2.061312764035481
(11.25);3.9580799670155287
(11.26);2.010394827221293
(11.27);1.693849580140128
(11.28);6.79538350008317
(11.29);3.8891044508158417
(11.30);6.727705728498173
(11.31);2.576927642364977
(12.13);2.7713752125234334
(12.14);4.832298117782333
(12.15);4.39608210433462
(12.16);4.547935879303287
(12.17);0.801920965290902
(12.18);0.9460653311419731
(12.19);7.722563441087906
(12.20);2.4872709930039907
(12.21);2.162604909157215
(12.22);3.0205815074443843
(12.23);2.4822985803576962
(12.24);1.8020776715870477
(12.25);2.323154695038963
(12.26);2.943593257305719
(12.27);3.731040139892379
(12.28);2.106123234446919
(12.29);1.848557305929044
(12.30);1.9074241697303986
(12.31);2.489618980649056
(13.14);1.8270129637793455
(13.15);1.827983497998638
(13.16);2.6391040839762665
(13.17);0.949150430233358
(13.18);1.0388640515421739
(13.19);4.802655171395434
(13.20);1.57496727913097
(13.21);5.106619925890728
(13.22);7.823414538696209
(13.23);5.777310550387895
(13.24);3.0266372861062285
(13.25);3.098001915799175
(13.26);10.325721350591234
(13.27);26.115707025263426
(13.28);2.410645681416208
(13.29);2.4040663584423014
(13.30);1.7360849546787123
(13.31);3.592609435044611
(14.15);5.684312304024665
(14.16);2.9171064463306795
(14.17);0.7741213643128148
(14.18);0.9420297615167285
(14.19);3.6943485972971244
(14.20);3.0850856931235837
(14.21);1.6853678713933364
(14.22);2.2291576988109894
(14.23);1.9192755638772894
(14.24);1.5151411583398593
(14.25);2.001964668038111
(14.26);2.1323297230211278
(14.27);2.410728051433005
(14.28);1.9461135359597168
(14.29);1.6614140177828696
(14.30);1.9599710470197884
(14.31);1.9775493030144113
(15.16);4.389039014930794
(15.17);0.718294863912344
(15.18);0.8592131135491803
(15.19);4.4052509113702945
(15.20);4.609066506494184
(15.21);1.6500992466000746
(15.22);2.0784706679091864
(15.23);1.8218465515557232
(15.24);1.4334345186296966
(15.25);1.734720882335152
(15.26);2.048395213906589
(15.27);2.4764857251883807
(15.28);1.6438587268021183
(15.29);1.4716468482667462
(15.30);1.5335986436528455
(15.31);1.706720347874629
(16.17);0.7551831781933802
(16.18);0.870996812511701
(16.19);10.618861141021439
(16.20);2.984286161715864
(16.21);2.104837627025236
(16.22);2.587126977530083
(16.23);2.2581813456059385
(16.24);1.6809329074733845
(16.25);1.8784285996279946
(16.26);2.66552252729611
(16.27);3.7743663048108487
(16.28);1.690801135667033
(16.29);1.5791333177967732
(16.30);1.4495413752273782
(16.31);1.9133167467804524
(17.18);4.204267452925155
(17.19);1.0296490953434738
(17.20);0.7637761167789525
(17.21);1.4562809988269314
(17.22);1.5267838162645126
(17.23);1.602999702645198
(17.24);1.992439169599081
(17.25);1.9203841177835244
(17.26);1.4182685470628578
(17.27);1.18573515951925
(17.28);2.0311739753879716
(17.29);2.5139461867146564
(17.30);1.3061263370143834
(17.31);1.322729883628329
(18.19);1.1455583116343457
(18.20);0.8996561029710083
(18.21);1.4419056423072407
(18.22);1.5710315287472607
(18.23);1.5965778672122544
(18.24);1.819877278130394
(18.25);2.014432284228387
(18.26);1.4597980599163447
(18.27);1.2614372690232862
(18.28);2.265920030578042
(18.29);2.4701042352036833
(18.30);1.639026113158634
(18.31);1.4458289208500104
(19.20);2.9467766934018287
(19.21);3.128942368789615
(19.22);4.072750552826585
(19.23);3.407396417697794
(19.24);2.3851316282184625
(19.25);2.7353698397375363
(19.26);4.243787946363955
(19.27);6.745594828541283
(19.28);2.3915509897310927
(19.29);2.2176979049693344
(19.30);2.059923030189717
(19.31);3.0015733685989203
(20.21);1.519755458913354
(20.22);1.785418637614221
(20.23);1.6290293316657731
(20.24);1.3562818818116142
(20.25);1.5561381423763399
(20.26);1.7728672493197137
(20.27);2.050871622376068
(20.28);1.5042309697648726
(20.29);1.37937035674322
(20.30);1.4175674185218106
(20.31);1.4887115124464114
(21.22);9.157180616404542
(21.23);16.195604893399427
(21.24);7.39811422520935
(21.25);4.182057063234829
(21.26);11.028143443981827
(21.27);5.777575236684464
(21.28);3.096778374151422
(21.29);3.607431041606824
(21.30);2.017725685927848
(21.31);4.05748120279933
(22.24);5.836998552995154
(22.25);6.386346425291313
(22.27);7.644973204718779
(22.28);4.276029933140549
(22.29);4.465041153586178
(22.30);2.790378269448394
(22.31);8.429366037785512
(23.25);5.818812640657576
(23.26);16.23510653368838
(23.27);6.125907127709335
(23.28);3.9553409233756684
(23.29);4.576035687330146
(23.30);2.4752164365487532
(23.31);6.01043579526458
(24.25);5.169328976598677
(24.26);5.394588480704834
(24.27);3.478169871414122
(24.28);3.808367675946633
(24.30);2.2013756838916207
(24.31);3.9307552932273757
(25.26);5.015528256965499
(25.27);3.495116878873118
(25.28);12.129635798321775
(25.29);10.765713861297744
(25.30);4.397048200048958
(26.27);9.649976433719317
(26.28);3.591981864383893
(26.29);3.7893869274545495
(26.30);2.435430139010237
(26.31);5.986408433886208
(27.28);2.7897067924437193
(27.29);2.769641743621812
(27.30);2.1178109497651363
(27.31);4.022329456008462
(28.30);6.250620278994518
(28.31);5.7161182988505
(29.30);3.5920773963254335
(29.31);4.84310222024425
(30.31);3.375836834966761

****Importance nodes******

0; 0.05789473684210527
1; 0.016521420347308764
2; 0.01705436939077034
3; 0.017604510338859704
4; 0.0181723977691455
5; 0.018758604148795356
6; 0.01936372041165972
7; 0.019988356553971326
8; 0.02063314224926072
9; 0.02129872748310784
10; 0.021985783208369383
11; 0.02269500202154259
12; 0.023427098860947185
13; 0.02418281172742935
14; 0.024962902428314167
15; 0.02576815734535656
16; 0.026599388227464837
17; 0.027457433008995957
18; 0.03666666666666667
19; 0.03666666666666667
20; 0.03666666666666667
21; 0.03666666666666667
22; 0.03928571428571429
23; 0.03928571428571429
24; 0.03928571428571429
25; 0.03793103448275863
26; 0.03793103448275863
27; 0.03666666666666667
28; 0.03793103448275863
29; 0.03928571428571429
30; 0.02834315665444744
31; 0.02896833261531865
