
****Importance edges******

(0.1);4.143921467014782
(0.2);4.4890529523989455
(0.3);6.159011611446464
(0.4);6.565906986097807
(0.5);3.930812301096714
(0.6);6.856003961328197
(0.7);4.13172807043792
(0.8);3.4923465198011323
(0.9);3.0378595459259254
(0.10);2.8276144538933092
(0.11);3.036281216246665
(0.12);3.3571234877486473
(0.14);2.6206409155896546
(0.15);2.4162866963199656
(0.16);2.9484394556319584
(0.17);2.173987381447823
(0.30);3.4620441155504666
(0.31);9.014833315869774
(1.2);3.210569262815844
(1.3);2.1812308760713734
(1.4);1.4058189822846159
(1.6);1.292547180722444
(1.8);1.0042968528947533
(1.9);1.0521425300661245
(1.10);1.3083867265248794
(1.11);2.096344573717907
(1.12);2.783515143572384
(1.13);2.183124582443812
(1.14);2.3947113632277692
(1.15);1.7569654734828046
(1.16);1.763120173152242
(1.17);0.9161746154011386
(1.18);1.0928519259869938
(1.19);2.948835524975605
(1.20);1.469965086914295
(1.21);2.2702973928999346
(1.22);3.6164957044557915
(1.23);2.769718738622492
(1.24);2.049192395432634
(1.25);3.918207410105718
(1.26);3.164558137995389
(1.27);2.949170589206265
(1.28);3.6202856894252378
(1.29);2.660666965544093
(1.30);3.5820160994280643
(1.31);4.6861846332759445
(2.3);4.597446742577048
(2.4);1.9208137244442607
(2.5);5.047390058019752
(2.6);1.627965947591122
(2.7);2.195042481718334
(2.8);0.917347709993373
(2.9);0.9034766388505034
(2.10);1.0055950305607126
(2.11);1.3436890853672039
(2.12);5.003080172201417
(2.13);3.8633029026848242
(2.14);2.5425363501507765
(2.15);2.213544943611007
(2.16);2.819712091553493
(2.17);0.7971469550860804
(2.18);0.9236806143027296
(2.19);6.031200912773079
(2.20);1.67902870532198
(2.21);2.6809292326683387
(2.22);4.30766056490535
(2.23);3.1148021566431354
(2.24);2.0234316792093665
(2.25);2.786114524339352
(2.26);4.1998985776104485
(2.27);5.363922381594001
(2.28);2.335745441669888
(2.29);2.0692156272188638
(2.30);1.9306855924878874
(2.31);3.4256876231297038
(3.4);3.23304006702246
(3.5);2.6017953376167737
(3.6);2.474041548463444
(3.7);1.8099294483695054
(3.8);1.0226355199599078
(3.9);0.9625400765337863
(3.10);1.00087841992114
(3.11);1.226328262216033
(3.12);2.836454246853606
(3.13);14.803887158368688
(3.14);1.805559520962914
(3.15);1.7326369931736698
(3.16);2.509377769821098
(3.17);0.8288997475147902
(3.18);0.9260518738582219
(3.19);5.1498456116167235
(3.20);1.4730675498135453
(3.21);3.936788401382983
(3.22);6.507342903017629
(3.23);4.465387819853731
(3.24);2.4686725574571025
(3.25);2.82724708853158
(3.26);7.578511462969031
(3.27);15.286441319366668
(3.28);2.221805425789863
(3.29);2.151099624275189
(3.30);1.6430555477243993
(3.31);3.4142795112840183
(4.5);1.5200255551610937
(4.7);1.3446999485745785
(4.8);1.1740816014007156
(4.9);1.0238872054953165
(4.10);0.9610769855036472
(4.11);1.053283283576422
(4.12);1.6857008234064443
(4.13);4.799872095834106
(4.14);1.282546073633879
(4.15);1.2859306755670408
(4.17);0.8692854419166203
(4.18);0.9225883894465645
(4.19);3.0128518187328255
(4.20);1.2320136279193885
(4.21);7.269091512692458
(4.22);5.1007504762351195
(4.23);5.337116366065217
(4.24);3.0672280248697787
(4.25);2.3889256989099144
(4.26);7.056849259718288
(4.27);7.002634488454863
(4.28);1.8841190573230162
(4.29);2.038172893020483
(4.30);1.3057679820436114
(4.31);2.404693937037831
(5.6);1.3609641368839391
(5.7);3.289395109100635
(5.8);0.9467122814953648
(5.9);0.9698961840480096
(5.10);1.1554501570528435
(5.11);1.7129376588483094
(5.12);4.389718371940121
(5.13);2.493194245573989
(5.14);3.174830780835873
(5.15);2.258836035000558
(5.16);2.262202266850874
(5.17);0.8581093758004771
(5.18);1.0167642177097498
(5.19);3.9235226548423654
(5.20);1.7159929480273335
(5.21);2.2801185233938566
(5.22);3.5399357918998273
(5.23);2.694317316349539
(5.24);1.9326411395088412
(5.25);3.117753884374471
(5.26);3.2461689265455402
(5.27);3.408539222697781
(5.28);2.816922554908649
(5.29);2.2651016989099415
(5.30);2.697953692621911
(5.31);3.7005277031809807
(6.7);1.2807890102021582
(6.8);1.2894486207657387
(6.9);1.08739678137777
(6.10);0.9819034334564457
(6.11);1.0382735085989814
(6.12);1.4642493344549918
(6.13);3.412766462632784
(6.14);1.1597815637615614
(6.15);1.1496089047336733
(6.16);1.553998316610514
(6.17);0.9103527498221248
(6.18);0.9465914690512618
(6.19);2.494131271489801
(6.20);1.1299101560116138
(6.21);10.021729821481976
(6.22);4.7049719980643285
(6.23);5.686761490892096
(6.24);3.5797287785946805
(6.25);2.386006635915535
(6.26);6.0553770925191825
(6.27);4.792848933962294
(6.28);1.8736019026935014
(6.29);2.107215005653826
(6.30);1.2604436452259422
(6.31);2.2828252162708713
(7.8);1.2020313020192337
(7.9);1.3196668164096048
(7.10);1.8067144541192681
(7.11);3.5078941426617702
(7.12);2.0424733686565566
(7.13);1.8834912959900734
(7.14);1.9437209329211322
(7.15);1.4877820320213235
(7.16);1.4816299210764061
(7.17);1.1148721501983427
(7.18);1.333280830216301
(7.19);2.330990639376316
(7.20);1.3370160515319787
(7.21);2.252350079949055
(7.22);3.3771982505789704
(7.23);2.7679210638036897
(7.24);2.263745236210524
(7.25);5.467178367462845
(7.26);2.9036657622818978
(7.27);2.4937431785072737
(7.28);6.233769093572976
(7.29);3.590617955101028
(7.31);4.915868027353009
(8.9);4.257103536065196
(8.10);1.8117596332242523
(8.11);1.2980974513847632
(8.12);0.8999216648126697
(8.13);1.190649060841413
(8.14);0.8333372984311967
(8.15);0.7654542008368809
(8.16);0.8579822751298158
(8.17);2.231610073252068
(8.18);1.7051750666156462
(8.19);1.2749809811840285
(8.20);0.8012096793443033
(8.21);2.339471719835163
(8.22);2.1878399662765404
(8.23);2.4435281262665396
(8.24);4.100531218641381
(8.25);2.5725886159822235
(8.26);2.0712003601961233
(8.27);1.6190664042595533
(8.28);2.3216218645912376
(8.29);3.529567953560546
(8.30);1.3270304213898347
(8.31);1.7389272275279686
(9.10);2.882383920158364
(9.11);1.6031409487695654
(9.12);0.8977167605283458
(9.13);1.0984786281880667
(9.14);0.8549635236780032
(9.15);0.768733360133999
(9.16);0.8329081591859563
(9.17);3.450814867572196
(9.18);2.3712201357736085
(9.19);1.227745842930588
(9.20);0.8039078658948396
(9.21);1.9346989841824418
(9.22);1.9944102226198748
(9.23);2.103934483607375
(9.24);2.933235139009706
(9.25);2.725340330284892
(9.26);1.853581162339859
(9.27);1.4874874713069768
(9.28);2.744957992864057
(9.29);4.227989511971882
(9.30);1.52570777708364
(9.31);1.7412537872058131
(10.11);3.0494202735734675
(10.12);1.0142533652783
(10.13);1.1113451979213536
(10.14);1.0057100287975045
(10.15);0.8667822017475725
(10.16);0.8936867222545009
(10.17);2.3608401316440717
(10.18);2.847200462940274
(10.19);1.312274655120271
(10.20);0.8922642841384737
(10.21);1.7140123111257104
(10.22);1.9819808495157503
(10.23);1.9413239999362493
(10.24);2.2138214328962045
(10.25);3.2313925537207138
(10.26);1.8034011774115535
(10.27);1.4961599461110675
(10.28);4.272120293117596
(10.29);4.770178685315352
(10.30);2.3465152184608717
(10.31);1.9741068711151741
(11.12);1.3670033967662345
(11.13);1.319293486430188
(11.14);1.4081463629298863
(11.15);1.1355202326729767
(11.16);1.1122708205156475
(11.17);1.4086471054554044
(11.18);1.824244659628773
(11.19);1.6444037380592287
(11.20);1.1153158326188621
(11.21);1.781200739436788
(11.22);2.2900400561504206
(11.23);2.0788362109144294
(11.24);2.0101018943878315
(11.25);3.9459916231491823
(11.26);2.0486736226186504
(11.27);1.762866132844383
(11.28);6.774629767683305
(11.29);3.8765341173493852
(11.30);6.83808420582404
(11.31);2.616511048947249
(12.13);2.6994986473825753
(12.14);4.961538906515354
(12.15);4.401540058604537
(12.16);4.576980952544776
(12.17);0.8095683800294305
(12.18);0.9434951250796956
(12.19);8.03438286318092
(12.20);2.480513744033638
(12.21);2.2017209843862235
(12.22);3.0113049176898796
(12.23);2.4216548880172635
(12.24);1.7580520878985852
(12.25);2.3164370686903784
(12.26);2.9993428860678484
(12.27);3.881690994249515
(12.28);2.100033175544126
(12.29);1.8428801514730115
(12.30);1.9385608625711925
(12.31);2.527694439376534
(13.14);1.8108196563695955
(13.15);1.7669159924601046
(13.16);2.565812021686303
(13.17);0.9262757497877556
(13.18);1.0065445908987205
(13.19);4.857640050688862
(13.20);1.5259694406582291
(13.21);5.052670797790201
(13.22);7.586452013883874
(13.23);5.480392053647732
(13.24);2.871086604637659
(13.25);3.0028772998811917
(13.26);10.23134580297066
(13.28);2.336626442309344
(13.29);2.3312498623592726
(13.30);1.7068440031212189
(13.31);3.5298518131475234
(14.15);5.780703363912189
(14.16);2.980395016873696
(14.17);0.7930894514859655
(14.18);0.951750160988929
(14.19);3.8877074819749065
(14.20);3.1169193639567094
(14.21);1.7369474483459024
(14.22);2.250203781645046
(14.23);1.897381456775648
(14.24);1.4978572083854385
(14.25);2.021755938426492
(14.26);2.1988237473229675
(14.27);2.5369033906058065
(14.28);1.9653526663058138
(14.29);1.6770998784371298
(14.31);2.036236660633149
(15.16);4.379447236775059
(15.17);0.7189874335438001
(15.18);0.8509946861408166
(15.19);4.545837920958431
(15.20);4.564980495809974
(15.21);1.6673577579636414
(15.22);2.0584529317798177
(15.23);1.7667872926425094
(15.24);1.3901137229079188
(15.25);1.7180717807143606
(15.26);2.0718104507574107
(15.27);2.5555190718459597
(15.28);1.6280816808972398
(15.30);1.5452515734789845
(15.31);1.7181756605416634
(16.17);0.7595101830770937
(16.18);0.8663327485429315
(16.20);2.968305734050212
(16.21);2.1351603170700493
(16.22);2.572671874090973
(16.23);2.199653296055057
(16.24);1.63736611214415
(16.25);1.8681546542261684
(16.26);2.706273763618309
(16.27);3.908653503614426
(16.28);1.6815534067106972
(16.29);1.5703101963763122
(16.30);1.4672066221119886
(16.31);1.9348643034372865
(17.18);4.192923628445951
(17.19);1.0684541977956783
(17.20);0.7617153196704999
(17.21);1.4807442705357774
(17.22);1.5221547724563782
(17.23);1.5659681260592284
(17.24);1.9464109865743804
(17.25);1.9148867983849263
(17.26);1.4432622776249975
(17.27);1.2304227861625547
(17.28);2.0253595073378423
(17.29);2.5063241731030206
(17.30);1.3256790746657996
(17.31);1.3412856025667048
(18.19);1.1731794496746593
(18.20);0.8895775415328326
(18.21);1.4503343700660252
(18.22);1.5534317617568505
(18.23);1.5505345064189704
(18.24);1.7673942343420148
(18.25);1.9918652394736263
(18.26);1.4696570769441366
(18.27);1.2918524234357924
(18.28);2.2405356485161
(18.29);2.4424324423808645
(18.30);1.643736304994446
(18.31);1.448980029904238
(19.20);3.0178279223054965
(19.21);3.2577288147368533
(19.22);4.16599119577221
(19.23);3.4253114088345638
(19.24);2.3976718808751913
(19.25);2.7996864871036493
(19.26);4.419774988543153
(19.27);7.146456507024076
(19.29);2.2684693862659224
(19.30);2.147901116378103
(19.31);3.1265458028427426
(20.21);1.5286392614641298
(20.22);1.7654171599688915
(20.23);1.5820501101689253
(20.24);1.3171683645168488
(20.25);1.5387052212607768
(20.26);1.784840637200541
(20.27);2.1003212292701887
(20.28);1.4873795482095518
(20.29);1.3639177089586667
(20.30);1.4216411879558848
(20.31);1.4919560818822233
(21.22);9.205326117975366
(21.23);15.995128858181172
(21.24);7.306537243816936
(21.26);11.2874477627929
(21.27);6.015378715696191
(21.28);3.113985915343725
(21.29);3.6263977502648554
(21.30);2.0623270450604436
(21.31);4.143610434914076
(22.24);5.672098021423047
(22.25);6.3148022156758685
(22.27);7.819995516462212
(22.28);4.228126928592128
(22.29);4.415020716397135
(22.30);2.796876053245039
(22.31);8.443408925933012
(23.24);7.843035942709208
(23.25);5.652685518849765
(23.26);16.053229794215657
(23.27);6.158115171166674
(23.28);3.8424159257949264
(23.29);4.446758506518362
(23.30);2.431954489490822
(23.31);5.9024924755926484
(24.25);5.021744615734463
(24.26);5.334154620192013
(24.27);3.4964569665389877
(24.28);3.6996387651083182
(24.30);2.162899938140705
(24.31);3.860161614229378
(25.26);5.047900546394062
(25.27);3.577297429574592
(25.28);11.993751342903346
(25.29);10.645108989926793
(25.30);4.408503506407232
(25.31);9.999257572284634
(26.28);3.615165997854678
(26.29);3.812671342662983
(26.30);2.4909987904185638
(26.31);6.117805303536708
(27.28);2.8553010625193407
(27.29);2.8330493040787403
(27.30);2.2082613945334466
(27.31);4.189801725287905
(28.29);9.724805814211646
(28.30);6.266904560395921
(28.31);5.727130582839497
(29.30);3.600442048013591
(29.31);4.851170578227629
(30.31);3.443658214047203

****Importance nodes******

0; 0.061111111111111116
1; 0.017949247871958937
2; 0.017370239876089294
3; 0.017930570194672816
4; 0.019785456766535522
5; 0.01918714850413689
6; 0.0197655131577889
7; 0.021191969544345948
8; 0.021087365619430237
9; 0.021767603220057014
10; 0.022469783969091113
11; 0.023194615710029537
12; 0.023942829120030488
13; 0.022957714015315524
14; 0.026304274861876368
15; 0.025871560214415102
16; 0.0269735486165632
17; 0.02800895579190792
18; 0.03666666666666667
19; 0.03928571428571429
20; 0.03666666666666667
21; 0.03793103448275863
22; 0.03928571428571429
23; 0.03793103448275863
24; 0.03793103448275863
25; 0.03793103448275863
26; 0.03928571428571429
27; 0.03928571428571429
28; 0.03793103448275863
29; 0.03928571428571429
30; 0.029268632446028665
31; 0.02985661992861555
