
****Importance edges******

(0.1);4.176826780159841
(0.2);4.5913514876405825
(0.3);6.254709396408111
(0.4);6.554458879519691
(0.5);3.990008754521698
(0.6);6.906098242623039
(0.7);4.155127055769382
(0.8);3.5413998079211444
(0.9);3.0802116315702306
(0.10);2.8667354043155466
(0.11);3.077962215151826
(0.12);3.4028422295564185
(0.14);2.629929898592765
(0.15);2.4597532786928773
(0.16);2.965853132791099
(0.17);2.201468858934431
(0.30);3.5169964989195543
(0.31);9.127458236093318
(1.2);3.2253383979619143
(1.3);2.157044198417052
(1.4);1.3399872708777538
(1.6);1.25707406455554
(1.7);5.3759045321985
(1.8);0.9921681504645801
(1.9);1.0396772719923641
(1.10);1.293184728213455
(1.11);2.072464932440848
(1.12);2.7524394113802093
(1.13);2.15493125892692
(1.14);2.3234902144143414
(1.15);1.7545092435343965
(1.16);1.7197215909091044
(1.17);0.9062186690818571
(1.18);1.096394299853717
(1.19);2.889362487709671
(1.20);1.4747298366347827
(1.21);2.278437074163314
(1.22);3.63073343533685
(1.23);2.7158247050779063
(1.24);2.009318583641303
(1.25);3.932255331555045
(1.26);3.1770166422515196
(1.27);2.9607811372624173
(1.28);3.633265474226317
(1.29);2.5471456231464744
(1.30);3.567495331974731
(1.31);4.638200617712342
(2.3);4.696794183604967
(2.4);1.889467037156878
(2.5);5.150104939919756
(2.6);1.6334730143659306
(2.7);2.195087414101919
(2.8);0.9337885240853282
(2.9);0.9194080247451094
(2.10);1.0230378366260064
(2.11);1.3666114207345086
(2.12);5.087002128365723
(2.13);3.923884877627623
(2.14);2.5334858562296474
(2.15);2.2698240913385463
(2.16);2.823204363606577
(2.17);0.8087628446328989
(2.18);0.9465468083605596
(2.19);6.031876560021492
(2.20);1.7205939342659062
(2.21);2.746909923373034
(2.22);4.413041330980631
(2.23);3.118933196654451
(2.24);2.0261152773342586
(2.25);2.854683943650479
(2.26);4.302643100508296
(2.27);5.495143085088112
(2.28);2.3932307701424835
(2.29);2.0224180701513736
(2.31);3.4743724047712576
(3.4);3.1330305336290256
(3.5);2.6146660518569247
(3.6);2.445511122185702
(3.7);1.7840433567625218
(3.8);1.0260142074143395
(3.9);0.965687359601975
(3.10);1.0041170015979197
(3.11);1.230254758673
(3.12);2.8454403073929426
(3.13);14.829979956090085
(3.14);1.7763424768511475
(3.15);1.7539611534921924
(3.16);2.4811339542214492
(3.17);0.8307208122334875
(3.18);0.9392374406174889
(3.19);5.099983424757225
(3.20);1.4940417857794563
(3.21);3.9932166451482067
(3.22);6.60124906237464
(3.23);4.42645977297074
(3.24);2.447151335800124
(3.25);2.867771640940883
(3.26);7.687875440822491
(3.27);15.507036885933836
(3.28);2.2536518359553996
(3.29);2.081860464023364
(3.30);1.6572911060392488
(3.31);3.422198960245754
(4.5);1.4737854600814315
(4.7);1.2814075540700733
(4.8);1.1384544092387627
(4.9);0.9933482307628568
(4.10);0.9329087248675442
(4.11);1.0229564618248785
(4.12);1.6380333334999162
(4.13);4.654211379380672
(4.14);1.224526962883046
(4.15);1.2625509400523094
(4.16);1.7449845149497496
(4.17);0.8462183348066413
(4.18);0.9129166130225222
(4.19);2.9147629326708118
(4.20);1.2190980520277852
(4.21);7.197493168975806
(4.23);5.165473747268109
(4.24);2.968585421912132
(4.25);2.3653955063121956
(4.26);6.9919196993684025
(4.27);6.938203754299649
(4.28);1.8655610568309655
(4.29);1.9273866596953872
(4.30);1.2802071740932572
(4.31);2.3437389722443154
(5.6);1.3451163307557559
(5.7);3.2422754868428463
(5.8);0.9492987785303115
(5.9);0.972523142876584
(5.10);1.1585524867895585
(5.11);1.71749659207048
(5.12);4.401298704782864
(5.13);2.4963408521018278
(5.14);3.123558161888301
(5.15);2.284914648908117
(5.16);2.2365084424199893
(5.17);0.8596011818939774
(5.18);1.030572030592989
(5.19);3.8850837104020335
(5.20);1.7392963935288779
(5.21);2.3113281710368385
(5.22);3.588779224234053
(5.23);2.6704552217164705
(5.24);1.9155247941241023
(5.25);3.1604288590174696
(5.26);3.2909590136064413
(5.27);3.455569667505098
(5.28);2.8554798314161043
(5.29);2.193028571904039
(5.30);2.719671682614153
(5.31);3.7074667670068946
(6.7);1.2433654377249823
(6.8);1.2734053285499647
(6.9);1.0741123647499073
(6.10);0.9701286478784359
(6.11);1.0260557979721336
(6.12);1.4473468613926617
(6.13);3.3676231056613335
(6.14);1.1257205936515815
(6.15);1.1471373850573374
(6.16);1.5160083232230828
(6.17);0.9001339243612828
(6.18);0.9489428323990148
(6.19);2.443819480811118
(6.20);1.1327168888144798
(6.22);4.719988923822723
(6.23);5.575957776554036
(6.24);3.5099795468700155
(6.25);2.3927678463950266
(6.26);6.0747041253420875
(6.27);4.808146337781515
(6.28);1.8789111154292095
(6.29);2.018757768118912
(6.30);1.254576006372961
(6.31);2.2586104915486165
(7.8);1.184031148071535
(7.9);1.3002454242458892
(7.10);1.7805909689779482
(7.11);3.458076534492489
(7.12);2.0139923036252996
(7.13);1.8540562777588352
(7.14);1.883242668305872
(7.15);1.4807341772879772
(7.16);1.4426417781560639
(7.17);1.0998917322129464
(7.18);1.3336344655285688
(7.19);2.280267351100629
(7.20);1.3373706775628755
(7.21);2.253822917977384
(7.22);3.380752125871728
(7.23);2.7094464790419255
(7.24);2.215921776060281
(7.25);5.4707534192627145
(7.26);2.906721332386268
(7.27);2.4963673810595104
(7.29);3.436033713372808
(7.31);4.853159618031546
(8.9);4.262688392377281
(8.10);1.814136464592781
(8.11);1.2998004138999213
(8.12);0.9011022640505161
(8.13);1.190608118422961
(8.14);0.8194568255723342
(8.15);0.7730421694889706
(8.16);0.8476461169890002
(8.17);2.232852996274052
(8.18);1.7259545660275961
(8.19);1.2617278066949198
(8.20);0.8109733314095586
(8.21);2.3682942856982248
(8.22);2.215094848464291
(8.23);2.4203189819210387
(8.24);4.061583510234156
(8.25);2.604283209335946
(8.26);2.097002211645269
(8.27);1.6392358246844572
(8.28);2.350224518145015
(8.29);3.4175974949240318
(8.30);1.3358680160011644
(8.31);1.7401990640742067
(9.10);2.8861652940183076
(9.11);1.6052440951391682
(9.12);0.8988944671718484
(9.13);1.0984633474811842
(9.14);0.8409402170840058
(9.15);0.7762594229916444
(9.16);0.8230293568983102
(9.17);3.4527724429814963
(9.18);2.3998159848068106
(9.19);1.2151438062129223
(9.20);0.813602633421024
(9.21);1.958292026414384
(9.22);2.0190077991399216
(9.23);2.0842100253105555
(9.24);2.9057359584862876
(9.25);2.75857499367931
(9.26);1.8764418576770898
(9.27);1.5058330385744878
(9.28);2.778431887449222
(9.29);4.095418835865277
(9.30);1.535759749271086
(9.31);1.7425406443631652
(10.11);3.0534207809416314
(10.12);1.015583955258351
(10.13);1.1113525131952862
(10.14);0.989470622990062
(10.15);0.8751614379713822
(10.16);0.8832542329431016
(10.17);2.362203840357693
(10.18);2.881173070409412
(10.19);1.2989777128801698
(10.20);0.9029107225183214
(10.21);1.7346972986966516
(10.22);2.0061767561743316
(10.23);1.9233652091990325
(10.24);2.193341824214576
(10.25);3.2703895401347998
(10.26);1.825416993844536
(10.27);1.514424979504935
(10.28);4.323676956153852
(10.29);4.6223792336208
(10.30);2.3618069605591017
(10.31);1.9755809915399598
(11.12);1.3687967563790309
(11.13);1.3193292161956893
(11.14);1.385768742498136
(11.15);1.1463572218893092
(11.16);1.0994953582613367
(11.17);1.4094754337028808
(11.18);1.8457768410026585
(11.19);1.6279597424761472
(11.20);1.1284802854625955
(11.21);1.8024693785680028
(11.22);2.3177072599656987
(11.23);2.059865703322494
(11.24);1.9917586247026857
(11.25);3.993109205120372
(11.26);2.07342474892133
(11.27);1.784164265366329
(11.28);6.855523039612892
(11.29);3.75787579033723
(11.30);6.882154818428913
(11.31);2.618485074454073
(12.13);2.6996270876369417
(12.14);4.883963392170432
(12.15);4.443002534105975
(12.16);4.525270842059395
(12.17);0.8100528711999283
(12.18);0.9545093227193815
(12.19);7.955114710683689
(12.20);2.5094708291297967
(12.21);2.227727911524902
(12.22);3.0473023419176686
(12.23);2.3998616239885555
(12.24);1.7422308024142756
(12.25);2.343799032578622
(12.26);3.03519731503654
(12.27);3.9280930960826232
(12.28);2.12483895709978
(12.29);1.7871668514605206
(12.30);1.9509147323794758
(12.31);2.5296210534231838
(13.14);1.7797134304277702
(13.15);1.7817036639928854
(13.16);2.533138410703507
(13.17);0.925739641350658
(13.18);1.0174661210851113
(13.19);4.804226948912857
(13.20);1.5425269995188635
(13.21);5.108291182748255
(13.22);7.671191662506806
(13.23);5.424820833996377
(13.24);2.8419737632966493
(13.25);3.0359333207631067
(13.26);10.345628559481446
(13.28);2.3623482966366147
(13.29);2.2573876120804983
(13.30);1.7159462225299544
(13.31);3.5285429664296184
(14.15);5.73869055739234
(14.16);2.900752378308999
(14.17);0.7811542141777894
(14.18);0.9496204561585141
(14.19);3.800441613939149
(14.20);3.1099447202975643
(14.21);1.733767679077561
(14.22);2.247026495619017
(14.23);1.855872434500063
(14.24);1.4650885798070954
(14.25);2.018054780163346
(14.26);2.1957190098662727
(14.27);2.5333212849502624
(14.28);1.961754763550769
(14.29);1.606529325922457
(14.30);2.0019102653539678
(14.31);2.006960896713312
(15.16);4.365456908811144
(15.17);0.7248257648581872
(15.18);0.8661532050794817
(15.19);4.530671257834994
(15.20);4.646295155498602
(15.21);1.697078640821537
(15.22);2.0951714556992735
(15.23);1.7626226982626871
(15.24);1.3868370071301654
(15.25);1.7486966480484298
(15.26);2.1087672450655215
(15.27);2.60110422306196
(15.28);1.657102462244207
(15.29);1.423807145759154
(15.30);1.5661443773430754
(15.31);1.731970736076537
(16.17);0.7511256134765144
(16.18);0.867278545267212
(16.20);2.971546306272201
(16.21);2.138212905723967
(16.22);2.577244683909143
(16.23);2.159157785417636
(16.24);1.607222281327447
(16.26);2.711084044852212
(16.27);3.915600961351713
(16.28);1.6839574841981082
(16.29);1.5098867077118583
(16.30);1.459407397627511
(16.31);1.9145365067089712
(17.18);4.236736732547842
(17.19);1.0580458668896566
(17.20);0.76967470924066
(17.21);1.4964438844330616
(17.22);1.538533597577016
(17.23);1.551990943416905
(17.24);1.9290381285936513
(17.25);1.9351894151094016
(17.26);1.4587921967082491
(17.27);1.2436624908257556
(17.28);2.0468334126576937
(17.29);2.4339503666659015
(17.30);1.3327931157415025
(17.31);1.3415006175379889
(18.19);1.1735023347234668
(18.20);0.9059813749674445
(18.21);1.4770785742756565
(18.22);1.582077084600755
(18.23);1.5523615494960281
(18.24);1.7694768099873284
(18.25);2.0285952872626223
(18.26);1.4967575923805418
(18.27);1.3156742163506918
(18.28);2.2818511852361913
(18.29);2.401696100593458
(18.30);1.6682625962471433
(18.31);1.4639162889012922
(19.20);3.0186584955961013
(19.21);3.259594377928874
(19.22);4.169660249593925
(19.23);3.3701517238162353
(19.24);2.3590608438216645
(19.25);2.8012897488717594
(19.26);4.423667553733712
(19.27);7.152750503416921
(19.28);2.4491851793177055
(19.29);2.193457262124448
(19.30);2.137012210016424
(19.31);3.0973508535660152
(20.21);1.5568274099457762
(20.22);1.7979714991722338
(20.23);1.5839142890629623
(20.24);1.3187204250042146
(20.25);1.5670789863077643
(20.26);1.8177531458386467
(20.27);2.1390512083845006
(20.28);1.514806866485636
(20.29);1.341169477729034
(20.30);1.4428535842062398
(20.31);1.507335343149679
(21.22);9.37507257547963
(21.23);16.018578133804223
(21.24);7.3172488177716986
(21.25);4.282840810133577
(21.26);11.495588598591981
(21.27);6.126302458586959
(21.28);3.1714078981255827
(21.29);3.5679998606190075
(21.30);2.093235700605014
(21.31);4.186951749470252
(22.23);17.162029365110953
(22.24);5.682102556024583
(22.25);6.431247335839282
(22.27);7.964196440971189
(22.28);4.306093701176688
(22.29);4.346552688201093
(22.30);2.8389844216306
(22.31);8.533045408157223
(23.24);7.721406342178998
(23.25);5.660972503088354
(23.26);16.081544730300337
(23.27);6.168976950366802
(23.28);3.84804900764761
(23.29);4.300994810723051
(23.30);2.4218016396003117
(23.31);5.852108588733567
(24.25);5.0291066241713445
(24.26);5.3435630849727875
(24.27);3.502624071651135
(24.28);3.7050625319237
(24.29);5.132918686400498
(24.30);2.1538703290361636
(24.31);3.827211136641591
(25.26);5.140983966210229
(25.27);3.6432628889539873
(25.28);12.214916435432693
(25.29);10.473684909372926
(25.30);4.474574945790688
(25.31);10.103847753860814
(26.28);3.68182975463646
(26.29);3.7535445331279385
(26.30);2.528502023568003
(26.31);6.182752832568185
(27.28);2.907952889761439
(27.29);2.789114448028794
(27.30);2.2415078747214916
(27.31);4.234281282202206
(28.29);9.568201884947639
(28.30);6.360828361110223
(28.31);5.787035193080756
(29.30);3.514560908508579
(29.31);4.715524974334802
(30.31);3.462138045594359

****Importance nodes******

0; 0.061111111111111116
1; 0.017134190841087398
2; 0.017705330535790313
3; 0.01770533053579031
4; 0.018182236650330193
5; 0.01892062076515109
6; 0.01888138494578215
7; 0.02015944086288947
8; 0.020732718076433634
9; 0.021401515433737944
10; 0.022091886899342394
11; 0.022804528412224405
12; 0.02354015836100584
13; 0.022513387660529707
14; 0.025025756619765045
15; 0.025833039091370368
16; 0.02588948903304602
17; 0.027501507740545085
18; 0.03666666666666667
19; 0.03793103448275863
20; 0.03666666666666667
21; 0.03793103448275863
22; 0.03928571428571429
23; 0.03666666666666667
24; 0.03666666666666667
25; 0.03793103448275863
26; 0.03928571428571429
27; 0.03928571428571429
28; 0.03793103448275863
29; 0.03666666666666667
30; 0.02904080952754355
31; 0.029325453458870523
