
****Importance edges******

(0.1);4.161968624705883
(0.2);4.577217586022497
(0.3);6.188849899309209
(0.4);6.597093383645877
(0.5);3.949664148702472
(0.6);6.888578721942714
(0.7);4.151136342012778
(0.8);3.543382501740767
(0.9);3.0528297920316403
(0.10);2.8415960356272154
(0.11);3.0512154581656086
(0.12);3.413610974069424
(0.14);2.634285614268306
(0.15);2.442233221730114
(0.16);2.964229975659766
(0.17);2.185613469819457
(0.30);3.4805880928630724
(0.31);9.062767550280748
(1.2);3.314661711322009
(1.3);2.1804213537614636
(1.4);1.405371636287571
(1.6);1.2921366502263112
(1.8);1.0250064887872212
(1.9);1.0524649692588153
(1.10);1.3089380941572433
(1.11);2.0972831037028854
(1.12);2.852277989465469
(1.13);2.1851854537207114
(1.14);2.397898292643643
(1.15);1.7785277941366915
(1.16);1.766083229481582
(1.17);0.9177764301473396
(1.18);1.0967779015195427
(1.19);2.9597618134001444
(1.20);1.4752458086915978
(1.21);2.278579950905814
(1.22);3.6298958669329155
(1.23);2.779823298573252
(1.24);2.010021595282244
(1.25);3.932501916303346
(1.26);3.1762837410882385
(1.27);2.96009811914068
(1.28);3.6334933098516604
(1.29);2.548036807371228
(1.30);3.5886813782281948
(1.31);4.694757288150136
(2.3);4.7516121486828915
(2.4);1.982076201965274
(2.5);5.2111258015051005
(2.6);1.6799174807786603
(2.7);2.2626326398874137
(2.9);0.9313909385810106
(2.10);1.0362395418547545
(2.11);1.383950952098614
(2.13);3.981676411603487
(2.14);2.615651932150652
(2.15);2.3023514001621654
(2.16);2.90063030211701
(2.17);0.819586289391871
(2.18);0.9474962405295827
(2.19);6.1812065377431935
(2.20);1.722319773090346
(2.21);2.7488437070352747
(2.22);4.414798981373827
(2.23);3.193707690085684
(2.24);2.0281475688231305
(2.25);2.856693598617364
(2.26);4.304356780886565
(2.27);5.497331720924438
(2.28);2.394915568950007
(2.29);2.024446653162858
(2.30);1.9838764987320294
(2.31);3.518861620656868
(3.4);3.2353208363187154
(3.5);2.603721045954476
(3.6);2.4757896941588595
(3.7);1.8112700195490097
(3.8);1.044745476700598
(3.9);0.9637714619419625
(3.10);1.0022570332247407
(3.11);1.2280290004302523
(3.12);2.909171840516356
(3.13);14.831849102448752
(3.14);1.8095395641948708
(3.15);1.7554372487272474
(3.16);2.5157546221901166
(3.17);0.8310462963054691
(3.18);0.9300347347126507
(3.19);5.172409077324772
(3.20);1.47940307295831
(3.21);3.9538768202091985
(3.22);6.535854089471752
(3.23);4.48477073036534
(3.24);2.423173997297525
(3.25);2.839519320983051
(3.26);7.611715853237938
(3.27);15.353417131948229
(3.28);2.2314496173986678
(3.29);2.061462267830587
(3.30);1.6474583083794399
(3.31);3.4232867715398627
(4.5);1.5211480863445122
(4.7);1.3456937916833116
(4.8);1.1983515078196623
(4.9);1.0251708447329235
(4.10);0.9623724276926119
(4.11);1.0547130597760568
(4.12);1.7271340772708401
(4.13);4.808691721190045
(4.14);1.2852958583012504
(4.15);1.3022019735369943
(4.17);0.8714730089545919
(4.18);0.9264473613144376
(4.19);3.0257045222392502
(4.20);1.2371668533288578
(4.21);7.299795219511438
(4.22);5.122510070624624
(4.23);5.359659658562816
(4.24);3.012584163477318
(4.25);2.3990162135421182
(4.26);7.086953492080714
(4.27);7.032507442804748
(4.28);1.892077333683561
(4.29);1.9559533254582004
(4.30);1.3091694665429985
(4.31);2.4108641419884353
(5.6);1.3619707246055124
(5.7);3.291932770508399
(5.8);0.9665932167607687
(5.9);0.9711503961791341
(5.10);1.1570539722150393
(5.11);1.7153306875673493
(5.12);4.499199182762321
(5.13);2.497891655646879
(5.14);3.181787560831194
(5.15);2.287840729822126
(5.16);2.2679010479323756
(5.17);0.8603119300816823
(5.18);1.0210784179751422
(5.19);3.9404895818808
(5.20);1.7232740237210342
(5.21);2.2898848843205872
(5.22);3.5552439314431994
(5.23);2.705857802114921
(5.24);1.8978790111846688
(5.25);3.1311080628538406
(5.26);3.2602066972369257
(5.27);3.423279149387838
(5.28);2.8289881918883166
(5.29);2.1728264287219203
(5.30);2.7051167469725144
(5.31);3.710204030641945
(6.7);1.2817369810283508
(6.8);1.3161172475336116
(6.9);1.0887614520280111
(6.10);0.9832282434481391
(6.11);1.039684261383893
(6.12);1.500256866258998
(6.13);3.419042553625649
(6.14);1.16226994348811
(6.15);1.1641623626970807
(6.16);1.557836780314164
(6.17);0.9126451693230697
(6.18);0.9505527234085666
(6.19);2.5047759461969785
(6.20);1.1346385543494415
(6.21);10.06407996153071
(6.22);4.7250522949589895
(6.23);5.710792785873406
(6.24);3.5159342622894165
(6.25);2.3960894975560105
(6.26);6.081220768077068
(6.27);4.813304279839977
(6.28);1.8815194283490584
(6.29);2.0221826108706518
(6.30);1.2637291383263718
(6.31);2.2886863996556506
(7.8);1.2261197406445221
(7.9);1.321339911482874
(7.10);1.8091693614521864
(7.11);3.512692343246074
(7.12);2.091218642613228
(7.13);1.8869430132022698
(7.14);1.9478618647360117
(7.15);1.5061197405215712
(7.16);1.485253265669776
(7.17);1.1176512409506953
(7.18);1.3387766797300944
(7.19);2.340794638920463
(7.20);1.3425272978127445
(7.21);2.261727682641735
(7.22);3.391402533320333
(7.23);2.7794452332710042
(7.24);2.2244659046958675
(7.25);5.489940826565669
(7.26);2.9158783972572935
(7.27);2.504231704961351
(7.28);6.259723233809807
(7.29);3.4492823372007955
(7.31);4.928362354581229
(8.10);1.8481111211510066
(8.11);1.3237570611242193
(8.12);0.9377288236748721
(8.13);1.214857270916812
(8.14);0.8494407663572855
(8.15);0.7881884466864908
(8.16);0.8746274936615744
(8.17);2.2742119271295222
(8.18);1.7362678721553952
(8.19);1.2975560526168122
(8.20);0.8158192389397652
(8.21);2.3815203169218684
(8.22);2.226578303750661
(8.23);2.487446985716849
(8.24);4.085853183914544
(8.25);2.6188271497786064
(8.26);2.1078734531858028
(8.27);1.6477339218696094
(8.28);2.363349636525476
(8.29);3.43801908068331
(8.30);1.351927846870278
(8.31);1.7711620875268168
(9.10);2.8876704688456765
(9.11);1.6060833070552285
(9.12);0.919300005204295
(9.13);1.1010014519153957
(9.14);0.8571510167939967
(9.15);0.7784458445753227
(9.16);0.8352936730246788
(9.17);3.460829326938361
(9.18);2.3817831327108068
(9.19);1.2332995455270883
(9.20);0.8074890080237911
(9.21);1.9433831681688596
(9.22);2.003431927963557
(9.23);2.113378306290073
(9.24);2.883901489884879
(9.25);2.737573425483316
(9.26);1.861965828085938
(9.27);1.4942161139484702
(9.28);2.7572791448571627
(9.29);4.064644775434852
(9.30);1.5302506660740254
(9.31);1.7463656726003913
(10.11);3.0552556668669957
(10.12);1.0383757387507666
(10.13);1.113977048867058
(10.14);1.008346414465033
(10.15);0.8776615688870546
(10.16);0.8962978294426464
(10.17);2.367823480596952
(10.18);2.859967250845736
(10.19);1.3182465304138606
(10.20);0.8962651787082401
(10.21);1.7217544223802244
(10.22);1.9910004114050304
(10.23);1.9500928671672515
(10.24);2.1771985347178604
(10.25);3.245988598623964
(10.26);1.8116080622231994
(10.27);1.50296864319485
(10.28);4.291417255214828
(10.29);4.588357903562652
(10.30);2.353627768408883
(10.31);1.9800079883112693
(11.12);1.399055647232398
(11.13);1.322408375266276
(11.14);1.4118231070966596
(11.15);1.1495942053245758
(11.16);1.115504369821619
(11.17);1.4127930482303965
(11.18);1.8323677581886921
(11.19);1.6518367517821972
(11.20);1.120282173282644
(11.21);1.7891913508218846
(11.22);2.3003914672847707
(11.23);2.088162039231757
(11.24);1.9772890226626243
(11.25);3.9636936625046135
(11.26);2.0579340121436585
(11.27);1.770834618839589
(11.28);6.805021307812905
(11.29);3.7305758120528245
(11.30);6.858705627372366
(11.31);2.6242940252552205
(12.13);2.764276196835628
(12.14);5.074669431473327
(12.16);4.681463635889576
(12.17);0.8277564409236989
(12.18);0.9634676050511906
(12.19);8.199431150910378
(12.20);2.533022771112654
(12.21);2.2476485615574706
(12.22);3.0731653902314178
(12.23);2.4721702541968456
(12.24);1.7585820260678446
(12.25);2.3647576065737343
(12.26);3.0609576256301896
(12.27);3.961431587025061
(12.28);2.143839559920696
(12.29);1.8039398099307653
(12.30);1.9813558339194015
(12.31);2.5828658971901506
(13.14);1.8163129294515292
(13.15);1.7896527296232472
(13.16);2.57434445657988
(13.17);0.9293816928669931
(13.18);1.0113853369856192
(13.19);4.881257228664906
(13.20);1.5333082418056256
(13.21);5.077101598212277
(13.22);7.623336300399342
(13.23);5.506890982601496
(13.24);2.824988992489148
(13.25);3.0173968874303085
(13.26);10.281089199402215
(13.28);2.3479245570208684
(13.29);2.2438965617020443
(13.30);1.712674678055028
(13.31);3.541748489003803
(14.15);5.852565090717009
(14.16);2.9908178924582844
(14.17);0.7958810338552029
(14.18);0.9563906042714594
(14.19);3.9068464724517016
(14.20);3.1321165113988836
(14.21);1.7454567345556562
(14.22);2.261281422889257
(14.23);1.9066767074063793
(14.24);1.475533665124658
(14.25);2.0316604982580073
(14.26);2.209648447214943
(14.27);2.5493924397584165
(14.28);1.9749809071352211
(14.29);1.617982787580479
(14.31);2.043425652809611
(15.16);4.434575928324223
(15.17);0.727928955960474
(15.18);0.8616892131506705
(15.19);4.6017767198257635
(15.20);4.622349017619777
(15.21);1.6880965587046246
(15.22);2.083783219953494
(15.23);1.7887628101574573
(15.24);1.3796895080848464
(15.25);1.7394413687039578
(15.26);2.097305109852454
(15.27);2.5869660063489577
(15.28);1.6483319609639542
(15.29);1.4164691095207853
(15.30);1.5642401616750037
(15.31);1.739053860133195
(16.17);0.7623803724970939
(16.18);0.8707383129490197
(16.20);2.9834004676965082
(16.21);2.146058759307414
(16.22);2.5858537193733238
(16.23);2.2108809280963744
(16.24);1.613633849717744
(16.25);1.8776902265327422
(16.26);2.720140157697929
(16.27);3.928680645927383
(16.28);1.6901365152134014
(16.29);1.5159099827750306
(16.30);1.4728229065570233
(16.31);1.942180211532916
(17.18);4.214219371444661
(17.19);1.0739216054381242
(17.20);0.7655840506857357
(17.21);1.4882927590061832
(17.22);1.529943820085264
(17.23);1.5739510658414664
(17.24);1.918785698276314
(17.25);1.9246484440703837
(17.26);1.450647622942579
(17.27);1.2367190064014604
(17.28);2.0356843170931653
(17.29);2.421014434420595
(17.30);1.3307742663946651
(17.31);1.3463789431335313
(18.19);1.180287902049618
(18.20);0.894967611730169
(18.21);1.4591221414510755
(18.22);1.562844214130832
(18.23);1.559929403932446
(18.24);1.7479657732513356
(18.25);2.003934219369294
(18.26);1.4785619272139527
(18.27);1.2996799313503016
(18.28);2.2541113559292247
(18.29);2.372499350030264
(18.30);1.652112500223089
(18.31);1.4562896360971087
(19.20);3.03611334834793
(19.21);3.2774678326138793
(19.22);4.191233497806954
(19.23);3.4460658322314752
(19.24);2.3727016911455947
(19.25);2.8166501647949955
(19.26);4.44655500077641
(19.27);7.189757850006158
(19.29);2.2061405363615525
(19.30);2.158925495533912
(19.31);3.142438297087563
(20.21);1.5379014927379753
(20.22);1.7761140604362955
(20.23);1.5916359649723422
(20.24);1.3026891080936682
(20.25);1.5480284435414482
(20.26);1.7956552271338622
(20.27);2.113047358622797
(20.28);1.4963917813209202
(20.29);1.324865253937128
(20.30);1.4288856249736812
(20.31);1.4994824874851618
(21.22);9.261102429368936
(21.23);16.09204549932353
(21.24);7.228295061928685
(21.26);11.35583992980443
(21.27);6.05182670592456
(21.28);3.1328539756235494
(21.29);3.524624680089605
(21.30);2.0728736852476537
(21.31);4.164591930423664
(22.24);5.613026817856984
(22.25);6.3530644532388125
(22.27);7.867377923063842
(22.28);4.253745719405002
(22.29);4.293712857792979
(22.30);2.811231379860246
(22.31);8.486327480857122
(23.24);7.759048655118929
(23.25);5.686935902124468
(23.26);16.15049847675872
(23.27);6.195428020812896
(23.28);3.8656976416661597
(23.29);4.321962414996622
(23.30);2.4443913864484412
(23.31);5.932380207877643
(24.25);4.96796917567178
(24.26);5.278602876863156
(24.27);3.4600436463794417
(24.28);3.660021118674587
(24.29);5.070519223574639
(24.30);2.133019167644937
(24.31);3.80727228442117
(25.26);5.078486456024102
(25.27);3.59897275675173
(25.28);12.066423098483252
(25.29);10.346359239109777
(25.30);4.431048378888777
(25.31);10.049889595045348
(26.28);3.637070775789926
(26.29);3.7079137376936218
(26.30);2.5037841625815718
(26.31);6.148902620418805
(27.28);2.872601716417358
(27.29);2.7552079605214135
(27.30);2.2195955805920318
(27.31);4.2110988384616626
(28.29);9.451883919613028
(28.30);6.298953205466248
(28.31);5.756130356465456
(29.30);3.4805371904905114
(29.31);4.690958220046071
(30.31);3.4568937694576833

****Importance nodes******

0; 0.061111111111111116
1; 0.017815336994885158
2; 0.01842965896022603
3; 0.017835153832476795
4; 0.01968016974618129
5; 0.019086325179685122
6; 0.019660374927298087
7; 0.021080567430949545
8; 0.021786300033211914
9; 0.021674411997445717
10; 0.022377195869484806
11; 0.023099040897532702
12; 0.024853091371062775
13; 0.02288364050673393
14; 0.02623020135329477
15; 0.02627610501936917
16; 0.026911946997917637
17; 0.02794594496675563
18; 0.03666666666666667
19; 0.03928571428571429
20; 0.03666666666666667
21; 0.03793103448275863
22; 0.03928571428571429
23; 0.03793103448275863
24; 0.03666666666666667
25; 0.03793103448275863
26; 0.03928571428571429
27; 0.03928571428571429
28; 0.03793103448275863
29; 0.03666666666666667
30; 0.02920549897075641
31; 0.029789539932481825
