
****Importance edges******

(0.1);4.136590575341442
(0.2);4.514171574080393
(0.3);6.193181212313002
(0.4);6.601329764474744
(0.5);3.953153488074026
(0.6);6.893057294480125
(0.7);4.114065524891872
(0.8);3.509776181426849
(0.9);3.0528392722362656
(0.10);2.841385790348991
(0.11);3.05088176043476
(0.12);3.3730570604058445
(0.14);2.6071679893368294
(0.15);2.4385803556766685
(0.16);2.960695692997196
(0.17);2.183206654385838
(0.30);3.4627783480618217
(0.31);9.050623315815734
(1.2);3.1543920565203685
(1.3);2.143622404181491
(1.4);1.3826939675066487
(1.6);1.2712969777477996
(1.7);5.340647582060023
(1.8);0.9876536964342238
(1.9);1.0349637425213274
(1.10);1.2873430745923655
(1.11);2.063136888127691
(1.12);2.740095558126005
(1.13);2.14656024970605
(1.14);2.3131861919432426
(1.15);1.7467569685637618
(1.16);1.736000147569121
(1.17);0.9026344563225208
(1.18);1.0863823513334578
(1.19);2.9331902442247473
(1.20);1.4612630398741213
(1.21);2.2575470802135955
(1.22);3.597308099670357
(1.23);2.754163604708718
(1.24);1.9909700805316997
(1.25);3.896202200653856
(1.26);3.1477683238121243
(1.27);2.933523530745558
(1.28);3.5999536506807055
(1.29);2.523885842558461
(1.30);3.503273257185791
(1.31);4.617959297077715
(2.3);4.592285906190666
(2.4);1.9186575264683776
(2.5);5.044385890209598
(2.6);1.6261666554679486
(2.7);2.147798482018081
(2.8);0.9157279446789739
(2.9);0.9018730465119899
(2.10);1.0038009603890157
(2.11);1.341279546917742
(2.12);4.994063007418331
(2.13);3.853136207600347
(2.14);2.4885383984772336
(2.15);2.230150740740354
(2.16);2.8125911083034083
(2.17);0.7953866480943003
(2.18);0.9280512072987555
(2.19);6.060512062462275
(2.20);1.6869733898655073
(2.21);2.693784617074001
(2.22);4.328595447601892
(2.23);3.12973801492067
(2.24);1.9865248212217845
(2.25);2.7994742851163767
(2.26);4.220309745745648
(2.27);5.389990611474249
(2.28);2.3469456274713436
(2.29);1.9828998577657746
(2.30);1.9116856583400046
(2.31);3.4172015945319796
(3.4);3.229410837201917
(3.5);2.600226056325889
(3.6);2.471306503861905
(3.7);1.7715030883465839
(3.8);1.020839292845979
(3.9);0.9608405148379274
(3.10);0.9991019479052045
(3.11);1.2241403845027514
(3.12);2.8313678428317512
(3.13);14.765235290673223
(3.14);1.7676734203200017
(3.15);1.7454439101248993
(3.16);2.5030844424024967
(3.17);0.8270802989241829
(3.18);0.9303780478036199
(3.19);5.17457172940599
(3.20);1.479949179918416
(3.21);3.9554321035592994
(3.22);6.538586815796724
(3.23);4.486534844313025
(3.24);2.4240684879266574
(3.25);2.840636264510387
(3.26);7.6148984114783165
(3.27);15.359836597040378
(3.28);2.232327372724476
(3.29);2.0622232361650696
(3.30);1.627056249603187
(3.31);3.405875974223932
(4.5);1.519071171469437
(4.7);1.3173747897474
(4.8);1.1720531408138952
(4.9);1.0221087187275135
(4.10);0.9593986800861366
(4.11);1.0514342047972878
(4.12);1.6827259375695915
(4.13);4.787650004249687
(4.14);1.256659500108371
(4.15);1.294990926700942
(4.17);0.8674135277457626
(4.18);0.9267227378680768
(4.19);3.026757084825545
(4.20);1.2375345879229345
(4.21);7.302147638377612
(4.22);5.1242920564096295
(4.23);5.361386852835797
(4.24);3.013479621847785
(4.25);2.3997893161883286
(4.26);7.089418855780887
(4.27);7.034953866164243
(4.28);1.8926870711189512
(4.29);1.9565347116311609
(4.30);1.29347839659538
(4.31);2.398895573337193
(5.6);1.3601324207780219
(5.7);3.2231872830487975
(5.8);0.9455213080155882
(5.9);0.968659331656373
(5.10);1.15395680740707
(5.11);1.710694405328684
(5.12);4.383894542952566
(5.13);2.4879358166813708
(5.14);3.1113003620709727
(5.15);2.275962512579152
(5.16);2.2575589385897543
(5.17);0.8566008335584797
(5.18);1.0217325739825687
(5.19);3.9431549020704018
(5.20);1.724378042800484
(5.21);2.291392352950475
(5.22);3.5576486741109647
(5.23);2.7076391125124672
(5.24);1.899094891311679
(5.25);3.133169322445473
(5.26);3.262411878738325
(5.27);3.4255946319800166
(5.28);2.830850561033069
(5.29);2.174218454482549
(5.30);2.6733584460595217
(5.31);3.6930011963786744
(6.7);1.2547706847229645
(6.8);1.2872407428236323
(6.9);1.0855244826867219
(6.10);0.9802034100136315
(6.11);1.0364660059816055
(6.12);1.4616863600602896
(6.13);3.4041254741050415
(6.14);1.1363794444651887
(6.15);1.1577289681533767
(6.16);1.5502068942915306
(6.17);0.9084042550602616
(6.18);0.9508460351952449
(6.19);2.5056744533231443
(6.20);1.13498866944923
(6.21);10.067434807297978
(6.22);4.7267472542087265
(6.23);5.712696469973558
(6.24);3.5170191731364633
(6.25);2.396888230350225
(6.26);6.083402208778063
(6.27);4.815030896626763
(6.28);1.8821466299923635
(6.29);2.022806595190488
(6.30);1.2485929112026977
(6.31);2.277349091638775
(7.8);1.1776126455093814
(7.9);1.2932349806408154
(7.10);1.771042728158914
(7.11);3.4396338821864583
(7.12);2.003309928563866
(7.13);1.8452194253886072
(7.14);1.8733923533380321
(7.15);1.4730323221771089
(7.16);1.4538536016819832
(7.17);1.0946782185551616
(7.18);1.3209457040389638
(7.19);2.311116521401193
(7.20);1.3246463681741996
(7.21);2.232319122592071
(7.22);3.34840412531584
(7.23);2.743304948711225
(7.24);2.1948385605144782
(7.25);5.418556788731998
(7.26);2.8789089936595422
(7.27);2.4724814259750656
(7.28);6.178329948478147
(7.29);3.403341837610622
(7.30);6.8687865907727685
(7.31);4.82843271587039
(8.9);4.247331380275283
(8.10);1.8076007497863116
(8.11);1.29511767642323
(8.12);0.8978558999956375
(8.13);1.1869987423257153
(8.14);0.8165188702873193
(8.15);0.7702708155370547
(8.16);0.855467035979848
(8.17);2.2257412679336466
(8.18);1.7118707006362524
(8.19);1.2801853139486568
(8.20);0.8043557532528927
(8.21);2.3488373653194725
(8.22);2.1967704894673115
(8.23);2.4533103424683946
(8.24);4.028440809632542
(8.25);2.582887502158098
(8.26);2.0796547732860096
(8.27);1.6256752560464807
(8.28);2.330916051457457
(8.29);3.3897097486138343
(8.30);1.3141732894828946
(8.31);1.7339471892394616
(9.10);2.8757674250518903
(9.11);1.5994609482781883
(9.12);0.8956560570559545
(9.13);1.0951237577313622
(9.14);0.8379250276054513
(9.15);0.7734763410730476
(9.16);0.8304738205906391
(9.17);3.4417555012341627
(9.18);2.3803593455462733
(9.19);1.2326701296868758
(9.20);0.80700630560251
(9.21);1.9423053392186294
(9.22);2.002409474177029
(9.23);2.112206195530539
(9.24);2.8821775453877145
(9.25);2.7360551269101383
(9.26);1.8610155716860373
(9.27);1.4934535390377515
(9.28);2.7557499172015616
(9.29);4.062215003815357
(9.30);1.511076073006106
(9.31);1.7362801264968095
(10.11);3.0424203475134544
(10.12);1.0119251527243944
(10.13);1.1079640632286574
(10.14);0.9859226292415175
(10.15);0.872023548373287
(10.16);0.8910827067056145
(10.17);2.3546530880536203
(10.18);2.857966300860098
(10.19);1.3174438762808764
(10.20);0.8956381149556977
(10.21);1.7206269467573034
(10.22);1.9897881307942968
(10.23);1.9488158661376134
(10.24);2.175675277633191
(10.25);3.243862991760606
(10.26);1.8105050100512856
(10.27);1.5020535154358354
(10.28);4.28860705866174
(10.29);4.585147700830953
(10.30);2.3242441880453746
(10.31);1.9684829545375424
(11.12);1.3638654486178359
(11.13);1.3152951692822945
(11.14);1.380799373852966
(11.15);1.1422466721040399
(11.16);1.1090398328809878
(11.17);1.4049619547681786
(11.18);1.831008268226676
(11.19);1.6507623232166755
(11.20);1.1194510015037271
(11.21);1.787944669567417
(11.22);2.2988951897006413
(11.23);2.0867070397598417
(11.24);1.9758220111599925
(11.25);3.9609318211927675
(11.26);2.056595439741622
(11.27);1.7696827887345599
(11.28);6.8002796727179184
(11.29);3.7278079831896713
(11.30);6.773863012044297
(11.31);2.6090768066314807
(12.13);2.691349071064894
(12.14);4.866448260348823
(12.15);4.427069920816115
(12.16);4.563726462395915
(12.17);0.8074542125176368
(12.18);0.9469233278662624
(12.19);8.06486435984756
(12.20);2.489526725556669
(12.21);2.2098951550275046
(12.22);3.022729451767219
(12.23);2.430645591393996
(12.24);1.7283843646839387
(12.25);2.3250371374609187
(12.26);3.0107220376144794
(12.27);3.8964176699776996
(12.28);2.107829817194446
(12.29);1.772963282973395
(12.30);1.9205479231058695
(12.31);2.5205317364511464
(13.14);1.7742561962275194
(13.15);1.7762253188072137
(13.16);2.556607772154929
(13.17);0.9232345129387218
(13.18);1.0097277122635568
(13.19);4.87388959714252
(13.20);1.5307952039404198
(13.21);5.069105118085573
(13.22);7.611829852326344
(13.23);5.498217580375744
(13.24);2.8203589356529863
(13.25);3.0126444605233482
(13.26);10.265571214317314
(13.28);2.3442265549824954
(13.29);2.2402188947650155
(13.30);1.6896500436161945
(13.31);3.5175462117635528
(14.15);5.718198712543307
(14.16);2.9244241090945686
(14.17);0.7786513922990624
(14.18);0.9421849363112522
(14.19);3.8513607135000214
(14.20);3.085593880399692
(14.21);1.7200910742672226
(14.22);2.229166284289094
(14.23);1.8789681353848262
(14.24);1.4536169490703057
(14.25);2.002135612879876
(14.26);2.1782666097215477
(14.27);2.5131854950056316
(14.28);1.9462797117548112
(14.29);1.5939502153834662
(14.30);1.9714372240305091
(14.31);1.999778476453866
(15.16);4.400282105536684
(15.17);0.7224993952077359
(15.18);0.8594188835391386
(15.19);4.5904007746610604
(15.20);4.610170315961013
(15.21);1.683784218793755
(15.22);2.0786319479364943
(15.23);1.784193312507844
(15.24);1.3760543808288468
(15.25);1.7349978655179574
(15.26);2.092120410686034
(15.27);2.580570827872699
(15.28);1.6441212020088614
(15.29);1.412737077467829
(15.30);1.5425730049037918
(15.31);1.7257726391470338
(16.17);0.757117677492108
(16.18);0.8688198098772494
(16.20);2.9768271231261836
(16.21);2.141482676148425
(16.22);2.5805287439393285
(16.23);2.2061666233562485
(16.24);1.6100785203479917
(16.25);1.873686390856683
(16.26);2.7145386499992363
(16.27);3.9205904249799106
(16.28);1.6865326039923703
(16.29);1.5125699690013958
(16.30);1.453329120390735
(16.31);1.9283962108963888
(17.18);4.205531511066566
(17.19);1.0718540257596783
(17.20);0.7640057542673948
(17.21);1.485324497742255
(17.22);1.5269982784967961
(17.23);1.57081196706417
(17.24);1.91483000903169
(17.25);1.9208099120418942
(17.26);1.447854747251659
(17.27);1.2343379991914039
(17.28);2.0316243343596283
(17.29);2.4160233711830905
(17.30);1.3136394709152373
(17.31);1.337155033119273
(18.19);1.1819842491856392
(18.20);0.8962538875128437
(18.21);1.4612192379827416
(18.22);1.5650903833087797
(18.23);1.5621713838529054
(18.24);1.7504780049942597
(18.25);2.006814337065916
(18.26);1.4806869632211033
(18.27);1.3015478724903082
(18.28);2.2573510361261184
(18.29);2.37590918119997
(18.30);1.6396406420047176
(18.31);1.452850517549511
(19.20);3.0404769465633845
(19.21);3.2821783131344384
(19.22);4.197257271267697
(19.23);3.451018627134223
(19.24);2.3761118131263577
(19.25);2.8206983435757205
(19.26);4.452945730383678
(19.27);7.200091197587173
(19.29);2.209311271377999
(19.30);2.1433695535133226
(19.31);3.1354698532420957
(20.21);1.5401118134471503
(20.22);1.778666747788624
(20.23);1.593923514566031
(20.24);1.3045613741177486
(20.25);1.5502533190248966
(20.26);1.7982359996695634
(20.27);2.1160842971772404
(20.28);1.498542442958815
(20.29);1.3267693922200228
(20.30);1.4180989146724556
(20.31);1.4959413663326908
(21.22);9.274412778949898
(21.23);16.115173496524974
(21.24);7.2386837964106086
(21.26);11.372160902432032
(21.27);6.060524582842951
(21.28);3.1373566125309456
(21.29);3.529690382255354
(21.30);2.0575762911082602
(21.31);4.155052360694528
(22.24);5.6210940376855945
(22.25);6.362195278583624
(22.27);7.878685167664597
(22.28);4.2598593374095115
(22.29);4.299883917833981
(22.30);2.7909753069007888
(22.31);8.467508814931557
(23.24);7.770200205466522
(23.25);5.695109346428652
(23.26);16.173710484429723
(23.27);6.2043322860868875
(23.28);3.871253544689293
(23.29);4.328174076195504
(23.30);2.426352265813374
(23.31);5.918791276333266
(24.25);4.975109298237096
(24.26);5.286189452017244
(24.27);3.4650165306391654
(24.28);3.665281416887981
(24.29);5.077806734315125
(24.30);2.1169169272512933
(24.31);3.798281174133385
(25.26);5.085785417523275
(25.27);3.6041453143268205
(25.28);12.083765343735099
(25.29);10.361229354132591
(25.30);4.398348126102037
(25.31);10.026868942802885
(26.28);3.6422980890440093
(26.29);3.7132428686951577
(26.30);2.4857433726859686
(26.31);6.135267258775795
(27.28);2.876730310539277
(27.29);2.759167832621142
(27.30);2.2036024857713565
(27.31);4.201760610305925
(28.29);9.465468466391147
(28.30);6.252468187814004
(28.31);5.742945149409668
(29.30);3.45426248682614
(29.31);4.679880230461664
(30.31);3.412383465020974

****Importance nodes******

0; 0.061111111111111116
1; 0.017221492428388985
2; 0.017221492428388985
3; 0.01777702444220798
4; 0.01961602697071226
5; 0.01904197722309929
6; 0.019596891979125158
7; 0.020229667042696516
8; 0.020882236947299633
9; 0.021555857493986714
10; 0.022251207735728223
11; 0.02296898863042913
12; 0.023709923747539746
13; 0.022700714983601607
14; 0.025207041125963656
15; 0.02602017148486571
16; 0.026680818836526767
17; 0.02772020343071708
18; 0.03666666666666667
19; 0.03928571428571429
20; 0.03666666666666667
21; 0.03793103448275863
22; 0.03928571428571429
23; 0.03793103448275863
24; 0.03666666666666667
25; 0.03793103448275863
26; 0.03928571428571429
27; 0.03928571428571429
28; 0.03793103448275863
29; 0.03666666666666667
30; 0.028614403541385367
31; 0.029537448816913926
