
****Mix criterion 0.5*C(weight)+0.5*C(distance) ******

(0.1);0.5116362509090189
(0.2);0.5330040846543767
(0.3);0.6099339471055916
(0.4);0.6203936462659903
(0.5);0.4984255289857982
(0.6);0.6337345349777648
(0.7);0.5062517914955568
(0.8);0.46916778929151287
(0.9);0.4315371265951364
(0.10);0.4129744372429217
(0.11);0.4293562418956419
(0.12);0.45388745665731833
(0.14);0.3841302732962951
(0.15);0.3637630102270745
(0.16);0.41399629353193396
(0.17);0.32704306785644605
(0.30);0.45196575133564393
(0.31);0.7087391852991172
(1.2);0.5347435749469543
(1.3);0.47418333897817916
(1.4);0.3916773244189884
(1.6);0.376336082700074
(1.7);0.6202440023907074
(1.8);0.31615115213860184
(1.9);0.32217274778913363
(1.10);0.3681532009637437
(1.11);0.4531758844800156
(1.12);0.5001302155764962
(1.13);0.460660722521282
(1.14);0.4673567336196772
(1.15);0.4146511205367946
(1.16);0.4105667596404413
(1.17);0.25016054121927006
(1.18);0.24431325564516765
(1.19);0.47220554324871594
(1.20);0.32806279987816406
(1.21);0.42419141376834585
(1.22);0.5146409532528119
(1.23);0.4626991200811741
(1.24);0.40379402690359956
(1.25);0.5325365350800325
(1.26);0.4882755884310048
(1.27);0.47429907258815074
(1.28);0.5169894876056511
(1.29);0.4536380855254952
(1.30);0.5331177395965777
(1.31);0.580869495349813
(2.3);0.5989045994827751
(2.4);0.4492918721958435
(2.5);0.6124866803109072
(2.6);0.4225911844720602
(2.7);0.46813512869937607
(2.8);0.29750822549053096
(2.9);0.2879557525329236
(2.10);0.31199486239878066
(2.11);0.37402289445653003
(2.12);0.6080375570065132
(2.13);0.5589356049816487
(2.14);0.4807880749761195
(2.15);0.45977953983948766
(2.16);0.4971004020649743
(2.17);0.20998846021787249
(2.18);0.1903399226256196
(2.19);0.6222000602185804
(2.20);0.364046987225836
(2.21);0.46099072970425115
(2.22);0.5530319740259114
(2.23);0.48852754071245946
(2.24);0.4039325761416553
(2.25);0.4686546217125187
(2.26);0.5478465568132089
(2.27);0.5997025268629305
(2.28);0.4329874033413249
(2.29);0.40352987100887183
(2.31);0.5266981173150828
(3.4);0.5299767532078637
(3.5);0.4999669853600201
(3.6);0.48956936473550394
(3.7);0.43446695360674437
(3.8);0.3215835232054203
(3.9);0.3011834919556696
(3.10);0.3077558588091398
(3.11);0.35206387644567594
(3.12);0.5057036923093806
(3.13);0.9314897526323686
(3.15);0.4134628732810107
(3.16);0.47598348092663983
(3.17);0.21925444179734963
(3.18);0.1877813629226253
(3.19);0.5865806535390703
(3.20);0.3296390830794173
(3.21);0.5360037488525854
(3.22);0.6443496243306066
(3.23);0.5585950406156154
(3.24);0.4448607407507726
(3.25);0.47046204768858974
(3.26);0.68368578008398
(3.27);0.9370069304244808
(3.28);0.42111859153502107
(3.29);0.4105483106417082
(3.30);0.39137211939623057
(3.31);0.5252670578387998
(4.5);0.40229150035848427
(4.7);0.3699585517221488
(4.8);0.343014800199425
(4.9);0.3052308030373069
(4.10);0.2853628491739381
(4.11);0.305333050078275
(4.12);0.40645013742730474
(4.13);0.5892064056959676
(4.14);0.33837583695811746
(4.15);0.3418030826478775
(4.16);0.41002114523112837
(4.17);0.22184582075006318
(4.18);0.17376200556614113
(4.19);0.4718875259524522
(4.20);0.27043760956723123
(4.21);0.6649146207286313
(4.23);0.5887561336604965
(4.24);0.482175051678634
(4.25);0.42942755078280437
(4.26);0.6563700418783032
(4.27);0.6544211771966102
(4.28);0.3773057545727222
(4.29);0.3913629482923997
(4.30);0.3308549140614899
(4.31);0.45551962532377654
(5.6);0.3820359549296384
(5.7);0.5283754423871807
(5.8);0.29455443951170573
(5.9);0.2955600166015777
(5.10);0.3357008186405993
(5.11);0.41447512468597125
(5.12);0.5786806045207904
(5.13);0.48093443537162467
(5.14);0.514106569686543
(5.15);0.45797492361065983
(5.16);0.45390831456375497
(5.17);0.2221270100170119
(5.18);0.21356666051485163
(5.19);0.52752187883708
(5.20);0.36250910897717104
(5.21);0.4226723663795857
(5.22);0.5094792468287691
(5.23);0.45549790429818526
(5.24);0.38763841124685927
(5.25);0.48651053984838283
(5.26);0.49210180813043713
(5.27);0.5018910335873542
(5.28);0.4662502485007107
(5.29);0.4178011876445348
(5.30);0.48165387348893307
(5.31);0.5365769323444685
(6.7);0.36053078376661896
(6.8);0.3643937988795047
(6.9);0.32076690403690933
(6.10);0.2917220941756348
(6.11);0.3022769308185118
(6.12);0.37911707844115494
(6.13);0.5310400400038584
(6.14);0.3145447647963976
(6.15);0.3152458646983804
(6.16);0.37920279767020443
(6.17);0.2372363653792738
(6.18);0.1839595514850722
(6.19);0.4345356624028926
(6.20);0.2440402016895945
(6.22);0.5656269984348796
(6.23);0.6046740382332924
(6.24);0.514373246663167
(6.25);0.43011508196132997
(6.26);0.6215240511883448
(6.27);0.5695422508503378
(6.28);0.3767694791212761
(6.29);0.3996918264751071
(6.30);0.32273092900755146
(6.31);0.4469719325524685
(7.8);0.34236350694701634
(7.9);0.3584965176305004
(7.10);0.4197772674987875
(7.11);0.5327658987838
(7.12);0.4389421751641842
(7.13);0.4258397762855894
(7.14);0.4214190217602807
(7.15);0.3696357522979223
(7.16);0.3636114247639398
(7.17);0.28917045658288815
(7.18);0.28964114570288835
(7.19);0.416623667192492
(7.20);0.28866182487007674
(7.21);0.41408610993899486
(7.22);0.4953994201252835
(7.23);0.45575905408004347
(7.24);0.4167243496717528
(7.25);0.5977409913084684
(7.26);0.46459921367483037
(7.27);0.432751115079928
(7.29);0.5078230708184097
(7.31);0.5863465292362281
(8.10);0.4232296758881202
(8.11);0.3516892572977679
(8.12);0.25213645249500394
(8.13);0.33254933372930845
(8.14);0.21160577301194405
(8.16);0.21707260568087017
(8.17);0.4466178268456548
(8.18);0.35805630451417336
(8.19);0.2637326611404883
(8.20);0.10702999241487285
(8.21);0.4250516335766247
(8.22);0.40669980770740854
(8.23);0.43288088568886834
(8.24);0.5440985001172849
(8.25);0.4453721517853844
(8.26);0.39415939325431437
(8.27);0.33329690707433246
(8.28);0.4233861348127616
(8.29);0.5081921200019108
(8.30);0.3315323889471037
(8.31);0.39140670970347885
(9.10);0.5001523899523196
(9.11);0.39231308608341514
(9.12);0.2460063069161759
(9.13);0.30769295661958085
(9.14);0.214723581077736
(9.15);0.18110406571223292
(9.16);0.20147470155726516
(9.17);0.521279118037179
(9.18);0.4301188637940846
(9.19);0.24735930013076518
(9.20);0.10277624304774093
(9.21);0.37818290146272165
(9.22);0.3813661312113055
(9.23);0.3962021717506591
(9.24);0.47030601752600976
(9.25);0.4532355382640462
(9.26);0.3637627670147906
(9.27);0.30607255064365985
(9.28);0.4547181812082778
(9.30);0.36059723115402115
(9.31);0.3874849995025018
(10.11);0.5083648343369851
(10.12);0.2784422344502793
(10.13);0.3077757253998103
(10.14);0.26221150057508313
(10.15);0.21862699661176105
(10.16);0.22128881808394396
(10.18);0.46826938087075076
(10.19);0.2657559180835417
(10.20);0.1428513214621999
(10.21);0.34700999864516235
(10.22);0.3786111377665438
(10.23);0.376461379837626
(10.24);0.4094261684181446
(10.25);0.48799228991874843
(10.26);0.3554310970926904
(10.27);0.30557099271375116
(10.28);0.5453421370766578
(10.30);0.44878584018648715
(10.31);0.41253251149044917
(11.12);0.35115032081919306
(11.13);0.34631349596520805
(11.14);0.34749401140317243
(11.15);0.2958531711398277
(11.16);0.2839683445769088
(11.17);0.34124561982609114
(11.18);0.36653154190376536
(11.19);0.32776837012922205
(11.20);0.2223635229372637
(11.21);0.3541846677516468
(11.22);0.41000874179272095
(11.23);0.3901890663116101
(11.24);0.38492551090931837
(11.25);0.5274361342231727
(11.26);0.3842345104764041
(11.27);0.3471246901620867
(11.28);0.6488396447013158
(11.29);0.5217436058695825
(11.30);0.6619829088010658
(11.31);0.4657074394190598
(12.13);0.48578556183883215
(12.14);0.592109356722319
(12.15);0.5718917001245843
(12.16);0.57524880900488
(12.17);0.17048119346807217
(12.18);0.1576622731855938
(12.19);0.690809926538622
(12.20);0.4331297616201173
(12.21);0.4034900206898286
(12.22);0.4689419326613923
(12.23);0.42341044255757787
(12.24);0.3502333626278464
(12.25);0.4149963236938559
(12.26);0.4680975765768139
(12.27);0.5223604780252182
(12.28);0.3925544821483764
(12.29);0.3567494017719866
(12.30);0.4074210653037508
(13.14);0.40316182811961637
(13.15);0.40073534454701515
(13.16);0.4681035964490346
(13.17);0.22402581375510508
(13.18);0.18824511030999275
(13.19);0.5669265565540637
(13.20);0.3190971992977273
(13.21);0.5802735075393946
(13.22);0.6777809417389705
(13.23);0.5950436862546238
(13.24);0.4643705515182652
(13.25);0.47177761193743617
(13.26);0.7686018388400055
(13.28);0.4185195265681938
(13.29);0.41464635677415873
(13.30);0.3823063199822572
(13.31);0.5221192515580595
(14.15);0.6218241395184912
(14.16);0.48804760952366727
(14.17);0.14560197357519955
(14.18);0.14609940989293255
(14.19);0.5142927357502745
(14.20);0.47467992460425656
(14.21);0.3369708972468585
(14.22);0.397428646193916
(14.23);0.35868501096727556
(14.24);0.296700448171965
(14.25);0.3755086736779553
(14.26);0.3919739774636415
(14.27);0.4249332487311028
(14.28);0.36857086554341273
(14.29);0.3229028941187216
(14.30);0.40803820789421863
(14.31);0.40761076005732677
(15.16);0.5635673612675487
(15.17);0.10829014208103939
(15.18);0.1010769252937738
(15.19);0.5503128407716105
(15.20);0.5574112939816945
(15.21);0.3283863169938287
(15.22);0.3783680072799907
(15.23);0.342792719378017
(15.24);0.2767753568722707
(15.25);0.33644448318876624
(15.26);0.3799494653418333
(15.27);0.4288957479637364
(15.28);0.3218656361416553
(15.29);0.28480820585933836
(15.30);0.34986585237654494
(15.31);0.3725793703049648
(16.17);0.12308688097346329
(16.18);0.10124998647519763
(16.20);0.4632160529384973
(16.21);0.3868463756537811
(16.22);0.42661618247301225
(16.23);0.39263305769908796
(16.24);0.31970456295916616
(16.26);0.4379101070347625
(16.27);0.5169082870201718
(16.28);0.3260216705105087
(16.29);0.3019301063891742
(16.30);0.33202536246796566
(16.31);0.39481546346614116
(17.19);0.16633580453882457
(17.20);0.030958601164794902
(17.21);0.28600086487698895
(17.22);0.28909019473612874
(17.23);0.3016633141136081
(17.24);0.36265047312102994
(17.25);0.35730208290430093
(17.26);0.27276390534794726
(17.27);0.21976850560146313
(17.28);0.37144592839869667
(17.29);0.41872637397558166
(17.30);0.3012152390477949
(17.31);0.3017249042988186
(18.19);0.14271743207382825
(18.20);0.027337613538653535
(18.21);0.23257580507006415
(18.22);0.25112856222456165
(18.23);0.2550336992322905
(18.25);0.3340226376764624
(18.26);0.23165285347970394
(18.27);0.18305261421478042
(18.28);0.3668709814329707
(18.29);0.38635527985221807
(18.30);0.31872080609734543
(18.31);0.278811638437361
(19.20);0.43529379507318566
(19.21);0.45120047948538716
(19.22);0.5070851258033332
(19.23);0.4614550451122309
(19.24);0.37580871259885723
(19.25);0.4143278477098913
(19.26);0.5210538163027709
(19.27);0.6417026529325814
(19.28);0.3800202689550633
(19.29);0.35606728925990894
(19.30);0.3780003428481439
(19.31);0.4627694684016592
(20.21);0.24936892298400085
(20.22);0.29143797068031885
(20.23);0.26015072255699695
(20.24);0.19628356309714812
(20.25);0.25160388645299514
(20.26);0.29485399110172816
(20.27);0.34298328653525734
(20.28);0.23993407673481582
(20.29);0.2027107101828849
(20.30);0.2738784285518161
(20.31);0.2860485408465909
(21.22);0.7222552512146492
(21.23);0.937918348759209
(21.24);0.6576898279377554
(21.25);0.5153593801071579
(21.26);0.7934195278203914
(21.27);0.6006251955710531
(21.28);0.44463366498540424
(21.29);0.47845051062318206
(21.30);0.3728496609653541
(21.31);0.5280328242538039
(22.23);0.9726607868294044
(22.24);0.5886802145064498
(22.25);0.6132011782095712
(22.27);0.6710869454812687
(22.28);0.514684376790713
(22.29);0.5230576854420655
(22.30);0.4414879873360138
(22.31);0.702721870468872
(23.24);0.6743218885105032
(23.25);0.583526234587677
(23.26);0.9393451074061849
(23.27);0.6036731010691465
(23.28);0.4923588738048314
(23.29);0.5244571000095863
(23.30);0.411187307535418
(23.31);0.6050951809116116
(24.25);0.5600343551430459
(24.26);0.573245923694619
(24.27);0.47161548345250515
(24.28);0.4873615123209927
(24.29);0.571971055920335
(24.30);0.3859146739381306
(25.26);0.5569967478006986
(25.27);0.475221016886632
(25.28);0.8175049990928088
(25.29);0.7718567996352561
(25.30);0.5432142903652782
(25.31);0.7569654649728594
(26.28);0.4777160078436572
(26.29);0.48813214213881106
(26.30);0.4149417960766586
(26.31);0.6158039692369297
(27.28);0.4206936706781082
(27.29);0.41584488397793
(27.30);0.38611046299088203
(27.31);0.5285773556988618
(28.29);0.7403866566218822
(28.30);0.6248047850588789
(28.31);0.6011309626829522
(29.30);0.49712103639283495
(29.31);0.5611957769055438
(30.31);0.5079063843994343
