
****Mix criterion 0.5*C(weight)+0.5*C(distance) ******

(0.1);0.46543741575458564
(0.2);0.4821843890044438
(0.3);0.5401338294647241
(0.4);0.5487430061160026
(0.5);0.4546972025755349
(0.6);0.559036487163071
(0.7);0.46067547643398404
(0.8);0.4285762477155315
(0.9);0.39845557232923867
(0.10);0.3813708904581529
(0.11);0.39562597092011487
(0.12);0.41565846955475283
(0.13);0.5678167362587483
(0.14);0.3551047624668562
(0.15);0.3366950019111365
(0.16);0.38192382087482213
(0.17);0.3030611062055793
(0.30);0.4129416874985621
(0.31);0.6090951824977741
(1.2);0.4974322895038601
(1.3);0.4487860114640545
(1.4);0.37659727729202425
(1.5);0.5996733302455567
(1.6);0.3625190353246159
(1.7);0.5594014042938766
(1.8);0.30386951292748876
(1.9);0.3109267881730287
(1.10);0.35338728913389555
(1.11);0.4298121413426874
(1.12);0.4675366794766221
(1.13);0.4380272508702954
(1.14);0.4408314659372584
(1.15);0.3947484236006695
(1.16);0.3917217414620543
(1.17);0.24009135778473487
(1.18);0.23131786088930376
(1.19);0.4408156449569318
(1.20);0.31267460051382095
(1.21);0.39943858046119346
(1.22);0.4736041125620097
(1.23);0.4343606061634571
(1.24);0.3799778795666461
(1.25);0.4898166979395285
(1.26);0.45236694128241367
(1.27);0.44083445558607726
(1.28);0.47751786222526565
(1.29);0.42344715615102124
(1.30);0.4920958635389612
(1.31);0.529162459701262
(2.3);0.5435762020010891
(2.4);0.4280014043837012
(2.5);0.5541767280119488
(2.6);0.40460768582565676
(2.7);0.4432646740403178
(2.8);0.2859525544149731
(2.9);0.2779929516747328
(2.10);0.3003029603981288
(2.11);0.35859982969690335
(2.12);0.5477778407004534
(2.13);0.5176314161153474
(2.14);0.4518409589961114
(2.15);0.43400753708545714
(2.16);0.46611951073888885
(2.17);0.20099161698371604
(2.18);0.17911779265371972
(2.19);0.5565910252962122
(2.20);0.3460624748200549
(2.21);0.43111244766418577
(2.22);0.503115964302362
(2.23);0.45592688366552736
(2.24);0.3799112295167814
(2.25);0.4376040760510503
(2.26);0.4991792639568763
(2.27);0.5375468398672227
(2.28);0.40695610783765745
(2.29);0.3795523579685317
(2.30);0.40257136160289597
(2.31);0.4879236826472465
(3.4);0.49404741717525247
(3.5);0.46985125753033496
(3.6);0.46216622561940573
(3.7);0.41391556996540624
(3.8);0.3086950237430834
(3.9);0.2905420161184492
(3.10);0.2960991532201954
(3.11);0.3379617689067271
(3.12);0.4715020969621493
(3.13);0.772738355366458
(3.14);0.39798328697770863
(3.15);0.3932590080288636
(3.16);0.4483479750466209
(3.17);0.20988147767477447
(3.18);0.17652194113015313
(3.19);0.5304501217351012
(3.20);0.3138254396365171
(3.21);0.49205431701471614
(3.22);0.5688516189526948
(3.23);0.5117433011058121
(3.24);0.41552469867213637
(3.25);0.4388992887751104
(3.26);0.5957601078526188
(3.27);0.7596540774799259
(3.28);0.39631484895046754
(3.29);0.3855913146108641
(3.30);0.3720479047160862
(3.31);0.48655276354714216
(4.5);0.3860414199000526
(4.6);0.6397498266528089
(4.7);0.3558073150260955
(4.8);0.329262369777606
(4.9);0.2947365718600175
(4.10);0.27495657793524525
(4.11);0.2940620215280217
(4.12);0.3874872786694483
(4.13);0.5414271964710333
(4.14);0.32469728556101285
(4.15);0.32778331719338655
(4.16);0.39130054708339834
(4.17);0.21263400419188286
(4.18);0.16312562622711574
(4.19);0.44074296260738255
(4.20);0.25792987373091286
(4.21);0.5880086125540757
(4.22);0.5248077690381117
(4.23);0.5357592635623113
(4.24);0.44758810233698676
(4.25);0.40415303896685373
(4.26);0.5786198668382478
(4.27);0.5772683236807015
(4.28);0.3573720289659786
(4.29);0.36890699190704757
(4.30);0.3164241780926416
(4.31);0.42990121208623694
(5.6);0.367535252290195
(5.7);0.4923911537070318
(5.8);0.28305389602753994
(5.9);0.28522546029039797
(5.10);0.322719216928672
(5.11);0.3954624104373863
(5.12);0.52754669951885
(5.13);0.45514349963905915
(5.14);0.47906894097194336
(5.15);0.4324951459042771
(5.16);0.4297957188448918
(5.17);0.21272758414223503
(5.18);0.2015279768108061
(5.19);0.48584447517258067
(5.20);0.3445789199646753
(5.21);0.3978774933817365
(5.22);0.4694430679043342
(5.23);0.4279685153723366
(5.24);0.36526210329442227
(5.25);0.4526069024679224
(5.26);0.4553880913846403
(5.27);0.4633409314913939
(5.28);0.4356179650131947
(5.29);0.3921832040903952
(5.30);0.4508850087361905
(5.31);0.49588073912437625
(6.7);0.3470960035037614
(6.8);0.34933357095558915
(6.9);0.30965861565453967
(6.10);0.28112279849084176
(6.11);0.2912003443866189
(6.12);0.3626919005205344
(6.13);0.49718143739468457
(6.14);0.3022107666130678
(6.15);0.3027474911332056
(6.16);0.3632463198758703
(6.17);0.2276160668008309
(6.18);0.17306964334377914
(6.19);0.4088126549952142
(6.20);0.23259728939687763
(6.21);0.6553838453609471
(6.22);0.5139000843418767
(6.23);0.5483446973228907
(6.24);0.4740933124688175
(6.25);0.4049294307620665
(6.26);0.5549506537708168
(6.27);0.5168492092828632
(6.28);0.35699255004772873
(6.29);0.37652490228984403
(6.30);0.30883689261040476
(6.31);0.42271627661148903
(7.8);0.32803893748691476
(7.9);0.34464301824452165
(7.10);0.399806896174286
(7.11);0.49443553772996895
(7.12);0.4155467834262504
(7.13);0.40661818432358005
(7.14);0.4002763008434499
(7.15);0.3531071177382613
(7.16);0.3480273580619172
(7.17);0.27712550690889165
(7.18);0.27406559717798007
(7.19);0.3921212546121797
(7.20);0.27483840249541897
(7.21);0.3898678536925991
(7.22);0.45765512552311205
(7.23);0.42775348785245204
(7.24);0.39084454674033364
(7.25);0.5389554908542221
(7.26);0.4321472200913865
(7.27);0.40488050453001495
(7.28);0.560896208270611
(7.29);0.4676935516591641
(7.30);0.588897967156925
(7.31);0.5330027567774989
(8.9);0.5237750171353186
(8.10);0.4011787234815231
(8.11);0.3360784804451795
(8.12);0.24085466602145836
(8.13);0.3190848791137285
(8.14);0.20168553540439918
(8.15);0.17612969353856087
(8.16);0.2071801622893407
(8.17);0.4202963024024797
(8.18);0.336697055702938
(8.19);0.2493037566769351
(8.20);0.09807199669849537
(8.21);0.3979682231860496
(8.22);0.3804834996149509
(8.23);0.40614608907770045
(8.24);0.49383508387778985
(8.25);0.41559001222710956
(8.26);0.36934074673487904
(8.27);0.31389606225456523
(8.28);0.3965093672086262
(8.29);0.46589824004263397
(8.30);0.31533243328165844
(8.31);0.3708761110942683
(9.10);0.46905475464835805
(9.11);0.3752104382400578
(9.12);0.23595784197318903
(9.13);0.2967581052134345
(9.14);0.20563010565648202
(9.15);0.17275313505889148
(9.16);0.19290874192388213
(9.17);0.484798307044629
(9.18);0.40290758368646684
(9.19);0.23468281846220648
(9.20);0.09461998323733785
(9.21);0.3577538354973582
(9.22);0.35946079391841274
(9.23);0.3753082392981534
(9.24);0.43735816002954725
(9.25);0.42445785354893123
(9.26);0.3434042068247661
(9.27);0.2897349314275244
(9.28);0.4257333477190162
(9.29);0.4941846191479897
(9.30);0.3438004753557967
(9.31);0.3689808818930416
(10.11);0.47422073800816406
(10.12);0.2665697989474487
(10.13);0.2961098993168522
(10.14);0.2510163856226981
(10.15);0.20878050164802125
(10.16);0.21165653494076486
(10.17);0.42611589772806385
(10.18);0.43446082838124434
(10.19);0.2516885311433721
(10.20);0.13342881030336426
(10.21);0.3282239502912412
(10.22);0.3560745785917999
(10.23);0.3563897053140948
(10.24);0.3836888349157004
(10.25);0.45257533499336117
(10.26);0.3349251182581985
(10.27);0.2885585694258813
(10.28);0.4985185186701102
(10.29);0.5128226902095971
(10.30);0.4218685834072957
(10.31);0.390641962569301
(11.12);0.3353253222456404
(11.13);0.3326138482750884
(11.14);0.33198053969290714
(11.15);0.28308897545575784
(11.16);0.2721002259611094
(11.17);0.32583274423696584
(11.18);0.34505917571374106
(11.19);0.31028206081915444
(11.20);0.21068351853260098
(11.21);0.334823908235797
(11.22);0.3841836067047268
(11.23);0.36886903015523387
(11.24);0.3617549034980113
(11.25);0.4845451825320647
(11.26);0.3611313019044656
(11.27);0.32724457675512464
(11.28);0.5752028137495686
(11.29);0.47802733244244633
(11.30);0.5843136372200848
(11.31);0.4369716416836466
(12.13);0.4563598611638141
(12.14);0.5351038333600565
(12.15);0.5203315501245941
(12.16);0.5242539489885847
(12.17);0.161252329008221
(12.18);0.14619597920654087
(12.19);0.6023201555458619
(12.20);0.4061644799696372
(12.21);0.3787095945244746
(12.22);0.43386144361612117
(12.23);0.39762295626291944
(12.24);0.32930435744754133
(12.25);0.3889247650565688
(12.26);0.4331564403804724
(12.27);0.4771403418639949
(12.28);0.36891855488038416
(12.29);0.33528059049827075
(12.30);0.3845465283351987
(12.31);0.4297551739880267
(13.14);0.38438240418935693
(13.15);0.3820238371809054
(13.16);0.4423661474017986
(13.17);0.21446978620400664
(13.18);0.1769319571292308
(13.19);0.5177629281037005
(13.20);0.3039347720215001
(13.21);0.5279982648425999
(13.22);0.596100187509188
(13.23);0.5417198537332558
(13.24);0.43277079222053805
(13.25);0.4407096587850877
(13.26);0.6584444107770648
(13.27);0.9863557650585179
(13.28);0.3943446457473633
(13.29);0.3895465806591711
(13.30);0.363957236255742
(13.31);0.48548104399684033
(14.15);0.557212533937873
(14.16);0.4563329907857689
(14.17);0.1369592510138614
(14.18);0.13497192841511457
(14.19);0.4730366853718878
(14.20);0.44208465124715357
(14.21);0.3181498195989103
(14.22);0.3721706787513395
(14.23);0.3392336461492367
(14.24);0.27953280405747805
(14.25);0.3536014907412683
(14.26);0.3672927378910879
(14.27);0.39645715080274596
(14.28);0.3472748527173658
(14.29);0.3040778728148529
(14.30);0.38522364879190246
(14.31);0.3853392260634572
(15.16);0.5160683994525005
(15.17);0.10030904810623287
(15.18);0.09097397901032295
(15.19);0.5013185678987052
(15.20);0.5088886694333079
(15.21);0.310034260690604
(15.22);0.35491250212597003
(15.23);0.32438513300093363
(15.24);0.26059907338711974
(15.25);0.3175342343821997
(15.26);0.3563417549319203
(15.27);0.3997763108197188
(15.28);0.30394587865027817
(15.29);0.26820069690221543
(15.30);0.33210577232791566
(15.31);0.3534490225949477
(16.17);0.11504930356775979
(16.18);0.09136414403778993
(16.19);0.6682860409813594
(16.20);0.4329688829445647
(16.21);0.364278695190367
(16.22);0.39841947549715034
(16.23);0.3706551358200311
(16.24);0.3013843285641153
(16.25);0.33408899213315957
(16.26);0.40824911175678086
(16.27);0.4740691054589654
(16.28);0.3082484102726605
(16.29);0.28471937037796946
(16.30);0.31591639626164914
(16.31);0.37424320023631374
(17.18);0.491117548533709
(17.19);0.15504773003710698
(17.20);0.023027137504597617
(17.21);0.27003561177810625
(17.22);0.2720996511865421
(17.23);0.2856701164407746
(17.24);0.3404779663650961
(17.25);0.33665594366186263
(17.26);0.25665397288563196
(17.27);0.20603432277657058
(17.28);0.34960868222844677
(17.29);0.39075036865532836
(17.30);0.28634587171215165
(17.31);0.2871407348739067
(18.19);0.12950610596823828
(18.20);0.017417277317294935
(18.21);0.2159468081342088
(18.22);0.23281306618325526
(18.23);0.23803561413516233
(18.24);0.2780143334692814
(18.25);0.3111846482807234
(18.26);0.21432508985498833
(18.27);0.1678212287558974
(18.28);0.34118182919137224
(18.29);0.35755815928929563
(18.30);0.2991062549691406
(18.31);0.2619627647667393
(19.20);0.4043973302147208
(19.21);0.4168112828117259
(19.22);0.46173515030404183
(19.23);0.42696098940686
(19.24);0.349250331598277
(19.25);0.38477383179731256
(19.26);0.4729412116371099
(19.27);0.5639080508150367
(19.28);0.3541810076678079
(19.29);0.33137327857826054
(19.30);0.35460820301782814
(19.31);0.4296084105262047
(20.21);0.23343453907397657
(20.22);0.27242937826562114
(20.23);0.24445520808078228
(20.24);0.1818438070939027
(20.25);0.23556457597732122
(20.26);0.275636262302529
(20.27);0.3203687163971504
(20.28);0.2244297799798122
(20.29);0.1880251410127968
(20.30);0.2585896477223524
(20.31);0.2704427979012451
(21.22);0.6202902741776147
(21.23);0.7739655740032412
(21.24);0.5753120111521546
(21.25);0.47017478415284497
(21.26);0.6683914367794365
(21.27);0.5339944271708641
(21.28);0.4111748485512132
(21.29);0.43828185623831856
(21.30);0.34993670708663704
(21.31);0.4832062108509128
(22.23);0.7912196341967521
(22.24);0.52289926875852
(22.25);0.5432537744280285
(22.26);0.9447829987245773
(22.27);0.5819598503818004
(22.28);0.46785052651117665
(22.29);0.472738222927275
(22.30);0.4093881796162236
(22.31);0.6082601268424821
(23.24);0.589773851285236
(23.25);0.5255852524389604
(23.26);0.769327101382316
(23.27);0.5384531748805643
(23.28);0.4529734610090864
(23.29);0.47736196561984856
(23.30);0.3855253866824754
(23.31);0.5445071354318355
(24.25);0.5034165149686016
(24.26);0.5113842043878205
(24.27);0.431066070315218
(24.28);0.4456498020819316
(24.29);0.5104256846240132
(24.30);0.3605906033826673
(24.31);0.47092093108966515
(25.26);0.5010824807012175
(25.27);0.43559623384402524
(25.28);0.688635846999923
(25.29);0.6539437262901322
(25.30);0.4942347467189839
(25.31);0.6487909971870067
(26.27);0.6362367110947993
(26.28);0.43767176462705787
(26.29);0.4446778561836353
(26.30);0.3863525484015989
(26.31);0.5473602208400115
(27.28);0.38906625155766117
(27.29);0.38355567687869874
(27.30);0.36076619860086145
(27.31);0.48170339994338846
(28.29);0.6326675395773032
(28.30);0.5551779547757777
(28.31);0.5391734325103203
(29.30);0.45579868415152225
(29.31);0.5069226704543144
(30.31);0.4691841693486116
