
****Mix criterion 0.5*C(weight)+0.5*C(distance) ******

(0.1);0.5101790504182226
(0.2);0.5313308298677804
(0.3);0.6075362850073078
(0.4);0.6191803722053625
(0.5);0.49763138906552457
(0.6);0.6324199222350438
(0.7);0.5053255851092803
(0.8);0.46665223147254675
(0.9);0.4315605385879987
(0.10);0.4121697078726348
(0.11);0.428681262775569
(0.12);0.4521883521574478
(0.14);0.38328175737395453
(0.15);0.36303717472471136
(0.16);0.41395533802858797
(0.17);0.32662281982229685
(0.30);0.4502940351691647
(0.31);0.7066728069107884
(1.2);0.5295572647103262
(1.3);0.4706226017711705
(1.4);0.39008466715667894
(1.5);0.6707094083275156
(1.6);0.37485180553978326
(1.7);0.6136975721000953
(1.8);0.31391265598808465
(1.9);0.32145317916868765
(1.10);0.3664832610280381
(1.11);0.450804448442688
(1.12);0.49542267218812097
(1.13);0.457994128633767
(1.14);0.46432070275202225
(1.15);0.4124888188249433
(1.16);0.4094275950822079
(1.17);0.24926289082981384
(1.18);0.24220198499613432
(1.19);0.46884031599287634
(1.20);0.3273145366828803
(1.21);0.4230619020706031
(1.22);0.5128842713467249
(1.23);0.4613211377408361
(1.24);0.3999247844688613
(1.25);0.5279566553055294
(1.26);0.4867384313385941
(1.27);0.4728665381583048
(1.28);0.5127578399485726
(1.29);0.44873317695958936
(1.30);0.5276979686960993
(1.31);0.5761002703040213
(2.3);0.5910873444747473
(2.4);0.447006810254419
(2.5);0.6062079406609434
(2.6);0.4206289404697534
(2.7);0.4654197702808621
(2.8);0.2953981162051514
(2.9);0.28729520165479494
(2.10);0.3106560874421239
(2.11);0.3724330932459293
(2.12);0.5992818291915188
(2.13);0.5540099120377413
(2.14);0.4774373768996082
(2.15);0.45694452803734165
(2.16);0.4951624591075327
(2.17);0.20917196199552546
(2.18);0.1885115350524723
(2.19);0.6150923276535034
(2.20);0.3631380341569931
(2.21);0.4595725736311382
(2.22);0.5508077950331902
(2.23);0.48687987484304285
(2.24);0.4000188510494349
(2.25);0.4652907713705258
(2.26);0.5456780186827943
(2.27);0.5969329670752059
(2.28);0.43016731176428086
(2.29);0.3996232875895289
(2.30);0.42223113578609567
(2.31);0.5230636703948932
(3.4);0.5260577120823815
(3.5);0.4966729735581681
(3.6);0.4865320690464546
(3.7);0.4321898743598102
(3.8);0.31922524478965064
(3.9);0.30045290559839183
(3.10);0.3064042578143792
(3.11);0.3505874600751539
(3.12);0.5007033605347838
(3.13);0.9123242249660284
(3.14);0.416166460864727
(3.15);0.4112121614855307
(3.16);0.4741955626645811
(3.17);0.21838840088021694
(3.18);0.18594136092525207
(3.19);0.5804344728774387
(3.20);0.3288088785020119
(3.21);0.5338352370496839
(3.22);0.6408500343445832
(3.23);0.5561353589653435
(3.24);0.44006667787484377
(3.25);0.4670059888873073
(3.26);0.6796101253628384
(3.27);0.9287860209441484
(3.28);0.4184026314664137
(3.29);0.4064698665269411
(3.30);0.38878175548824145
(3.31);0.521578790057887
(4.5);0.4010757562156109
(4.7);0.3688625686678624
(4.8);0.3408846389082426
(4.9);0.30487820617881894
(4.10);0.284481833494313
(4.11);0.3045074339303419
(4.12);0.4042144314371998
(4.13);0.5850387653291091
(4.14);0.3371722596827383
(4.15);0.34064613789300957
(4.16);0.4093924242527343
(4.17);0.22126060391688446
(4.18);0.17224769411955299
(4.19);0.46921167267926117
(4.20);0.27011137534836793
(4.21);0.6630319494455971
(4.23);0.5873738377162153
(4.24);0.47725087479275957
(4.25);0.4272560358245854
(4.26);0.6545842553468803
(4.27);0.652649110103532
(4.28);0.3755931049420077
(4.29);0.3881658724158694
(4.30);0.32929530957979125
(4.31);0.45378545084930055
(5.6);0.3809273288356424
(5.7);0.5255509295579125
(5.8);0.29278132973055365
(5.9);0.29519095672834234
(5.10);0.33459106515466175
(5.11);0.41306198322278603
(5.12);0.5726481692866023
(5.13);0.47866352785994687
(5.14);0.5109991064866681
(5.15);0.45585179769531364
(5.16);0.45305332867758286
(5.17);0.2215188258726224
(5.18);0.21185669812042454
(5.19);0.5239160600582353
(5.20);0.3620107026933871
(5.21);0.4220247707737418
(5.22);0.508497132874739
(5.23);0.45473266861551553
(5.24);0.38446010321373697
(5.25);0.4835772867762454
(5.26);0.49120119637154747
(5.27);0.5009453740810066
(5.28);0.46360002431862557
(5.29);0.41416243530453356
(5.30);0.478320711162865
(5.31);0.5337795498097647
(6.7);0.35946888920273895
(6.8);0.36203552617277557
(6.9);0.32037761061013226
(6.10);0.2908085567648287
(6.11);0.3014491825028737
(6.12);0.3771554521524974
(6.13);0.5280307292200709
(6.14);0.3134418394308167
(6.15);0.31419702446446734
(6.16);0.37864650790734294
(6.17);0.23661258604027796
(6.18);0.1823959095784211
(6.19);0.43229613349203
(6.20);0.2437296979181079
(6.22);0.5643913984129451
(6.23);0.6031455398623692
(6.24);0.5085895988778739
(6.25);0.4279223370343579
(6.26);0.6199338134416765
(6.27);0.5682835729558956
(6.28);0.3750476351810894
(6.29);0.3963653729335086
(6.30);0.3212104678004224
(6.31);0.4452992487815111
(7.8);0.34015563901569607
(7.9);0.357949382036349
(7.10);0.4180295232950553
(7.11);0.5298266464087562
(7.12);0.43615925609849565
(7.13);0.4241070994362353
(7.14);0.4195057034548997
(7.15);0.36822651800416545
(7.16);0.36300624809677473
(7.17);0.28836202188601795
(7.18);0.28742524774262035
(7.19);0.41446659814976367
(7.20);0.28823548047252034
(7.21);0.4133832455618234
(7.22);0.49436914423413614
(7.23);0.4548953015346957
(7.24);0.41304248880912176
(7.25);0.5925658118123468
(7.26);0.4637133975015228
(7.27);0.43199035326350554
(7.28);0.6220236014930814
(7.29);0.5021139351491712
(7.30);0.6594015703713012
(7.31);0.5825618874720975
(8.9);0.5674766934249456
(8.10);0.4197775036932354
(8.11);0.3494042156856339
(8.12);0.25009289218826103
(8.13);0.3303496235205161
(8.14);0.21006696473196287
(8.15);0.18403612467425962
(8.16);0.21599378232660862
(8.17);0.4431435439675312
(8.18);0.3540138118568123
(8.19);0.26169001843844303
(8.20);0.10620861147604209
(8.21);0.42270464426553894
(8.22);0.4045541869400512
(8.23);0.43042950559948256
(8.24);0.5345855489419999
(8.25);0.44115601256472015
(8.26);0.39212816127451
(8.27);0.3317090841282958
(8.28);0.41958129756126905
(8.29);0.5001874986457163
(8.30);0.32882199359217984
(8.31);0.38867394525453275
(9.10);0.49864412402921543
(9.11);0.39166762472759364
(9.12);0.24517343349827656
(9.13);0.30716426619261006
(9.14);0.21423155982318964
(9.15);0.1806927400394415
(9.16);0.20146470789672163
(9.17);0.5201290776158309
(9.18);0.4269913435181482
(9.19);0.246617730987841
(9.20);0.10278503028502341
(9.21);0.3782036010973933
(9.22);0.38138699623690264
(9.23);0.3962246820613275
(9.24);0.46651916545726047
(9.25);0.451552055137773
(9.26);0.3637821587216521
(9.27);0.3060881123690322
(9.28);0.45302257996098977
(9.29);0.5352848886176356
(9.30);0.35931167630288224
(9.31);0.3868032312512107
(10.11);0.5055248339827499
(10.12);0.27698170738931527
(10.13);0.30665155954105744
(10.14);0.26113740937618257
(10.15);0.21773198338745245
(10.16);0.2208367561949786
(10.17);0.45028798090540656
(10.18);0.4633826566779767
(10.19);0.26445327379743455
(10.20);0.14249242024479783
(10.21);0.34633499240090393
(10.22);0.3778477230973951
(10.23);0.37569685451095247
(10.24);0.40570606681595606
(10.25);0.48471266917887046
(10.26);0.35473646731686165
(10.27);0.30499470538457085
(10.28);0.5410062558478577
(10.29);0.5592231164422932
(10.30);0.4457277268385577
(10.31);0.4108484466862798
(11.12);0.3493584176181612
(11.13);0.3451441644785798
(11.14);0.3461556716961309
(11.15);0.29481474922118744
(11.16);0.283525701516111
(11.17);0.34025608337920155
(11.18);0.3635922079711721
(11.19);0.3262877564906135
(11.20);0.2220143365750423
(11.21);0.35363853930629
(11.22);0.40932182333406375
(11.23);0.3895516807756165
(11.24);0.3817537061813191
(11.25);0.5238044400262621
(11.26);0.3836199920869282
(11.27);0.3465959023430526
(11.28);0.6426046128099208
(11.29);0.5157593224071197
(11.30);0.6538518553931948
(11.31);0.4637546871453846
(12.13);0.48203208485530635
(12.14);0.5850639660803452
(12.15);0.565779355000085
(12.16);0.5712691974244799
(12.17);0.16954192376468083
(12.18);0.1557824587761666
(12.19);0.6805728873775685
(12.20);0.4313679958090494
(12.21);0.40195822001249293
(12.22);0.46689176788608144
(12.23);0.421725627531494
(12.24);0.3468022064421784
(12.25);0.4119802059690011
(12.26);0.46605555582429153
(12.27);0.5197177346423407
(12.28);0.38982013319102576
(12.29);0.3532297483548205
(12.30);0.40426287292364915
(12.31);0.4556301120388763
(13.14);0.40130666810044685
(13.15);0.39898780851895693
(13.16);0.4669017462637969
(13.17);0.2233098923549799
(13.18);0.18655907256602366
(13.19);0.5622689591570402
(13.20);0.3185299365984793
(13.21);0.5784342344055473
(13.22);0.675079426125984
(13.23);0.593048714036835
(13.24);0.4596611317813428
(13.25);0.468834338174001
(13.26);0.7649584835036762
(13.28);0.4162292793766519
(13.29);0.41090565166578924
(13.30);0.38015565851991057
(13.31);0.5192442505987279
(14.15);0.6157934145530046
(14.16);0.4863958471761779
(14.17);0.14493712217908988
(14.18);0.1444971003183176
(14.19);0.5103914557805797
(14.20);0.47327896459432545
(14.21);0.33620555935199625
(14.22);0.39645763407644397
(14.23);0.35784898225998096
(14.24);0.2942283811015268
(14.25);0.37343707319270597
(14.26);0.39102513695406105
(14.27);0.42383851946559015
(14.28);0.3665570589014627
(14.29);0.3201921718463324
(14.30);0.4054225442384611
(14.31);0.4058285331535342
(15.16);0.5613005677073608
(15.17);0.10771158748457044
(15.18);0.09966391872276127
(15.19);0.5458725490173613
(15.20);0.555504007863848
(15.21);0.32770348645066455
(15.22);0.37754253875854554
(15.23);0.3420691696053731
(15.24);0.2745129282482048
(15.25);0.33473067018730757
(15.26);0.3791186402677702
(15.27);0.42787094894249394
(15.28);0.3202415901713535
(15.29);0.28248546567779315
(15.30);0.34791059694878423
(15.31);0.37113089482387696
(16.17);0.12283200325739144
(16.18);0.10017545791533405
(16.19);0.7757102211752899
(16.20);0.46315898432445535
(16.21);0.38680612476641696
(16.22);0.42656867541540133
(16.23);0.392591591024969
(16.24);0.3177132693283485
(16.25);0.3527195149350142
(16.26);0.4378601328795295
(16.27);0.5168361096744917
(16.28);0.3250180171226013
(16.29);0.3000594082167723
(16.30);0.3308549509551987
(16.31);0.3940638833620326
(17.18);0.5336600676438035
(17.19);0.16546663578128468
(17.20);0.03075570387382208
(17.21);0.2856140035139978
(17.22);0.2887005199364212
(17.23);0.30125418704440204
(17.24);0.3598480964039395
(17.25);0.35571235392168166
(17.26);0.27239442719162843
(17.27);0.2194535147993256
(17.28);0.36976448555217745
(17.29);0.4151904947531886
(17.30);0.2998064324492429
(17.31);0.3008422541542835
(18.19);0.14093762171614158
(18.20);0.026394937209734445
(18.21);0.23106494962980295
(18.22);0.24953917028649292
(18.23);0.25341846239953925
(18.24);0.2955486464546845
(18.25);0.330945937445887
(18.26);0.23014917551500277
(18.27);0.181730856878841
(18.28);0.36341017675111204
(18.29);0.38135733590802146
(18.30);0.3156955514902191
(18.31);0.2766648013793639
(19.20);0.43380318745835433
(19.21);0.4496177245614292
(19.22);0.505095992200968
(19.23);0.4597908708341579
(19.24);0.3722308067012637
(19.25);0.4116074140427569
(19.26);0.5189435086877365
(19.27);0.6382904381419238
(19.28);0.37764177675462385
(19.29);0.3527405485805288
(19.30);0.37545758039141985
(19.31);0.4601301693070959
(20.21);0.24936892298400085
(20.22);0.29143797068031885
(20.23);0.26015072255699695
(20.24);0.19491143055285792
(20.25);0.25083006593853796
(20.26);0.29485399110172816
(20.27);0.34298328653525734
(20.28);0.23918606809008952
(20.29);0.2013152193321272
(20.30);0.27293746442623545
(20.31);0.2855808898608079
(21.22);0.7222552512146492
(21.23);0.9379183487592091
(21.24);0.6502052530636689
(21.25);0.513279769396492
(21.26);0.7934195278203913
(21.27);0.6006251955710531
(21.28);0.4430937305995108
(21.29);0.47480092007725533
(21.30);0.3715103190328902
(21.31);0.5267582421279714
(22.23);0.9726607868294044
(22.24);0.5829718403180301
(22.25);0.6101331560170951
(22.27);0.6710869454812687
(22.28);0.5126301577025323
(22.29);0.518691036137641
(22.30);0.43970749842464346
(22.31);0.7001755486075207
(23.24);0.6662877421297353
(23.25);0.5807308575244003
(23.26);0.939345107406185
(23.27);0.6036731010691465
(23.28);0.49045871479002
(23.29);0.5199819020519925
(23.30);0.40960791757715687
(23.31);0.6032795634626688
(24.25);0.5524068832627107
(24.26);0.567877654240188
(24.27);0.46809666473263684
(24.28);0.48174217226936117
(24.29);0.5612894214460941
(24.30);0.38200881034643497
(24.31);0.5093574173025344
(25.26);0.5545442448761724
(25.27);0.4734830007891875
(25.28);0.8056426524985062
(25.29);0.7559717243923156
(25.30);0.5378901367976825
(25.31);0.748355824835492
(26.28);0.4759595934490195
(26.29);0.4843612428076694
(26.30);0.4133560283700663
(26.31);0.6139589915123475
(27.28);0.41930643371853027
(27.29);0.4130428738475787
(27.30);0.38470468566949795
(27.31);0.5273138158393791
(28.29);0.7258748961290664
(28.30);0.6172362389015444
(28.31);0.596199743241758
(29.30);0.4907476743067881
(29.31);0.5542804472247664
(30.31);0.5041500758291458
