
****Mix criterion 0.5*C(weight)+0.5*C(distance) ******

(0.1);0.47030128285769907
(0.2);0.4875078821511733
(0.3);0.5474079434443184
(0.4);0.556343555548857
(0.5);0.45929607047092863
(0.6);0.5670266845220753
(0.7);0.4654233716970628
(0.8);0.432608590543865
(0.9);0.4019468983445473
(0.10);0.38423744422707595
(0.11);0.3990696210493235
(0.12);0.4194469119962225
(0.14);0.35798111995022536
(0.15);0.3393706856130497
(0.16);0.38516090957545457
(0.17);0.3054299516689306
(0.30);0.4166772787640196
(0.31);0.6188016703639769
(1.2);0.4990002127231591
(1.3);0.4498517896242803
(1.4);0.3772612824504476
(1.5);0.6031413358574547
(1.6);0.36315083675716997
(1.7);0.562056141261389
(1.8);0.3043605711955678
(1.9);0.3114414878519792
(1.10);0.3536757399014804
(1.11);0.43082076755221793
(1.12);0.46887624638440406
(1.13);0.4377970714584144
(1.14);0.44192045592333296
(1.15);0.3955703401157493
(1.16);0.39254151235903517
(1.17);0.24051571410498465
(1.18);0.23174382885317524
(1.19);0.4419124362046407
(1.20);0.31324755831363404
(1.21);0.40030346669545014
(1.22);0.47494923364537583
(1.23);0.4354157505763825
(1.24);0.3807585342507839
(1.25);0.49130936742968473
(1.26);0.45354396849848666
(1.27);0.4419313714577309
(1.28);0.47889703627825647
(1.29);0.42560808274055756
(1.30);0.4937420520174186
(1.31);0.5313313820009694
(2.3);0.5458950776727777
(2.4);0.42893694691986706
(2.5);0.5567168992535172
(2.6);0.4054278506739244
(2.7);0.4443478895439094
(2.8);0.2864143822580136
(2.9);0.27844778406504
(2.10);0.3005347894776809
(2.11);0.3592646234690632
(2.12);0.5502524745003489
(2.13);0.5172444658182391
(2.14);0.4530284392008201
(2.15);0.4350709242722892
(2.16);0.4674650770923452
(2.17);0.2013703622795831
(2.18);0.17948635937108462
(2.19);0.558886344036724
(2.20);0.346732440269908
(2.21);0.4321577332834913
(2.22);0.504755348260116
(2.23);0.4571413349317699
(2.24);0.3807001589708497
(2.25);0.4386903730746876
(2.26);0.5007776364954236
(2.27);0.539588209694424
(2.28);0.4078668074155444
(2.29);0.38126009706820424
(2.30);0.4034809968174582
(2.31);0.48954850350286694
(3.4);0.49562291882608733
(3.5);0.4711606922017855
(3.6);0.4634126626234358
(3.7);0.4148090214208065
(3.8);0.30920987136866107
(3.9);0.291026595523339
(3.10);0.29633369633775797
(3.11);0.3385686590138908
(3.12);0.4729054402942188
(3.13);0.7713782355384016
(3.14);0.39882741942435596
(3.15);0.39409189856933946
(3.16);0.4495463010842915
(3.17);0.21027560534705442
(3.18);0.17689245540884388
(3.19);0.5324162636219895
(3.20);0.3144148154329376
(3.21);0.49359377898067713
(3.22);0.5713360350728804
(3.23);0.5134894693046198
(3.24);0.41649006107446457
(3.25);0.44000487000463223
(3.26);0.5986534817421183
(3.27);0.7654902354633164
(3.28);0.39718367516108316
(3.29);0.38735987255204857
(3.30);0.3728226724370742
(3.31);0.4881733776418651
(4.5);0.3867813887679774
(4.6);0.6441708606150023
(4.7);0.3564506372711106
(4.8);0.3298350184966847
(4.9);0.29523621452994964
(4.10);0.2751785431913253
(4.11);0.2945679282293982
(4.12);0.38829715279657573
(4.13);0.5410381023714969
(4.14);0.3252808862615887
(4.15);0.3283845762101067
(4.16);0.3921455533445946
(4.17);0.21303659948288678
(4.18);0.1634873938810949
(4.19);0.4418719893342122
(4.20);0.25841297397902036
(4.21);0.5907965450006096
(4.22);0.5267192084188179
(4.23);0.537806220855654
(4.24);0.4487644838031606
(4.25);0.4050692694829672
(4.26);0.5812643285976652
(4.27);0.5798924691652312
(4.28);0.3580946497561932
(4.29);0.37054015265147666
(4.30);0.3170243843434074
(4.31);0.43101410169149607
(5.6);0.36821951019729154
(5.7);0.494012694069735
(5.8);0.28352958583336324
(5.9);0.28571280233032076
(5.10);0.3229982594362744
(5.11);0.3963089446907784
(5.12);0.5297155923542951
(5.13);0.45495633884674
(5.14);0.48055361084880754
(5.15);0.43358042455208295
(5.16);0.4308756571305423
(5.17);0.2131355169594972
(5.18);0.20193642589729105
(5.19);0.4873500152681489
(5.20);0.3452682594790174
(5.21);0.39877317478654006
(5.22);0.4708014174639741
(5.23);0.4290269033000407
(5.24);0.36602128783375926
(5.25);0.4538316257225854
(5.26);0.4566337162747809
(5.27);0.46464886135915057
(5.28);0.4367245150128184
(5.29);0.39402843713550517
(5.30);0.45215722396735925
(5.31);0.4976369547074772
(6.7);0.3477281866341666
(6.8);0.3499821131117953
(6.9);0.310205528283208
(6.10);0.28136390911384185
(6.11);0.2917140645012263
(6.12);0.3634162047041658
(6.13);0.49695354575581374
(6.14);0.3027541409551831
(6.15);0.30330066220162155
(6.16);0.3639893289730154
(6.17);0.22804951977600932
(6.18);0.17345122020028342
(6.19);0.40977346306986645
(6.20);0.23305276314617657
(6.21);0.6593351373956207
(6.22);0.51571256916913
(6.23);0.5505868307451951
(6.24);0.47550470092780717
(6.25);0.40587016745953386
(6.26);0.5572833518417093
(6.27);0.5186955467266773
(6.28);0.357731259672328
(6.29);0.37823579519213824
(6.30);0.3094322328733359
(6.31);0.4238013452549852
(7.8);0.32863223766535776
(7.9);0.34529457081378867
(7.10);0.4002493269142642
(7.11);0.49614076577961763
(7.12);0.41653970180748057
(7.13);0.4065101652511849
(7.14);0.401172744187933
(7.15);0.35381145755231047
(7.16);0.3487246568532181
(7.17);0.27764822033819175
(7.18);0.27459719497185225
(7.19);0.39301040476400606
(7.20);0.27537148957449353
(7.21);0.39074669230279185
(7.22);0.4589433487731433
(7.23);0.4288334957617427
(7.24);0.39172783159686303
(7.25);0.5410887149391058
(7.26);0.43325481563886437
(7.27);0.4058317362030769
(7.28);0.5633285463939024
(7.29);0.4705591410623372
(7.30);0.5921754268804248
(7.31);0.5353049681098427
(8.9);0.5259148909515801
(8.10);0.4016372332105509
(8.11);0.33672070145432204
(8.12);0.24129978579805558
(8.13);0.31902538700602745
(8.14);0.20207654314799184
(8.15);0.17649827844540505
(8.16);0.2075907462668116
(8.17);0.421359889483418
(8.18);0.33738794421129975
(8.19);0.2497979327129401
(8.20);0.09839662410543126
(8.21);0.39889580382268885
(8.22);0.38133149507363123
(8.23);0.40711492719435355
(8.24);0.49546090962558503
(8.25);0.4166100217301062
(8.26);0.3701435332853288
(8.27);0.3145236040214571
(8.28);0.3974298705294977
(8.29);0.46873935273468426
(8.30);0.3159599565256551
(8.31);0.3717034685904296
(9.10);0.4697952740395818
(9.11);0.3760037686105083
(9.12);0.23640197855419506
(9.13);0.29671245122871337
(9.14);0.20603166528936706
(9.15);0.17312353095523966
(9.16);0.19330760708402023
(9.17);0.48644419695670793
(9.18);0.4038710257541718
(9.19);0.23516026039328106
(9.20);0.09494661619936323
(9.21);0.3585232676599704
(9.22);0.36023637387539276
(9.23);0.37614497662677737
(9.24);0.43852471124754566
(9.25);0.42554172474611984
(9.26);0.34412502162096087
(9.27);0.2903133808638139
(9.28);0.4268250208847111
(9.29);0.4975736838790501
(9.30);0.34452255433807494
(9.31);0.3698099629177328
(10.11);0.47500417106466264
(10.12);0.2668341438684345
(10.13);0.29580710406111194
(10.14);0.2512650632540309
(10.15);0.20900347636809186
(10.16);0.21188831061835475
(10.17);0.4267343244799686
(10.18);0.43509751269633806
(10.19);0.25196953382932497
(10.20);0.133628336357825
(10.21);0.32859921046346396
(10.22);0.35649898817713177
(10.23);0.35681473235376515
(10.24);0.3841735216398193
(10.25);0.45328280536469834
(10.26);0.3353112878551848
(10.27);0.288878948213837
(10.28);0.4994538425219551
(10.30);0.4224870181928818
(10.31);0.39117248051990033
(11.12);0.3359917915451751
(11.13);0.3325711923170263
(11.14);0.332633280998536
(11.15);0.2836286711405785
(11.16);0.2726258503002977
(11.17);0.3264959696253291
(11.18);0.34579388131799554
(11.19);0.31091657513642684
(11.20);0.21113270652304605
(11.21);0.3355264395068756
(11.22);0.38506724809347104
(11.23);0.3696889531505947
(11.24);0.3625477166872245
(11.25);0.4861015385616232
(11.26);0.36192180895263376
(11.27);0.3279248013099804
(11.28);0.577874825475368
(11.29);0.4810864546752436
(11.30);0.5875096869800875
(11.31);0.43820203845150824
(12.13);0.4562949684697695
(12.14);0.5374055099927799
(12.15);0.5224243461201197
(12.16);0.5264178937490092
(12.17);0.16163368843129516
(12.18);0.14657695488210692
(12.19);0.6054299923903416
(12.20);0.40716609129148085
(12.21);0.37958046447301624
(12.22);0.4350270175179961
(12.23);0.39858081899060793
(12.24);0.3299997383528328
(12.25);0.38984100986920234
(12.26);0.4343173841860093
(12.27);0.4786428126670882
(12.28);0.36974920317619064
(12.29);0.33672830098116047
(12.30);0.3854531408864135
(12.31);0.43094441339795286
(13.14);0.3843396240588505
(13.15);0.38199530762907086
(13.16);0.4423455445593565
(13.17);0.21446976895700098
(13.18);0.17693195712923077
(13.19);0.5177629281037005
(13.20);0.3039347720215001
(13.21);0.5279982648425998
(13.22);0.596100187509188
(13.23);0.5417198537332558
(13.24);0.43277079222053805
(13.25);0.4407096587850877
(13.26);0.6584444107770648
(13.27);0.9863557650585179
(13.28);0.3943446457473633
(13.29);0.39049029511196015
(13.30);0.363970699162271
(13.31);0.48553706179724515
(14.15);0.5598326525271037
(14.16);0.4576775975592891
(14.17);0.13731607338189358
(14.18);0.13534127592157913
(14.19);0.47448515175603434
(14.20);0.44329424010998325
(14.21);0.31881061233201075
(14.22);0.37300905060681067
(14.23);0.33995547332929954
(14.24);0.28010263889011267
(14.25);0.3543706341217932
(14.26);0.3681119667804596
(14.27);0.3974023400429748
(14.28);0.3480225384122389
(14.29);0.3053469880692588
(14.30);0.38612707497610677
(14.31);0.3862556413481619
(15.16);0.5180914766686726
(15.17);0.10064013788892359
(15.18);0.09131161918794968
(15.19);0.5030496747414085
(15.20);0.5106998685519035
(15.21);0.3106826909740088
(15.22);0.35569638444151797
(15.23);0.32507223112334455
(15.24);0.2611396843213987
(15.25);0.31820238719245136
(15.26);0.3571307239427939
(15.27);0.40074948158138085
(15.28);0.30457903458859314
(15.29);0.2693193350036547
(15.30);0.33281266704089774
(15.31);0.3542398711044433
(16.17);0.11539739659601544
(16.18);0.09170719266705203
(16.19);0.6724683591097658
(16.20);0.4341442664389661
(16.21);0.36510770128131703
(16.22);0.3993979294568425
(16.23);0.3715091822191841
(16.24);0.3020200590379494
(16.25);0.3348143295117202
(16.26);0.4092783779864507
(16.27);0.4755556679453017
(16.28);0.3089012970864871
(16.29);0.2859137511118245
(16.30);0.31658454574041783
(16.31);0.3751297103017759
(17.18);0.4927772046114496
(17.19);0.15545418928313756
(17.20);0.023328642032660732
(17.21);0.27061048614984007
(17.22);0.27267870631350116
(17.23);0.28627807755906937
(17.24);0.3412336281058218
(17.25);0.3373993666600584
(17.26);0.25720301588475925
(17.27);0.20650239779466148
(17.28);0.3503949944212298
(17.29);0.392642249526938
(17.30);0.2869479156732254
(17.31);0.28775355607069053
(18.19);0.12990154626093786
(18.20);0.017727833549199237
(18.21);0.21644454586038853
(18.22);0.23333667705176162
(18.23);0.23856773937160214
(18.24);0.2786208824180072
(18.25);0.3118682330427027
(18.26);0.21482046302644642
(18.27);0.16825666981360582
(18.28);0.34195075471788117
(18.29);0.3591916869481377
(18.30);0.2997547468409413
(18.31);0.26253865151506567
(19.20);0.4054145409724138
(19.21);0.41789137613703997
(19.22);0.4630925619251032
(19.23);0.4280966443984812
(19.24);0.35004527480629094
(19.25);0.38570206212575897
(19.26);0.47438131404011374
(19.27);0.5662365922487989
(19.28);0.35499256525992773
(19.29);0.33283988505384715
(19.30);0.35542322562844325
(19.31);0.43080396437229124
(20.21);0.23395915011943882
(20.22);0.2730244424552202
(20.23);0.24499814910237716
(20.24);0.18229584381059485
(20.25);0.23609264154199255
(20.26);0.27623787350889
(20.27);0.32107666575809096
(20.28);0.22494023117615136
(20.29);0.18893734528232276
(20.30);0.2591505179496541
(20.31);0.2710357651740223
(21.22);0.6233422812238696
(21.23);0.7793634254079043
(21.24);0.5777777369787138
(21.25);0.47159393857393805
(21.26);0.6721337669983526
(21.27);0.5359888136804681
(21.28);0.41222572056332846
(21.29);0.440667520090008
(21.30);0.35073503402990086
(21.31);0.48482234234654076
(22.23);0.7968996514276856
(22.24);0.5247798412560687
(22.25);0.5453474341866233
(22.26);0.9530486274541681
(22.27);0.5845078521158092
(22.28);0.46925235334633075
(22.29);0.4755926136506938
(22.30);0.41044945622951884
(22.31);0.611488785768989
(23.24);0.592420628498195
(23.25);0.5274928554810225
(23.26);0.7746495168860341
(23.27);0.5404948853700329
(23.28);0.4542701551705557
(23.29);0.4802873124121077
(23.30);0.38646679643530873
(23.31);0.5468092833152693
(24.25);0.5051111953596282
(24.26);0.5131527324419053
(24.27);0.4322253134709782
(24.28);0.44689831345574105
(24.29);0.5139168693091825
(24.30);0.3614278620998708
(24.31);0.47242650910211637
(25.26);0.5027561018026258
(25.27);0.43678227948995746
(25.28);0.6926833597212949
(25.29);0.6609467230553676
(25.30);0.4959412787343922
(25.31);0.6526910054887767
(26.27);0.639511369118897
(26.28);0.4388703655193487
(26.29);0.44714281714554505
(26.30);0.3872977596693455
(26.31);0.549699596662877
(27.28);0.3900129207848351
(27.29);0.3853872944796122
(27.30);0.36160412496207506
(27.31);0.4833055301800393
(28.29);0.639065105231531
(28.30);0.557603873969055
(28.31);0.5414071840320637
(29.30);0.45848819823259196
(29.31);0.5105455599594985
(30.31);0.4707480724616572
