
****Importance edges******

(0.1);4.15959273292911
(0.2);4.5725387721264275
(0.3);6.275908629199495
(0.4);6.530006913491988
(0.5);3.9749239473722198
(0.6);6.880590340419528
(0.7);4.14010714711925
(0.8);3.5903004136563363
(0.9);3.0471272947060664
(0.10);2.8378896940563654
(0.11);3.0673544888695146
(0.12);3.3912566741748265
(0.14);2.6281017889259637
(0.15);2.45539714692517
(0.16);2.957170436918298
(0.17);2.1947705360742815
(0.30);3.5066501677620763
(0.31);9.100588852761469
(1.2);3.2247980883618257
(1.3);2.1932168215351764
(1.4);1.340795347810682
(1.6);1.2578298380658408
(1.7);5.37926788094476
(1.8);1.030087678425793
(1.9);1.0243217279960617
(1.10);1.276038396092355
(1.11);2.073912988357219
(1.12);2.754394972690728
(1.13);2.157665808741353
(1.14);2.337666655981082
(1.15);1.761170569906063
(1.16);1.7222161774100382
(1.17);0.9071828362783454
(1.18);1.0924233499748988
(1.19);2.8787906276945123
(1.20);1.4693886211005027
(1.21);2.2701005231407745
(1.22);3.617311492873752
(1.23);2.7059884593176355
(1.24);2.002041180441302
(1.25);3.9178676411610938
(1.26);3.1652719809217778
(1.27);2.949835846241218
(1.28);3.619971754883447
(1.29);2.6612671435815973
(1.30);3.5715050168212654
(1.31);4.643280235398686
(2.3);4.774274164904347
(2.4);1.8905833056626868
(2.5);5.152135516032755
(2.6);1.634435482722604
(2.7);2.196434474140595
(2.8);0.9689442430380599
(2.9);0.9060248706157449
(2.10);1.009665588602743
(2.11);1.3675495982223458
(2.12);5.090554508960814
(2.13);3.928784137048129
(2.14);2.5487312772300323
(2.15);2.2783238708262425
(2.16);2.827239786887805
(2.17);0.8096107412236907
(2.18);0.9431529256015018
(2.19);6.010022774305608
(2.20);1.7144246734990154
(2.21);2.736957733494995
(2.22);4.396883468280215
(2.23);3.107750132584844
(2.24);2.0188505571462327
(2.25);2.8443412831914454
(2.26);4.286889448717444
(2.27);5.475023226507893
(2.28);2.384559977247616
(2.29);2.1120744883541227
(2.31);3.478124156628327
(3.4);3.1863961164138277
(3.5);2.6578217089938936
(3.6);2.4863938125406064
(3.7);1.8129404306101722
(3.8);1.0803928632828872
(3.9);0.9662016992296003
(3.10);1.0058802509557614
(3.11);1.2490195891324758
(3.12);2.8881356570890984
(3.13);15.06607797797585
(3.15);1.7843007562564992
(3.16);2.518263883317135
(3.17);0.8424350170059388
(3.18);0.9460629562746286
(3.19);5.135596314903003
(3.20);1.504899110200589
(3.21);4.021101046697753
(3.22);6.645427903605934
(3.23);4.458627219858555
(3.24);2.4649349856372864
(3.25);2.8877971249289742
(3.26);7.739326526109051
(3.27);15.610817687730314
(3.28);2.2693889567607544
(3.29);2.196745688622866
(3.30);1.6800477340682747
(3.31);3.468831508244901
(4.5);1.4754368729056888
(4.7);1.2830909679299811
(4.8);1.1815840200955705
(4.9);0.9797439100935775
(4.10);0.9214874896764652
(4.11);1.0243277613560364
(4.12);1.6402294202426901
(4.13);4.663057604103331
(4.14);1.2325832853063312
(4.15);1.2680058882966188
(4.16);1.7485261074663927
(4.17);0.8475988487991415
(4.18);0.9101233949856172
(4.19);2.905701802476692
(4.20);1.2153680216842626
(4.21);7.175118305502564
(4.23);5.149669133534267
(4.24);2.959502548157513
(4.25);2.358042195892661
(4.26);6.969833281748967
(4.27);6.916287017232427
(4.28);1.8597615829075285
(4.29);2.0130407694580454
(4.30);1.282347127345514
(4.31);2.347583037142435
(5.6);1.3466083453197337
(5.7);3.2458935319974263
(5.8);0.9844308152796016
(5.9);0.9592848642692373
(5.10);1.1444331553205251
(5.11);1.719479899967005
(5.12);4.406396031118329
(5.13);2.500593732187611
(5.14);3.1432826243295175
(5.15);2.2942787333872605
(5.16);2.240635379992205
(5.17);0.8608560291525937
(5.18);1.027335364549198
(5.19);3.8727009760629896
(5.20);1.7338338723174453
(5.21);2.3039613895603757
(5.22);3.5771697651061625
(5.23);2.6620682565349867
(5.24);1.9095088011870398
(5.25);3.1503557810928218
(5.26);3.280312982805207
(5.27);3.4443911323231124
(5.28);2.846378702380389
(5.29);2.288926632729313
(5.30);2.7237644241158225
(5.31);3.7129349269411986
(6.7);1.2449809495236934
(6.8);1.3208074759433501
(6.9);1.0596667418051169
(6.10);0.9584628262429069
(6.11);1.0274169372250803
(6.12);1.449267451341167
(6.13);3.3739447464615453
(6.14);1.1330180419428826
(6.15);1.152025308252597
(6.16);1.519049183243717
(6.17);0.9015871628188231
(6.18);0.946082005671059
(6.19);2.4363311638544074
(6.20);1.1293020289935412
(6.22);4.705287260902515
(6.23);5.5591476500675014
(6.24);3.499397831133907
(6.25);2.3854359611316824
(6.26);6.0557828410272
(6.27);4.793170085110174
(6.28);1.8731537826653544
(6.29);2.10735620236735
(6.30);1.2566518307576395
(6.31);2.262277870640279
(7.8);1.2267774427371103
(7.9);1.2833488349245286
(7.10);1.7598977543960779
(7.11);3.4626626079095155
(7.12);2.016664036200919
(7.13);1.857505390016305
(7.14);1.8951754049006846
(7.15);1.486922276795408
(7.16);1.4455077653305493
(7.17);1.1016586031962379
(7.18);1.329743718713529
(7.19);2.27349982113403
(7.20);1.3334690307182935
(7.21);2.2471338715682174
(7.22);3.370543758873519
(7.23);2.701541936581953
(7.24);2.2094570431702487
(7.25);5.454516951338519
(7.26);2.897944327442473
(7.27);2.4888294624427645
(7.29);3.5835429374009067
(7.31);4.8610009929359395
(8.10);1.8536548005822826
(8.11);1.3440118312377862
(8.12);0.9312632905988338
(8.13);1.231994964945807
(8.14);0.8500836718875364
(8.16);0.8751974852112252
(8.17);2.302312128833747
(8.18);1.7637850413977685
(8.19);1.2886446546711245
(8.20);0.828748716256662
(8.21);2.4188178747899465
(8.22);2.261021796146819
(8.23);2.4733689401503915
(8.24);4.150607658361909
(8.25);2.659841226572883
(8.26);2.1404806707871646
(8.27);1.6732231268588103
(8.28);2.400362619032693
(8.29);3.6476297156064477
(8.30);1.3762570786108466
(8.31);1.7924782655332452
(9.10);2.8142648525617298
(9.11);1.5857983162296467
(9.12);0.888203438486661
(9.13);1.085628897783858
(9.14);0.8353943453579697
(9.15);0.7696811580466946
(9.16);0.8143101214699131
(9.17);3.4163459228138713
(9.18);2.3684784998449033
(9.19);1.19947866430698
(9.20);0.8029783770400282
(9.21);1.9330465185739065
(9.22);1.9933245972300917
(9.23);2.0569938134263412
(9.24);2.8677920255019145
(9.25);2.7230125618805197
(9.26);1.8525721950025296
(9.27);1.4866777812304217
(9.28);2.7426134686165295
(9.30);1.5201862305336697
(9.31);1.724934456864324
(10.11);3.020337002808831
(10.12);1.0047796020767117
(10.13);1.0997906793113685
(10.14);0.9840709988800035
(10.15);0.8687476941316183
(10.16);0.8749346385746036
(10.17);2.3399662618038213
(10.18);2.846397340081611
(10.19);1.283486060525168
(10.20);0.8920125990703205
(10.21);1.7140092397514488
(10.22);1.9825472502786512
(10.23);1.9001502102376977
(10.24);2.1668682101929315
(10.25);3.2313867633212783
(10.26);1.803916544551933
(10.27);1.4965875113597962
(10.28);4.272112637816507
(10.30);2.3404460712264563
(10.31);1.9577730783978204
(11.12);1.3706440239465005
(11.13);1.3217734650971176
(11.14);1.394196274491172
(11.15);1.1509951929824056
(11.16);1.1016642588650025
(11.17);1.4117487107476985
(11.18);1.8407734163476612
(11.19);1.623461181929575
(11.20);1.1254212666486556
(11.21);1.7974885934654812
(11.22);2.3111776735985217
(11.23);2.0542819390141345
(11.24);1.986359481107284
(11.25);3.98207499889302
(11.26);2.067583370155435
(11.27);1.779137808891359
(11.28);6.836579091143252
(11.29);3.9123154544386534
(11.30);6.893510356854379
(11.31);2.6227308849990867
(12.13);2.704606844443239
(12.14);4.913315086119239
(12.15);4.46079969692209
(12.16);4.534155577541543
(12.17);0.8113562936774456
(12.18);0.951969247747819
(12.19);7.93352378998514
(12.20);2.5027927968746706
(12.21);2.2216816509208805
(12.22);3.038865971736097
(12.23);2.393475276258667
(12.24);1.7375944968795223
(12.25);2.3374377441640406
(12.26);3.026794457278867
(12.27);3.9172182816572936
(12.28);2.119071946680896
(12.29);1.859747164559954
(12.30);1.9541255365682302
(12.31);2.5337132015297765
(13.14);1.7914418264831073
(13.15);1.7897812775083517
(13.16);2.539338027662092
(13.17);0.9276561347679825
(13.18);1.0150796853881505
(13.19);4.7926682989996205
(13.20);1.5389090495754771
(13.21);5.09600097454949
(13.22);7.652259386680757
(13.23);5.412097082492928
(13.24);2.835308000675164
(13.25);3.0286290674903573
(13.26);10.32009585190496
(13.28);2.3566646440481103
(13.29);2.3514718882145997
(13.30);1.7195392888633214
(13.31);3.535821672236747
(14.15);5.786770631303233
(14.16);2.9192901342824453
(14.17);0.785771241911888
(14.18);0.950668955730337
(14.19);3.8041538673773028
(14.20);3.1133784876374286
(14.21);1.7354612151666324
(14.22);2.2489273149345417
(14.23);1.8579215494283605
(14.24);1.46670622055888
(14.25);2.0200260065515026
(14.26);2.197576426818657
(14.27);2.5354642886221157
(14.28);1.9636709963483194
(14.29);1.6761485147506596
(14.30);2.013568953785686
(14.31);2.0185502271750564
(15.16);4.3849775298321605
(15.17);0.727766186729882
(15.18);0.8657931123114918
(15.19);4.528354642319545
(15.20);4.644363514221252
(15.21);1.6962108933098485
(15.22);2.093894224104856
(15.23);1.7618899090948854
(15.24);1.3862604463396266
(15.25);1.7478025073005932
(15.26);2.107481725380083
(15.27);2.599518571212308
(15.28);1.656255155287631
(15.29);1.482567391055669
(15.30);1.572445397079228
(15.31);1.7388710217265748
(16.17);0.752752478470915
(16.18);0.8655218709339171
(16.20);2.965527433610227
(16.21);2.133745951778502
(16.22);2.571691970835916
(16.23);2.154784407240722
(16.24);1.6039668495576715
(16.26);2.7052429728296543
(16.27);3.9071647392175146
(16.28);1.6804395180929104
(16.29);1.569712081984666
(16.30);1.4625968783389336
(16.31);1.9186638155526083
(17.18);4.227385751975177
(17.19);1.0556487088803403
(17.20);0.7679759458508816
(17.21);1.493053471450677
(17.22);1.5349551284148595
(17.23);1.5485655152921516
(17.24);1.9247805126021185
(17.25);1.9308049598120038
(17.26);1.455399197752532
(17.27);1.240769861195464
(17.28);2.0421960115180697
(17.29);2.527400769349073
(17.30);1.3352711741419108
(17.31);1.34395836013866
(18.19);1.1673578644078317
(18.20);0.9012376471534578
(18.21);1.4693445756418688
(18.22);1.5737933126850674
(18.23);1.5442333684283187
(18.24);1.7602118111786687
(18.25);2.017973541437157
(18.26);1.488920554205197
(18.27);1.3087853325980074
(18.28);2.269903388919548
(18.29);2.4744465377460982
(18.30);1.6647787272727546
(18.31);1.4608497830300673
(19.20);3.0028527686108193
(19.21);3.2425271081812466
(19.22);4.147827865565518
(19.23);3.352505574666429
(19.24);2.346708776937149
(19.25);2.786622166883955
(19.26);4.400505184843699
(19.27);7.115298628083629
(19.28);2.436361220483948
(19.29);2.2585790728710378
(19.30);2.1324224480072678
(19.31);3.090679837538336
(20.21);1.5486758455867387
(20.22);1.7885573018774108
(20.23);1.5756208975257813
(20.24);1.311815591271634
(20.25);1.5588737445892695
(20.26);1.8082353716380606
(20.27);2.127851114217973
(20.28);1.5068753221251088
(20.29);1.3817952112581244
(20.30);1.4398404417621729
(20.31);1.5041778861866566
(21.22);9.325984598879622
(21.23);15.934704693650364
(21.24);7.278935627569558
(21.25);4.2604158115240445
(21.26);11.435397578246503
(21.27);6.094225075792266
(21.28);3.154802373694823
(21.29);3.673930628306747
(21.30);2.0887399594717553
(21.31);4.177933971521178
(22.23);17.072168802528573
(22.24);5.65235100849646
(22.25);6.397573258525337
(22.27);7.922495826348238
(22.28);4.28354695019007
(22.29);4.47289044159471
(22.30);2.8327131708030837
(22.31);8.514147804379615
(23.24);7.680976979014879
(23.25);5.6313315927351155
(23.26);15.997341596398456
(23.27);6.136676123493459
(23.28);3.8279005833957127
(23.29);4.431277427492932
(23.30);2.416744138692896
(23.31);5.839850015287496
(24.25);5.00277417007046
(24.26);5.315584133603187
(24.27);3.484284295923154
(24.28);3.6856627863319344
(24.29);5.288401338103318
(24.30);2.1493723548976402
(24.31);3.8191941717987876
(25.26);5.1140657211937155
(25.27);3.6241867269295556
(25.28);12.150959007122022
(25.29);10.784639373024973
(25.30);4.464964689940461
(25.31);10.082086276555254
(26.28);3.6625516561059466
(26.29);3.862645795115524
(26.30);2.5229166211660514
(26.31);6.16906027525763
(27.28);2.8927268184689474
(27.29);2.8701833959051557
(27.30);2.2365564357466488
(27.31);4.224903883380736
(28.29);9.852273356544595
(28.30);6.347166909752224
(28.31);5.7745711854978445
(29.30);3.6465754706176727
(29.31);4.891813684450163
(30.31);3.4685751888883387

****Importance nodes******

0; 0.061111111111111116
1; 0.017221492428388985
2; 0.01779554217600195
3; 0.018388726915202016
4; 0.018302235175363734
5; 0.01903770923727458
6; 0.01900542100433719
7; 0.020291891907085493
8; 0.02229957902397667
9; 0.020944899221021007
10; 0.021688218521820225
11; 0.022955499627811005
12; 0.02369599961580491
13; 0.022685350424445923
14; 0.025418953707166698
15; 0.0261358904271131
16; 0.026091383217205708
17; 0.027696889209086722
18; 0.03666666666666667
19; 0.03793103448275863
20; 0.03666666666666667
21; 0.03793103448275863
22; 0.03928571428571429
23; 0.03666666666666667
24; 0.03666666666666667
25; 0.03793103448275863
26; 0.03928571428571429
27; 0.03928571428571429
28; 0.03793103448275863
29; 0.03928571428571429
30; 0.02924872484854095
31; 0.029533844501268256
