
p1.2.b   Jumping  1100         0.3           0.0           93805             1552.407           143.741           10.754           
p1.2.b   Jumping  1100         0.5           0.0           93805             1315.512           121.807           11.786           
p1.2.b   Jumping  1100         0.7           0.0           93805             116.522           10.789           1.281           
p1.2.b   Jumping  1010         0.3           0.0           93805             1479.548           136.995           17.748           
p1.2.b   Jumping  1010         0.5           0.0           93805             1148.467           106.340           12.489           
p1.2.b   Jumping  1010         0.7           0.0           93805             116.522           10.789           1.236           
p1.2.b   Jumping  1001         0.3           0.1           93805             1676.332           155.216           22.934           
p1.2.b   Jumping  1001         0.3           0.2           93805             1838.517           170.233           29.018           
p1.2.b   Jumping  1001         0.3           0.3           93805             1676.332           155.216           30.591           
p1.2.b   Jumping  1001         0.3           0.4           93805             1676.332           155.216           34.917           
p1.2.b   Jumping  1001         0.3           0.5           93805             1834.070           169.821           44.929           
p1.2.b   Jumping  1001         0.3           0.6           93805             1676.332           155.216           50.927           
p1.2.b   Jumping  1001         0.3           0.7           93805             1676.332           155.216           53.599           
p1.2.b   Jumping  1001         0.3           0.8           93805             1676.332           155.216           72.568           
p1.2.b   Jumping  1001         0.3           0.9           93805             1676.332           155.216           71.505           
p1.2.b   Jumping  1001         0.5           0.1           93805             1376.138           127.420           105.593           
p1.2.b   Jumping  1001         0.5           0.2           93805             1376.138           127.420           45.999           
p1.2.b   Jumping  1001         0.5           0.3           93805             1376.138           127.420           44.815           
p1.2.b   Jumping  1001         0.5           0.4           93805             1376.138           127.420           50.073           
p1.2.b   Jumping  1001         0.5           0.5           93805             1439.122           133.252           58.346           
p1.2.b   Jumping  1001         0.5           0.6           93805             1376.138           127.420           50.028           
p1.2.b   Jumping  1001         0.5           0.7           93805             1376.138           127.420           51.209           
p1.2.b   Jumping  1001         0.5           0.8           93805             1376.138           127.420           53.742           
p1.2.b   Jumping  1001         0.5           0.9           93805             1376.138           127.420           62.437           
p1.2.b   Jumping  1001         0.7           0.1           93805             116.522           10.789           6.765           
p1.2.b   Jumping  1001         0.7           0.2           93805             116.522           10.789           5.359           
p1.2.b   Jumping  1001         0.7           0.3           93805             116.522           10.789           5.394           
p1.2.b   Jumping  1001         0.7           0.4           93805             116.522           10.789           5.428           
p1.2.b   Jumping  1001         0.7           0.5           93805             116.522           10.789           5.559           
p1.2.b   Jumping  1001         0.7           0.6           93805             116.522           10.789           6.035           
p1.2.b   Jumping  1001         0.7           0.7           93805             116.522           10.789           6.269           
p1.2.b   Jumping  1001         0.7           0.8           93805             116.522           10.789           6.034           
p1.2.b   Jumping  1001         0.7           0.9           93805             116.522           10.789           7.278           
p4.2.a   Jumping  1100         0.3           0.0           93805             618.006           57.223           38.854           
p4.2.a   Jumping  1100         0.5           0.0           93805             548.472           50.784           31.912           
p4.2.a   Jumping  1100         0.7           0.0           93805             548.472           50.784           34.141           
p4.2.a   Jumping  1010         0.3           0.0           93805             551.509           51.066           43.369           
p4.2.a   Jumping  1010         0.5           0.0           93805             481.975           44.627           34.983           
p4.2.a   Jumping  1010         0.7           0.0           93805             481.975           44.627           37.234           
p4.2.a   Jumping  1001         0.3           0.1           93805             608.512           56.344           45.655           
p4.2.a   Jumping  1001         0.3           0.2           93805             551.509           51.066           56.817           
p4.2.a   Jumping  1001         0.3           0.3           93805             551.509           51.066           53.403           
p4.2.a   Jumping  1001         0.3           0.4           93805             551.509           51.066           52.779           
p4.2.a   Jumping  1001         0.3           0.5           93805             551.509           51.066           52.634           
p4.2.a   Jumping  1001         0.3           0.6           93805             551.509           51.066           54.179           
p4.2.a   Jumping  1001         0.3           0.7           93805             551.509           51.066           55.281           
p4.2.a   Jumping  1001         0.3           0.8           93805             551.509           51.066           66.218           
p4.2.a   Jumping  1001         0.3           0.9           93805             548.874           50.822           52.022           
p4.2.a   Jumping  1001         0.5           0.1           93805             538.978           49.905           47.486           
p4.2.a   Jumping  1001         0.5           0.2           93805             481.975           44.627           65.209           
p4.2.a   Jumping  1001         0.5           0.3           93805             481.975           44.627           28.192           
p4.2.a   Jumping  1001         0.5           0.4           93805             481.975           44.627           25.410           
p4.2.a   Jumping  1001         0.5           0.5           93805             481.975           44.627           27.647           
p4.2.a   Jumping  1001         0.5           0.6           93805             481.975           44.627           26.921           
p4.2.a   Jumping  1001         0.5           0.7           93805             481.975           44.627           26.999           
p4.2.a   Jumping  1001         0.5           0.8           93805             481.975           44.627           32.211           
p4.2.a   Jumping  1001         0.5           0.9           93805             522.457           48.376           30.822           
p4.2.a   Jumping  1001         0.7           0.1           93805             538.978           49.905           37.189           
p4.2.a   Jumping  1001         0.7           0.2           93805             481.975           44.627           39.192           
p4.2.a   Jumping  1001         0.7           0.3           93805             481.975           44.627           30.529           
p4.2.a   Jumping  1001         0.7           0.4           93805             481.975           44.627           34.118           
p4.2.a   Jumping  1001         0.7           0.5           93805             481.975           44.627           31.834           
p4.2.a   Jumping  1001         0.7           0.6           93805             481.975           44.627           32.416           
p4.2.a   Jumping  1001         0.7           0.7           93805             481.975           44.627           33.465           
p4.2.a   Jumping  1001         0.7           0.8           93805             481.975           44.627           33.275           
p4.2.a   Jumping  1001         0.7           0.9           93805             522.457           48.376           33.695           
p1.2.b   Jumping  1001         0.7           0.2           93805             116.522           10.789           1.218           
p1.2.b   Jumping  1001         0.5           0.2           93805             1376.138           127.420           6.811           
p1.2.b   Jumping  1001         0.5           0.2           93805             1376.138           127.420           7.478           
p1.2.b   Jumping  1001         0.5           0.2           93805             1376.138           127.420           5.635           
p1.2.b   Jumping  1001         0.5           0.2           93805             1376.138           127.420           6.689           
p1.2.b   Jumping  1001         0.5           0.2           93805             1376.138           127.420           6.987           
p1.2.b   Jumping  1001         0.5           0.2           93805             1376.138           127.420           5.836           
p1.2.b   Jumping  1001         0.5           0.2           93805             1376.138           127.420           5.090           
p1.2.b   Jumping  1001         0.5           0.2           93805             1376.138           127.420           6.994           
p1.2.b   Jumping  1001         0.5           0.2           93805             1376.138           127.420           164.379           
p1.2.b   Jumping  1001         0.5           0.2           93805             1376.138           127.420           3.623           
p1.2.b   Jumping  1001         0.5           0.2           93805             1376.138           127.420           3.300           
p1.2.b   Jumping  1001         0.3           0.2           93805             1652.088           152.971           7.383           
p1.2.b   Jumping  1001         0.3           0.2           93805             1672.181           154.832           13.012           
p1.2.b   Jumping  1001         0.3           0.2           93805             1672.181           154.832           10.572           
p1.2.b   Jumping  1001         0.3           0.2           93805             1652.088           152.971           15.211           